   0.77965
   0.79902
   0.79463
   0.79088
   0.78741
   0.78399
   0.78098
   0.77789
   0.77509
   0.77202
   0.77187
   0.76687
   0.77595
   0.76052
   0.75909
   0.75523
   0.75336
   0.75304
   0.75327
   0.75136
   0.75106
   0.75068
   0.74915
   0.74961
   0.74936
   0.74966
   0.75039
   0.75284
   0.74944
   0.75004
   0.75360
   0.74938
   0.74930
   0.75022
   0.74685
   0.74631
   0.74399
   0.73881
   0.73549
   0.73047
   0.72612
   0.71950
   0.71259
   0.70507
   0.69615
   0.68842
   0.67984
   0.67107
   0.66224
   0.65384
   0.64540
   0.63824
   0.63124
   0.62488
   0.61914
   0.59721
   0.58804
   0.59716
   0.57927
   0.57149
   0.56466
   0.55726
   0.54935
   0.54164
   0.53458
   0.52825
   0.52236
   0.51625
   0.50948
   0.50221
   0.49480
   0.48733
   0.47988
   0.47253
   0.46527
   0.45812
   0.45114
   0.44439
   0.43785
   0.43157
   0.42544
   0.41956
   0.41383
   0.40826
   0.40281
   0.39743
   0.39219
   0.38701
   0.38194
   0.37688
   0.37182
   0.36676
   0.36161
   0.35637
   0.35099
   0.34549
   0.33982
   0.33407
   0.32822
   0.32225
   0.31636
   0.31046
   0.30468
   0.29907
   0.29362
   0.28838
   0.28335
   0.27855
   0.27396
   0.26959
   0.26544
   0.26149
   0.25770
   0.25412
   0.25073
   0.24747
   0.24703
   0.24386
   0.24039
   0.23782
   0.23509
   0.23259
   0.23020
   0.22791
   0.22580
   0.22369
   0.22172
   0.21989
   0.21812
   0.21634
   0.21459
   0.21280
   0.21119
   0.20965
   0.20803
   0.20631
   0.20479
   0.20316
   0.20157
   0.19999
   0.19833
   0.19674
   0.19490
   0.19329
   0.19161
   0.18979
   0.18782
   0.18612
   0.18412
   0.18222
   0.18015
   0.17815
   0.17615
   0.17465
   0.17219
   0.17014
   0.16785
   0.16578
   0.16358
   0.16112
   0.15928
   0.15648
   0.15408
   0.15458
   0.15270
   0.15034
   0.14823
   0.14614
   0.14412
   0.14224
   0.14012
   0.13848
   0.13669
   0.13463
   0.13274
   0.13149
   0.12931
   0.12776
   0.12586
   0.12422
   0.12250
   0.12207
   0.12062
   0.11897
   0.11778
   0.11585
   0.11438
   0.11313
   0.11130
   0.10978
   0.10782
   0.10609
   0.10439
   0.10337
   0.10068
   0.09830
   0.09608
   0.09428
   0.09198
   0.08892
   0.08686
   0.08421
   0.08144
   0.07856
   0.07630
   0.07404
   0.07126
   0.06830
   0.06550
   0.06270
   0.06011
   0.05749
   0.05528
   0.05265
   0.05101
   0.04850
   0.04736
   0.04435
   0.04448
   0.03921
   0.03839
   0.03232
   0.03955
   0.01940
   0.01177
   0.00987
   0.00810
   0.01744
   0.00859
   0.01161
   0.00859
   0.00696
   0.00659
   0.00732
   0.01944
   0.00642
   0.00672
   0.00613
   0.00604
   0.00595
   0.00588
   0.00625
   0.01645
   0.14409
   0.02651
   0.03363
   0.01434
   0.00517
   0.00569
   0.00604
   0.00613
   0.00607
   0.00591
   0.00572
   0.00551
   0.00524
   0.00501
   0.00482
   0.00466
   0.00452
   0.00442
   0.00430
   0.00422
   0.00417
   0.00596
   0.06100
   0.00567
   0.00375
   0.00495
   0.00362
   0.00437
   0.00358
   0.00349
   0.00353
   0.00341
   0.00362
   0.00525
   0.00613
   0.00677
   0.00794
   0.00420
   0.00286
   0.15331
   0.01405
   0.01304
   0.01328
   0.01352
   0.00934
   0.00838
   0.00694
   0.00641
   0.00525
   0.00509
   0.00437
   0.00428
   0.00403
   0.00398
   0.00407
   0.00405
   0.00428
   0.00427
   0.00451
   0.00461
   0.00479
   0.00494
   0.00508
   0.00516
   0.00520
   0.00510
   0.00481
   0.00449
   0.00413
   0.00383
   0.00360
   0.00344
   0.00332
   0.00321
   0.00313
   0.00305
   0.00298
   0.00291
   0.00285
   0.00280
   0.00274
   0.00269
   0.00263
   0.00258
   0.00253
   0.00248
   0.00243
   0.00238
   0.00233
   0.00229
   0.00224
   0.00220
   0.00215
   0.00211
   0.00207
   0.00203
   0.00199
   0.00196
   0.00192
   0.00188
   0.00185
   0.00181
   0.00177
   0.00175
   0.00184
   0.00190
   0.00187
   0.00191
   0.00190
   0.00190
   0.00193
   0.00195
   0.00197
   0.00200
   0.00202
   0.00200
   0.00194
   0.00188
   0.00184
   0.00179
   0.00173
   0.00161
   0.00137
   0.00111
   0.00105
   0.00102
   0.00100
   0.00097
   0.00095
   0.00093
   0.00091
   0.00088
   0.00086
   0.00083
   0.00081
   0.00079
   0.00076
   0.00074
   0.00072
   0.00069
   0.00067
   0.00065
   0.00063
   0.00061
   0.00059
   0.00058
   0.00056
   0.00054
   0.00052
   0.00051
   0.00049
   0.00048
   0.00046
   0.00045
   0.00044
   0.00042
   0.00041
   0.00040
   0.00039
   0.00038
   0.00036
   0.00035
   0.00034
   0.00033
   0.00032
   0.00031
   0.00031
   0.00030
   0.00029
   0.00028
   0.00027
   0.00026
   0.00026
   0.00025
   0.00024
   0.00023
   0.00023
   0.00022
   0.00021
   0.00021
   0.00020
   0.00019
   0.00019
   0.00018
   0.00017
   0.00017
   0.00016
   0.00016
   0.00015
   0.00015
   0.00014
   0.00014
   0.00013
   0.00013
   0.00012
   0.00012
   0.00011
   0.00011
   0.00011
   0.00010
   0.00010
   0.00009
   0.00009
   0.00009
   0.00008
   0.00008
   0.00007
   0.00008
   0.00007
   0.00006
   0.00007
   0.66868
   0.26877
   0.25945
   0.24916
   0.24283
   0.23721
   0.23208
   0.22738
   0.22295
   0.21885
   0.21456
   0.20990
   0.20511
   0.19976
   0.19417
   0.18847
   0.18267
   0.17688
   0.17121
   0.16564
   0.16033
   0.15515
   0.15019
   0.14540
   0.14081
   0.13633
   0.13203
   0.12792
   0.12366
   0.09449
   0.09105
   0.08841
   0.08587
   0.08342
   0.08105
   0.07877
   0.07655
   0.07441
   0.07232
   0.07029
   0.06832
   0.06640
   0.06454
   0.06272
   0.06095
   0.05922
