   0.72801
   0.73830
   0.73763
   0.72967
   0.72992
   0.74053
   0.73878
   0.73489
   0.73353
   0.73298
   0.73270
   0.74142
   0.73868
   0.73756
   0.73701
   0.73761
   0.73651
   0.73733
   0.73711
   0.73727
   0.73691
   0.73986
   0.74147
   0.74301
   0.74551
   0.74636
   0.74727
   0.73822
   0.74190
   0.74524
   0.74439
   0.74621
   0.74593
   0.74592
   0.74549
   0.74480
   0.74401
   0.74316
   0.74237
   0.74057
   0.74066
   0.74101
   0.74191
   0.74336
   0.74548
   0.74824
   0.75165
   0.75569
   0.76026
   0.76558
   0.77152
   0.77837
   0.78614
   0.79479
   0.80437
   0.81465
   0.82535
   0.83626
   0.84714
   0.85785
   0.86830
   0.87852
   0.88868
   0.89862
   0.90813
   0.91698
   0.92629
   0.93536
   0.94415
   0.95292
   0.96141
   0.96973
   0.97804
   0.98627
   0.99427
   1.00201
   1.00958
   1.01688
   1.02406
   1.03113
   1.03830
   1.04485
   1.05139
   1.05772
   1.06401
   1.07028
   1.07666
   1.08280
   1.08945
   1.09659
   1.10312
   1.10825
   1.11498
   1.12304
   1.12978
   1.13665
   1.14325
   1.14832
   1.15456
   1.16102
   1.16735
   1.17393
   1.17982
   1.18665
   1.19322
   1.19838
   1.20266
   1.20788
   1.21194
   1.21719
   1.22158
   1.22577
   1.23010
   1.23360
   1.23651
   1.23797
   1.24012
   1.24174
   1.24243
   1.24247
   1.24121
   1.23907
   1.23548
   1.22998
   1.22369
   1.21441
   1.20343
   1.19137
   1.17681
   1.15965
   1.13994
   1.11755
   1.09265
   1.06399
   1.03634
   1.00435
   0.96994
   0.93447
   0.90059
   0.86426
   0.82582
   0.78361
   0.74698
   0.70719
   0.67357
   0.63967
   0.60898
   0.58219
   0.55937
   0.53660
   0.51722
   0.50019
   0.48626
   0.47442
   0.46323
   0.45179
   0.43848
   0.42045
   0.39868
   0.37153
   0.33834
   0.30016
   0.25891
   0.21834
   0.18067
   0.14857
   0.12318
   0.10378
   0.08894
   0.07749
   0.06948
   0.06684
   0.07026
   0.09042
   0.22964
   0.60448
   0.59792
   0.17270
   0.09240
   0.04608
   0.03226
   0.02863
   0.02595
   0.02394
   0.02299
   0.02416
   0.03551
   0.05432
   0.15688
   0.87625
   1.21994
   0.67597
   0.28311
   0.35658
   1.53872
   0.01047
   1.10562
   1.19917
   0.06856
   0.01085
   0.01195
   0.02807
   0.00852
   0.00842
   0.00948
   0.00862
   0.00683
   0.00626
   0.00645
   0.00653
   0.00585
   0.04568
   0.06540
   0.03281
   0.00559
   0.00495
   0.00452
   0.00436
   0.00442
   0.00413
   0.00593
   0.04494
   0.00637
   0.26760
   0.00635
   0.00619
   0.00455
   0.00590
   0.00516
   0.00599
   0.00587
   0.00479
   0.00641
   0.12339
   0.00450
   0.00446
   0.00484
   0.00432
   0.00524
   0.00342
   0.00411
   0.00418
   0.00378
   0.00397
   0.00400
   0.00376
   0.00366
   0.00430
   0.00458
   0.00371
   0.02117
   0.01383
   0.01385
   0.01267
   0.01227
   0.01142
   0.00683
   0.00430
   0.00877
   0.00936
   0.00642
   0.00767
   0.00707
   0.00608
   0.00178
   0.00580
   0.00539
   0.00430
   0.00484
   0.00314
   0.00391
   0.00401
   0.00334
   0.00398
   0.00376
   0.00612
   0.00560
   0.00554
   0.00419
   0.01002
   0.01382
   0.01064
   0.00697
   0.00397
   0.00488
   0.00742
   0.00528
   0.00661
   0.00445
   0.00325
   0.00493
   0.00433
   0.00285
   0.00231
   0.00225
   0.00281
   0.00268
   0.00239
   0.00212
   0.00280
   0.00404
   0.00334
   0.00302
   0.00235
   0.00224
   0.00213
   0.00686
   0.00505
   0.00485
   0.00536
   0.00320
   0.00240
   0.00220
   0.00206
   0.00162
   0.00795
   0.00633
   0.00601
   0.00295
   0.00213
   0.00209
   0.00198
   0.00152
   0.03418
   0.06028
   0.08779
   0.11858
   0.13213
   0.13154
   0.12958
   0.12425
   0.11899
   0.11223
   0.10476
   0.09631
   0.08881
   0.08169
   0.07521
   0.06951
   0.06212
   0.05747
   0.04716
   0.05007
   0.01540
   0.02541
   0.04026
   0.04432
   0.03208
   0.02417
   0.04672
   0.03757
   0.04544
   0.02968
   0.01430
   0.00505
   0.01141
   0.02892
   0.02030
   0.00601
   0.00890
   0.03069
   0.04247
   0.03052
   0.02636
   0.01508
   0.00355
   0.03557
   0.02754
   0.02460
   0.01321
   0.00311
   0.00410
   0.02139
   0.03993
   0.02910
   0.01688
   0.01603
   0.02347
   0.03168
   0.02421
   0.01112
   0.00221
   0.01573
   0.01330
   0.03485
   0.02693
   0.02290
   0.01384
   0.03258
   0.02623
   0.01744
   0.00642
   0.00159
   0.00150
   0.00943
   0.01337
   0.02368
   0.01666
   0.01223
   0.00588
   0.00855
   0.00824
   0.03037
   0.01247
   0.00392
   0.00201
   0.00136
   0.00106
   0.00102
   0.00376
   0.00546
   0.00782
   0.00841
   0.01427
   0.01783
   0.01171
   0.00862
   0.00188
   0.00081
   0.00566
   0.00492
   0.00494
   0.00639
   0.00550
   0.01006
   0.01370
   0.01470
   0.00999
   0.00401
   0.00084
   0.00077
   0.00092
   0.00276
   0.00412
   0.00410
   0.00772
   0.00850
   0.01200
   0.00995
   0.00547
   0.00201
   0.00110
   0.00154
   0.00223
   0.00332
   0.00440
   0.00403
   0.00842
   0.00820
   0.00379
   0.00364
   0.00128
   0.00039
   0.00575
   0.00428
   0.00329
   0.00273
   0.00296
   0.00407
   0.00309
   0.00430
   0.00686
   0.00053
   0.00071
   0.00101
   0.00148
   0.00224
   0.00324
   0.00325
   0.00444
   0.00677
   0.00035
   0.00044
   0.00059
   0.00084
   0.00123
   0.00190
   0.00288
   0.00234
   0.00286
   0.00372
   0.00454
   0.00126
   0.00117
   0.00107
   0.00098
   0.00098
   0.00150
   0.00241
   0.00211
   0.00230
   0.00298
   0.00032
   0.00031
   0.00031
   0.00034
   0.00042
   0.00059
   0.00088
   0.00139
   0.00206
   0.00200
   0.00193
   0.00267
   0.00286
   0.00075
   0.00071
   0.00067
   0.00063
   0.00062
   0.00080
   0.00125
   0.00171
   0.00152
   0.00194
   0.00219
   0.00140
   0.00127
   0.00112
   0.00098
   0.00086
   0.00074
   0.00069
   0.00098
   0.00152
   0.00130
   0.00129
   0.00165
   0.00020
   0.00020
   0.00019
   0.00019
   0.00019
   0.00022
   0.00027
   0.00039
   0.00063
   0.00106
   0.00113
   0.00104
   0.00121
   0.00155
   0.00149
   0.00062
   0.00063
   0.00059
   0.00055
   0.00051
   0.00047
   0.00043
   0.00040
   0.00043
   0.00072
   0.00108
   0.00100
   0.00088
   0.00111
   0.00133
   0.00133
   0.00121
   0.00105
   0.00090
   0.00077
   0.00065
   0.00054
   0.00045
   0.00041
   0.00072
   0.00108
   0.00091
   0.00075
   0.00048
   0.00044
   0.00041
   0.00038
   0.00035
   0.00032
   0.00030
   0.00036
   0.00063
   0.00093
   0.00081
   0.00071
   0.00087
   0.00011
   0.00010
   0.00009
   0.00009
   0.00009
   0.00009
   0.00011
   0.00014
   0.00022
   0.00039
   0.00062
   0.00073
   0.00057
   0.00061
   0.00009
   0.00008
   0.00007
   0.00007
   0.00007
   0.00007
   0.00009
   0.00011
   0.00015
   0.00025
   0.00043
   0.00059
   0.00053
   0.00050
   0.00060
   0.00063
   0.00006
   0.00006
   0.00006
   0.00008
   0.00010
   0.00015
   0.00026
   0.00041
   0.00046
   0.00039
   0.00042
   0.00050
   0.00111
   0.00097
   0.00083
   0.00070
   0.00058
   0.00047
   0.00039
   0.00031
   0.00025
   0.00021
   0.00020
   0.00028
   0.00037
   0.00032
   0.00036
   0.00006
   0.00006
   0.00006
   0.00006
   0.00006
   0.00006
   0.00005
   0.00005
   0.00005
   0.00006
   0.00008
   0.00012
   0.00020
   0.00028
   0.00031
   0.00027
   0.00030
   0.00035
   0.00023
   0.00047
   0.00044
   0.00041
   0.00038
   0.00035
   0.00032
   0.00029
   0.00025
   0.00022
   0.00019
   0.00017
   0.00014
   0.00013
   0.00014
   0.00019
   0.00020
   0.00018
   0.00023
   0.00005
   0.00004
   0.00004
   0.00004
   0.00004
   0.00004
   0.00003
   0.00003
   0.00003
   0.00004
   0.00005
   0.00008
   0.00013
   0.00017
   0.00016
   0.00016
   0.00020
   0.05616
   0.01932
   0.01311
   0.01344
   0.01922
   0.01390
   0.00722
   0.00789
   0.00880
   0.01450
   0.01747
   0.01334
   0.00981
   0.00890
   0.00746
   0.00728
   0.00747
   0.00778
   0.01420
   0.01775
   0.01427
   0.01105
   0.00772
   0.00775
   0.01492
   0.01448
   0.01178
   0.00897
   0.00583
   0.00625
   0.00518
   0.00595
   0.00501
   0.00546
   0.00361
   0.00471
   0.00537
   0.00865
   0.01294
   0.01234
   0.01216
   0.01068
   0.00146
   0.00161
   0.00199
   0.00276
   0.00358
   0.00434
   0.00956
   0.01201
   0.01076
   0.00960
   0.00749
   0.00102
   0.00105
   0.00112
   0.00134
   0.00180
   0.00248
   0.00296
   0.00608
   0.00938
   0.00881
   0.00772
   0.00614
   0.00399
   0.00074
   0.00076
   0.00081
   0.00097
   0.00133
   0.00184
   0.00222
   0.00514
   0.00684
   0.00650
   0.00581
   0.00459
   0.00291
   0.00202
   0.00162
   0.00129
   0.00103
   0.00089
   0.00093
   0.00127
   0.00153
   0.00418
   0.00448
   0.00448
   0.00415
   0.00332
   0.00041
   0.00043
   0.00041
   0.00041
   0.00042
   0.00049
   0.00068
   0.00097
   0.00116
   0.00200
   0.00351
   0.00319
   0.00298
   0.00236
   0.00127
   0.00109
   0.00094
   0.00080
   0.00067
   0.00055
   0.00046
   0.00049
   0.00069
   0.00083
   0.00151
   0.00245
   0.00217
   0.00201
   0.00158
   0.00044
   0.00040
   0.00038
   0.00035
   0.00032
   0.00029
   0.00027
   0.00035
   0.00049
   0.00059
   0.00097
   0.00178
   0.00165
   0.00150
   0.00124
   0.00055
   0.00051
   0.00047
   0.00042
   0.00037
   0.00032
   0.00027
   0.00028
   0.00039
   0.00045
   0.00089
   0.00130
   0.00117
   0.00107
   0.00087
   0.00266
   0.00199
   0.00148
   0.00111
   0.00082
   0.00062
   0.00047
   0.00036
   0.00029
   0.00026
   0.00032
   0.00042
   0.00097
   0.00087
   0.00078
   0.00067
   0.00022
   0.00017
   0.00018
   0.00018
   0.00017
   0.00016
   0.00015
   0.00014
   0.00013
   0.00016
   0.00021
   0.00025
   0.00039
   0.00069
   0.00062
   0.00058
   0.00045
   0.00026
   0.00015
   0.00016
   0.00016
   0.00016
   0.00015
   0.00013
   0.00012
   0.00011
   0.00010
   0.00013
   0.00016
   0.00018
   0.00033
   0.00048
   0.00042
   0.00039
   0.00029
   0.00129
   0.00111
   0.00093
   0.00077
   0.00063
   0.00050
   0.00040
   0.00031
   0.00024
   0.00019
   0.00015
   0.00012
   0.00011
   0.00012
   0.00022
   0.00034
   0.00030
   0.00028
   0.00020
   0.00075
   0.00070
   0.00063
   0.00056
   0.00049
   0.00041
   0.00034
   0.00028
   0.00022
   0.00018
   0.00014
   0.00011
   0.00009
   0.00009
   0.00010
   0.00024
   0.00025
   0.00023
   0.00021
   0.00015
   0.00011
   0.00011
   0.00011
   0.00012
   0.00012
   0.00012
   0.00011
   0.00010
   0.00010
   0.00009
   0.00007
   0.00006
   0.00006
   0.00007
   0.00008
   0.00024
   0.00019
   0.00017
   0.00015
   0.00010
   0.00004
   0.00005
   0.00005
   0.00005
   0.00006
   0.00006
   0.00006
   0.00006
   0.00006
   0.00006
   0.00005
   0.00005
   0.00004
   0.00004
   0.00004
   0.00004
   0.00006
   0.00013
   0.00012
   0.00011
   0.00010
   0.00007
   0.00080
   0.00008
   0.00007
   0.00007
   0.00007
   0.00007
   0.00008
   0.00008
   0.00008
   0.00007
   0.00007
   0.00006
   0.00006
   0.00005
   0.00004
   0.00003
   0.00003
   0.00003
   0.00005
   0.00008
   0.00009
   0.00007
