   0.66404
   0.66509
   0.68001
   0.68041
   0.67993
   0.67927
   0.67871
   0.67855
   0.67795
   0.67940
   0.67896
   0.67777
   0.67721
   0.67653
   0.67541
   0.67470
   0.67445
   0.67296
   0.67079
   0.66714
   0.66305
   0.65999
   0.65690
   0.65371
   0.64267
   0.63943
   0.63590
   0.63087
   0.62538
   0.61968
   0.61344
   0.60864
   0.60449
   0.59991
   0.59614
   0.59008
   0.58450
   0.57765
   0.56955
   0.56156
   0.55315
   0.54491
   0.53682
   0.52892
   0.52111
   0.51418
   0.50811
   0.50222
   0.49751
   0.49347
   0.48999
   0.48698
   0.48782
   0.48606
   0.48335
   0.48620
   0.48573
   0.48499
   0.48024
   0.47990
   0.47683
   0.47286
   0.46766
   0.46097
   0.45458
   0.44886
   0.43722
   0.42927
   0.42584
   0.41921
   0.41275
   0.40140
   0.38954
   0.37287
   0.35597
   0.33805
   0.32225
   0.32607
   0.34541
   0.37513
   0.39673
   0.39131
   0.36784
   0.27823
   0.17049
   0.22345
   0.24648
   0.15050
   0.14108
   0.21006
   0.34799
   0.20797
   0.05657
   0.05346
   0.05735
   0.06992
   0.07301
   0.03863
   0.02869
   0.03000
   0.03196
   0.03257
   0.03129
   0.02865
   0.02569
   0.02919
   0.03852
   0.04593
   0.04080
   0.04850
   0.02070
   0.03075
   0.01513
   0.07921
   0.02549
   0.01545
   0.01303
   0.03093
   0.01251
   0.01333
   0.03614
   0.02523
   0.02567
   0.01933
   0.01230
   0.01045
   0.01064
   0.01833
   0.01263
   0.01054
   0.04489
   0.01067
   0.00908
   0.03572
   0.00993
   0.04027
   0.03937
   0.13401
   0.01070
   0.01235
   0.01718
   0.02083
   0.01034
   0.01190
   0.01458
   0.01100
   0.01110
   0.01838
   0.00552
   0.00768
   0.01129
   0.01035
   0.00768
   0.00599
   0.18441
   0.03349
   0.00587
   0.00752
   0.00748
   0.00731
   0.00364
   0.00314
   0.00576
   0.01308
   0.05138
   0.03180
   0.03027
   0.02331
   0.02575
   0.03198
   0.03497
   0.01614
   0.06262
   0.10630
   0.02495
   0.01558
   0.02379
   0.01655
   0.01898
   0.01690
   0.01449
   0.01282
   0.01203
   0.01129
   0.01067
   0.07687
   0.02718
   0.01414
   0.01160
   0.01968
   0.01353
   0.01420
   0.01137
   0.01344
   0.01454
   0.00900
   0.00880
   0.03134
   0.01381
   0.01141
   0.04838
   0.04107
   0.04983
   0.04353
   0.04913
   0.03912
   0.23112
   0.04128
   0.05556
   0.05997
   0.04130
   0.03913
   0.08417
   0.02178
   0.02625
   0.05100
   0.08197
   0.01344
   0.01331
   0.03352
   0.01213
   0.04135
   0.03579
   0.01121
   0.01070
   0.01501
   0.01227
   0.01133
   0.01258
   0.02547
   0.02779
   0.08657
   0.01557
   0.03323
   0.03794
   0.00896
   0.10214
   0.01096
   0.00833
   0.00896
   0.09253
   0.00650
   0.24446
   0.01139
   0.00576
   0.02733
   0.00736
   0.00832
   0.14451
   0.00981
   0.00650
   0.07088
   0.10735
   0.00874
   0.00638
   0.00527
   0.01317
   0.00494
   0.06744
   0.00999
   0.00711
   0.01651
   0.00413
   0.00379
   0.02905
   0.00473
   0.00347
   0.00335
   0.00341
   0.00322
   0.03840
   0.00300
   0.00272
   0.06133
   0.00214
   0.00213
   0.03917
   0.01922
   0.01296
   0.00946
   0.00699
   0.00606
   0.00486
   0.00434
   0.03027
   6.83546
   0.22232
   0.19011
   0.17269
   0.17113
   0.15498
   0.10662
   0.02485
   0.48135
   0.13576
   0.23617
   0.21994
   0.11078
   0.02783
   0.01237
   0.06657
   0.02472
   0.02721
   0.01607
   0.00816
   0.01006
   0.04151
   0.04240
   0.00623
   0.03430
   0.00543
   0.05648
   0.08313
   0.00447
   0.00576
   0.00446
   0.00806
   0.00481
   0.00472
   0.09161
   0.17847
   0.13199
   0.11094
   0.09760
   0.08636
   0.07679
   0.06920
   0.06353
   0.05876
   0.05447
   0.05108
   0.04807
   0.04587
   0.04288
   0.06163
   0.03399
   0.03133
   0.30252
   0.12942
   0.12429
   0.12236
   0.12067
   0.11606
   0.10418
   0.10096
   0.09471
   0.10181
   0.09443
   0.12473
   0.10951
   0.11891
   0.10567
   0.07545
   0.00996
   0.06741
   0.09752
   0.08678
   0.06910
   0.10755
   0.05383
   0.00702
   0.05602
   0.04558
   0.17431
   0.00937
   0.01688
   0.00766
   0.06662
   0.01307
   0.42820
   0.00479
   0.07491
   0.00595
   0.00503
   0.00476
   0.85362
   0.00532
   0.00315
   0.00297
   0.00710
   0.00764
   0.01375
   0.00870
   0.01430
   0.00692
   0.00947
   0.00644
   0.01043
   0.00875
   0.04279
   0.00641
   0.01456
   0.00572
   0.00507
   0.02453
   0.01426
   0.01408
   0.01478
   0.01166
   0.00655
   0.00614
   0.00872
   0.00561
   0.00733
   0.00732
   0.01527
   0.00779
   0.01186
   0.01059
   0.00939
   0.00894
   0.00910
   0.00917
   0.00439
   0.00287
   0.00302
   0.00820
   0.00813
   0.00833
   0.00360
   0.00364
   0.00970
   0.01829
   0.01272
   0.01092
   0.00955
   0.00845
   0.00770
   0.00727
   0.00523
   0.00454
   0.00442
   0.04383
   0.06214
   0.02344
   0.15362
   0.01642
   0.02930
   0.01197
   0.04346
   0.00378
   0.00244
   0.06518
   0.00224
   0.00288
   0.00201
   0.00496
   0.00508
   0.00223
   0.00391
   0.00347
   0.00307
   0.00172
   0.00225
   0.00147
   0.00421
   0.00279
   0.00254
   0.00232
   0.00208
   0.00123
   0.00113
   0.07610
   0.00358
   0.00316
   0.00282
   0.00239
   0.00272
   0.00270
   0.00168
   0.00152
   0.00137
   0.00126
   0.00079
   0.00074
   0.00069
   0.00064
   0.14707
   0.09674
   0.08492
   0.09272
   0.13562
   0.16296
   0.16588
   0.12152
   0.14415
   0.11331
   0.11650
   0.09215
   0.07814
   0.07595
   0.07000
   0.11330
   0.20482
   0.07074
   0.07639
   0.12347
   0.04239
   0.04428
   0.17906
   0.02743
   0.03021
   0.03371
   0.02174
   0.02306
   0.02105
   0.01912
   0.01990
   0.01725
   0.01663
   0.01716
   0.01473
   0.01452
   0.01501
   0.01286
   0.01264
   0.01316
   0.01118
   0.01096
   0.01190
   0.01172
   0.01055
   0.01004
   0.01245
   0.01115
   0.00979
   0.00920
   0.00963
   0.01033
   0.00896
   0.01181
   0.01239
   0.00984
   0.00825
   0.00776
   0.00980
   0.01040
   0.00840
   0.00706
   0.00639
   0.02937
   0.00636
   0.00578
   0.00573
   0.00566
   0.00533
   0.00486
   0.00490
   0.00600
   0.00540
   0.00480
   0.01438
   0.00481
   0.00464
   0.00420
   0.00382
   0.00465
   0.00425
   0.00387
   0.00470
   0.00407
   0.00404
   0.00405
   0.00401
   0.00372
   0.00328
   0.00348
   0.00375
   0.00353
   0.00331
   0.00360
   0.00341
   0.00344
   0.00337
   0.00306
   0.00351
   0.00268
   0.00334
   0.00522
   0.04887
   0.00636
   0.00595
   0.00543
   0.00475
   0.00449
   0.00455
   0.00907
   0.00659
   0.00614
   0.00626
   0.00626
   0.00591
   0.00555
   0.00518
   0.00584
   0.01002
   0.00605
   0.00977
   0.00231
   0.00214
   0.00209
   0.00204
   0.00198
   0.00195
   0.00185
   0.00178
   0.00170
   0.00176
   0.00167
   0.00162
   0.00157
   0.00154
   0.00150
   0.00146
   0.00140
   0.00137
   0.00134
   0.00132
   0.00162
   0.00124
   0.00122
   0.00119
   0.00117
   0.00113
   0.00108
   0.00106
   0.00104
   0.00100
   0.00095
   0.00093
   0.00287
   0.00169
   0.00160
   0.00080
   0.00084
   0.00143
   0.00125
   0.00110
   0.00098
   0.00090
   0.00083
   0.00079
   0.00075
   0.00073
   0.00072
   0.00067
   0.00065
   0.00064
   0.00063
   0.00062
   0.00059
   0.00055
   0.00052
   0.00063
   0.00097
   0.00045
   0.00072
   0.00045
   0.00039
   0.00049
   0.00034
   0.00353
   0.00225
   0.00158
   0.00121
   0.00096
   0.00079
   0.00067
   0.00058
   0.00051
   0.00045
   0.00041
   0.00038
   0.00036
   0.00034
   0.00032
   0.00031
   0.00029
   0.00027
   0.00410
   0.00256
   0.00195
   0.00154
   0.00123
   0.00099
   0.00082
   0.00068
   0.00058
   0.00050
   0.00044
   0.00040
   0.00036
   0.00033
   0.00031
   0.00029
   0.00028
   0.00027
   0.00025
   0.00024
   0.00022
   0.00022
   0.00145
   0.00058
   0.00054
   0.00049
   0.00043
   0.00037
   0.00032
   0.00028
   0.00025
   0.00023
   0.00021
   0.00020
   0.00019
   0.00019
   0.00018
   0.00018
   0.00017
   0.00016
   0.00016
   0.00015
   0.00014
   0.00023
   0.00012
   2.15377
   0.00036
   0.00037
   0.00038
   0.00038
   0.00038
   0.00036
   0.00034
   0.00031
   0.00027
   0.00024
   0.00021
   0.00018
   0.00016
   0.00014
   0.00013
   0.00012
   0.00012
   0.00011
   0.00011
   0.00011
   0.00010
   0.00010
   0.00010
   0.00009
   0.00042
   0.00026
   0.00027
   0.00027
   0.00027
   0.00027
   0.00025
   0.00023
   0.00021
   0.00018
   0.00016
   0.00014
   0.00012
   0.00011
   0.00010
   0.00010
   0.00010
   0.00009
   0.00009
   0.00009
   0.00009
   0.00009
   0.00008
   0.00008
   0.00008
   0.00009
   0.00013
   0.22430
   0.00014
   0.00014
   0.00015
   0.00016
   0.00016
   0.00017
   0.00017
   0.00016
   0.00016
   0.00014
   0.00013
   0.00011
   0.00010
   0.00009
   0.00008
   0.00007
   0.00007
   0.00006
   0.00006
   0.00006
   0.00006
   0.00006
   0.00006
   0.00006
   0.00006
   0.00006
   0.00005
   0.00005
   0.00005
   1.97316
   0.00014
   0.00014
   0.00014
   0.00015
   0.00015
   0.00015
   0.00016
   0.00016
   0.00017
   0.00017
   0.00017
   0.00017
   0.00017
   0.00016
   0.00015
   0.00013
   0.00011
   0.00010
   0.00009
   0.00008
   0.00007
   0.00006
   0.00006
   0.00005
   0.00005
   0.00005
   0.00005
   0.00004
   0.00004
   0.00004
   0.00004
   0.00004
   0.00006
   0.00003
   0.00003
   0.00004
   0.00006
   0.00006
   0.00006
   0.00006
   0.00006
   0.00007
   0.00007
   0.00008
   0.00008
   0.00009
   0.00009
   0.00010
   0.00010
   0.00010
   0.00010
   0.00009
   0.00009
   0.00008
   0.00007
   0.00006
   0.00005
   0.00004
   0.00004
   0.00004
   0.00003
   0.00003
   0.00003
   0.00003
   0.00003
   0.00003
   0.00003
   0.00003
   0.00003
   0.00002
   0.00002
   0.00012
   0.00123
   0.00106
   0.00092
   0.00082
   0.00072
   0.00064
   0.00057
   0.00050
   0.00044
   0.00039
   0.00034
   0.00030
   0.00026
   0.00023
   0.00020
   0.00018
   0.00016
   0.00014
   0.00012
   0.00010
   0.00009
   0.00007
   0.00006
   0.00005
   0.00005
   0.00004
   0.00004
   0.00003
   0.00003
   0.00003
   0.00003
   0.00003
   0.00003
   0.00002
   0.00002
   0.00002
   0.00002
   0.00031
   0.00035
   0.00035
   0.00034
   0.00033
   0.00032
   0.00031
   0.00030
   0.00029
   0.00027
   0.00026
   0.00024
   0.00023
   0.00021
   0.00020
   0.00018
   0.00017
   0.00015
   0.00014
   0.00013
   0.00012
   0.00011
   0.00009
   0.00008
   0.00007
   0.00006
   0.00005
   0.00004
   0.00004
   0.00003
   0.00003
   0.00002
   0.00002
   0.00002
   0.00002
   0.00002
   0.00002
   0.00002
   0.00002
   0.00002
   0.00002
   0.00002
   0.00004
   0.00004
   0.00004
   0.00004
   0.00004
   0.00004
   0.00004
   0.00004
   0.00004
   0.00004
   0.00004
   0.00004
   0.00004
   0.00004
   0.00005
   0.00005
   0.00005
   0.00005
   0.00005
   0.00006
   0.00006
   0.00006
   0.00006
   0.00005
   0.00005
   0.00004
   0.00004
   0.00003
   0.00003
   0.00002
   0.00002
   0.00002
   0.00002
   0.00002
   0.00002
   0.00001
   0.00001
   0.00001
   0.00001
   0.00001
   0.00001
   0.00001
