   0.71223
   0.70940
   0.70871
   0.70812
   0.70759
   0.70698
   0.70639
   0.70582
   0.70528
   0.70472
   0.70418
   0.70359
   0.70310
   0.70277
   0.70118
   0.70107
   0.70046
   0.70002
   0.69931
   0.69874
   0.69808
   0.69742
   0.69682
   0.69594
   0.69529
   0.69653
   0.69054
   0.69084
   0.68977
   0.68886
   0.68789
   0.68680
   0.68574
   0.68457
   0.68342
   0.68213
   0.68091
   0.67959
   0.67827
   0.67694
   0.67564
   0.67421
   0.67288
   0.67158
   0.67020
   0.66891
   0.66762
   0.66638
   0.66517
   0.66396
   0.66283
   0.66167
   0.66066
   0.65960
   0.65871
   0.65782
   0.65699
   0.65641
   0.65580
   0.65548
   0.65517
   0.65513
   0.65528
   0.65570
   0.65952
   0.66129
   0.66275
   0.66502
   0.66744
   0.67044
   0.67411
   0.67844
   0.68362
   0.68930
   0.69538
   0.70189
   0.70772
   0.71338
   0.71759
   0.72012
   0.72137
   0.72199
   0.72221
   0.72251
   0.72257
   0.72303
   0.72293
   0.72317
   0.72241
   0.72175
   0.72024
   0.71863
   0.71621
   0.71388
   0.71080
   0.70803
   0.70454
   0.70123
   0.69781
   0.69492
   0.69124
   0.68731
   0.68358
   0.67987
   0.67601
   0.67340
   0.66969
   0.66582
   0.66181
   0.65799
   0.65403
   0.65028
   0.64647
   0.64258
   0.63875
   0.63499
   0.63116
   0.62724
   0.62335
   0.61949
   0.61572
   0.61181
   0.60781
   0.60397
   0.60006
   0.59619
   0.59217
   0.58818
   0.58431
   0.58028
   0.57642
   0.57265
   0.56899
   0.56486
   0.56257
   0.56029
   0.55712
   0.55276
   0.54895
   0.54489
   0.54111
   0.53740
   0.53417
   0.52978
   0.52612
   0.52242
   0.51879
   0.51510
   0.51112
   0.50720
   0.50319
   0.49905
   0.49485
   0.49056
   0.48680
   0.48292
   0.47845
   0.47434
   0.46986
   0.46549
   0.46175
   0.45683
   0.45300
   0.44888
   0.44375
   0.43962
   0.43497
   0.43071
   0.42584
   0.42113
   0.41709
   0.41190
   0.40746
   0.40303
   0.39856
   0.39405
   0.38899
   0.38467
   0.37991
   0.37534
   0.37113
   0.36620
   0.36270
   0.35764
   0.35427
   0.35011
   0.34645
   0.34218
   0.33969
   0.33557
   0.33298
   0.32907
   0.32698
   0.32338
   0.32141
   0.31816
   0.31635
   0.31323
   0.31187
   0.30891
   0.30766
   0.30564
   0.30404
   0.30174
   0.30052
   0.29939
   0.29759
   0.29662
   0.29547
   0.29458
   0.29299
   0.29263
   0.29191
   0.29158
   0.29093
   0.29010
   0.28968
   0.28909
   0.28666
   0.28668
   0.28338
   0.28420
   0.28373
   0.28101
   0.27999
   0.27776
   0.27590
   0.27558
   0.27256
   0.27020
   0.26851
   0.26646
   0.26488
   0.26303
   0.25947
   0.25609
   0.25451
   0.25103
   0.24938
   0.24560
   0.24478
   0.24233
   0.23890
   0.23680
   0.23453
   0.23256
   0.22871
   0.22725
   0.22447
   0.22217
   0.21779
   0.21541
   0.21451
   0.21026
   0.20795
   0.20587
   0.20346
   0.19967
   0.19775
   0.19512
   0.19302
   0.19064
   0.18770
   0.18498
   0.18212
   0.18014
   0.17783
   0.17487
   0.17199
   0.16959
   0.16703
   0.16496
   0.16241
   0.15982
   0.15764
   0.15530
   0.15289
   0.15028
   0.14770
   0.14567
   0.14318
   0.14086
   0.13942
   0.13755
   0.13538
   0.13308
   0.13100
   0.12863
   0.12672
   0.12429
   0.12200
   0.11967
   0.11760
   0.11568
   0.11304
   0.11226
   0.10911
   0.10837
   0.10571
   0.10512
   0.10159
   0.10132
   0.09817
   0.09760
   0.09442
   0.09362
   0.09079
   0.09013
   0.08719
   0.08664
   0.08383
   0.08349
   0.08117
   0.08076
   0.07930
   0.07676
   0.07599
   0.07458
   0.07274
   0.07073
   0.07037
   0.06911
   0.06736
   0.06600
   0.06481
   0.06366
   0.06241
   0.06111
   0.05996
   0.05873
   0.05763
   0.05653
   0.05542
   0.05455
   0.05359
   0.05269
   0.05185
   0.05131
   0.05078
   0.05032
   0.04956
   0.04975
   0.04941
   0.04832
   0.04898
   0.04909
   0.04976
   0.04987
   0.05152
   0.05169
   0.05370
   0.05309
   0.05301
   0.05306
   0.05235
   0.05214
   0.05147
   0.05110
   0.05034
   0.04983
   0.04919
   0.04877
   0.04780
   0.04702
   0.04638
   0.04555
   0.04489
   0.04436
   0.04340
   0.04290
   0.04198
   0.04125
   0.04011
   0.03968
   0.03897
   0.03845
   0.03759
   0.03704
   0.03618
   0.03572
   0.03489
   0.03443
   0.03361
   0.03319
   0.03234
   0.03185
   0.03127
   0.03064
   0.03008
   0.02953
   0.02906
   0.02843
   0.02810
   0.02747
   0.02713
   0.02648
   0.02620
   0.02557
   0.02531
   0.02471
   0.02445
   0.02387
   0.02363
   0.02309
   0.02287
   0.02234
   0.02215
   0.02162
   0.02146
   0.02103
   0.02068
   0.02045
   0.01999
   0.01986
   0.01942
   0.01918
   0.01890
   0.01862
   0.01828
   0.01812
   0.01775
   0.01757
   0.01726
   0.01709
   0.01677
   0.01657
   0.01631
   0.01612
   0.01586
   0.01563
   0.01543
   0.01520
   0.01497
   0.01487
   0.01456
   0.01440
   0.01421
   0.01403
   0.01379
   0.01366
   0.01339
   0.01331
   0.01298
   0.01302
   0.01249
   0.01274
   0.01196
   0.01259
   0.01119
   0.01219
   0.01075
   0.01179
   0.01046
   0.01143
   0.01015
   0.01109
   0.00985
   0.01071
   0.00958
   0.01031
   0.00933
   0.00999
   0.00899
   0.00965
   0.00871
   0.00953
   0.00854
   0.00903
   0.00821
   0.00858
   0.00879
   0.00970
   0.00783
   0.01279
   0.00936
   0.00799
   0.02305
   0.02982
   0.00782
   0.03647
   0.02384
   0.01512
   0.01207
   0.00991
   0.01170
   0.02341
   0.00944
   0.01559
   0.01494
   0.01447
   0.01141
   0.02209
   0.02602
   0.03488
   0.01424
   0.02820
   0.02423
   0.01341
   0.01914
   0.01841
   0.01754
   0.01718
   0.01678
   0.01640
   0.01607
   0.01576
   0.01548
   0.01523
   0.01501
   0.01482
   0.01466
   0.01453
   0.01444
   0.01438
   0.01436
   0.01439
   0.01447
   0.01463
   0.01492
   0.01540
   0.01627
   0.01830
   0.02612
   0.06231
   0.01249
   0.04284
   0.00971
   0.05231
   0.01565
   0.04851
   0.01765
   0.05462
   0.02218
   0.06038
   0.02128
   0.02353
   0.01609
   0.05327
   0.04129
   0.02208
   0.03644
   0.01880
   0.04157
   0.02110
   0.03539
   0.02010
   0.03578
   0.02065
   0.04913
   0.02988
   0.05050
   0.05760
   0.05361
   0.05792
   0.05424
   0.05336
   0.02157
   0.03419
   0.00934
   0.00239
   0.00306
   0.00275
   0.00276
   0.00279
   0.00282
   0.00284
   0.00287
   0.00290
   0.00293
   0.00296
   0.00299
   0.00303
   0.00307
   0.00310
   0.00314
   0.00318
   0.00322
   0.00325
   0.00329
   0.00331
   0.00333
   0.00335
   0.00336
   0.00336
   0.00336
   0.00336
   0.00335
   0.00334
   0.00332
   0.00331
   0.00330
   0.00328
   0.00327
   0.00326
   0.00326
   0.00325
   0.00325
   0.00326
   0.00326
   0.00328
   0.00330
   0.00333
   0.00337
   0.00342
   0.00350
   0.00362
   0.00383
   0.00429
   0.00615
   0.02725
   0.00964
   0.00447
   0.00256
   0.00192
   0.00168
   0.00166
   0.00166
   0.00166
   0.00166
   0.00165
   0.00165
   0.00165
   0.00165
   0.00165
   0.00165
   0.00165
   0.00165
   0.00165
   0.00165
   0.00165
   0.00165
   0.00165
   0.00165
   0.00166
   0.00166
   0.00166
   0.00166
   0.00166
   0.00166
   0.00166
   0.00166
   0.00166
   0.00166
   0.00166
   0.00166
   0.00166
   0.00166
   0.00167
   0.00167
   0.00167
   0.00167
   0.00167
   0.00167
   0.00167
   0.00167
   0.00167
   0.00167
   0.00167
   0.00167
   0.00167
   0.00167
   0.00167
   0.00168
   0.00168
   0.00168
   0.00168
   0.00169
   0.00169
   0.00170
   0.00170
   0.00171
   0.00172
   0.00173
   0.00174
   0.00175
   0.00176
   0.00178
   0.00180
   0.00182
   0.00184
   0.00187
   0.00189
   0.00192
   0.00195
   0.00198
   0.00201
   0.00204
   0.00207
   0.00210
   0.00213
   0.00215
   0.00217
   0.00219
   0.00220
   0.00221
   0.00222
   0.00223
   0.00223
   0.00224
   0.00224
   0.00224
   0.00225
   0.00225
   0.00226
   0.00226
   0.00227
   0.00228
   0.00230
   0.00232
   0.00234
   0.00238
   0.00242
   0.00249
   0.00258
   0.00274
   0.00308
   0.00429
   0.01444
   0.00837
   1.32068
   0.00350
   0.00824
   0.00104
   0.00109
   0.00111
   0.00109
   0.00108
   0.00106
   0.00105
   0.00104
   0.00103
   0.00102
   0.00101
   0.00100
   0.00099
   0.00098
   0.00097
   0.00097
   0.00096
   0.00096
   0.00095
   0.00094
   0.00094
   0.00094
   0.00093
   0.00093
   0.00093
   0.00092
   0.00092
   0.00092
   0.00091
   0.00091
   0.00091
   0.00091
   0.00091
   0.00091
   0.00090
   0.00090
   0.00090
   0.00090
   0.00090
   0.00090
   0.00090
   0.00090
   0.00089
   0.00089
   0.00089
   0.00089
   0.00089
   0.00089
   0.00089
   0.00089
   0.00089
   0.00089
   0.00088
   0.00088
   0.00088
   0.00088
   0.00088
   0.00088
   0.00088
   0.00088
   0.00088
   0.00087
   0.00087
   0.00087
   0.00087
   0.00087
   0.00087
   0.00087
   0.00087
   0.00087
   0.00087
   0.00087
   0.00087
   0.00087
   0.00087
   0.00087
   0.00088
   0.00088
   0.00088
   0.00089
   0.00090
   0.00090
   0.00091
   0.00092
   0.00094
   0.00095
   0.00096
   0.00098
   0.00100
   0.00101
   0.00103
   0.00105
   0.00107
   0.00108
   0.00110
   0.00111
   0.00113
   0.00114
   0.00115
   0.00116
   0.00117
   0.00118
   0.00118
   0.00119
   0.00119
   0.00120
   0.00120
   0.00120
   0.00121
   0.00121
   0.00122
   0.00122
   0.00123
   0.00124
   0.00125
   0.00126
   0.00127
   0.00129
   0.00132
   0.00135
   0.00139
   0.00145
   0.00156
   0.00177
   0.00237
   0.00513
   0.33457
   0.49916
   0.18284
   0.06063
   0.07727
   0.07723
   0.07282
   0.06709
   0.05223
   0.03265
   0.01806
   0.01832
   0.01692
   0.01705
   0.01702
   0.01732
   0.01742
   0.01763
   0.01793
   0.01839
   0.01891
   0.01960
   0.02032
   0.02140
   0.02281
   0.02415
   0.02156
   0.01238
   0.01397
   0.01332
   0.01363
   0.01373
   0.01389
   0.01412
   0.01438
   0.01474
   0.01512
   0.01567
   0.01639
   0.01732
   0.01858
   0.02019
   0.02246
   0.02654
   0.02013
   0.02872
   0.07799
   0.00665
   0.01629
   0.01877
   0.02031
   0.02257
   0.02765
   0.00886
   0.02033
   0.02758
   0.00574
   0.01354
   0.01998
   0.02601
   0.00735
   0.01638
   0.02415
   0.00704
   0.02016
   0.01924
   0.00525
   0.02025
   0.01369
   0.02528
   0.00478
   0.01089
   0.02091
   0.02015
   0.00609
   0.01832
   0.02367
   0.03688
   0.00621
   0.01318
   0.02338
   0.00689
   0.01536
   0.02450
   0.00509
   0.00878
   0.01830
   0.02138
   0.00477
   0.01013
   0.02193
   0.00589
   0.01216
   0.02283
   0.00373
   0.00835
   0.02034
   0.00587
   0.01186
   0.02170
   0.00403
   0.00866
   0.02113
   0.00415
   0.00866
   0.02082
   0.00411
   0.00847
   0.02034
   0.00413
   0.00837
   0.01982
   0.00416
   0.00829
   0.01924
   0.00417
   0.00823
   0.01859
   0.00416
   0.00812
   0.01788
   0.00414
   0.00804
   0.01713
   0.00410
   0.00793
   0.01634
   0.00407
   0.00781
   0.01553
   0.00403
   0.00767
   0.01472
   0.00400
   0.00752
   0.01390
   0.00399
   0.00734
   0.01310
   0.00400
   0.00711
   0.01235
   0.00403
   0.00687
   0.01089
   0.00204
   0.00255
   0.01179
   0.00789
   0.00245
   0.00358
   0.00946
