   0.46785
   0.46567
   0.46273
   0.46249
   0.46181
   0.46179
   0.46162
   0.46173
   0.46097
   0.46064
   0.46029
   0.46215
   0.45565
   0.45798
   0.46517
   0.48643
   0.45542
   0.46611
   0.45713
   0.45842
   0.47057
   0.46790
   0.46621
   0.47750
   0.49050
   0.48599
   0.51356
   0.50535
   0.51127
   0.52501
   0.53172
   0.54090
   0.52927
   0.52596
   0.51423
   0.48482
   0.44255
   0.41741
   0.34630
   0.29411
   0.25958
   0.22745
   0.20011
   0.17794
   0.15914
   0.14311
   0.13079
   0.12049
   0.11278
   0.10772
   0.10220
   0.09643
   0.08978
   0.08790
   0.08656
   0.08364
   0.08126
   0.07901
   0.07798
   0.07810
   0.07838
   0.07713
   0.07631
   0.07573
   0.07562
   0.07601
   0.07404
   0.07305
   0.07206
   0.07067
   0.06963
   0.06874
   0.06890
   0.06760
   0.06630
   0.06543
   0.06462
   0.06487
   0.06354
   0.06180
   0.06025
   0.05856
   0.05762
   0.05528
   0.05392
   0.05175
   0.04872
   0.04727
   0.04626
   0.04435
   0.04285
   0.04108
   0.03974
   0.03846
   0.03738
   0.03587
   0.03493
   0.03258
   0.03214
   0.03124
   0.03063
   0.03037
   0.02958
   0.02688
   0.02519
   0.02381
   0.02305
   0.02208
   0.02130
   0.02004
   0.01993
   0.01936
   0.01829
   0.01774
   0.01697
   0.01655
   0.01694
   0.01606
   0.01602
   0.01412
   0.01499
   0.01186
   0.01120
   0.01105
   0.01301
   0.00951
   0.00978
   0.00966
   0.01017
   0.00950
   0.00796
   0.00926
   0.00623
   0.00808
   0.00740
   0.00640
   0.00565
   0.00443
   0.00400
   0.00346
   0.00434
   0.00267
   0.00241
   0.00188
   0.00226
   0.00221
   0.00136
   0.00144
   0.00212
   0.00120
   0.00108
   0.00120
   0.00087
   0.00098
   0.00111
   0.00084
   0.00076
   0.00065
   0.00056
   0.00047
   0.00040
   0.00034
   0.00030
   0.00026
   0.00023
   0.00020
   0.00018
   0.00015
   0.00013
   0.00012
   0.00010
   0.00009
   0.00008
   0.00007
   0.00006
   0.00005
   0.00004
   0.00003
   0.00003
   0.00003
   0.00002
   0.00002
   0.00002
   0.00002
   0.00001
   0.00001
   0.00001
   0.00001
   0.00001
   0.00001
   0.00001
   0.00001
   0.00001
   0.00001
   0.00001
   0.00001
   0.00001
   0.00001
   0.00001
   0.00000
   0.00000
   0.00000
   0.00000
   0.00000
   0.00000
   0.00000
   0.00001
   0.00002
   0.00007
   0.00005
   0.00006
   0.00000
   0.00005
   0.00000
   0.00006
   0.00001
   0.00001
   0.00003
   0.00001
   0.00005
   0.00000
   0.00000
   0.00000
   0.00000
   0.00000
   0.00000
   0.00000
   0.00006
   0.00000
   0.00000
   0.00000
   0.00000
   0.00000
   0.00000
   0.00000
   0.00000
   0.00000
   0.00001
   0.00000
   4.07254
   2.69763
   1.76466
   1.18158
   0.85506
   0.70788
   0.62948
   0.59338
   0.57384
   0.56142
   0.55135
   0.54317
   0.53649
   0.53102
   0.52654
   0.52285
   0.51982
   0.51731
   0.51455
   0.51363
   0.51280
   0.51206
   0.51139
   0.51078
   0.51024
   0.50975
   0.50931
   0.50891
   0.50855
   0.50823
   0.50794
   0.50767
   0.50744
   0.50722
   0.50703
   0.50686
   0.50670
   0.50656
   0.50643
   0.50632
   0.50622
   0.50612
   0.50604
   0.50596
   0.50590
   0.50583
   0.50578
   0.50573
   0.50568
   0.50564
   0.50561
   0.50557
   0.50554
   0.50552
   0.50549
   0.50547
   0.50545
   0.50543
   0.50542
   0.50540
   0.50539
   0.50538
   0.50537
   0.50536
   0.50535
   0.50534
   0.50533
   0.50533
   0.50532
   0.50532
   0.50531
   0.50531
   0.50531
   0.50530
   0.50530
   0.50530
   0.50529
   0.50529
   0.50529
   0.50529
   0.50529
   0.50528
   0.50528
   0.50528
   0.50528
   0.50528
   0.50528
   0.50528
   0.50528
   0.50528
   0.50528
   0.50528
   0.50527
   0.50527
   0.50527
   0.50527
   0.50527
   0.50527
   0.50527
   0.50527
   0.50527
   0.50527
   0.50527
   0.50527
   0.50527
   0.50527
   0.50527
   0.50527
   0.50527
   0.50527
   0.50527
   0.50527
   0.50527
   0.50527
   0.50527
   0.50527
   0.50527
   0.50527
   0.50527
   0.50527
   0.50527
   0.50527
   0.50527
   0.50527
   0.50527
   0.50527
   0.50527
   0.50527
   0.50527
   0.50527
   0.50527
   0.50527
   0.50527
   0.50527
   0.50527
   0.50527
   0.50527
   0.50527
   0.50527
   0.50527
   0.50527
   0.50527
   0.50527
   0.50527
   0.50527
   0.50527
   0.50527
   0.50527
   0.50527
   0.50527
   0.50527
   0.50527
   0.50527
   0.50527
   0.50527
   0.50527
   0.50527
   0.50527
   0.50527
   0.50527
   0.50527
   0.50527
   0.50527
   0.50527
   0.50527
   0.50527
   0.50527
   0.50527
   0.50527
   0.50527
   0.50527
   0.50527
   0.50527
   0.50527
   0.50527
   0.50527
   0.50527
   0.50527
   0.50527
   0.50527
   0.50527
   0.50527
   0.50527
   0.50527
   0.50527
   0.50527
   0.50527
   0.50527
   0.50527
   0.50527
   0.50527
   0.50527
   0.50527
   0.50527
   0.50527
   0.50527
   0.50527
   0.50527
   0.50527
   0.50527
   0.50527
   0.50527
   0.50527
   0.50527
   0.50527
   0.50527
   0.50527
   0.50527
   0.50527
   0.50527
   0.50527
   0.50527
   0.50527
   0.50527
   0.50527
   0.50527
   0.50527
   0.50527
   0.50527
   0.50527
   0.50527
   0.50527
   0.50527
   0.50527
   0.50527
   0.50527
   0.50527
   0.50527
   0.50527
   0.50527
   0.50527
   0.50527
   0.50527
   0.50527
   0.50527
   0.50527
   0.50527
   0.50527
   0.50527
   0.50527
   0.50527
   0.50527
   0.50527
   0.50527
   0.50527
   0.50527
   0.50527
   0.50527
   0.50527
   0.50527
   0.50527
   0.50527
   0.50527
   0.50527
   0.50527
   0.50527
   0.50527
   0.50527
   0.50527
   0.50527
   0.50527
