   0.60479
   0.56028
   0.55060
   0.40218
   0.40691
   0.40646
   0.40456
   0.40415
   0.40367
   0.40381
   0.40067
   0.39216
   0.40653
   0.40697
   0.40626
   0.40543
   0.40353
   0.40014
   0.40218
   0.39796
   0.39427
   0.39157
   0.39242
   0.40128
   0.39944
   0.39305
   0.38987
   0.38793
   0.38164
   0.39786
   0.39175
   0.38538
   0.38819
   0.41550
   0.42923
   0.41972
   0.42826
   0.44946
   0.47966
   0.48248
   0.49373
   0.50374
   0.51537
   0.53908
   0.54523
   0.55104
   0.55303
   0.54753
   0.53462
   0.51540
   0.49563
   0.47740
   0.46462
   0.45641
   0.45285
   0.45151
   0.45164
   0.45046
   0.44678
   0.44099
   0.43276
   0.42300
   0.41199
   0.39929
   0.38651
   0.37329
   0.35932
   0.34554
   0.33190
   0.31842
   0.30492
   0.29176
   0.27808
   0.26532
   0.25290
   0.24190
   0.23153
   0.21771
   0.20695
   0.19665
   0.18697
   0.17747
   0.16839
   0.15960
   0.15135
   0.14276
   0.13487
   0.12798
   0.12152
   0.11504
   0.10888
   0.10335
   0.09841
   0.09355
   0.08918
   0.08483
   0.08113
   0.07767
   0.07897
   0.07093
   0.06824
   0.06576
   0.06333
   0.06115
   0.05932
   0.05741
   0.05579
   0.05425
   0.05271
   0.05164
   0.05031
   0.04983
   0.04800
   0.04714
   0.04599
   0.04496
   0.04393
   0.04304
   0.04207
   0.04095
   0.03990
   0.03898
   0.03788
   0.03679
   0.03578
   0.03469
   0.03352
   0.03242
   0.03120
   0.03001
   0.02893
   0.02753
   0.02639
   0.02528
   0.02399
   0.02293
   0.02165
   0.02057
   0.01942
   0.01834
   0.01728
   0.01617
   0.01512
   0.01413
   0.01344
   0.01247
   0.01162
   0.01089
   0.01001
   0.00917
   0.00839
   0.00733
   0.00679
   0.00604
   0.00548
   0.00493
   0.00433
   0.00391
   0.00332
   0.00295
   0.00256
   0.00221
   0.00189
   0.00156
   0.00136
   0.00118
   0.00101
   0.00086
   0.00070
   0.00059
   0.00050
   0.00048
   0.00046
   0.00044
   0.00041
   0.00039
   0.00037
   0.00035
   0.00032
   0.00030
   0.00028
   0.00026
   0.00024
   0.00022
   0.00020
   0.00017
   0.00015
   0.00013
   0.00010
   0.00008
   0.00006
   0.00006
   0.00008
   0.00024
   0.00095
   0.00133
   0.00142
   0.00165
   0.00200
   0.00225
   0.00244
   0.00277
   0.00280
   0.00314
   0.00325
   0.00338
   0.00345
   0.00348
   0.00330
   0.00303
   0.00272
   0.00259
   0.00238
   0.00262
   0.00166
   0.00097
   0.00091
   0.00085
   0.00057
   0.00030
   0.00020
   0.00026
   0.00062
   0.00016
   0.00036
   0.00024
   0.00022
   0.00021
   0.00017
   0.00019
   0.00018
   0.00021
   0.00019
   0.00020
   0.00021
   0.00015
   0.00009
   0.00012
   0.00004
   0.00004
   0.00005
   0.00003
   0.00003
   0.00003
   0.00003
   0.00003
   0.00020
   0.00005
   0.00005
   0.00005
   0.00005
   0.00005
   0.00008
   0.00007
   0.00009
   0.00006
   0.00016
   0.00021
   0.00007
   0.00009
   0.00005
   0.00005
   0.00005
   0.00004
   0.00004
   0.00004
   0.00006
   0.00007
   0.00010
   0.00012
   0.00009
   0.00010
   0.00003
   0.00003
   0.00002
   0.00002
   0.00002
   0.00002
   0.00003
   0.00007
   0.00010
   0.00004
   0.00000
   0.00012
   0.00012
   0.00012
   0.00014
   0.00018
   0.00025
   0.00034
   0.00038
   0.00037
   0.00040
   0.00032
   0.00026
   0.00023
   0.00020
   0.00018
   0.00018
   0.00021
   0.00024
   0.00030
   0.00033
   0.00031
   0.00503
   0.00552
   0.00424
   0.00367
   0.00342
   0.00385
   0.00895
   0.01052
   0.00416
   0.00247
   0.00086
   0.00188
   0.00074
   0.00140
   0.00065
   0.00086
   0.00100
   0.00069
   0.00065
   0.00061
   0.00054
   0.00048
   0.00043
   0.00042
   0.00136
   0.00035
   0.00029
   0.00025
   0.00021
   0.00020
   0.00015
   0.00036
   0.00027
   0.00009
   0.00011
   0.00024
   0.00008
   0.00029
   0.00042
   0.00060
   0.00062
   0.00046
   0.00024
   0.00012
   0.00021
   0.00006
   0.00007
   0.00010
   0.00001
   0.00015
   0.00016
   0.00023
   0.00034
   0.00041
   0.00037
   0.00025
   0.00013
   0.00004
   0.00008
   0.00027
   0.00007
   0.00011
   0.00010
   0.00017
   0.00026
   0.00029
   0.00025
   0.00016
   0.00011
   0.00002
   0.00004
   0.00005
   0.00002
   0.00004
   0.00004
   0.00004
   0.00004
   0.00004
   0.00004
   0.00004
   0.00004
   0.00003
   0.00002
   0.00003
   0.00004
   0.00007
   0.00011
   0.00010
   0.00009
   0.00008
   0.00002
   0.00476
   0.00001
   0.00001
   0.00001
   0.00001
   0.00001
   0.00001
   0.00001
   0.00001
   0.00001
   0.00001
   0.00001
   0.00001
   0.00001
   0.00002
   0.00003
   0.00005
   0.00009
   0.00009
   0.00009
   0.00013
   0.00001
   0.00001
   0.00001
   0.00001
   0.00001
   0.00001
   0.00000
   0.00000
   0.00001
   0.00001
   0.00001
   0.00001
   0.00001
   0.00001
   0.00001
   0.00001
   0.00001
   0.00001
   0.00001
   0.00001
   0.00001
   0.00001
   0.00001
   0.00001
   0.00001
   0.00002
   0.00003
   0.00004
   0.00004
   0.00025
   0.00001
   0.00000
   0.00000
   0.00000
   0.00000
   0.00000
   0.00000
   0.00000
   0.00000
   0.00000
   0.00000
   0.00000
   0.00000
   0.00000
   0.00001
   0.00001
   0.00001
   0.00001
   0.00001
   0.00001
   0.00001
   0.00000
   0.00000
   0.00000
   0.00000
   0.00000
   0.00000
   0.00000
   0.00000
   0.00000
   0.00000
   0.00000
   0.00000
   0.00001
   0.00000
   0.00000
   0.00000
   0.00000
   0.00000
   0.00000
   0.00000
   0.00000
   0.00000
   0.00000
   0.00001
   0.00000
   0.00000
   0.00000
   0.00000
   0.00000
   0.00000
   0.00000
   0.00000
   0.00000
