   0.68392
   0.68498
   0.68445
   0.68411
   0.68245
   0.68331
   0.68233
   0.68176
   0.68113
   0.68050
   0.67917
   0.67859
   0.67761
   0.67633
   0.67585
   0.67230
   0.67340
   0.67175
   0.67122
   0.66963
   0.66761
   0.66693
   0.66482
   0.66414
   0.66173
   0.65886
   0.62992
   0.62689
   0.62442
   0.62215
   0.62024
   0.61795
   0.61516
   0.61203
   0.60672
   0.60271
   0.59870
   0.59444
   0.58975
   0.58442
   0.58233
   0.57368
   0.56625
   0.55920
   0.55112
   0.54152
   0.53050
   0.52012
   0.50781
   0.49645
   0.48579
   0.47623
   0.46753
   0.45947
   0.45198
   0.44495
   0.43829
   0.43233
   0.42719
   0.42234
   0.41825
   0.41470
   0.41128
   0.40800
   0.40465
   0.40125
   0.39775
   0.39419
   0.39067
   0.38723
   0.38381
   0.38038
   0.37712
   0.37388
   0.37069
   0.36758
   0.36464
   0.36148
   0.35842
   0.35523
   0.35175
   0.34842
   0.34481
   0.34092
   0.33673
   0.33241
   0.32773
   0.32281
   0.31747
   0.31149
   0.30535
   0.29874
   0.29208
   0.28554
   0.27797
   0.27079
   0.26320
   0.25542
   0.24763
   0.23997
   0.23251
   0.22509
   0.21783
   0.21084
   0.20463
   0.19875
   0.19333
   0.18837
   0.18388
   0.17981
   0.17617
   0.17295
   0.16990
   0.16732
   0.16500
   0.16259
   0.16040
   0.15798
   0.15609
   0.15420
   0.15231
   0.15015
   0.14830
   0.14608
   0.14369
   0.14166
   0.13900
   0.13618
   0.13315
   0.12981
   0.12665
   0.12319
   0.11945
   0.11537
   0.11146
   0.10737
   0.10324
   0.09925
   0.09429
   0.09018
   0.08551
   0.08158
   0.07712
   0.07297
   0.06952
   0.06631
   0.06391
   0.06237
   0.06137
   0.06155
   0.06239
   0.06404
   0.06603
   0.06847
   0.07022
   0.07213
   0.07374
   0.07479
   0.07633
   0.07665
   0.07545
   0.07520
   0.07489
   0.07780
   0.09176
   0.09263
   0.11541
   0.12056
   0.09772
   0.11980
   0.08202
   0.02003
   0.02631
   0.01649
   0.02182
   0.01429
   0.02123
   0.01252
   0.01149
   0.01114
   0.01118
   0.00980
   0.03420
   0.00912
   0.02708
   0.02400
   0.02383
   0.02077
   0.01926
   0.02014
   0.00611
   0.01555
   0.01795
   0.00515
   0.01418
   0.01609
   0.01313
   0.00758
   0.00684
   0.02079
   0.31195
   0.04688
   0.03824
   0.02692
   0.02674
   0.02612
   0.02593
   0.02556
   0.02524
   0.02467
   0.02424
   0.02367
   0.02296
   0.02246
   0.02181
   0.02119
   0.02063
   0.02004
   0.01943
   0.01886
   0.01830
   0.01774
   0.01715
   0.01661
   0.01602
   0.01532
   0.01462
   0.01393
   0.01323
   0.01237
   0.01150
   0.01055
   0.00966
   0.00983
   0.01033
   0.05179
   0.01941
   0.01152
   0.00809
   0.00852
   0.00673
   0.00607
   0.00496
   0.00476
   0.00410
   0.00444
   0.00289
   0.00530
   0.00461
   0.00464
   0.00446
   0.00507
   0.00466
   0.00426
   0.00426
   0.00470
   0.00376
   0.00300
   0.02681
   0.00302
   0.51169
   0.00376
   0.00349
   0.00331
   0.00317
   0.00277
   0.00269
   0.00267
   0.00262
   0.00278
   0.00468
   0.00269
   0.00412
   0.00248
   0.00258
   0.00249
   0.00273
   0.00399
   0.00351
   0.00328
   0.00307
   0.00289
   0.00256
   0.00244
   0.00235
   0.00218
   0.00221
   0.00210
   0.00214
   0.00257
   0.00838
   0.00557
   0.00438
   0.00366
   0.00317
   0.00284
   0.00246
   0.00224
   0.00211
   0.00197
   0.00189
   0.00179
   0.00187
   0.00220
   0.00133
   0.00218
   0.00199
   0.00178
   0.00164
   0.00153
   0.00144
   0.00136
   0.00128
   0.00120
   0.00110
   0.00106
   0.00105
   0.00104
   0.00101
   0.00100
   0.00098
   0.00098
   0.00104
   0.00079
   0.03718
   0.01627
   0.01003
   0.00731
   0.00555
   0.00426
   0.00330
   0.00266
   0.00240
   0.00221
   0.00204
   0.00464
   0.00238
   0.00216
   0.00201
   0.00188
   0.00180
   0.00175
   0.00171
   0.00167
   0.00161
   0.00151
   0.00145
   0.02662
   0.00446
   0.00382
   0.00335
   0.00295
   0.00262
   0.00235
   0.00214
   0.00199
   0.00187
   0.00177
   0.00169
   0.00163
   0.00161
   0.00161
   0.00161
   0.00159
   0.00156
   0.00150
   0.00143
   0.00133
   0.00110
   0.00123
   0.00102
   0.00112
   0.01128
   0.00646
   0.00320
   0.00244
   0.00205
   0.00179
   0.00159
   0.00144
   0.00133
   0.00122
   0.00113
   0.00106
   0.00100
   0.00096
   0.00093
   0.00090
   0.00089
   0.00088
   0.00087
   0.00086
   0.00084
   0.00080
   0.01467
   0.00556
   0.00360
   0.00275
   0.00224
   0.00190
   0.00165
   0.00147
   0.00131
   0.00118
   0.00108
   0.00100
   0.00094
   0.00090
   0.00088
   0.00087
   0.00085
   0.00084
   0.00082
   0.00078
   0.00072
   0.00202
   0.00206
   0.00190
   0.00175
   0.00161
   0.00146
   0.00131
   0.00118
   0.00108
   0.00099
   0.00092
   0.00085
   0.00079
   0.00075
   0.00071
   0.00067
   0.00064
   0.00061
   0.00059
   0.00058
   0.00059
   0.00059
   0.00059
   0.00059
   0.00059
   0.00058
   0.00055
   0.00050
   0.00341
   0.00260
   0.00223
   0.00198
   0.00180
   0.00162
   0.00146
   0.00133
   0.00122
   0.00113
   0.00105
   0.00098
   0.00092
   0.00086
   0.00080
   0.00075
   0.00070
   0.00065
   0.00061
   0.00058
   0.00055
   0.00051
   0.00049
   0.00048
   0.00047
   0.00046
   0.00046
   0.00045
   0.00043
   0.00039
   0.00301
   0.00284
   0.00258
   0.00239
   0.00223
   0.00212
   0.00200
   0.00187
   0.00172
   0.00158
   0.00143
   0.00131
   0.00119
   0.00108
   0.00098
   0.00090
   0.00083
   0.00077
   0.00071
   0.00066
   0.00062
   0.00059
   0.00056
   0.00054
   0.00052
   0.00052
   0.00051
