   0.68271
   0.69020
   0.68843
   0.68915
   0.68969
   0.69007
   0.69016
   0.69023
   0.68998
   0.68987
   0.68974
   0.68957
   0.68914
   0.68903
   0.68888
   0.68851
   0.68835
   0.68806
   0.68777
   0.68769
   0.68746
   0.68718
   0.68707
   0.68681
   0.68660
   0.68642
   0.68606
   0.68596
   0.68554
   0.68528
   0.68488
   0.68440
   0.68381
   0.68319
   0.68245
   0.68160
   0.68066
   0.67958
   0.67844
   0.67712
   0.67578
   0.67428
   0.67283
   0.67104
   0.66645
   0.66561
   0.66428
   0.66268
   0.66097
   0.65924
   0.65766
   0.65590
   0.65423
   0.65258
   0.65096
   0.64934
   0.64773
   0.64626
   0.64490
   0.64344
   0.64222
   0.64191
   0.64240
   0.64110
   0.64015
   0.63963
   0.63943
   0.63969
   0.64040
   0.64160
   0.64350
   0.64610
   0.64924
   0.65353
   0.65864
   0.66478
   0.67178
   0.67939
   0.68677
   0.69300
   0.69761
   0.69986
   0.70040
   0.70036
   0.70046
   0.70024
   0.70006
   0.69967
   0.69870
   0.69706
   0.69456
   0.69156
   0.68872
   0.68498
   0.68038
   0.67593
   0.67107
   0.66654
   0.66158
   0.65684
   0.65166
   0.64696
   0.64103
   0.63702
   0.63199
   0.62676
   0.62111
   0.61624
   0.61116
   0.60594
   0.60124
   0.59633
   0.59095
   0.58597
   0.57597
   0.57602
   0.57081
   0.56563
   0.56017
   0.55513
   0.54976
   0.54456
   0.53945
   0.53450
   0.52929
   0.52409
   0.51896
   0.51384
   0.50848
   0.50397
   0.49878
   0.49350
   0.48891
   0.48376
   0.47913
   0.47364
   0.46874
   0.46349
   0.45892
   0.45338
   0.44880
   0.44348
   0.43896
   0.43354
   0.42894
   0.42390
   0.41901
   0.41453
   0.40980
   0.40500
   0.40077
   0.39602
   0.39163
   0.38697
   0.38239
   0.37807
   0.37307
   0.36898
   0.36418
   0.35726
   0.35152
   0.34742
   0.34350
   0.33930
   0.33578
   0.33246
   0.32966
   0.32649
   0.32316
   0.32062
   0.31738
   0.31488
   0.31167
   0.30954
   0.30624
   0.30417
   0.30074
   0.29924
   0.29596
   0.29444
   0.29205
   0.28990
   0.28799
   0.28576
   0.28299
   0.28215
   0.28034
   0.27950
   0.27753
   0.27629
   0.27508
   0.27375
   0.27243
   0.27101
   0.26991
   0.26835
   0.26687
   0.26513
   0.26276
   0.26154
   0.26111
   0.25911
   0.25558
   0.25349
   0.25207
   0.24983
   0.24628
   0.24412
   0.24313
   0.23918
   0.23815
   0.23463
   0.23183
   0.23079
   0.22767
   0.22528
   0.22305
   0.22041
   0.22000
   0.21665
   0.21587
   0.21284
   0.21186
   0.20742
   0.20677
   0.20524
   0.20304
   0.20091
   0.20053
   0.19744
   0.19727
   0.19575
   0.19374
   0.19150
   0.18978
   0.18696
   0.18501
   0.18133
   0.17736
   0.17415
   0.17076
   0.16544
   0.16050
   0.15462
   0.14930
   0.14559
   0.14161
   0.13823
   0.13394
   0.13029
   0.12710
   0.12416
   0.12147
   0.11898
   0.11698
   0.11467
   0.11266
   0.11023
   0.10822
   0.10610
   0.10440
   0.10233
   0.10044
   0.09855
   0.09676
   0.09514
   0.09351
   0.09199
   0.09070
   0.08919
   0.08760
   0.08557
   0.08412
   0.08253
   0.08105
   0.07958
   0.07813
   0.07670
   0.07520
   0.07404
   0.07261
   0.07134
   0.07001
   0.06876
   0.06751
   0.06642
   0.06514
   0.06410
   0.06292
   0.06184
   0.06072
   0.05967
   0.05844
   0.05781
   0.05673
   0.05577
   0.05478
   0.05381
   0.05288
   0.05196
   0.05104
   0.05016
   0.04929
   0.04849
   0.04767
   0.04686
   0.04605
   0.04529
   0.04455
   0.04370
   0.04312
   0.04250
   0.04157
   0.04122
   0.04060
   0.03972
   0.03948
   0.03899
   0.03851
   0.03805
   0.03767
   0.03739
   0.03685
   0.03658
   0.03650
   0.03672
   0.03682
   0.03746
   0.03783
   0.03941
   0.04107
   0.04351
   0.04613
   0.04799
   0.04953
   0.05009
   0.05062
   0.05087
   0.05081
   0.05052
   0.05037
   0.04956
   0.04894
   0.04809
   0.04691
   0.04567
   0.04430
   0.04267
   0.04095
   0.03915
   0.03742
   0.03574
   0.03411
   0.03259
   0.03125
   0.03003
   0.02894
   0.02801
   0.02719
   0.02643
   0.02575
   0.02512
   0.02465
   0.02408
   0.02368
   0.02303
   0.02262
   0.02195
   0.02173
   0.02110
   0.02085
   0.02027
   0.02007
   0.01965
   0.01910
   0.01894
   0.01856
   0.01802
   0.01789
   0.01755
   0.01702
   0.01692
   0.01648
   0.01632
   0.01580
   0.01572
   0.01523
   0.01517
   0.01468
   0.01464
   0.01415
   0.01414
   0.01369
   0.01369
   0.01322
   0.01321
   0.01277
   0.01276
   0.01226
   0.01231
   0.01191
   0.01178
   0.01161
   0.01130
   0.01118
   0.01103
   0.01073
   0.01064
   0.01047
   0.01011
   0.01013
   0.00977
   0.00977
   0.00944
   0.00935
   0.00931
   0.00913
   0.00891
   0.00876
   0.00862
   0.00848
   0.00834
   0.00819
   0.00806
   0.00793
   0.00776
   0.00769
   0.00749
   0.00742
   0.00723
   0.00717
   0.00698
   0.00692
   0.00674
   0.00662
   0.00651
   0.00639
   0.00628
   0.00616
   0.00605
   0.00595
   0.00584
   0.00574
   0.00564
   0.00555
   0.00545
   0.00535
   0.00526
   0.00517
   0.00509
   0.00496
   0.00494
   0.00480
   0.00478
   0.00467
   0.00467
   0.00460
   0.00466
   0.00506
   0.00667
   0.64841
   0.42410
   0.12036
   0.04314
   0.03253
   0.03072
   0.02997
   0.02881
   0.02708
   0.02526
   0.02385
   0.02279
   0.02202
   0.02109
   0.02069
   0.02060
   0.02006
   0.01962
   0.01914
   0.01846
   0.01793
   0.01734
   0.01674
   0.01618
   0.01566
   0.01520
   0.01478
   0.01440
   0.01410
   0.01376
   0.01344
   0.01309
   0.01240
   0.01229
   0.01259
   0.01222
   0.01208
   0.01195
   0.01183
   0.01173
