   0.68523
   0.68530
   0.68542
   0.68482
   0.68436
   0.68411
   0.68375
   0.68340
   0.68307
   0.68269
   0.68232
   0.68196
   0.68160
   0.68126
   0.68087
   0.68050
   0.68014
   0.67976
   0.67938
   0.67897
   0.67861
   0.67818
   0.67779
   0.67737
   0.67694
   0.67652
   0.67608
   0.67563
   0.67517
   0.67472
   0.67424
   0.67376
   0.67328
   0.67277
   0.67225
   0.67174
   0.67121
   0.67067
   0.67013
   0.66955
   0.66899
   0.66841
   0.66783
   0.66723
   0.66661
   0.66599
   0.66536
   0.66472
   0.66404
   0.66338
   0.66271
   0.66199
   0.66129
   0.66057
   0.65981
   0.65907
   0.65829
   0.65752
   0.65673
   0.65593
   0.65511
   0.65428
   0.65341
   0.65257
   0.65169
   0.65078
   0.64989
   0.64896
   0.64806
   0.64713
   0.64619
   0.64524
   0.64431
   0.64336
   0.64242
   0.64149
   0.64057
   0.63968
   0.63879
   0.63791
   0.63708
   0.63632
   0.63554
   0.63481
   0.63425
   0.63358
   0.63322
   0.63276
   0.63241
   0.63237
   0.63227
   0.63249
   0.63274
   0.63311
   0.63355
   0.63408
   0.63474
   0.63540
   0.63585
   0.63620
   0.63605
   0.63528
   0.63395
   0.63200
   0.62951
   0.62653
   0.62323
   0.61977
   0.61636
   0.61281
   0.60928
   0.60568
   0.60213
   0.59856
   0.59514
   0.59151
   0.58792
   0.58445
   0.58080
   0.57733
   0.57368
   0.57012
   0.56659
   0.56293
   0.55939
   0.55584
   0.55223
   0.54873
   0.54517
   0.54168
   0.53823
   0.53481
   0.53139
   0.52805
   0.52471
   0.52143
   0.51819
   0.51499
   0.51178
   0.50863
   0.50553
   0.50245
   0.49940
   0.49638
   0.49339
   0.49043
   0.48750
   0.48460
   0.48173
   0.47889
   0.47607
   0.47327
   0.47051
   0.46777
   0.46505
   0.46237
   0.45971
   0.45708
   0.45449
   0.45189
   0.44933
   0.44682
   0.44433
   0.44185
   0.43940
   0.43700
   0.43465
   0.43231
   0.42999
   0.42771
   0.42546
   0.42323
   0.42104
   0.41886
   0.41673
   0.41464
   0.41258
   0.41055
   0.40857
   0.40661
   0.40470
   0.40283
   0.40099
   0.39919
   0.39742
   0.39569
   0.39399
   0.39232
   0.39068
   0.38906
   0.38748
   0.38589
   0.38434
   0.38280
   0.38124
   0.37970
   0.37813
   0.37655
   0.37493
   0.37330
   0.37160
   0.36987
   0.36811
   0.36627
   0.36438
   0.36247
   0.36049
   0.35847
   0.35640
   0.35429
   0.35217
   0.34999
   0.34777
   0.34554
   0.34330
   0.34104
   0.33875
   0.33645
   0.33416
   0.33186
   0.32955
   0.32723
   0.32492
   0.32261
   0.32028
   0.31797
   0.31564
   0.31335
   0.31105
   0.30872
   0.30641
   0.30413
   0.30181
   0.29952
   0.29726
   0.29496
   0.29268
   0.29041
   0.28813
   0.28590
   0.28364
   0.28138
   0.27914
   0.27692
   0.27468
   0.27246
   0.27026
   0.26804
   0.26585
   0.26365
   0.26148
   0.25930
   0.25713
   0.25497
   0.25282
   0.25069
   0.24854
   0.24642
   0.24429
   0.24218
   0.24008
   0.23800
   0.23591
   0.23383
   0.23177
   0.22972
   0.22767
   0.22562
   0.22360
   0.22158
   0.21956
   0.21757
   0.21557
   0.21359
   0.21162
   0.20966
   0.20770
   0.20576
   0.20383
   0.20190
   0.19999
   0.19808
   0.19619
   0.19431
   0.19242
   0.19056
   0.18870
   0.18686
   0.18502
   0.18319
   0.18137
   0.17957
   0.17777
   0.17598
   0.17421
   0.17244
   0.17069
   0.16894
   0.16720
   0.16547
   0.16376
   0.16205
   0.16035
   0.15867
   0.15699
   0.15532
   0.15367
   0.15202
   0.15039
   0.14876
   0.14715
   0.14555
   0.14394
   0.14236
   0.14079
   0.13922
   0.13767
   0.13613
   0.13459
   0.13307
   0.13156
   0.13006
   0.12856
   0.12709
   0.12561
   0.12415
   0.12270
   0.12126
   0.11983
   0.11841
   0.11701
   0.11561
   0.11422
   0.11285
   0.11148
   0.11013
   0.10879
   0.10746
   0.10613
   0.10482
   0.10352
   0.10223
   0.10096
   0.09969
   0.09843
   0.09719
   0.09596
   0.09473
   0.09352
   0.09232
   0.09114
   0.08996
   0.08879
   0.08764
   0.08650
   0.08537
   0.08424
   0.08314
   0.08204
   0.08096
   0.07988
   0.07882
   0.07777
   0.07673
   0.07570
   0.07468
   0.07368
   0.07269
   0.07171
   0.07074
   0.06978
   0.06883
   0.06790
   0.06697
   0.06606
   0.06516
   0.06427
   0.06340
   0.06253
   0.06168
   0.06084
   0.06000
   0.05918
   0.05838
   0.05758
   0.05679
   0.05602
   0.05526
   0.05450
   0.05376
   0.05303
   0.05231
   0.05160
   0.05090
   0.05021
   0.04954
   0.04887
   0.04821
   0.04757
   0.04693
   0.04631
   0.04569
   0.04508
   0.04449
   0.04390
   0.04332
   0.04276
   0.04220
   0.04165
   0.04111
   0.04058
   0.04006
   0.03954
   0.03904
   0.03854
   0.03805
   0.03757
   0.03710
   0.03664
   0.03618
   0.03573
   0.03529
   0.03486
   0.03444
   0.03402
   0.03361
   0.03320
   0.03281
   0.03242
   0.03203
   0.03166
   0.03129
   0.03092
   0.03056
   0.03021
   0.02986
   0.02952
   0.02919
   0.02886
   0.02853
   0.02821
   0.02790
   0.02759
   0.02729
   0.02699
   0.02669
   0.02640
   0.02612
   0.02583
   0.02556
   0.02528
   0.02501
   0.02475
   0.02448
   0.02422
   0.02396
   0.02371
   0.02346
   0.02321
   0.02297
   0.02272
   0.02248
   0.02224
   0.02201
   0.02177
   0.02154
   0.02131
   0.02108
   0.02085
   0.02062
   0.02040
   0.02017
   0.01995
   0.01973
   0.01951
   0.01929
   0.01907
   0.01885
   0.01864
   0.01842
   0.01821
   0.01799
   0.01778
   0.01757
   0.01736
   0.01715
   0.01694
   0.01673
   0.01652
   0.01632
   0.01611
   0.01591
   0.01571
   0.01551
   0.01531
   0.01511
   0.01492
   0.01472
   0.01453
   0.01434
   0.01415
   0.01396
   0.01378
   0.01360
   0.01341
   0.01323
   0.01306
   0.01288
   0.01271
   0.01254
   0.01237
   0.01220
   0.01203
   0.01187
   0.01171
   0.01155
   0.01139
   0.01124
   0.01109
   0.01094
   0.01079
   0.01064
   0.01050
   0.01035
   0.01021
   0.01008
   0.00994
   0.00980
   0.00967
   0.00954
   0.00941
   0.00929
   0.00916
   0.00904
   0.00892
   0.00880
   0.00868
   0.00856
   0.00845
   0.00834
   0.00823
   0.00812
   0.00801
   0.00790
   0.00780
   0.00770
   0.00760
   0.00750
   0.00740
   0.00730
   0.00721
   0.00712
   0.00702
   0.00693
   0.00684
   0.00675
   0.00667
   0.00658
   0.00650
   0.00642
   0.00633
   0.00625
   0.00618
   0.00610
   0.00602
   0.00595
   0.00587
   0.00580
   0.00573
   0.00565
   0.00558
   0.00551
   0.00545
   0.00538
   0.00531
   0.00525
   0.00518
   0.00512
   0.00506
   0.00500
   0.00494
   0.00488
   0.00482
   0.00476
   0.00470
   0.00465
   0.00459
   0.00454
   0.00448
   0.00443
   0.00438
   0.00432
   0.00427
   0.00422
   0.00417
   0.00412
   0.00407
   0.00403
   0.00398
   0.00393
   0.00389
   0.00384
   0.00379
   0.00375
   0.00371
   0.00366
   0.00362
   0.00358
   0.00354
   0.00349
   0.00345
   0.00341
   0.00337
   0.00333
   0.00330
   0.00326
   0.00322
   0.00318
   0.00315
   0.00311
   0.00307
   0.00304
   0.00300
   0.00297
   0.00293
   0.00290
   0.00286
   0.00283
   0.00280
   0.00277
   0.00273
   0.00270
   0.00267
   0.00264
   0.00261
   0.00258
   0.00255
   0.00252
   0.00249
   0.00246
   0.00243
   0.00241
   0.00238
   0.00235
   0.00232
   0.00230
   0.00227
   0.00224
   0.00222
   0.00219
   0.00217
   0.00214
   0.00212
   0.00209
   0.00207
   0.00205
   0.00202
   0.00200
   0.00198
   0.00195
   0.00193
   0.00191
   0.00189
   0.00187
   0.00185
   0.00182
   0.00180
   0.00178
   0.00176
   0.00174
   0.00172
   0.00170
   0.00168
   0.00166
   0.00165
   0.00163
   0.00161
   0.00159
   0.00157
   0.00156
   0.00154
   0.00152
   0.00150
   0.00149
   0.00147
   0.00145
   0.00144
   0.00142
   0.00140
   0.00139
   0.00137
   0.00136
   0.00134
   0.00133
   0.00131
   0.00130
   0.00128
   0.00127
   0.00126
   0.00124
   0.00123
   0.00121
   0.00120
   0.00119
   0.00117
   0.00116
   0.00115
   0.00113
   0.00112
   0.00111
   0.00110
   0.00109
   0.00107
   0.00106
   0.00105
   0.00104
   0.00103
   0.00102
   0.00100
   0.00099
   0.00098
   0.00097
   0.00096
   0.00095
   0.00094
   0.00093
   0.00092
   0.00091
   0.00090
   0.00089
   0.00088
   0.00087
   0.00086
   0.00085
   0.00084
   0.00083
   0.00082
   0.00081
   0.00081
   0.00080
   0.00079
   0.00078
   0.00077
   0.00076
   0.00075
   0.00075
   0.00074
   0.00073
   0.00072
   0.00071
   0.00071
   0.00070
   0.00069
   0.00068
   0.00068
   0.00067
   0.00066
   0.00065
   0.00065
   0.00064
   0.00063
   0.00063
   0.00062
   0.00061
   0.00061
   0.00060
   0.00059
   0.00059
   0.00058
   0.00058
   0.00057
   0.00056
   0.00056
   0.00055
   0.00054
   0.00054
   0.00053
   0.00053
   0.00052
   0.00052
   0.00051
   0.00051
   0.00050
   0.00049
   0.00049
   0.00048
   0.00048
   0.00047
   0.00047
   0.00046
   0.00046
   0.00045
   0.00045
   0.00044
   0.00044
   0.00044
   0.00043
   0.00043
   0.00042
   0.00042
   0.00041
   0.00041
   0.00040
   0.00040
   0.00040
   0.00039
   0.00039
   0.00038
   0.00038
   0.00038
   0.00037
   0.00037
   0.00036
   0.00036
   0.00036
   0.00035
   0.00035
   0.00035
   0.00034
   0.00034
   0.00033
   0.00033
   0.00033
   0.00032
   0.00032
   0.00032
   0.00031
   0.00031
   0.00031
   0.00030
   0.00030
   0.00030
   0.00029
   0.00029
   0.00029
   0.00029
   0.00028
   0.00028
   0.00028
   0.00027
   0.00027
   0.00027
   0.00027
   0.00026
   0.00026
   0.00026
   0.00026
   0.00025
   0.00025
   0.00025
   0.00024
   0.00024
   0.00024
   0.00024
   0.00023
   0.00023
   0.00023
   0.00023
   0.00023
   0.00022
   0.00022
   0.00022
   0.00022
   0.00021
   0.00021
   0.00021
   0.00021
   0.00021
   0.00020
   0.00020
   0.00020
   0.00020
   0.00020
   0.00019
   0.00019
   0.00019
   0.00019
   0.00019
   0.00018
   0.00018
   0.00018
   0.00018
   0.00018
   0.00017
   0.00017
   0.00017
   0.00017
   0.00017
   0.00017
   0.00016
   0.00016
   0.00016
   0.00016
   0.00016
   0.00016
   0.00015
   0.00015
   0.00015
   0.00015
   0.00015
   0.00015
   0.00015
   0.00014
   0.00014
   0.00014
   0.00014
   0.00014
   0.00014
   0.00014
   0.00013
   0.00013
   0.00013
   0.00013
   0.00013
   0.00013
   0.00013
   0.00013
   0.00012
   0.00012
   0.00012
   0.00012
   0.00012
   0.00012
   0.00012
   0.00012
   0.00011
   0.00011
   0.00011
   0.00011
   0.00011
   0.00011
   0.00011
   0.00011
   0.00011
   0.00010
   0.00010
   0.00010
   0.00010
   0.00010
   0.00010
   0.00010
   0.00010
   0.00010
   0.00010
   0.00010
   0.00009
   0.00009
   0.00009
   0.00009
   0.00009
   0.00009
   0.00009
   0.00009
   0.00009
   0.00009
   0.00009
   0.00008
   0.00008
   0.00008
   0.00008
   0.00008
   0.00008
   0.00008
   0.00008
   0.00008
   0.00008
   0.00008
   0.00008
   0.00008
   0.00007
   0.00007
   0.00007
   0.00007
   0.00007
   0.00007
   0.00007
   0.00007
   0.00007
   0.00007
   0.00007
   0.00007
   0.00007
   0.00007
   0.00007
   0.00006
   0.00006
   0.00006
   0.00006
   0.00006
   0.00006
   0.00006
   0.00006
   0.00006
   0.00006
   0.00006
   0.00006
   0.00006
   0.00006
   0.00006
   0.00006
