   0.72115
   0.71106
   0.70934
   0.70835
   0.70726
   0.70491
   0.70374
   0.70241
   0.70118
   0.70020
   0.69912
   0.69832
   0.69744
   0.69662
   0.69575
   0.69491
   0.69415
   0.69880
   0.69255
   0.69196
   0.69117
   0.69057
   0.68995
   0.68931
   0.68871
   0.68807
   0.68756
   0.68707
   0.68668
   0.68802
   0.68596
   0.77151
   0.74383
   0.72429
   0.72169
   0.71458
   0.70986
   0.70692
   0.70508
   0.70465
   0.70457
   0.70511
   0.70608
   0.71219
   0.71261
   0.71334
   0.71600
   0.71828
   0.72071
   0.72290
   0.72528
   0.72653
   0.72721
   0.72763
   0.72733
   0.72658
   0.72448
   0.72229
   0.71906
   0.71452
   0.71037
   0.70378
   0.69831
   0.69007
   0.68301
   0.67361
   0.66484
   0.65416
   0.64466
   0.63464
   0.62398
   0.61293
   0.60232
   0.59162
   0.58137
   0.57186
   0.56294
   0.55485
   0.54778
   0.54132
   0.53595
   0.53070
   0.52592
   0.52114
   0.51633
   0.51105
   0.50580
   0.50007
   0.49395
   0.48810
   0.48195
   0.47606
   0.46926
   0.46302
   0.45680
   0.45101
   0.44511
   0.43941
   0.43403
   0.42911
   0.42484
   0.42058
   0.41672
   0.41258
   0.40929
   0.40463
   0.40001
   0.39473
   0.38916
   0.38351
   0.37779
   0.37222
   0.36600
   0.36175
   0.35658
   0.35150
   0.34653
   0.34166
   0.33687
   0.33214
   0.32745
   0.32283
   0.31821
   0.31363
   0.30906
   0.30441
   0.30010
   0.29560
   0.29109
   0.28671
   0.28237
   0.27813
   0.27393
   0.26978
   0.26558
   0.26161
   0.25762
   0.25365
   0.24985
   0.24606
   0.24229
   0.23854
   0.23486
   0.23150
   0.22764
   0.22419
   0.22055
   0.21728
   0.21386
   0.21065
   0.20723
   0.20392
   0.20036
   0.19718
   0.19416
   0.19154
   0.18766
   0.18461
   0.18134
   0.17851
   0.17521
   0.17239
   0.16927
   0.16652
   0.16348
   0.16067
   0.15746
   0.15494
   0.15251
   0.14923
   0.14691
   0.14397
   0.14124
   0.13878
   0.13621
   0.13327
   0.13075
   0.12820
   0.12582
   0.12335
   0.12080
   0.11842
   0.11610
   0.11366
   0.11118
   0.10915
   0.10692
   0.10466
   0.10262
   0.10038
   0.09825
   0.09645
   0.09416
   0.09241
   0.09031
   0.08826
   0.08649
   0.08449
   0.08272
   0.08058
   0.07901
   0.07732
   0.07556
   0.07396
   0.07237
   0.07086
   0.06899
   0.06769
   0.06634
   0.06482
   0.06343
   0.06228
   0.06047
   0.05893
   0.05807
   0.05707
   0.05587
   0.05443
   0.05324
   0.05210
   0.05097
   0.04994
   0.04886
   0.04783
   0.04652
   0.04566
   0.04469
   0.04375
   0.04280
   0.04175
   0.04118
   0.04017
   0.03944
   0.03845
   0.03772
   0.03721
   0.03629
   0.03583
   0.03501
   0.03442
   0.03369
   0.03320
   0.03242
   0.03229
   0.03116
   0.03068
   0.03013
   0.02923
   0.02900
   0.02747
   0.02772
   0.02718
   0.02511
   0.02596
   0.02499
   0.02396
   0.02319
   0.02232
   0.02145
   0.02052
   0.01958
   0.01930
   0.01902
   0.02119
   0.03700
   0.02660
   0.04203
   0.03093
   0.03218
   0.03156
   0.03194
   0.03154
   0.03169
   0.03134
   0.03132
   0.03077
   0.03052
   0.02977
   0.02921
   0.02816
   0.02733
   0.02624
   0.02515
   0.02435
   0.02364
   0.02299
   0.02238
   0.02172
   0.02115
   0.02056
   0.02002
   0.01947
   0.01896
   0.01843
   0.01793
   0.01745
   0.01698
   0.01661
   0.01616
   0.01573
   0.01529
   0.01490
   0.01450
   0.01411
   0.01373
   0.01336
   0.01304
   0.01266
   0.01236
   0.01204
   0.01171
   0.01145
   0.01112
   0.01084
   0.01055
   0.01028
   0.01000
   0.00973
   0.00946
   0.00921
   0.00895
   0.00871
   0.00846
   0.00823
   0.00800
   0.00777
   0.00755
   0.00733
   0.00713
   0.00692
   0.00672
   0.00651
   0.00632
   0.00615
   0.00596
   0.00578
   0.00561
   0.00537
   0.00519
   0.00508
   0.00492
   0.00478
   0.00469
   0.00453
   0.00443
   0.00428
   0.00416
   0.00402
   0.00392
   0.00375
   0.00365
   0.00353
   0.00342
   0.00331
   0.00320
   0.00310
   0.00302
   0.00291
   0.00282
   0.00276
   0.00271
   0.00314
   0.00260
   0.00390
   0.00231
   0.00556
   0.00546
   0.00884
   0.00193
   0.00184
   0.00186
   0.00188
   0.00190
   0.00193
   0.00196
   0.00200
   0.00204
   0.00208
   0.00214
   0.00219
   0.00226
   0.00232
   0.00239
   0.00246
   0.00254
   0.00261
   0.00269
   0.00277
   0.00286
   0.00295
   0.00305
   0.00316
   0.00328
   0.00343
   0.00360
   0.00380
   0.00403
   0.00428
   0.00438
   0.00386
   0.00334
   0.00299
   0.00260
   0.00226
   0.00199
   0.00180
   0.00167
   0.00158
   0.00152
   0.00149
   0.00145
   0.00149
   0.00211
   0.00151
   0.00151
   0.00220
   0.00354
   0.00197
   0.00118
   0.00132
   0.00133
   0.00128
   0.00128
   0.00127
   0.00127
   0.00126
   0.00128
   0.00126
   0.00129
   0.00125
   0.00132
   0.00114
   0.00157
   0.00096
   0.00122
   0.00175
   0.00928
   0.00599
   0.18579
   0.16974
   0.00217
   0.00403
   0.00169
   0.00227
   0.00218
   0.00182
   0.00155
   0.00147
   0.00140
   0.00134
   0.00127
   0.00122
   0.00115
   0.00114
   0.00102
   0.00113
   0.00088
   0.00163
   0.00630
   0.20351
   0.06022
   0.03638
   0.02564
   0.02352
   0.02347
   0.02375
   0.02462
   0.02587
   0.02739
   0.02890
   0.02950
   0.02930
   0.02877
   0.02805
   0.02728
   0.02650
   0.02568
   0.02507
   0.02457
   0.02393
   0.02311
   0.02229
   0.02144
   0.02066
   0.01986
   0.01905
   0.01827
   0.01755
   0.01683
   0.01616
   0.01550
   0.01487
   0.01429
   0.01373
   0.01320
   0.01272
   0.01225
   0.01183
   0.01143
   0.01105
   0.01070
   0.01039
   0.01011
   0.00985
   0.00960
   0.00938
   0.00917
   0.00897
   0.00879
   0.00861
   0.00843
   0.00826
   0.00810
   0.00793
   0.00777
   0.00678
   0.00665
   0.00650
   0.00636
   0.00622
   0.00609
   0.00595
   0.00582
   0.00570
   0.00558
   0.00545
   0.00534
   0.00522
   0.00511
   0.00500
   0.00489
   0.00478
   0.00468
   0.00457
   0.00447
   0.00437
   0.00428
   0.00418
   0.00409
   0.00400
   0.00390
   0.00382
   0.00373
   0.00364
   0.00356
   0.00347
   0.00339
   0.00331
   0.00323
   0.00315
   0.00308
   0.00300
   0.00293
   0.00286
   0.00279
   0.00272
   0.00266
   0.00259
   0.00253
   0.00246
   0.00240
   0.00234
   0.00228
   0.00222
   0.00217
   0.00211
   0.00206
   0.00200
   0.00195
   0.00190
   0.00185
   0.00180
   0.00175
   0.00170
   0.00166
   0.00161
   0.00157
   0.00153
   0.00148
   0.00144
   0.00140
   0.00136
   0.00133
   0.00129
   0.00125
   0.00122
   0.00118
   0.00115
   0.00112
   0.00108
   0.00105
   0.00102
   0.00099
   0.00097
   0.00094
   0.00091
   0.00088
   0.00086
   0.00083
   0.00081
   0.00079
   0.00076
   0.00074
   0.00072
   0.00070
   0.00068
   0.00066
   0.00064
   0.00062
   0.00060
   0.00059
   0.00057
   0.00055
   0.00054
   0.00052
   0.00051
   0.00049
   0.00048
   0.00047
   0.00045
   0.00044
   0.00043
   0.00042
   0.00041
   0.00039
   0.00038
   0.00037
   0.00036
   0.00035
   0.00034
   0.00034
   0.00033
   0.00032
   0.00031
   0.00030
   0.00029
   0.00029
   0.00028
   0.00027
   0.00027
   0.00026
   0.00025
   0.00025
   0.00024
   0.00023
   0.00023
   0.00022
   0.00022
   0.00021
   0.00021
   0.00020
   0.00020
   0.00019
   0.00019
   0.00018
   0.00018
   0.00018
   0.00017
   0.00017
   0.00016
   0.00016
   0.00016
   0.00015
   0.00015
   0.00014
   0.00014
   0.00014
   0.00013
   0.00013
   0.00013
   0.00013
   0.00012
   0.00012
   0.00012
   0.00011
   0.00011
   0.00011
   0.00011
   0.00010
   0.00010
   0.00010
   0.00010
   0.00009
   0.00009
   0.00009
   0.00009
   0.00008
   0.00008
   0.00008
   0.00008
   0.00008
   0.00007
   0.00007
   0.00007
   0.00007
   0.00007
   0.00006
   0.00006
   0.00006
   0.00006
   0.00006
   0.00006
   0.00005
   0.00005
   0.00005
   0.00005
   0.00005
   0.00005
   0.00004
   0.00004
   0.00004
   0.00004
   0.00004
   0.00004
   0.00004
   0.00004
   0.00004
   0.00003
   0.00003
   0.00003
   0.00003
   0.00003
   0.00003
   0.00003
   0.00003
   0.00003
   0.00003
   0.00003
   0.00003
   0.00004
   0.00002
   0.00002
   0.00002
   0.00002
   0.00002
   0.00002
   0.00003
   0.00004
   0.00002
   0.00001
   0.00001
   0.00001
   0.00001
   0.00002
   0.00058
   0.03203
   0.00917
   0.00709
   0.00586
   0.00511
   0.00456
   0.00415
   0.00383
   0.00357
   0.00331
   0.00311
   0.00292
   0.00275
   0.00261
   0.00248
   0.00236
   0.00224
   0.00214
   0.00204
   0.00196
   0.00190
   0.00184
   0.00179
   0.00178
   0.00175
   0.00173
   0.00172
   0.00172
   0.00173
   0.00176
   0.00180
   0.00185
   0.00191
   0.00196
   0.00202
   0.00208
   0.00213
   0.00219
   0.00224
   0.00227
   0.00231
   0.00235
   0.00239
   0.00243
   0.00247
   0.00250
   0.00257
   0.00264
   0.00273
   0.00284
   0.00290
   0.00276
   0.00253
   0.00238
   0.00218
   0.00196
   0.00143
   0.00104
   0.00105
   0.00102
   0.00101
   0.00100
   0.00099
   0.00099
   0.00098
   0.00098
   0.00097
   0.00097
   0.00097
   0.00097
   0.00097
   0.00097
   0.00100
   0.00101
   0.00119
   0.00119
   0.00182
   0.00107
   0.00128
   0.00121
   0.00121
   0.00123
   0.00190
   0.00118
   0.00136
   0.00085
   0.00169
   0.00095
   0.00099
   0.00079
   0.00252
   0.00094
   0.00075
   0.00093
   0.00109
   0.00099
   0.00083
   0.00082
   0.00078
   0.00087
   0.00105
   0.00124
   0.00143
   0.00082
   0.00138
   0.00091
   0.00101
   0.00103
   0.00245
   0.00089
   0.00084
   0.00083
   0.00075
   0.00077
   0.00077
   0.00071
   0.00074
   0.00066
   0.00067
   0.00067
   0.00059
   0.00062
   0.00060
   0.00055
   0.00057
   0.00063
   0.00063
   0.00061
   0.00051
   0.00056
   0.00050
   0.00056
   0.00051
   0.00054
   0.00046
   0.00061
   0.00049
   0.00053
   0.00044
   0.00061
   0.00042
   0.00067
   0.00039
   0.00099
   0.00093
   0.00039
   0.00074
   0.00068
   0.00066
   0.00064
   0.00062
   0.00061
   0.00059
   0.00058
   0.00057
   0.00056
   0.00055
   0.00054
   0.00054
   0.00053
   0.00052
   0.00052
   0.00052
   0.00051
   0.00051
   0.00051
   0.00051
   0.00050
   0.00050
   0.00050
   0.00050
   0.00050
   0.00050
   0.00050
   0.00051
   0.00051
   0.00052
   0.00052
   0.00053
   0.00054
   0.00056
   0.00057
   0.00059
   0.00062
   0.00065
   0.00068
   0.00071
   0.00074
   0.00077
   0.00079
   0.00082
   0.00083
   0.00085
   0.00086
   0.00088
   0.00089
   0.00091
   0.00095
   0.00100
   0.00110
   0.00142
   0.00203
   0.63836
   0.00057
   0.00051
   0.00051
   0.00050
   0.00049
   0.00049
   0.00048
   0.00048
   0.00047
   0.00046
   0.00046
   0.00045
   0.00045
   0.00044
   0.00044
   0.00043
   0.00043
   0.00042
   0.00042
   0.00041
   0.00041
   0.00041
   0.00040
   0.00040
   0.00040
   0.00039
   0.00039
   0.00039
   0.00038
   0.00038
   0.00038
   0.00037
   0.00037
   0.00037
   0.00037
   0.00037
   0.00036
   0.00036
   0.00036
   0.00036
   0.00036
   0.00036
   0.00036
   0.00036
   0.00036
   0.00036
   0.00036
   0.00036
   0.00036
   0.00036
   0.00036
   0.00036
