   0.63737
   0.63541
   0.63227
   0.63000
   0.62858
   0.62741
   0.62617
   0.62465
   0.62307
   0.62180
   0.62031
   0.61906
   0.61747
   0.61634
   0.61487
   0.61355
   0.61188
   0.61079
   0.60915
   0.60774
   0.60653
   0.60493
   0.60352
   0.60220
   0.60094
   0.59929
   0.59756
   0.59574
   0.59420
   0.59222
   0.59063
   0.58887
   0.58689
   0.58501
   0.58303
   0.58094
   0.57884
   0.57666
   0.57443
   0.57213
   0.56978
   0.56736
   0.56486
   0.56234
   0.55971
   0.55705
   0.55427
   0.55153
   0.54858
   0.54571
   0.54271
   0.53957
   0.53654
   0.53335
   0.53012
   0.52682
   0.52345
   0.52003
   0.51653
   0.51299
   0.50938
   0.50573
   0.50199
   0.49825
   0.49438
   0.49064
   0.48674
   0.48279
   0.47878
   0.47479
   0.47075
   0.46668
   0.46262
   0.45849
   0.45438
   0.45023
   0.44611
   0.44193
   0.43783
   0.43364
   0.42952
   0.42534
   0.42133
   0.41719
   0.41312
   0.40913
   0.40494
   0.40094
   0.39696
   0.39300
   0.38901
   0.38518
   0.38130
   0.37750
   0.37377
   0.37005
   0.36646
   0.36296
   0.35939
   0.35598
   0.35265
   0.34941
   0.34631
   0.34316
   0.34020
   0.33742
   0.33475
   0.33212
   0.32963
   0.32725
   0.32513
   0.32292
   0.32092
   0.31907
   0.31708
   0.31523
   0.31343
   0.31158
   0.30940
   0.30679
   0.30383
   0.30051
   0.29681
   0.29280
   0.28854
   0.28415
   0.27973
   0.27535
   0.27098
   0.26666
   0.26247
   0.25838
   0.25429
   0.25027
   0.24633
   0.24247
   0.23860
   0.23486
   0.23108
   0.22745
   0.22376
   0.22007
   0.21641
   0.21286
   0.20934
   0.20562
   0.20226
   0.19872
   0.19526
   0.19174
   0.18830
   0.18504
   0.18159
   0.17822
   0.17505
   0.17176
   0.16851
   0.16536
   0.16226
   0.15916
   0.15620
   0.15316
   0.15021
   0.14732
   0.14454
   0.14172
   0.13897
   0.13634
   0.13376
   0.13111
   0.12859
   0.12605
   0.12340
   0.12126
   0.11875
   0.11637
   0.11410
   0.11189
   0.10970
   0.10751
   0.10541
   0.10337
   0.10134
   0.09935
   0.09740
   0.09552
   0.09363
   0.09179
   0.08998
   0.08826
   0.08652
   0.08483
   0.08318
   0.08153
   0.07996
   0.07839
   0.07690
   0.07542
   0.07393
   0.07251
   0.07110
   0.06970
   0.06834
   0.06704
   0.06573
   0.06447
   0.06323
   0.06202
   0.06082
   0.05966
   0.05850
   0.05741
   0.05630
   0.05521
   0.05417
   0.05309
   0.05212
   0.05109
   0.05016
   0.04917
   0.04827
   0.04732
   0.04646
   0.04552
   0.04470
   0.04385
   0.04314
   0.04220
   0.04141
   0.04062
   0.03988
   0.03913
   0.03840
   0.03767
   0.03698
   0.03627
   0.03561
   0.03493
   0.03428
   0.03364
   0.03303
   0.03240
   0.03180
   0.03120
   0.03063
   0.03006
   0.02951
   0.02893
   0.02846
   0.02790
   0.02736
   0.02688
   0.02638
   0.02589
   0.02539
   0.02498
   0.02455
   0.02400
   0.02365
   0.02313
   0.02280
   0.02229
   0.02188
   0.02157
   0.02110
   0.02078
   0.02034
   0.02005
   0.01961
   0.01932
   0.01891
   0.01864
   0.01824
   0.01799
   0.01761
   0.01738
   0.01699
   0.01670
   0.01643
   0.01614
   0.01585
   0.01560
   0.01533
   0.01507
   0.01482
   0.01457
   0.01433
   0.01409
   0.01385
   0.01363
   0.01340
   0.01319
   0.01294
   0.01275
   0.01251
   0.01232
   0.01209
   0.01190
   0.01170
   0.01147
   0.01131
   0.01107
   0.01091
   0.01068
   0.01052
   0.01029
   0.01013
   0.00991
   0.00975
   0.00956
   0.00935
   0.00919
   0.00900
   0.00884
   0.00866
   0.00849
   0.00832
   0.00816
   0.00799
   0.00783
   0.00768
   0.00752
   0.00737
   0.00722
   0.00707
   0.00693
   0.00679
   0.00665
   0.00651
   0.00638
   0.00624
   0.00612
   0.00599
   0.00586
   0.00574
   0.00562
   0.00551
   0.00539
   0.00527
   0.00516
   0.00505
   0.00495
   0.00484
   0.00474
   0.00463
   0.00454
   0.00443
   0.00433
   0.00425
   0.00415
   0.00406
   0.00398
   0.00390
   0.00380
   0.00372
   0.00365
   0.00356
   0.00349
   0.00343
   0.00334
   0.00328
   0.00322
   0.00314
   0.00308
   0.00301
   0.00296
   0.00289
   0.00283
   0.00277
   0.00272
   0.00266
   0.00261
   0.00256
   0.00252
   0.00246
   0.00242
   0.00237
   0.00233
   0.00228
   0.00224
   0.00220
   0.00216
   0.00212
   0.00209
   0.00205
   0.00202
   0.00199
   0.00195
   0.00193
   0.00190
   0.00187
   0.00185
   0.00182
   0.00180
   0.00178
   0.00177
   0.00176
   0.00175
   0.00176
   0.00176
   0.00180
   0.00187
   0.00200
   0.00221
   0.00238
   0.00245
   0.00254
   0.00264
   0.00286
   0.00205
   0.00266
   0.00111
   0.00118
   0.00112
   0.00110
   0.00108
   0.00106
   0.00104
   0.00102
   0.00100
   0.00098
   0.00096
   0.00094
   0.00092
   0.00090
   0.00089
   0.00087
   0.00085
   0.00084
   0.00082
   0.00080
   0.00079
   0.00077
   0.00076
   0.00074
   0.00073
   0.00071
   0.00070
   0.00069
   0.00067
   0.00066
   0.00065
   0.00063
   0.00062
   0.00061
   0.00060
   0.00058
   0.00057
   0.00056
   0.00055
   0.00054
   0.00053
   0.00052
   0.00051
   0.00050
   0.00049
   0.00048
   0.00047
   0.00046
   0.00045
   0.00044
   0.00043
   0.00042
   0.00041
   0.00041
   0.00040
   0.00039
   0.00038
   0.00037
   0.00037
   0.00036
   0.00035
   0.00035
   0.00034
   0.00033
   0.00033
   0.00032
   0.00032
   0.00031
   0.00031
   0.00030
   0.00030
   0.00029
   0.00029
   0.00028
   0.00028
   0.00027
   0.00027
   0.00027
   0.00026
   0.00026
   0.00026
   0.00025
   0.00025
   0.00025
   0.00024
   0.00024
   0.00024
   0.00024
   0.00024
