   0.68709
   0.68325
   0.68277
   0.68145
   0.69157
   0.69288
   0.70323
   0.71294
   0.71448
   0.70127
   0.73413
   0.73115
   0.73280
   0.73773
   0.73433
   0.73626
   0.74398
   0.73894
   0.73782
   0.73677
   0.73511
   0.72610
   0.72047
   0.71813
   0.71423
   0.71188
   0.70587
   0.69950
   0.70150
   0.70013
   0.70065
   0.70106
   0.70161
   0.70226
   0.70329
   0.70450
   0.70605
   0.70773
   0.70994
   0.71167
   0.71328
   0.71490
   0.71721
   0.71949
   0.72182
   0.72494
   0.72881
   0.73332
   0.74704
   0.75455
   0.76148
   0.76891
   0.77713
   0.78563
   0.79403
   0.80265
   0.81167
   0.82059
   0.83596
   0.84649
   0.85603
   0.86586
   0.87502
   0.88473
   0.89467
   0.90426
   0.91334
   0.92296
   0.93330
   0.94446
   0.95418
   0.96497
   0.97451
   0.98419
   0.99305
   1.00249
   1.01178
   1.02031
   1.02901
   1.03717
   1.04500
   1.05276
   1.05955
   1.06616
   1.07195
   1.07661
   1.08073
   1.08340
   1.08514
   1.08539
   1.08431
   1.08183
   1.07711
   1.07072
   1.06174
   1.05167
   1.04044
   1.02635
   1.01117
   0.99266
   0.97483
   0.95414
   0.93266
   0.91067
   0.88765
   0.86293
   0.83708
   0.81201
   0.78581
   0.75880
   0.73343
   0.70743
   0.68190
   0.65667
   0.63171
   0.60709
   0.58370
   0.56077
   0.53911
   0.51881
   0.50048
   0.48189
   0.46606
   0.45071
   0.43609
   0.42209
   0.40926
   0.39693
   0.38422
   0.37181
   0.35920
   0.34711
   0.33597
   0.32127
   0.30593
   0.29308
   0.27947
   0.26702
   0.25598
   0.24737
   0.24159
   0.23879
   0.24002
   0.24165
   0.25178
   0.26761
   0.28089
   0.28628
   0.28517
   0.27609
   0.26562
   0.25082
   0.23671
   0.21844
   0.19680
   0.18009
   0.16414
   0.15270
   0.14168
   0.02652
   0.13332
   0.11608
   0.11880
   0.08078
   0.11429
   0.12509
   0.01024
   0.00828
   0.07881
   0.01233
   0.08063
   0.01304
   0.00997
   0.04266
   0.00816
   0.01414
   0.00763
   0.00776
   0.00766
   0.00724
   0.01111
   0.06832
   0.00629
   0.00533
   0.00543
   0.00547
   0.00566
   0.00421
   0.00459
   0.00769
   0.02264
   0.00424
   0.00625
   0.01260
   0.00376
   0.00372
   0.00469
   0.00527
   0.00355
   0.00552
   0.00362
   0.00366
   0.02268
   0.25103
   0.00349
   0.18263
   0.02705
   0.00247
   0.00296
   0.00280
   0.02487
   0.00250
   0.00230
   0.00283
   0.00217
   0.00470
   0.00478
   0.00211
   0.01120
   0.00221
   0.64092
   0.01123
   0.00390
   0.00612
   0.00266
   0.00526
   0.00229
   0.00182
   0.00170
   0.00867
   0.00559
   0.00296
   0.00207
   0.00191
   0.00149
   0.00131
   0.00120
   0.00103
   0.00133
   0.00201
   0.00125
   0.00124
   0.00544
   0.00132
   0.01294
   0.10544
   0.00213
   0.00105
   0.00151
   0.01964
   0.00140
   0.00169
   0.00122
   0.00312
   0.00200
   0.00079
   0.00069
   0.00070
   0.00063
   0.00052
   0.00051
   0.00049
   0.00046
   0.00042
   0.00042
   0.00039
   0.00039
   0.00182
   0.00111
   0.00099
   0.00092
   0.00172
   0.00196
   0.00115
   0.00096
   0.00664
   0.00449
   0.00162
   0.00153
   0.00400
   0.00126
   0.00104
   0.00108
   0.00100
   0.00109
   0.00090
   0.00089
   0.00063
   0.00073
   0.00071
   0.00063
   0.00056
   0.00053
   0.00032
   0.00037
   0.00049
   0.00056
   0.00035
   0.00036
   0.00044
   0.00038
   0.00041
   0.00048
   0.00053
   0.27463
   0.00233
   0.00104
   0.00078
   0.00067
   0.16895
   0.00295
   0.00171
   0.00121
   0.00082
   0.09444
   0.00235
   0.00124
   0.00096
   0.00071
   0.00592
   0.00281
   0.00170
   0.00118
   0.00092
   0.00054
   0.00169
   0.00129
   0.00119
   0.00094
   0.00081
   0.00056
   0.00047
   0.00048
   0.00253
   0.00113
   0.00096
   0.00082
   0.00071
   0.00143
   0.00043
   0.00042
   0.00041
   0.00028
   0.00037
   0.00478
   0.00243
   0.00151
   0.00106
   0.00081
   0.00066
   0.00143
   0.00082
   0.26245
   0.00269
   0.00171
   0.00124
   0.00095
   0.00076
   0.02202
   0.00193
   0.00137
   0.00104
   0.00082
   0.00069
   0.00181
   0.00321
   0.00176
   0.00115
   0.00081
   0.00066
   0.00566
   0.00258
   0.00155
   0.00105
   0.00079
   0.00066
   0.00044
   0.00029
   0.00030
   0.00031
   0.00030
   0.00030
   0.00327
   0.00180
   0.00104
   0.00070
   0.00053
   0.01794
   0.01739
   0.00827
   0.00740
   0.00638
   0.01405
   0.01095
   0.01457
   0.00976
   0.00774
   0.00665
   0.00529
   0.00452
   0.00320
   0.00182
   0.00247
   0.00241
   0.00218
   0.03623
   0.00222
   0.00183
   0.00165
   0.00162
   0.00144
   0.00181
   0.00159
   0.00143
   0.00144
   0.00130
   0.00129
   0.00102
   0.02088
   0.00091
   0.02009
   0.00079
   2.89512
   0.00222
   0.00159
   0.00124
   0.00177
   0.00126
   0.00103
   0.00088
   0.05165
   0.00179
   0.00142
   0.00133
   0.00097
   0.00083
   0.00164
   0.00131
   0.00106
   0.00086
   0.00076
   0.00071
   0.00123
   0.00097
   0.00076
   0.00293
   0.00105
   0.00081
   0.00105
   0.00078
   0.00084
   0.00137
   0.00106
   0.00083
   0.00068
   0.00064
   0.00060
   0.00138
   0.00110
   0.00088
   0.00172
   0.00161
   0.00125
   0.00096
   0.00098
   0.00074
   0.69367
   0.71566
   0.71760
   0.71757
   0.71748
   0.71742
   0.71738
   0.71736
   0.71735
   0.71734
   0.71734
   0.71734
   0.71733
   0.71733
   0.71733
   0.71733
   0.71733
   0.71733
   0.71733
   0.71733
   0.71733
   0.71733
   0.71733
   0.71733
   0.71733
   0.71733
   0.71733
   0.71733
   0.71733
   0.71733
   0.71733
   0.71733
   0.71733
   0.71733
   0.71732
   0.71732
   0.71732
   0.71732
   0.71732
   0.71732
   0.71732
   0.71732
   0.71732
   0.71732
   0.71732
   0.71732
   0.71732
   0.71732
   0.71732
   0.71732
   0.71732
   0.71732
   0.71732
   0.71732
   0.71732
   0.71732
   0.71732
   0.71732
   0.71732
   0.71732
   0.71732
   0.71731
   0.71731
   0.71731
   0.71731
   0.71731
   0.71731
   0.71731
   0.71731
   0.71731
   0.71731
   0.71731
   0.71731
   0.71731
   0.71731
   0.71731
   0.71731
   0.71731
   0.71731
   0.71731
   0.71731
   0.71731
   0.71731
   0.71731
   0.71731
   0.71731
   0.71731
   0.71731
   0.71731
   0.71730
   0.71730
   0.71730
   0.71730
   0.71730
   0.71730
   0.71730
   0.71730
   0.71730
   0.71730
   0.71730
   0.71730
   0.71730
   0.71730
   0.71730
   0.71730
   0.71730
   0.71730
   0.71730
   0.71730
   0.71730
   0.71730
   0.71730
   0.71730
   0.71730
   0.71730
   0.71730
   0.71729
   0.71729
   0.71729
   0.71729
   0.71729
   0.71729
   0.71729
   0.71729
   0.71729
   0.71729
   0.71729
   0.71729
   0.71729
   0.71729
   0.71729
   0.71729
   0.71729
   0.71729
   0.71729
   0.71729
   0.71729
   0.71729
   0.71729
   0.71729
   0.71729
   0.71729
   0.71729
   0.71728
   0.71728
   0.71728
   0.71728
   0.71728
   0.71728
   0.71728
   0.71728
   0.71728
   0.71728
   0.71728
   0.71728
   0.71728
   0.71728
   0.71728
   0.71728
   0.71728
   0.71728
   0.71728
   0.71728
   0.71728
   0.71728
   0.71728
   0.71728
   0.71728
   0.71728
   0.71727
   0.71727
   0.71727
   0.71727
   0.71727
   0.71727
   0.71727
   0.71727
   0.71727
   0.71727
   0.71727
   0.71727
   0.71727
   0.71727
   0.71727
   0.71727
   0.71727
   0.71727
   0.71727
   0.71727
   0.71727
   0.71727
   0.71727
   0.71727
   0.71727
   0.71727
   0.71727
   0.71726
   0.71726
   0.71726
   0.71726
   0.71726
   0.71726
   0.71726
   0.71726
   0.71726
   0.71726
   0.71726
   0.71726
   0.71726
   0.71726
   0.71726
   0.71726
   0.71726
   0.71726
   0.71726
   0.71726
   0.71726
   0.71726
   0.71726
   0.71726
   0.71726
   0.71725
   0.71725
   0.71725
   0.71725
   0.71725
   0.71725
   0.71725
   0.71725
   0.71725
   0.71725
   0.71725
   0.71725
   0.71725
   0.71725
   0.71725
   0.71725
   0.71725
   0.71725
   0.71725
   0.71725
   0.71725
   0.71725
   0.71725
   0.71725
   0.71725
   0.71724
   0.71724
   0.71724
   0.71724
   0.71724
   0.71724
   0.71724
   0.71724
   0.71724
   0.71724
   0.71724
   0.71724
   0.71724
   0.71724
   0.71724
   0.71724
   0.71724
   0.71724
   0.71724
   0.71724
   0.71724
   0.71724
   0.71724
   0.71724
   0.71724
   0.71723
   0.71723
   0.71723
   0.71723
   0.71723
   0.71723
   0.71723
   0.71723
   0.71723
   0.71723
   0.71723
   0.71723
   0.71723
   0.71723
   0.71723
   0.71723
   0.71723
   0.71723
   0.71723
   0.71723
   0.71723
   0.71723
   0.71723
   0.71722
   0.71722
   0.71722
   0.71722
   0.71722
   0.71722
   0.71722
   0.71722
   0.71722
   0.71722
   0.71722
   0.71722
   0.71722
   0.71722
   0.71722
   0.71722
   0.71722
   0.71722
   0.71722
   0.71722
   0.71722
   0.71722
   0.71722
   0.71722
   0.71721
   0.71721
   0.71721
   0.71721
   0.71721
   0.71721
   0.71721
   0.71721
   0.71721
   0.71721
   0.71721
   0.71721
   0.71721
   0.71721
   0.71721
   0.71721
   0.71721
   0.71721
   0.71721
   0.71721
   0.71721
   0.71721
   0.71721
   0.71721
   0.71721
   0.71721
   0.71721
   0.71721
   0.71720
   0.71720
   0.71720
   0.71720
   0.71720
   0.71720
   0.71720
   0.71720
   0.71720
   0.71720
   0.71720
   0.71720
   0.71720
   0.71720
   0.71720
   0.71720
   0.71720
   0.71720
   0.71720
   0.71720
   0.71720
   0.71720
   0.71720
   0.71720
   0.71720
   0.71720
   0.71720
   0.71720
   0.71720
   0.71719
   0.71719
   0.71719
   0.71719
   0.71719
   0.71719
   0.71719
   0.71719
   0.71719
   0.71719
   0.71719
   0.71719
   0.71719
   0.71719
   0.71719
   0.71719
   0.71719
   0.71719
   0.71719
   0.71719
   0.71719
   0.71719
   0.71719
   0.71719
   0.71719
   0.71719
   0.71719
   0.71719
   0.71718
   0.71718
   0.71718
   0.71718
   0.71718
   0.71718
   0.71718
   0.71718
   0.71718
   0.71718
   0.71718
   0.71718
   0.71718
   0.71718
   0.71718
   0.71718
   0.71718
   0.71718
   0.71718
   0.71718
   0.71718
   0.71718
   0.71718
   0.71718
   0.71718
   0.71718
   0.71718
   0.71718
   0.71718
   0.71717
   0.71717
   0.71717
   0.71717
   0.71717
   0.71717
   0.71717
   0.71717
   0.71717
   0.71717
   0.71717
   0.71717
   0.71717
   0.71717
   0.71717
   0.71717
   0.71717
   0.71717
   0.71717
   0.71717
   0.71717
   0.71717
   0.71717
   0.71717
   0.71717
   0.71717
   0.71717
   0.71717
   0.71716
   0.71716
   0.71716
   0.71716
   0.71716
   0.71716
   0.71716
   0.71716
   0.71716
   0.71716
   0.71716
   0.71716
   0.71716
   0.71716
   0.71716
   0.71716
   0.71716
   0.71716
   0.71716
   0.71716
   0.71716
   0.71716
   0.71716
   0.71716
   0.71716
   0.71716
   0.71716
   0.71715
   0.71715
   0.71715
   0.71715
   0.71715
   0.71715
   0.71715
   0.71715
   0.71715
   0.71715
   0.71715
   0.71715
   0.71715
   0.71715
   0.71715
   0.71715
   0.71715
   0.71715
   0.71715
   0.71715
   0.71715
   0.71715
   0.71715
   0.71715
   0.71715
   0.71715
   0.71715
   0.71715
   0.71714
   0.71714
   0.71714
   0.71714
   0.71714
   0.71714
   0.71714
   0.71714
   0.71714
   0.71714
   0.71714
   0.71714
   0.71714
   0.71714
   0.71714
   0.71714
   0.71714
   0.71714
   0.71714
