   0.55505
   0.58165
   0.58254
   0.52814
   0.50750
   0.50518
   0.48301
   0.47898
   0.47699
   0.48636
   0.46955
   0.47889
   0.47549
   0.45027
   0.45497
   0.45461
   0.45404
   0.45413
   0.45310
   0.45328
   0.45268
   0.45261
   0.45436
   0.45900
   0.47112
   0.49309
   0.51428
   0.52011
   0.52175
   0.48101
   0.45936
   0.42361
   0.39428
   0.36104
   0.32853
   0.29736
   0.26135
   0.23127
   0.20588
   0.18891
   0.17442
   0.16402
   0.15239
   0.14217
   0.13410
   0.12795
   0.12200
   0.11782
   0.11328
   0.10987
   0.10707
   0.10414
   0.10144
   0.09896
   0.09670
   0.09471
   0.09277
   0.09108
   0.08951
   0.08848
   0.08752
   0.08587
   0.08457
   0.08345
   0.08213
   0.08073
   0.07942
   0.07788
   0.07668
   0.07539
   0.07414
   0.07329
   0.07221
   0.07115
   0.06978
   0.06858
   0.06726
   0.06610
   0.06468
   0.06353
   0.06188
   0.06042
   0.05917
   0.05766
   0.05592
   0.05431
   0.05307
   0.05169
   0.05010
   0.04874
   0.04725
   0.04606
   0.04475
   0.04332
   0.04205
   0.04100
   0.03976
   0.03862
   0.03758
   0.03657
   0.03500
   0.03381
   0.03290
   0.03218
   0.03165
   0.03103
   0.02979
   0.02875
   0.02724
   0.02606
   0.02514
   0.02443
   0.02368
   0.02300
   0.02222
   0.02175
   0.02123
   0.02074
   0.02028
   0.01961
   0.01921
   0.01877
   0.01813
   0.01662
   0.01789
   0.01708
   0.01649
   0.01585
   0.01538
   0.01485
   0.01463
   0.01440
   0.01395
   0.01342
   0.01333
   0.01288
   0.01244
   0.01204
   0.01156
   0.01137
   0.01091
   0.00864
   0.01128
   0.01145
   0.01271
   0.01396
   0.01364
   0.01391
   0.00714
   0.01431
   0.00686
   0.01427
   0.01416
   0.00932
   0.01200
   0.01154
   0.00646
   3.96257
   0.80087
   0.53592
   0.50421
   0.49937
   0.49860
   0.49847
   0.49844
   0.49844
   0.49844
   0.49844
   0.49844
   0.49845
   0.49845
   0.49846
   0.49846
   0.49847
   0.49847
   0.49848
   0.49848
   0.49849
   0.49849
   0.49850
   0.49850
   0.49851
   0.49851
   0.49852
   0.49852
   0.49853
   0.49853
   0.49854
   0.49854
   0.49855
   0.49855
   0.49856
   0.49856
   0.49857
   0.49857
   0.49858
   0.49858
   0.49859
   0.49859
   0.49860
   0.49860
   0.49861
   0.49861
   0.49862
   0.49862
   0.49863
   0.49863
   0.49864
   0.49864
   0.49865
   0.49865
   0.49866
   0.49866
   0.49867
   0.49867
   0.49868
   0.49868
   0.49869
   0.49869
   0.49870
   0.49870
   0.49871
   0.49871
   0.49872
   0.49872
   0.49873
   0.49873
   0.49874
   0.49874
   0.49875
   0.49875
   0.49876
   0.49876
   0.49877
   0.49877
   0.49878
   0.49878
   0.49879
   0.49879
   0.49880
   0.49880
   0.49881
   0.49881
   0.49882
   0.49882
   0.49883
   0.49883
   0.49884
   0.49884
   0.49885
   0.49885
   0.49886
   0.49886
   0.49887
   0.49887
   0.49888
   0.49888
   0.49889
   0.49889
   0.49890
   0.49890
   0.49891
   0.49891
   0.49892
   0.49892
   0.49893
   0.49893
   0.49894
   0.49894
   0.49895
   0.49895
   0.49896
   0.49896
   0.49897
   0.49897
   0.49898
   0.49898
   0.49899
   0.49899
   0.49900
   0.49900
   0.49901
   0.49901
   0.49902
   0.49902
   0.49903
   0.49903
   0.49904
   0.49904
   0.49905
   0.49905
   0.49906
   0.49906
   0.49907
   0.49907
   0.49908
   0.49908
   0.49909
   0.49910
   0.49910
   0.49911
   0.49911
   0.49912
   0.49912
   0.49913
   0.49913
   0.49914
   0.49914
   0.49915
   0.49915
   0.49916
   0.49916
   0.49917
   0.49917
   0.49918
   0.49923
   0.49935
   0.49937
   0.49938
   0.49938
   0.49938
   0.49939
   0.49939
   0.49940
   0.49940
   0.49940
   0.49941
   0.49941
   0.49942
   0.49942
   0.49942
   0.49943
   0.49943
   0.49944
   0.49944
   0.49944
   0.49945
   0.49945
   0.49946
   0.49946
   0.49946
   0.49947
   0.49947
   0.49948
   0.49948
   0.49948
   0.49949
   0.49949
   0.49949
   0.49950
   0.49950
   0.49951
   0.49951
   0.49951
   0.49952
   0.49952
   0.49953
   0.49953
   0.49953
   0.49954
   0.49954
   0.49955
   0.49955
   0.49955
   0.49956
   0.49956
   0.49957
   0.49957
   0.49957
   0.49958
   0.49958
   0.49959
   0.49959
   0.49959
   0.49960
   0.49960
   0.49961
   0.49961
   0.49961
   0.49962
   0.49962
   0.49963
   0.49963
   0.49963
   0.49964
   0.49964
   0.49965
   0.49965
   0.49966
   0.49966
   0.49966
   0.49967
   0.49967
   0.49968
   0.49968
   0.49968
   0.49969
   0.49969
   0.49970
   0.49970
   0.49970
   0.49971
   0.49971
   0.49972
   0.49972
   0.49972
   0.49973
   0.49973
   0.49974
   0.49974
   0.49975
   0.49975
   0.49975
   0.49976
   0.49976
   0.49977
   0.49977
   0.49978
   0.49978
   0.49978
   0.49979
   0.49979
   0.49980
   0.49980
   0.49981
   0.49981
   0.49981
   0.49982
   0.49982
   0.49983
   0.49983
   0.49984
   0.49984
   0.49984
   0.49985
   0.49985
   0.49986
   0.49986
   0.49987
   0.49987
   0.49988
   0.49988
   0.49989
   0.49989
   0.49990
   0.49990
   0.49991
   0.49992
   0.49992
   0.49993
   0.49993
   0.49993
   0.49994
   0.49994
   0.49994
   0.49995
   0.49995
   0.49996
   0.49996
   0.49996
   0.49997
   0.49997
   0.49998
   0.49998
   0.49998
   0.49999
   0.49999
   0.50000
   0.50000
   0.50001
   0.50001
   0.50001
   0.50002
   0.50002
   0.50003
   0.50003
   0.50003
   0.50004
   0.50006
   0.50013
   0.50015
   0.50016
   0.50016
   0.50016
   0.50016
   0.50017
   0.50017
   0.50017
   0.50018
   0.50018
   0.50018
   0.50019
   0.50019
   0.50019
   0.50020
   0.50020
   0.50020
   0.50020
   0.50021
   0.50021
   0.50021
   0.50022
   0.50022
   0.50022
   0.50023
   0.50023
   0.50023
   0.50023
   0.50024
   0.50024
   0.50024
   0.50025
   0.50025
   0.50025
   0.50026
   0.50026
   0.50026
   0.50027
   0.50027
   0.50027
   0.50027
   0.50028
   0.50028
   0.50028
   0.50029
   0.50029
   0.50029
   0.50030
   0.50030
   0.50030
   0.50031
   0.50031
   0.50031
   0.50031
   0.50032
   0.50032
   0.50032
   0.50033
   0.50033
   0.50033
   0.50034
   0.50034
   0.50034
   0.50035
   0.50035
   0.50035
   0.50036
   0.50036
   0.50036
   0.50036
   0.50037
   0.50037
   0.50037
   0.50038
   0.50038
   0.50038
   0.50039
   0.50039
   0.50039
   0.50040
   0.50040
   0.50040
   0.50041
   0.50041
   0.50041
   0.50042
   0.50042
   0.50042
   0.50042
   0.50043
   0.50043
   0.50043
   0.50044
   0.50044
   0.50044
   0.50045
   0.50045
   0.50045
   0.50046
   0.50046
   0.50046
   0.50047
   0.50047
   0.50047
   0.50048
   0.50048
   0.50048
   0.50049
   0.50049
   0.50049
   0.50050
   0.50050
   0.50050
   0.50051
   0.50051
   0.50051
   0.50052
   0.50052
   0.50053
   0.50053
   0.50053
   0.50054
   0.50054
   0.50054
   0.50055
   0.50055
   0.50055
   0.50056
   0.50056
   0.50056
   0.50057
   0.50058
   0.50061
   0.50062
   0.50063
   0.50063
   0.50063
   0.50063
   0.50064
   0.50064
   0.50064
   0.50064
   0.50065
   0.50065
   0.50065
   0.50065
   0.50066
   0.50066
   0.50066
   0.50066
   0.50067
   0.50067
   0.50067
   0.50067
   0.50068
   0.50068
   0.50068
   0.50069
   0.50069
   0.50069
   0.50069
   0.50070
   0.50070
   0.50070
   0.50070
   0.50071
   0.50071
   0.50071
   0.50071
   0.50072
   0.50072
   0.50072
   0.50072
   0.50073
   0.50073
   0.50073
   0.50073
   0.50074
   0.50074
   0.50074
   0.50074
   0.50075
   0.50075
   0.50075
   0.50075
   0.50076
   0.50076
   0.50076
   0.50077
   0.50077
   0.50077
   0.50077
   0.50078
   0.50078
   0.50078
   0.50078
   0.50079
   0.50079
   0.50079
   0.50079
   0.50080
   0.50080
   0.50080
   0.50081
   0.50081
   0.50081
   0.50081
   0.50082
   0.50082
   0.50082
   0.50082
   0.50083
   0.50083
   0.50083
   0.50083
   0.50084
   0.50084
   0.50084
   0.50084
   0.50085
   0.50085
   0.50085
   0.50086
   0.50086
   0.50086
   0.50086
   0.50087
   0.50087
   0.50087
   0.50087
   0.50088
   0.50088
   0.50088
   0.50089
   0.50089
   0.50089
   0.50089
   0.50090
   0.50090
   0.50090
   0.50090
   0.50091
   0.50091
   0.50091
   0.50092
   0.50092
   0.50092
   0.50092
   0.50093
   0.50093
   0.50093
   0.50093
   0.50094
   0.50094
   0.50094
   0.50095
   0.50095
   0.50095
   0.50095
   0.50096
   0.50096
   0.50096
   0.50097
   0.50097
   0.50097
   0.50097
   0.50098
   0.50098
   0.50098
   0.50099
   0.50099
   0.50099
   0.50099
   0.50100
   0.50100
   0.50100
   0.50101
   0.50101
   0.50101
   0.50101
   0.50102
   0.50102
   0.50102
   0.50103
   0.50103
   0.50103
   0.50103
   0.50104
   0.50104
   0.50104
   0.50105
   0.50105
   0.50105
   0.50106
   0.50106
   0.50106
   0.50106
   0.50107
   0.50107
   0.50107
   0.50108
   0.50108
   0.50108
   0.50108
   0.50109
   0.50109
   0.50109
   0.50110
   0.50110
   0.50110
   0.50111
   0.50111
   0.50111
   0.50112
   0.50112
   0.50112
   0.50113
   0.50113
   0.50113
   0.50113
   0.50114
   0.50114
   0.50114
   0.50115
   0.50115
   0.50115
   0.50116
   0.50116
   0.50116
   0.50117
   0.50117
   0.50117
   0.50118
   0.50118
   0.50118
   0.50119
   0.50119
   0.50119
   0.50120
   0.50120
   0.50120
   0.50121
   0.50121
   0.50121
   0.50122
   0.50126
   0.50127
   0.50127
   0.50127
   0.50128
   0.50128
   0.50128
   0.50129
   0.50129
   0.50129
   0.50129
   0.50130
   0.50130
   0.50130
   0.50130
   0.50134
   0.50135
   0.50135
   0.50136
   0.50136
   0.50136
   0.50136
   0.50136
   0.50136
   0.50137
   0.50137
   0.50137
   0.50137
   0.50137
   0.50138
   0.50138
   0.50138
   0.50138
   0.50138
   0.50138
   0.50139
   0.50139
   0.50139
   0.50139
   0.50139
   0.50139
   0.50140
   0.50140
   0.50140
   0.50140
   0.50140
   0.50141
   0.50141
   0.50141
   0.50141
   0.50141
   0.50141
   0.50142
   0.50142
   0.50142
   0.50142
   0.50142
   0.50142
   0.50143
   0.50143
   0.50143
   0.50143
   0.50143
   0.50144
   0.50144
   0.50144
   0.50144
   0.50144
   0.50144
   0.50145
   0.50145
   0.50145
   0.50145
   0.50145
   0.50145
   0.50146
   0.50146
   0.50146
   0.50146
   0.50146
   0.50147
   0.50147
   0.50147
   0.50147
   0.50147
   0.50147
   0.50148
   0.50148
   0.50148
   0.50148
   0.50148
   0.50149
   0.50149
   0.50149
   0.50149
   0.50149
   0.50149
   0.50150
   0.50150
   0.50150
   0.50150
   0.50150
   0.50151
   0.50151
   0.50151
   0.50151
   0.50151
   0.50151
   0.50152
   0.50152
   0.50152
   0.50152
   0.50152
   0.50153
   0.50153
   0.50153
   0.50153
   0.50153
   0.50153
   0.50154
   0.50154
   0.50154
   0.50154
   0.50154
   0.50155
   0.50155
   0.50155
   0.50155
   0.50155
   0.50155
   0.50156
   0.50156
   0.50156
   0.50156
   0.50156
   0.50157
   0.50157
   0.50157
   0.50157
   0.50157
   0.50157
   0.50158
   0.50158
   0.50158
   0.50158
   0.50158
   0.50159
   0.50159
   0.50159
   0.50159
   0.50159
   0.50160
   0.50160
   0.50160
   0.50160
   0.50160
   0.50160
   0.50161
   0.50161
   0.50161
   0.50161
   0.50161
   0.50162
   0.50162
   0.50162
   0.50162
   0.50162
   0.50163
   0.50163
   0.50163
   0.50163
   0.50163
   0.50164
   0.50164
   0.50164
