   0.66482
   0.65349
   0.65120
   0.65653
   0.65394
   0.65217
   0.65161
   0.65065
   0.64904
   0.64837
   0.64772
   0.64570
   0.64510
   0.64496
   0.64413
   0.64357
   0.64213
   0.64197
   0.64112
   0.64025
   0.63935
   0.63848
   0.63750
   0.63624
   0.63575
   0.63437
   0.63388
   0.63275
   0.63038
   0.62351
   0.61688
   0.61690
   0.61805
   0.61946
   0.62082
   0.62049
   0.61945
   0.61918
   0.61787
   0.61673
   0.61657
   0.61312
   0.61339
   0.61023
   0.61031
   0.60811
   0.60819
   0.60575
   0.60189
   0.60244
   0.59991
   0.59632
   0.59641
   0.59445
   0.59201
   0.58887
   0.58726
   0.58502
   0.58294
   0.58051
   0.57856
   0.57555
   0.57292
   0.56980
   0.56828
   0.56501
   0.56303
   0.56160
   0.55862
   0.55499
   0.55324
   0.55107
   0.54748
   0.54472
   0.54037
   0.53631
   0.53248
   0.52817
   0.52361
   0.51904
   0.51442
   0.51046
   0.49286
   0.48283
   0.48358
   0.48190
   0.47428
   0.46733
   0.46139
   0.45570
   0.45001
   0.44426
   0.43849
   0.43269
   0.42701
   0.42139
   0.41576
   0.41025
   0.40459
   0.39904
   0.39275
   0.38809
   0.38372
   0.37900
   0.37358
   0.36842
   0.36342
   0.35853
   0.35377
   0.34927
   0.34478
   0.34058
   0.33633
   0.33251
   0.32926
   0.32582
   0.32282
   0.31976
   0.31751
   0.31524
   0.31325
   0.31225
   0.31018
   0.30786
   0.30528
   0.30221
   0.29849
   0.29366
   0.28824
   0.28235
   0.27627
   0.27042
   0.26448
   0.25913
   0.25358
   0.24865
   0.24379
   0.23909
   0.23454
   0.23014
   0.22558
   0.22154
   0.21696
   0.21303
   0.20861
   0.20475
   0.20037
   0.19639
   0.19242
   0.18832
   0.18428
   0.18031
   0.17647
   0.17270
   0.16898
   0.16524
   0.16162
   0.15813
   0.15460
   0.15099
   0.14775
   0.14444
   0.14122
   0.13806
   0.13499
   0.13195
   0.12898
   0.12607
   0.12330
   0.12046
   0.11768
   0.11509
   0.11259
   0.11010
   0.10759
   0.10523
   0.10279
   0.10049
   0.09821
   0.09605
   0.09390
   0.09176
   0.08967
   0.08768
   0.08569
   0.08378
   0.08189
   0.08005
   0.07826
   0.07649
   0.07481
   0.07310
   0.07150
   0.06992
   0.06832
   0.06681
   0.06535
   0.06385
   0.06245
   0.06107
   0.05971
   0.05838
   0.05711
   0.05581
   0.05459
   0.05339
   0.05221
   0.05108
   0.04997
   0.04886
   0.04780
   0.04675
   0.04572
   0.04471
   0.04376
   0.04279
   0.04186
   0.04092
   0.04006
   0.03918
   0.03835
   0.03751
   0.03669
   0.03587
   0.03504
   0.03426
   0.03352
   0.03284
   0.03217
   0.03156
   0.03091
   0.03026
   0.02962
   0.02898
   0.02829
   0.02763
   0.02702
   0.02634
   0.02574
   0.02517
   0.02459
   0.02402
   0.02347
   0.02290
   0.02234
   0.02186
   0.02131
   0.02084
   0.02031
   0.01989
   0.01940
   0.01894
   0.01851
   0.01806
   0.01760
   0.01722
   0.01678
   0.01638
   0.01603
   0.01563
   0.01526
   0.01487
   0.01447
   0.01416
   0.01379
   0.01342
   0.01310
   0.01279
   0.01247
   0.01216
   0.01188
   0.01155
   0.01127
   0.01099
   0.01073
   0.01046
   0.01020
   0.00994
   0.00970
   0.00945
   0.00921
   0.00898
   0.00876
   0.00854
   0.00833
   0.00812
   0.00792
   0.00772
   0.00754
   0.00736
   0.00718
   0.00697
   0.00680
   0.00663
   0.00647
   0.00631
   0.00616
   0.00601
   0.00587
   0.00573
   0.00558
   0.00545
   0.00532
   0.00518
   0.00507
   0.00494
   0.00482
   0.00470
   0.00459
   0.00448
   0.00437
   0.00426
   0.00416
   0.00406
   0.00396
   0.00386
   0.00377
   0.00368
   0.00359
   0.00350
   0.00341
   0.00333
   0.00325
   0.00317
   0.00309
   0.00302
   0.00294
   0.00287
   0.00280
   0.00273
   0.00266
   0.00260
   0.00253
   0.00247
   0.00241
   0.00235
   0.00229
   0.00224
   0.00218
   0.00213
   0.00207
   0.00203
   0.00197
   0.00192
   0.00188
   0.00183
   0.00178
   0.00174
   0.00170
   0.00166
   0.00162
   0.00158
   0.00154
   0.00150
   0.00146
   0.00142
   0.00139
   0.00135
   0.00131
   0.00127
   0.00124
   0.00121
   0.00118
   0.00115
   0.00112
   0.00109
   0.00106
   0.00103
   0.00101
   0.00098
   0.00095
   0.00093
   0.00091
   0.00088
   0.00086
   0.00083
   0.00081
   0.00079
   0.00077
   0.00075
   0.00073
   0.00071
   0.00069
   0.00068
   0.00066
   0.00064
   0.00063
   0.00061
   0.00060
   0.00058
   0.00057
   0.00055
   0.00054
   0.00052
   0.00051
   0.00050
   0.00049
   0.00047
   0.00046
   0.00045
   0.00044
   0.00042
   0.00041
   0.00040
   0.00039
   0.00038
   0.00037
   0.00036
   0.00035
   0.00034
   0.00033
   0.00032
   0.00032
   0.00036
   0.06728
   0.00922
   0.00909
   0.00102
   0.00083
   0.00082
   0.00083
   0.00082
   0.00081
   0.00080
   0.00078
   0.00077
   0.00075
   0.00074
   0.00072
   0.00071
   0.00069
   0.00068
   0.00067
   0.00066
   0.00064
   0.00063
   0.00062
   0.00061
   0.00060
   0.00059
   0.00058
   0.00057
   0.00056
   0.00055
   0.00054
   0.00053
   0.00053
   0.00052
   0.00051
   0.00050
   0.00050
   0.00049
   0.00048
   0.00048
   0.00047
   0.00046
   0.00046
   0.00045
   0.00044
   0.00044
   0.00043
   0.00043
   0.00042
   0.00041
   0.00041
   0.00040
   0.00040
   0.00039
   0.00039
   0.00038
   0.00038
   0.00037
   0.00037
   0.00036
   0.00036
   0.00036
   0.00035
   0.00035
   0.00034
   0.00034
   0.00033
   0.00033
   0.00033
   0.00032
   0.00032
   0.00031
   0.00031
   0.00031
   0.00030
   0.00030
   0.00030
   0.00029
   0.00029
   0.00029
   0.00028
   0.00028
   0.00028
   0.00027
   0.00027
   0.00026
