   0.64921
   0.64596
   0.65708
   0.66703
   0.66465
   0.66144
   0.66036
   0.65785
   0.65325
   0.65240
   0.65309
   0.65263
   0.65129
   0.65055
   0.64963
   0.64905
   0.64814
   0.64684
   0.64540
   0.64537
   0.64314
   0.64414
   0.64304
   0.64193
   0.63945
   0.64018
   0.63894
   0.63809
   0.63493
   0.63649
   0.63514
   0.63446
   0.63228
   0.63193
   0.63040
   0.62975
   0.62646
   0.61446
   0.60616
   0.60496
   0.60318
   0.60218
   0.60217
   0.60188
   0.60063
   0.60013
   0.59909
   0.59990
   0.59940
   0.59492
   0.59476
   0.59357
   0.59386
   0.58930
   0.58717
   0.58678
   0.58607
   0.58382
   0.58240
   0.57983
   0.57423
   0.57167
   0.56831
   0.56629
   0.56263
   0.55981
   0.55673
   0.55227
   0.54697
   0.54269
   0.53884
   0.53483
   0.53077
   0.52666
   0.52250
   0.51829
   0.51407
   0.50978
   0.50542
   0.50107
   0.49667
   0.49225
   0.48780
   0.48331
   0.47872
   0.47421
   0.46956
   0.46498
   0.46040
   0.45576
   0.45117
   0.44664
   0.44208
   0.43758
   0.43301
   0.42845
   0.42395
   0.41954
   0.41515
   0.41082
   0.40649
   0.40225
   0.39802
   0.39386
   0.38975
   0.38568
   0.38167
   0.37772
   0.37383
   0.37000
   0.36625
   0.36255
   0.35891
   0.35536
   0.35186
   0.34842
   0.34506
   0.34173
   0.33853
   0.33529
   0.33246
   0.32923
   0.32628
   0.32402
   0.32082
   0.31803
   0.31593
   0.31319
   0.31084
   0.30840
   0.30618
   0.30452
   0.30223
   0.30028
   0.29837
   0.29638
   0.29437
   0.29253
   0.29055
   0.28865
   0.28651
   0.28407
   0.28134
   0.27860
   0.27570
   0.27246
   0.26918
   0.26571
   0.26253
   0.25856
   0.25551
   0.25091
   0.24763
   0.24402
   0.24088
   0.23735
   0.23399
   0.23061
   0.22740
   0.22414
   0.22098
   0.21765
   0.21449
   0.21132
   0.20797
   0.20504
   0.20169
   0.19870
   0.19552
   0.19259
   0.18983
   0.18682
   0.18368
   0.18044
   0.17741
   0.17441
   0.17110
   0.16841
   0.16516
   0.16264
   0.15985
   0.15657
   0.15412
   0.15088
   0.14849
   0.14531
   0.14307
   0.13977
   0.13757
   0.13491
   0.13179
   0.12992
   0.12704
   0.12458
   0.12240
   0.11982
   0.11754
   0.11511
   0.11289
   0.11067
   0.10853
   0.10639
   0.10422
   0.10217
   0.10014
   0.09817
   0.09650
   0.09420
   0.09239
   0.09050
   0.08878
   0.08687
   0.08524
   0.08332
   0.08175
   0.08014
   0.07837
   0.07682
   0.07516
   0.07364
   0.07216
   0.07067
   0.06919
   0.06776
   0.06634
   0.06500
   0.06363
   0.06231
   0.06099
   0.05973
   0.05848
   0.05722
   0.05607
   0.05486
   0.05371
   0.05270
   0.05143
   0.05051
   0.04926
   0.04841
   0.04722
   0.04631
   0.04522
   0.04437
   0.04344
   0.04239
   0.04160
   0.04072
   0.03984
   0.03898
   0.03814
   0.03733
   0.03655
   0.03571
   0.03498
   0.03418
   0.03347
   0.03272
   0.03204
   0.03134
   0.03065
   0.02999
   0.02933
   0.02870
   0.02807
   0.02747
   0.02688
   0.02631
   0.02575
   0.02519
   0.02467
   0.02414
   0.02363
   0.02311
   0.02261
   0.02213
   0.02166
   0.02119
   0.02074
   0.02030
   0.01987
   0.01943
   0.01904
   0.01862
   0.01822
   0.01782
   0.01746
   0.01709
   0.01674
   0.01639
   0.01606
   0.01572
   0.01540
   0.01508
   0.01477
   0.01447
   0.01419
   0.01389
   0.01362
   0.01336
   0.01309
   0.01281
   0.01257
   0.01232
   0.01208
   0.01186
   0.01162
   0.01139
   0.01117
   0.01096
   0.01076
   0.01055
   0.01035
   0.01016
   0.00997
   0.00978
   0.00960
   0.00942
   0.00925
   0.00908
   0.00891
   0.00874
   0.00858
   0.00841
   0.00825
   0.00809
   0.00794
   0.00778
   0.00763
   0.00748
   0.00734
   0.00719
   0.00704
   0.00690
   0.00676
   0.00663
   0.00649
   0.00636
   0.00624
   0.00611
   0.00599
   0.00587
   0.00575
   0.00563
   0.00552
   0.00541
   0.00530
   0.00519
   0.00508
   0.00498
   0.00488
   0.00477
   0.00468
   0.00458
   0.00448
   0.00439
   0.00430
   0.00421
   0.00412
   0.00403
   0.00394
   0.00385
   0.00376
   0.00368
   0.00360
   0.00352
   0.00344
   0.00337
   0.00329
   0.00321
   0.00313
   0.00305
   0.00298
   0.00291
   0.00284
   0.00278
   0.00272
   0.00266
   0.00260
   0.00255
   0.00249
   0.00243
   0.00238
   0.00232
   0.00227
   0.00222
   0.00217
   0.00212
   0.00207
   0.00203
   0.00198
   0.00194
   0.00190
   0.00185
   0.00181
   0.00177
   0.00173
   0.00170
   0.00166
   0.00162
   0.00159
   0.00156
   0.00152
   0.00149
   0.00146
   0.00143
   0.00140
   0.00137
   0.00134
   0.00132
   0.00129
   0.00127
   0.00125
   0.00122
   0.00120
   0.00118
   0.00116
   0.00114
   0.00113
   0.00112
   0.00111
   0.00111
   0.00110
   0.00111
   0.00112
   0.00114
   0.00117
   0.00120
   0.00122
   0.00124
   0.00126
   0.00131
   0.00113
   0.00078
   0.00073
   0.00071
   0.00070
   0.00068
   0.00067
   0.00065
   0.00064
   0.00063
   0.00061
   0.00060
   0.00059
   0.00058
   0.00057
   0.00055
   0.00054
   0.00053
   0.00052
   0.00051
   0.00050
   0.00049
   0.00048
   0.00047
   0.00046
   0.00045
   0.00044
   0.00043
   0.00042
   0.00042
   0.00041
   0.00040
   0.00039
   0.00038
   0.00037
   0.00037
   0.00036
   0.00035
   0.00035
   0.00034
   0.00033
   0.00033
   0.00032
   0.00031
   0.00031
   0.00030
   0.00029
   0.00029
   0.00028
   0.00027
   0.00027
   0.00026
   0.00026
   0.00025
   0.00025
   0.00024
   0.00024
   0.00023
   0.00023
   0.00023
   0.00022
   0.00021
   0.00021
   0.00020
   0.00020
   0.00020
   0.00019
   0.00019
