   0.70004
   0.70459
   0.72615
   0.72380
   0.71918
   0.73704
   0.73537
   0.72262
   0.72852
   0.72530
   0.73032
   0.72888
   0.72887
   0.73001
   0.73181
   0.73483
   0.73279
   0.73936
   0.74088
   0.74225
   0.74731
   0.74502
   0.74831
   0.75159
   0.73328
   0.72622
   0.72719
   0.72709
   0.72849
   0.72774
   0.73048
   0.73290
   0.73461
   0.73649
   0.73909
   0.74186
   0.74476
   0.74810
   0.75183
   0.75585
   0.76026
   0.76516
   0.77042
   0.77601
   0.78175
   0.78769
   0.79371
   0.79978
   0.80586
   0.81209
   0.81821
   0.82459
   0.83105
   0.83765
   0.84462
   0.85150
   0.85819
   0.86547
   0.87301
   0.88091
   0.88878
   0.89683
   0.90495
   0.91318
   0.92139
   0.92965
   0.93791
   0.94629
   0.95480
   0.96336
   0.97178
   0.98032
   0.98917
   0.99771
   1.00661
   1.01525
   1.02391
   1.03269
   1.04155
   1.05077
   1.06009
   1.06900
   1.07805
   1.08751
   1.09700
   1.10642
   1.11596
   1.12554
   1.13530
   1.14546
   1.15588
   1.16631
   1.17643
   1.18676
   1.19746
   1.20805
   1.21887
   1.23011
   1.24137
   1.25267
   1.26435
   1.27611
   1.28801
   1.29985
   1.31192
   1.32396
   1.33581
   1.34752
   1.35863
   1.36944
   1.37979
   1.38966
   1.39909
   1.40755
   1.41525
   1.42202
   1.42797
   1.43250
   1.43578
   1.43745
   1.43743
   1.43525
   1.43122
   1.42500
   1.41643
   1.40469
   1.38990
   1.37333
   1.35401
   1.33301
   1.30914
   1.28385
   1.25647
   1.22783
   1.19778
   1.16641
   1.13432
   1.10178
   1.06750
   1.03228
   0.99727
   0.96211
   0.92712
   0.89261
   0.85817
   0.82447
   0.79159
   0.75933
   0.72680
   0.69537
   0.66452
   0.63453
   0.60464
   0.57543
   0.54804
   0.52092
   0.49503
   0.46974
   0.44548
   0.42199
   0.39940
   0.37757
   0.35662
   0.33679
   0.31767
   0.29966
   0.28256
   0.26628
   0.25106
   0.23673
   0.22332
   0.21084
   0.19946
   0.18919
   0.18021
   0.17251
   0.16602
   0.16067
   0.15600
   0.15126
   0.14593
   0.13971
   0.13223
   0.12397
   0.11680
   0.11175
   0.10854
   0.10654
   0.10481
   0.10173
   0.09810
   0.09560
   0.09135
   0.08795
   0.08855
   0.12695
   0.00934
   0.64689
   0.00943
   0.00846
   0.00845
   0.00855
   0.01765
   0.00826
   0.01698
   0.01912
   0.01691
   0.01521
   0.01496
   0.25074
   0.01539
   0.06214
   0.04096
   0.03612
   0.04588
   0.02059
   0.55227
   0.48366
   0.64323
   0.00675
   0.01422
   0.01087
   0.01595
   0.01558
   0.01169
   0.01188
   0.00651
   0.00725
   0.00817
   0.01054
   0.01264
   0.01381
   0.00972
   0.00256
   0.01045
   0.00556
   0.00589
   0.00585
   0.00771
   0.01005
   0.00342
   0.00503
   0.00580
   0.00704
   0.00834
   0.00977
   0.01282
   0.00354
   0.00408
   0.00494
   0.00453
   0.00281
   0.00273
   0.00571
   0.00321
   0.00457
   0.00477
   0.00173
   0.02543
   0.00262
   0.00951
   0.00960
   0.00246
   0.00120
   0.03494
   0.02890
   0.00267
   0.01410
   0.03762
   0.00530
   0.00308
   0.00281
   0.01314
   0.00260
   0.26278
   0.05442
   0.08854
   0.03639
   0.00207
   0.00274
   0.00468
   0.01483
   0.87463
   0.51283
   0.52508
   0.47955
   0.48854
   0.56561
   0.58136
   0.62230
   0.58729
   0.58436
   0.60585
   0.60274
   0.61571
   0.57039
   0.47795
   0.40813
   0.33877
   0.17824
   0.00407
   0.06234
   0.01528
   0.02003
   0.01597
   0.01205
   0.01071
   0.01079
   0.01168
   0.00684
   0.00592
   0.00538
   0.00654
   0.00461
   0.00318
   0.00252
   0.00168
   0.00255
   0.00181
   0.00191
   0.00144
   0.00255
   0.00211
   0.00139
   0.00153
   0.00152
   0.00136
   0.00161
   0.00220
   0.00227
   0.00113
   0.00217
   0.00174
   0.00073
   0.00077
   0.00216
   0.06454
   0.00392
   0.00095
   0.00083
   0.00187
   0.08873
   0.00195
   0.00299
   0.00197
   0.00073
   0.00292
   0.00176
   3.28057
   1.47844
   0.89143
   0.75285
   0.72491
   0.71824
   0.71662
   0.71618
   0.71606
   0.71603
   0.71603
   0.71603
   0.71603
   0.71603
   0.71603
   0.71603
   0.71603
   0.71603
   0.71603
   0.71603
   0.71603
   0.71603
   0.71603
   0.71603
   0.71603
   0.71603
   0.71603
   0.71603
   0.71603
   0.71603
   0.71603
   0.71603
   0.71603
   0.71603
   0.71603
   0.71603
   0.71603
   0.71603
   0.71603
   0.71603
   0.71603
   0.71603
   0.71603
   0.71603
   0.71603
   0.71602
   0.71602
   0.71602
   0.71602
   0.71602
   0.71602
   0.71602
   0.71602
   0.71602
   0.71602
   0.71602
   0.71602
   0.71602
   0.71602
   0.71602
   0.71602
   0.71602
   0.71602
   0.71602
   0.71602
   0.71602
   0.71602
   0.71602
   0.71602
   0.71602
   0.71602
   0.71602
   0.71602
   0.71602
   0.71602
   0.71602
   0.71602
   0.71602
   0.71602
   0.71602
   0.71602
   0.71602
   0.71602
   0.71601
   0.71601
   0.71601
   0.71601
   0.71601
   0.71601
   0.71601
   0.71601
   0.71601
   0.71601
   0.71601
   0.71601
   0.71601
   0.71601
   0.71601
   0.71601
   0.71601
   0.71601
   0.71601
   0.71601
   0.71601
   0.71601
   0.71601
   0.71601
   0.71601
   0.71601
   0.71601
   0.71601
   0.71601
   0.71601
   0.71601
   0.71601
   0.71601
   0.71601
   0.71601
   0.71601
   0.71601
   0.71601
   0.71601
   0.71601
   0.71601
   0.71601
   0.71601
   0.71601
   0.71601
   0.71601
   0.71600
   0.71600
   0.71600
   0.71600
   0.71600
   0.71600
   0.71600
   0.71600
   0.71600
   0.71600
   0.71600
   0.71600
   0.71600
   0.71600
   0.71600
   0.71600
   0.71600
   0.71600
   0.71600
   0.71600
   0.71600
   0.71600
   0.71600
