   0.46806
   0.46268
   0.47199
   0.47091
   0.47459
   0.47094
   0.46318
   0.47871
   0.48456
   0.48475
   0.48473
   0.48675
   0.48523
   0.48435
   0.48366
   0.48272
   0.48174
   0.48120
   0.47965
   0.47821
   0.47131
   0.47318
   0.47102
   0.46877
   0.46599
   0.46286
   0.45839
   0.45570
   0.45375
   0.45294
   0.45275
   0.45439
   0.45844
   0.46517
   0.47402
   0.49145
   0.50987
   0.50858
   0.52547
   0.53333
   0.52393
   0.49431
   0.47355
   0.43940
   0.39597
   0.37100
   0.34910
   0.31915
   0.29064
   0.27156
   0.24827
   0.23265
   0.22028
   0.21409
   0.20329
   0.19304
   0.18362
   0.17638
   0.17028
   0.16656
   0.16309
   0.15871
   0.15540
   0.15401
   0.15160
   0.14833
   0.14727
   0.14775
   0.14636
   0.14693
   0.14688
   0.14752
   0.14747
   0.14541
   0.14758
   0.15033
   0.15160
   0.15267
   0.15908
   0.16648
   0.16934
   0.17304
   0.18067
   0.18428
   0.18708
   0.19118
   0.19343
   0.19591
   0.21197
   0.20578
   0.20475
   0.19861
   0.19821
   0.19892
   0.20445
   0.19351
   0.19802
   0.20232
   0.20364
   0.20442
   0.20603
   0.20477
   0.19834
   0.19385
   0.19342
   0.19190
   0.19030
   0.18736
   0.18890
   0.18555
   0.17987
   0.17499
   0.17192
   0.16759
   0.16656
   0.16452
   0.16040
   0.17446
   0.17166
   0.16895
   0.16780
   0.15902
   0.15821
   0.15799
   0.15767
   0.14430
   0.15385
   0.13646
   0.13363
   0.10887
   0.10933
   0.10943
   0.10496
   0.08661
   0.07818
   0.09851
   0.06958
   0.01823
   0.04524
   0.03088
   0.02933
   0.02871
   0.02997
   0.04623
   0.04224
   0.02880
   0.02708
   0.02288
   0.03566
   0.02047
   0.02471
   0.01984
   0.01003
   0.00886
   0.01878
   0.00691
   0.00736
   0.00941
   0.01229
   0.00895
   0.00412
   0.00434
   0.00382
   0.00348
   0.00159
   0.00139
   0.00146
   0.00176
   0.00200
   0.00186
   0.00159
   0.00076
   0.00071
   0.00061
   0.00504
   0.00062
   0.00069
   0.00063
   0.00066
   0.00045
   0.00061
   0.00050
   0.00059
   0.00142
   0.00120
   0.00064
   0.01589
   0.00027
   0.00029
   0.00530
   0.00551
   0.00292
   0.00345
   0.00368
   0.01890
   0.01234
   0.01102
   0.01043
   0.00983
   0.00924
   0.00866
   0.00799
   0.00752
   0.00722
   0.00691
   0.00658
   0.00614
   0.00565
   0.00521
   0.00483
   0.00451
   0.00426
   0.00394
   0.00360
   0.00327
   0.00298
   0.00272
   0.00252
   0.00231
   0.00209
   0.00181
   0.00063
   0.00090
   0.00107
   0.00102
   0.00043
   0.00042
   0.50992
   0.00053
   0.00041
   0.00064
   0.00133
   0.00039
   0.00022
   0.00026
   0.00027
   0.00023
   0.00020
   0.00029
   0.22416
   0.00024
   0.10736
   0.00021
   0.17198
   0.00023
   0.00090
   0.00005
   0.00027
   4.48509
   3.01511
   1.96129
   1.27229
   0.92802
   0.73751
   0.63269
   0.58432
   0.55467
   0.53626
   0.52474
   0.51748
   0.51287
   0.50993
   0.50806
   0.50686
   0.50609
   0.50559
   0.50528
   0.50507
   0.50494
   0.50351
   0.50391
   0.50419
   0.50440
   0.50454
   0.50465
   0.50473
   0.50478
   0.50482
   0.50485
   0.50487
   0.50488
   0.50489
   0.50490
   0.50491
   0.50491
   0.50491
   0.50491
   0.50492
   0.50492
   0.50492
   0.50492
   0.50492
   0.50492
   0.50492
   0.50492
   0.50492
   0.50492
   0.50492
   0.50492
   0.50492
   0.50492
   0.50492
   0.50492
   0.50492
   0.50492
   0.50492
   0.50492
   0.50492
   0.50492
   0.50492
   0.50492
   0.50492
   0.50492
   0.50492
   0.50492
   0.50492
   0.50492
   0.50492
   0.50492
   0.50493
   0.50493
   0.50493
   0.50493
   0.50493
   0.50493
   0.50493
   0.50493
   0.50493
   0.50493
   0.50493
   0.50493
   0.50493
   0.50493
   0.50493
   0.50493
   0.50493
   0.50493
   0.50493
   0.50493
   0.50493
   0.50493
   0.50493
   0.50493
   0.50493
   0.50493
   0.50493
   0.50493
   0.50493
   0.50493
   0.50493
   0.50493
   0.50493
   0.50493
   0.50493
   0.50493
   0.50493
   0.50493
   0.50493
   0.50493
   0.50493
   0.50493
   0.50493
   0.50493
   0.50493
   0.50493
   0.50493
   0.50493
   0.50493
   0.50493
   0.50493
   0.50493
   0.50493
   0.50493
   0.50493
   0.50493
   0.50493
   0.50493
   0.50494
   0.50494
   0.50494
   0.50494
   0.50494
   0.50494
   0.50494
   0.50494
   0.50494
   0.50494
   0.50494
   0.50494
   0.50494
   0.50494
   0.50494
   0.50494
   0.50494
   0.50494
   0.50494
   0.50494
   0.50494
   0.50494
   0.50494
   0.50494
   0.50494
   0.50494
   0.50494
   0.50494
   0.50494
   0.50494
   0.50494
   0.50494
   0.50494
   0.50494
   0.50494
   0.50494
   0.50494
   0.50494
   0.50494
   0.50494
   0.50494
   0.50494
   0.50494
   0.50494
   0.50494
   0.50494
   0.50494
   0.50494
   0.50494
   0.50494
   0.50494
   0.50494
   0.50494
   0.50494
   0.50494
   0.50494
   0.50494
   0.50494
   0.50494
   0.50495
   0.50495
   0.50495
   0.50495
   0.50495
   0.50495
   0.50495
   0.50495
   0.50495
   0.50495
   0.50495
   0.50495
   0.50495
   0.50495
   0.50495
   0.50495
   0.50495
   0.50495
   0.50495
   0.50495
   0.50495
   0.50495
   0.50495
   0.50495
   0.50495
   0.50495
   0.50495
   0.50495
   0.50495
   0.50495
   0.50495
   0.50495
   0.50495
   0.50495
   0.50495
   0.50495
   0.50495
   0.50495
   0.50495
   0.50495
   0.50495
   0.50495
   0.50495
   0.50495
   0.50495
   0.50495
   0.50495
   0.50495
   0.50495
   0.50495
   0.50495
   0.50495
   0.50495
   0.50495
   0.50495
   0.50495
   0.50495
   0.50495
   0.50495
   0.50495
   0.50495
   0.50495
   0.50495
   0.50495
   0.50495
   0.50495
   0.50495
   0.50495
   0.50496
   0.50496
   0.50496
   0.50496
   0.50496
   0.50496
   0.50496
   0.50496
   0.50496
   0.50496
   0.50496
   0.50496
   0.50496
   0.50496
   0.50496
   0.50496
   0.50496
   0.50496
   0.50496
   0.50496
   0.50496
   0.50496
   0.50496
   0.50496
   0.50496
   0.50496
   0.50496
   0.50496
   0.50496
   0.50496
   0.50496
   0.50496
   0.50496
   0.50496
   0.50496
   0.50496
   0.50496
   0.50496
   0.50496
   0.50496
   0.50496
   0.50496
   0.50496
   0.50496
   0.50496
   0.50496
   0.50496
   0.50496
   0.50496
   0.50496
   0.50496
   0.50496
   0.50496
   0.50496
   0.50496
   0.50496
   0.50496
   0.50496
   0.50496
   0.50496
   0.50496
   0.50496
   0.50496
   0.50496
   0.50497
   0.50497
   0.50497
   0.50497
   0.50497
   0.50497
   0.50497
   0.50497
   0.50497
   0.50497
   0.50497
   0.50497
   0.50497
   0.50497
   0.50497
   0.50497
   0.50497
   0.50497
   0.50497
   0.50497
   0.50497
   0.50497
   0.50497
   0.50497
   0.50497
   0.50497
   0.50497
   0.50497
   0.50497
   0.50497
   0.50497
   0.50497
   0.50497
   0.50497
   0.50497
   0.50497
   0.50497
   0.50497
   0.50497
   0.50497
   0.50497
   0.50497
   0.50497
   0.50497
   0.50497
   0.50497
   0.50497
   0.50497
   0.50497
   0.50497
   0.50497
   0.50497
   0.50497
   0.50497
   0.50497
   0.50497
   0.50497
   0.50497
   0.50497
   0.50497
   0.50497
   0.50497
   0.50497
   0.50497
   0.50497
   0.50497
   0.50497
   0.50498
   0.50498
   0.50498
   0.50498
   0.50498
   0.50498
   0.50498
   0.50498
   0.50498
   0.50498
   0.50498
   0.50498
   0.50498
   0.50498
   0.50498
   0.50498
   0.50498
   0.50498
   0.50498
   0.50498
   0.50498
   0.50498
   0.50498
   0.50498
   0.50498
   0.50498
   0.50498
   0.50498
   0.50498
   0.50498
   0.50498
   0.50498
   0.50498
   0.50498
   0.50498
   0.50498
   0.50498
   0.50498
   0.50498
   0.50498
   0.50498
   0.50498
   0.50498
   0.50498
   0.50498
   0.50498
   0.50498
   0.50498
   0.50498
   0.50498
   0.50498
   0.50498
   0.50498
   0.50498
   0.50498
   0.50498
   0.50498
   0.50498
   0.50498
   0.50498
   0.50498
   0.50498
   0.50498
   0.50498
   0.50498
   0.50498
   0.50498
   0.50498
   0.50498
   0.50498
   0.50499
   0.50499
   0.50499
   0.50499
   0.50499
   0.50499
   0.50499
   0.50499
   0.50499
   0.50499
   0.50499
   0.50499
   0.50499
   0.50499
   0.50499
   0.50499
   0.50499
   0.50499
   0.50499
   0.50499
   0.50499
   0.50499
   0.50499
   0.50499
   0.50499
   0.50499
   0.50499
   0.50499
   0.50499
   0.50499
   0.50499
   0.50499
   0.50499
   0.50499
   0.50499
   0.50499
   0.50499
   0.50499
   0.50499
   0.50499
   0.50499
   0.50499
   0.50499
   0.50499
   0.50499
   0.50499
   0.50499
   0.50499
   0.50499
   0.50499
   0.50499
   0.50499
   0.50499
   0.50499
   0.50499
   0.50499
   0.50499
   0.50499
   0.50499
   0.50499
   0.50499
   0.50499
   0.50499
   0.50499
   0.50499
   0.50499
   0.50499
   0.50499
   0.50499
   0.50499
   0.50499
   0.50499
   0.50499
   0.50500
   0.50500
   0.50500
   0.50500
   0.50500
   0.50500
   0.50500
   0.50500
   0.50500
   0.50500
   0.50500
   0.50500
   0.50500
   0.50500
   0.50500
   0.50500
   0.50500
   0.50500
   0.50500
   0.50500
   0.50500
   0.50500
   0.50500
   0.50500
   0.50500
   0.50500
   0.50500
   0.50500
   0.50500
   0.50500
   0.50500
   0.50500
   0.50500
   0.50500
   0.50500
   0.50500
   0.50500
   0.50500
   0.50500
   0.50500
   0.50500
   0.50500
   0.50500
   0.50500
   0.50500
   0.50500
   0.50500
   0.50500
   0.50500
   0.50500
   0.50500
   0.50500
   0.50500
   0.50500
   0.50500
   0.50500
   0.50500
   0.50500
   0.50500
   0.50500
   0.50500
   0.50500
   0.50500
   0.50500
   0.50500
   0.50500
   0.50500
   0.50500
   0.50500
   0.50501
   0.50501
   0.50501
   0.50501
   0.50501
   0.50501
   0.50501
   0.50501
   0.50501
   0.50501
   0.50501
   0.50501
   0.50501
   0.50501
   0.50501
   0.50501
   0.50501
   0.50501
   0.50501
   0.50501
   0.50501
   0.50501
   0.50501
   0.50501
   0.50501
   0.50501
   0.50501
   0.50501
   0.50501
   0.50501
   0.50501
   0.50501
   0.50501
   0.50501
   0.50501
   0.50501
   0.50501
   0.50501
   0.50501
   0.50501
   0.50501
   0.50501
   0.50501
   0.50501
   0.50501
   0.50501
   0.50501
   0.50501
   0.50501
   0.50501
   0.50501
   0.50501
   0.50501
   0.50501
   0.50501
   0.50501
   0.50501
   0.50501
   0.50501
   0.50501
   0.50501
   0.50501
   0.50501
   0.50501
   0.50501
   0.50501
   0.50501
   0.50501
   0.50501
   0.50501
   0.50501
   0.50501
   0.50501
   0.50501
   0.50501
   0.50501
   0.50501
   0.50501
   0.50501
   0.50501
   0.50501
   0.50502
   0.50502
   0.50502
   0.50502
   0.50502
   0.50502
   0.50502
   0.50502
   0.50502
   0.50502
   0.50502
   0.50502
   0.50502
   0.50502
   0.50502
   0.50502
   0.50502
   0.50502
   0.50502
   0.50502
   0.50502
   0.50502
   0.50502
   0.50502
   0.50502
   0.50502
   0.50502
   0.50502
   0.50502
   0.50502
   0.50502
   0.50502
   0.50502
   0.50502
   0.50502
   0.50502
   0.50502
   0.50502
   0.50502
   0.50502
   0.50502
   0.50502
   0.50502
   0.50502
   0.50502
   0.50502
   0.50502
   0.50502
   0.50502
   0.50502
   0.50502
   0.50502
   0.50502
   0.50502
   0.50502
   0.50502
   0.50502
   0.50502
   0.50502
   0.50502
   0.50502
   0.50502
   0.50502
   0.50502
   0.50502
   0.50502
   0.50502
   0.50502
   0.50502
   0.50502
   0.50502
   0.50502
