   0.64519
   0.65110
   0.65042
   0.64939
   0.63470
   0.64299
   0.63972
   0.63855
   0.63621
   0.64055
   0.63902
   0.63724
   0.63449
   0.63420
   0.63631
   0.63324
   0.63017
   0.63069
   0.62912
   0.62879
   0.62851
   0.62796
   0.62780
   0.63082
   0.62820
   0.62928
   0.63067
   0.63055
   0.62804
   0.62767
   0.62777
   0.62711
   0.62762
   0.62609
   0.62277
   0.62381
   0.62284
   0.61507
   0.61512
   0.61523
   0.61225
   0.61041
   0.59715
   0.59356
   0.59062
   0.58965
   0.58733
   0.59136
   0.58960
   0.58653
   0.58181
   0.57620
   0.57303
   0.57211
   0.57314
   0.57191
   0.56494
   0.55281
   0.53838
   0.52432
   0.51196
   0.50111
   0.49166
   0.48337
   0.47577
   0.46899
   0.46254
   0.45644
   0.45055
   0.44493
   0.43929
   0.43370
   0.42816
   0.42261
   0.41705
   0.41149
   0.40586
   0.40019
   0.39454
   0.38872
   0.38287
   0.37703
   0.37101
   0.36504
   0.35888
   0.35292
   0.34666
   0.34033
   0.33380
   0.32745
   0.32113
   0.31468
   0.30812
   0.30176
   0.29545
   0.28915
   0.28293
   0.27682
   0.27066
   0.26485
   0.25916
   0.25365
   0.24830
   0.24284
   0.23832
   0.23374
   0.22964
   0.22516
   0.22109
   0.21723
   0.21336
   0.20966
   0.20627
   0.20286
   0.19966
   0.19635
   0.19333
   0.19000
   0.18742
   0.18388
   0.18056
   0.17727
   0.17356
   0.17062
   0.16664
   0.16279
   0.15844
   0.15412
   0.14943
   0.14461
   0.13984
   0.13467
   0.12952
   0.12419
   0.11884
   0.11336
   0.10784
   0.10237
   0.09683
   0.09140
   0.08593
   0.08067
   0.07567
   0.07082
   0.06623
   0.06190
   0.05785
   0.05411
   0.05068
   0.04756
   0.04472
   0.04216
   0.03987
   0.03782
   0.03598
   0.03433
   0.03286
   0.03152
   0.03030
   0.02914
   0.02805
   0.02706
   0.02600
   0.02500
   0.02404
   0.02299
   0.02199
   0.02093
   0.01992
   0.01885
   0.01784
   0.01680
   0.01582
   0.01485
   0.01393
   0.01306
   0.01223
   0.01146
   0.01075
   0.01005
   0.00941
   0.00876
   0.00814
   0.00753
   0.00696
   0.00649
   0.00601
   0.00569
   0.00552
   0.00557
   0.00580
   0.00659
   0.00729
   0.00777
   0.00453
   0.00861
   0.00353
   0.00330
   0.00303
   0.01159
   0.01637
   0.00309
   0.00232
   0.00204
   0.00310
   0.00600
   0.00799
   0.01693
   0.02945
   0.02883
   0.12969
   0.00381
   0.00382
   0.00215
   0.00425
   0.00166
   0.00723
   0.01074
   0.00817
   0.00826
   0.00974
   0.00819
   0.01079
   0.01153
   0.00950
   0.00830
   0.00895
   0.00901
   0.00979
   0.01206
   0.01213
   0.01565
   0.01962
   0.00303
   0.00329
   0.00687
   0.01146
   0.00282
   0.00281
   0.00261
   0.00297
   0.00380
   0.00580
   0.00874
   0.00241
   0.00394
   0.00056
   0.00072
   0.00183
   0.00130
   0.00135
   0.00142
   0.00155
   0.00175
   0.00206
   0.00257
   0.00294
   0.00322
   0.00032
   0.02225
   0.00703
   0.00687
   0.00603
   0.00532
   0.00492
   0.00434
   0.00392
   0.00348
   0.00292
   0.00244
   0.00206
   0.00197
   0.00191
   0.00178
   0.00166
   0.00159
   0.00149
   0.00140
   0.00126
   0.00086
   0.00105
   0.00095
   0.00070
   0.00068
   0.00065
   0.00039
   0.00095
   0.00286
   0.00075
   0.00145
   0.00170
   0.00168
   0.00147
   0.00128
   0.00125
   0.00126
   0.00127
   0.00128
   0.00132
   0.00142
   0.00153
   0.00140
   0.00092
   0.00077
   0.00072
   0.00067
   0.00063
   0.00059
   0.00055
   0.00051
   0.00047
   0.00044
   0.00042
   0.00039
   0.00036
   0.00033
   0.00031
   0.00029
   0.00026
   0.00024
   0.00023
   0.00022
   0.00021
   0.00020
   0.00019
   0.00018
   0.00017
   0.00016
   0.00016
   0.00015
   0.00015
   0.00015
   0.00015
   0.00015
   0.00015
   0.00014
   0.00014
   0.00014
   0.00014
   0.00013
   0.00026
   0.00067
   0.00072
   0.00080
   0.00073
   0.00069
   0.00044
   0.00074
   0.00048
   0.00088
   0.00041
   0.00087
   0.00075
   0.00040
   0.00032
   0.00103
   0.00032
   0.00026
   0.00024
   0.00023
   0.00100
   0.00026
   0.00046
   0.00024
   0.00031
   0.00152
   0.00144
   0.00138
   0.00133
   0.00127
   0.00121
   0.00114
   0.00107
   0.00100
   0.00093
   0.00087
   0.00081
   0.00078
   0.00074
   0.00070
   0.00067
   0.00068
   0.00084
   0.00023
   0.00022
   0.00076
   0.00077
   0.00079
   0.00080
   0.00080
   0.00079
   0.00077
   0.00075
   0.00074
   0.00079
   0.00116
   0.00109
   0.00108
   0.00098
   0.00091
   0.00084
   0.00078
   0.00072
   0.00067
   0.00063
   0.00059
   0.00053
   0.00050
   0.00048
   0.00047
   0.00047
   0.00049
   0.00055
   0.00014
   0.00141
   0.00052
   0.00057
   0.00055
   0.00057
   0.00076
   0.00100
   0.00091
   0.00086
   0.00093
   0.00074
   0.00091
   0.00063
   0.00075
   0.00055
   0.00052
   0.00047
   0.00045
   0.00043
   0.00042
   0.00043
   0.00048
   0.00049
   0.00011
   0.15707
   0.00812
   0.00665
   0.00560
   0.00424
   0.00353
   0.00296
   0.00241
   0.00210
   0.00185
   0.00168
   0.00154
   0.00144
   0.00144
   0.00143
   0.00142
   0.00141
   0.00140
   0.00141
   0.00143
   0.00142
   0.00141
   0.00140
   0.00137
   0.00133
   0.00128
   0.00121
   0.00110
   0.00049
   0.00055
   0.00138
   0.00133
   0.00125
   0.00119
   0.00114
   0.00110
   0.00107
   0.00106
   0.00108
   0.00112
   0.00119
   0.00125
   0.00130
   0.00135
   0.00138
   0.00138
   0.00137
   0.00134
   0.00129
   0.00122
   0.00116
   0.00109
   0.00102
   0.00055
   0.00081
   0.00136
   0.00049
   0.00054
   0.00032
   0.00048
   0.00144
   0.00340
