   0.65650
   0.64955
   0.64372
   0.63895
   0.63366
   0.62860
   0.62370
   0.62071
   0.62277
   0.61542
   0.61308
   0.60972
   0.60721
   0.60377
   0.60410
   0.59981
   0.59891
   0.59352
   0.58745
   0.58081
   0.57295
   0.56665
   0.55402
   0.54375
   0.53533
   0.52630
   0.52398
   0.51896
   0.52252
   0.55373
   0.53585
   0.54570
   0.55420
   0.54476
   0.53557
   0.50866
   0.47897
   0.44582
   0.40992
   0.37800
   0.34987
   0.32389
   0.30285
   0.28460
   0.26904
   0.25557
   0.24447
   0.23433
   0.22547
   0.21824
   0.21148
   0.20545
   0.19991
   0.19500
   0.19092
   0.18732
   0.18391
   0.18057
   0.17765
   0.17477
   0.17123
   0.16884
   0.16566
   0.16152
   0.15873
   0.15375
   0.14718
   0.13806
   0.13099
   0.12372
   0.11588
   0.10803
   0.10029
   0.09212
   0.08414
   0.07637
   0.06896
   0.06206
   0.05569
   0.04992
   0.04479
   0.04037
   0.03660
   0.03347
   0.03093
   0.02898
   0.02748
   0.02631
   0.02532
   0.02440
   0.02350
   0.02262
   0.02175
   0.02088
   0.02003
   0.01920
   0.01837
   0.01752
   0.01668
   0.01589
   0.01517
   0.01459
   0.01414
   0.01384
   0.01358
   0.01355
   0.01356
   0.01321
   0.01278
   0.01254
   0.01210
   0.01135
   0.01091
   0.00989
   0.00977
   0.00826
   0.00778
   0.00544
   0.00491
   0.00354
   0.00258
   0.00401
   0.00278
   0.01431
   0.00838
   0.00898
   0.01073
   0.00308
   0.00381
   0.00398
   0.02710
   0.00359
   0.00324
   0.02933
   0.02885
   0.01422
   0.05384
   0.00089
   0.02155
   0.01649
   0.00128
   0.00114
   0.00197
   0.00783
   0.00116
   0.00103
   0.00076
   0.00064
   0.00041
   0.00048
   0.00053
   0.00608
   0.00037
   0.00037
   0.00035
   0.00036
   0.00039
   0.00029
   0.00032
   0.00031
   0.00025
   0.00025
   0.00045
   0.00124
   0.00107
   0.00097
   0.00082
   0.00043
   0.00085
   0.00076
   0.00068
   0.00063
   0.00058
   0.00059
   0.00093
   0.00093
   0.00234
   0.00085
   0.00135
   0.00044
   0.00046
   0.00051
   0.00050
   0.00047
   0.00026
   0.00030
   0.00034
   0.00039
   0.00030
   0.00031
   0.00026
   0.00380
   0.00118
   0.00101
   0.00092
   0.00086
   0.00077
   0.00070
   0.00144
   0.00067
   0.00061
   0.00056
   0.00331
   0.29207
   0.03065
   0.03290
   0.00161
   0.00115
   0.00058
   0.00840
   0.00335
   0.00052
   0.00052
   0.00049
   0.00048
   0.00046
   0.00042
   0.00037
   0.00040
   0.00021
   0.00020
   0.06231
   0.02081
   0.04835
   0.00654
   0.01043
   0.00208
   0.08949
   0.00470
   0.00126
   0.00127
   0.00164
   0.05154
   0.04997
   0.00080
   0.04543
   0.04427
   0.00071
   0.01158
   0.02443
   0.00114
   0.01978
   0.00042
   0.00097
   0.00061
   0.00032
   0.00059
   0.00124
   0.03650
   0.00128
   0.00040
   0.00039
   0.00040
   0.00095
   0.00032
   0.00031
   0.00026
   0.00024
   0.10330
   0.00026
   0.00026
   0.00025
   0.00024
   0.00023
   0.00022
   0.00022
   0.00022
   0.00022
   0.00021
   0.00020
   0.00019
   0.00017
   0.00016
   0.00015
   0.00014
   0.00107
   0.03054
   0.00444
   0.00358
   0.00221
   0.00201
   0.00193
   0.00075
   0.00098
   0.00088
   0.00049
   0.00066
   0.00717
   0.00051
   0.00130
   0.00041
   0.01448
   0.00584
   0.00363
   0.00248
   0.00199
   0.00169
   0.00150
   0.00133
   0.00113
   0.00137
   0.00091
   0.00085
   0.00055
   0.00064
   0.00060
   0.00468
   0.00045
   0.00046
   0.00045
   0.00045
   0.00044
   0.00041
   0.00040
   0.00039
   0.00037
   0.00032
   0.00197
   0.00028
   0.00198
   0.00049
   0.02143
   0.00017
   0.00017
   0.00017
   0.00016
   0.00017
   0.00017
   0.00016
   0.00016
   0.00015
   0.00014
   0.00014
   0.00012
   0.00112
   0.00018
   0.00016
   0.00015
   0.00014
   0.00014
   0.00012
   0.00012
   0.00012
   0.00012
   0.00012
   0.00012
   0.00011
   0.00011
   0.00009
   0.00009
   0.00009
   0.00040
   0.00046
   0.00041
   0.00037
   0.00034
   0.00030
   0.00027
   0.00024
   0.00021
   0.00019
   0.00016
   0.00014
   0.00014
   0.00012
   0.00011
   0.00011
   0.00010
   0.00010
   0.00010
   0.00010
   0.00009
   0.00008
   0.00007
   0.00007
   3.50847
   0.00116
   0.00094
   0.00078
   0.00065
   0.00055
   0.00047
   0.00041
   0.00035
   0.00031
   0.00027
   0.00025
   0.00022
   0.00020
   0.00018
   0.00016
   0.00015
   0.00013
   0.00011
   0.00010
   0.00009
   0.00008
   0.00007
   0.00006
   0.00006
   0.00006
   0.00005
   0.00005
   0.00005
   0.00005
   0.00004
   0.00004
   0.00003
   0.00003
   0.00878
   0.00063
   0.00055
   0.00048
   0.00042
   0.00037
   0.00033
   0.00030
   0.00026
   0.00024
   0.00022
   0.00020
   0.00018
   0.00017
   0.00016
   0.00014
   0.00012
   0.00011
   0.00010
   0.00008
   0.00008
   0.00007
   0.00006
   0.00006
   0.00005
   0.00005
   0.00005
   0.00005
   0.00004
   0.00003
   0.00014
   0.00034
   0.00031
   0.00027
   0.00025
   0.00022
   0.00020
   0.00018
   0.00016
   0.00015
   0.00013
   0.00012
   0.00011
   0.00011
   0.00010
   0.00009
   0.00008
   0.00007
   0.00006
   0.00006
   0.00005
   0.00004
   0.00004
   0.00004
   0.00004
   0.00003
   0.00170
   0.00003
   0.00003
   0.00003
   0.00003
   0.00003
   0.00003
   0.00003
   0.00003
   0.00003
   0.00003
   0.00003
   0.00003
   0.00003
   0.00003
   0.00003
   0.00003
   0.00003
   0.00003
   0.00002
   0.00002
   0.00002
   0.00002
   0.00002
   0.00002
   0.00002
   0.00196
   0.00026
   0.00024
   0.00022
   0.00021
   0.00019
   0.00018
   0.00016
   0.00015
   0.00013
   0.00012
   0.00011
   0.00010
   0.00009
   0.00009
   0.00008
   0.00007
   0.00007
   0.00006
   0.00006
   0.00006
   0.00005
   0.00005
   0.00004
   0.00004
   0.00003
   0.00003
   0.00003
   0.00002
   0.00002
   0.00002
   0.00002
   0.00027
   0.00015
   0.00014
   0.00013
   0.00012
   0.00011
   0.00011
   0.00010
   0.00009
   0.00008
   0.00008
   0.00007
   0.00006
   0.00006
   0.00006
   0.00005
   0.00005
   0.00005
   0.00004
   0.00004
   0.00004
   0.00003
   0.00003
   0.00003
   0.00002
   0.00002
   0.00002
   0.00002
   0.00002
   0.00002
   0.00002
   0.00001
   0.00001
   0.00001
   0.00000
   0.00888
   0.00335
   0.00228
   0.00169
   0.00129
   0.00101
   0.00080
   0.00064
   0.00053
   0.00044
   0.00038
   0.00032
   0.00028
   0.00024
   0.00021
   0.00019
   0.00016
   0.00015
   0.00014
   0.00012
   0.00011
   0.00011
   0.00010
   0.00009
   0.00008
   0.00008
   0.00008
   0.00008
   0.00005
   0.00005
   0.00004
   0.00004
   0.00004
   0.00004
   0.00004
   0.00004
   0.00005
   0.00005
   0.00005
   0.00005
   0.00005
   0.00005
   0.00005
   0.00005
   0.00004
   0.00004
   0.00004
   0.00004
   0.00004
   0.00004
   0.00004
   0.00003
   0.00003
   0.00003
   0.00003
   0.00003
   0.00003
   0.00003
   0.00003
   0.00003
   0.00002
   0.00002
   0.00002
   0.00002
   0.00002
   0.00002
   0.00002
   0.00002
   0.00002
   0.00002
   0.00002
   0.00002
   0.00002
   0.00002
   0.00002
   0.00002
   0.00002
   0.00002
   0.00002
   0.00002
   0.00002
   0.00001
   0.00001
   0.00001
   0.00001
   0.00001
   0.00001
   0.00001
   0.00001
   0.00001
   0.00001
   0.00001
   0.00001
   0.00001
   0.00001
   0.00001
   0.51608
   0.00008
   0.00008
   0.00007
   0.00007
   0.00007
   0.00006
   0.00006
   0.00006
   0.00005
   0.00005
   0.00005
   0.00005
   0.00004
   0.00004
   0.00004
   0.00004
   0.00004
   0.00003
   0.00003
   0.00003
   0.00003
   0.00002
   0.00002
   0.00002
   0.00002
   0.00002
   0.00002
   0.00002
   0.00001
   0.00001
   0.00001
   0.00001
   0.00001
   0.00001
   0.00001
   0.00000
   0.00395
   0.00199
   0.00119
   0.00081
   0.00059
   0.00046
   0.00037
   0.00031
   0.00026
   0.00022
   0.00019
   0.00017
   0.00015
   0.00013
   0.00012
   0.00011
   0.00009
   0.00008
   0.00007
   0.00007
   0.00006
   0.00006
   0.00005
   0.00005
   0.00004
   0.00004
   0.00004
   0.00000
   0.00304
   0.00168
   0.00110
   0.00080
   0.00062
   0.00049
   0.00040
   0.00034
   0.00028
   0.00024
   0.00021
   0.00019
   0.00017
   0.00015
   0.00014
   0.00013
   0.00011
   0.00010
   0.00009
   0.00008
   0.00007
   0.00006
   0.00006
   0.00005
   0.00005
   0.00004
   0.00004
   0.00004
   0.00003
   0.00003
   0.00003
   0.00025
   0.00008
   0.00008
   0.00008
   0.00008
   0.00008
   0.00008
   0.00008
   0.00007
   0.00007
   0.00007
   0.00007
   0.00006
   0.00006
   0.00006
   0.00007
   0.00007
   0.00006
   0.00004
   0.00004
   0.00004
   0.00003
   0.00003
   0.00003
   0.00004
   0.00000
   0.00015
   0.00014
   0.00014
   0.00013
   0.00013
   0.00012
   0.00012
   0.00011
   0.00011
   0.00011
   0.00010
   0.00009
   0.00009
   0.00008
   0.00008
   0.00007
   0.00007
   0.00007
   0.00007
   0.00007
   0.00005
   0.00004
   0.00004
   0.00003
   0.00003
   0.00003
   0.00003
   0.00005
   0.00002
   0.00388
   0.00217
   0.00143
   0.00104
   0.00084
   0.00068
   0.00057
   0.00048
   0.00041
   0.00035
   0.00030
   0.00026
   0.00024
   0.00022
   0.00021
   0.00020
   0.00018
   0.00016
   0.00014
   0.00013
   0.00074
   0.00211
   0.00125
   0.00093
   0.00073
   0.00059
   0.00049
   0.00043
   0.00037
   0.00033
   0.00029
   0.00026
   0.00023
   0.00020
   0.00018
   0.00016
   0.00015
   0.00013
   0.00013
   0.00012
   0.00012
   0.00011
   0.00010
   0.00009
   0.00008
   0.00007
   0.00012
   0.00372
   0.00203
   0.00132
   0.00095
   0.00074
   0.00059
   0.00049
   0.00041
   0.00035
   0.00030
   0.00026
   0.00023
   0.00020
   0.00017
   0.00015
   0.00014
   0.00012
   0.00011
   0.00010
   0.00010
   0.00010
   0.00009
   0.00008
   0.00007
   0.00006
   0.00006
   0.37165
   0.00046
   0.00038
   0.00031
   0.00026
   0.00023
   0.00020
   0.00018
   0.00016
   0.00015
   0.00013
   0.00012
   0.00011
   0.00009
   0.00009
   0.00008
   0.00007
   0.00006
   0.00006
   0.00006
   0.00006
   0.00005
   0.00005
   0.00004
   0.00004
   0.00003
   0.00006
   0.00015
   0.00004
   0.00004
   0.00004
   0.00004
   0.00004
   0.00004
   0.00003
   0.00003
   0.00003
   0.00003
   0.00003
   0.00003
   0.00003
   0.00003
   0.00003
   0.00003
   0.00003
   0.00003
   0.00003
   0.00003
   0.00003
   0.00002
   0.00002
   0.00002
   0.00002
   0.00002
   0.00002
   0.00002
   0.00002
   0.00002
   0.00002
   0.00001
   0.00001
   0.00002
   0.00243
   0.00128
   0.00085
   0.00062
   0.00049
   0.00039
   0.00032
   0.00027
   0.00024
   0.00020
   0.00018
   0.00016
   0.00015
   0.00013
   0.00012
   0.00011
   0.00010
   0.00009
   0.00008
   0.00008
   0.00007
   0.00007
   0.00006
   0.00005
   0.00005
   0.00005
   0.00006
   0.00014
   0.00013
   0.00012
   0.00011
   0.00010
   0.00010
   0.00009
   0.00009
   0.00008
   0.00008
   0.00007
   0.00007
   0.00006
   0.00006
   0.00005
   0.00005
   0.00005
   0.00004
   0.00004
   0.00004
   0.00003
   0.00003
   0.00003
   0.00003
   0.00003
   0.00004
   0.00003
   0.00003
   0.00003
   0.00003
   0.00003
   0.00003
   0.00003
