   0.64462
   0.63983
   0.63872
   0.63802
   0.63739
   0.63689
   0.63643
   0.63572
   0.63535
   0.63480
   0.63464
   0.63435
   0.63407
   0.63373
   0.63348
   0.63326
   0.63304
   0.63260
   0.63239
   0.63546
   0.63334
   0.63125
   0.63166
   0.63120
   0.63114
   0.63037
   0.62976
   0.62954
   0.62906
   0.62856
   0.62788
   0.63066
   0.62903
   0.62767
   0.62887
   0.62782
   0.62821
   0.62680
   0.62956
   0.62889
   0.62771
   0.62757
   0.62699
   0.62507
   0.62386
   0.61961
   0.61866
   0.61949
   0.61300
   0.61191
   0.60620
   0.60439
   0.59868
   0.59559
   0.59281
   0.58947
   0.58552
   0.58252
   0.57983
   0.57721
   0.57490
   0.57328
   0.57185
   0.57083
   0.56992
   0.56900
   0.56717
   0.56426
   0.56057
   0.55642
   0.55227
   0.54919
   0.54639
   0.54415
   0.54278
   0.54095
   0.53896
   0.53673
   0.53407
   0.53073
   0.52670
   0.52220
   0.51707
   0.51161
   0.50593
   0.50003
   0.49395
   0.48795
   0.48182
   0.47597
   0.47026
   0.46443
   0.45889
   0.45342
   0.44855
   0.44331
   0.43812
   0.43325
   0.42830
   0.42347
   0.41863
   0.41387
   0.40916
   0.40457
   0.40005
   0.39559
   0.39109
   0.38663
   0.38223
   0.37788
   0.37354
   0.36924
   0.36491
   0.36062
   0.35635
   0.35210
   0.34795
   0.34370
   0.33950
   0.33530
   0.33107
   0.32688
   0.32263
   0.31845
   0.31424
   0.31005
   0.30583
   0.30158
   0.29738
   0.29317
   0.28877
   0.28444
   0.28018
   0.27591
   0.27148
   0.26730
   0.26286
   0.25851
   0.25404
   0.24978
   0.24538
   0.24095
   0.23646
   0.23181
   0.22725
   0.22288
   0.21837
   0.21380
   0.20926
   0.20462
   0.20043
   0.19610
   0.19170
   0.18736
   0.18300
   0.17866
   0.17435
   0.17009
   0.16580
   0.16170
   0.15766
   0.15363
   0.14966
   0.14577
   0.14183
   0.13808
   0.13438
   0.13077
   0.12721
   0.12375
   0.12046
   0.11708
   0.11364
   0.11043
   0.10732
   0.10428
   0.10133
   0.09848
   0.09568
   0.09295
   0.09032
   0.08771
   0.08522
   0.08279
   0.08042
   0.07812
   0.07586
   0.07367
   0.07153
   0.07002
   0.06798
   0.06601
   0.06406
   0.06217
   0.06030
   0.05847
   0.05674
   0.05498
   0.05332
   0.05171
   0.05010
   0.04858
   0.04704
   0.04556
   0.04418
   0.04277
   0.04138
   0.04003
   0.03865
   0.03742
   0.03611
   0.03496
   0.03369
   0.03253
   0.03139
   0.03011
   0.02924
   0.02800
   0.02717
   0.02601
   0.02506
   0.02413
   0.02324
   0.02236
   0.02152
   0.02070
   0.01992
   0.01915
   0.01841
   0.01783
   0.01701
   0.01636
   0.01571
   0.01509
   0.01451
   0.01395
   0.01342
   0.01292
   0.01245
   0.01199
   0.01157
   0.01117
   0.01079
   0.01043
   0.01031
   0.01001
   0.00973
   0.00948
   0.00893
   0.00872
   0.00849
   0.00829
   0.00796
   0.00792
   0.00777
   0.00736
   0.00753
   0.00702
   0.00679
   0.00664
   0.00651
   0.00645
   0.00633
   0.00624
   0.00620
   0.00616
   0.00612
   0.00615
   0.00617
   0.00620
   0.00626
   0.00636
   0.00649
   0.00667
   0.00692
   0.00725
   0.00773
   0.00833
   0.00916
   0.01037
   0.01177
   0.00489
   0.00704
   0.00704
   0.00555
   0.00417
   0.00230
   0.00606
   0.01219
   0.00209
   0.00209
   0.00210
   0.00210
   0.00209
   0.00208
   0.00207
   0.00207
   0.00206
   0.00204
   0.00203
   0.00201
   0.00198
   0.00196
   0.00193
   0.00190
   0.00186
   0.00183
   0.00184
   0.00714
   0.00170
   0.00160
   0.00153
   0.00146
   0.00140
   0.00135
   0.00129
   0.00125
   0.00120
   0.00116
   0.00112
   0.00108
   0.00104
   0.00101
   0.00097
   0.00094
   0.00091
   0.00088
   0.00085
   0.00082
   0.00079
   0.00077
   0.00074
   0.00072
   0.00068
   0.00066
   0.00064
   0.00063
   0.00062
   0.00060
   0.00058
   0.00056
   0.00053
   0.00051
   0.00048
   0.00046
   0.00043
   0.00041
   0.00039
   0.00037
   0.00035
   0.00033
   0.00032
   0.00030
   0.00029
   0.00028
   0.00027
   0.00025
   0.00024
   0.00024
   0.00023
   0.00019
   0.00056
   0.00406
   0.00019
   0.00030
   0.00060
   0.00148
   0.00325
   0.00287
   0.00266
   0.00262
   0.00108
   0.00251
   0.00023
   0.00017
   0.00016
   0.00022
   0.00044
   0.00118
   0.00203
   0.00170
   0.00174
   0.00189
   0.00050
   0.00068
   0.00050
   0.00148
   0.00129
   0.00041
   0.00023
   0.00030
   0.00030
   0.00029
   0.00027
   0.00024
   0.00021
   0.00018
   0.00015
   0.00013
   0.00012
   0.00016
   0.00028
   0.00059
   0.00081
   0.00020
   0.00087
   0.00011
   0.00076
   0.00016
   0.00022
   0.00021
   0.00034
   0.00040
   0.00040
   0.00038
   0.00029
   0.00023
   0.05635
   0.00234
   0.00219
   0.00211
   0.00206
   0.00201
   0.00197
   0.00195
   0.00199
   0.00212
   0.00220
   0.00214
   0.00202
   0.00191
   0.00182
   0.00175
   0.00169
   0.00165
   0.00161
   0.00157
   0.00154
   0.00150
   0.00146
   0.00143
   0.00140
   0.00137
   0.00134
   0.00133
   0.00132
   0.00132
   0.00134
   0.00137
   0.00142
   0.00152
   0.00117
   0.00303
   0.00123
   0.00122
   0.00123
   0.00125
   0.00124
   0.00122
   0.00118
   0.00113
   0.00108
   0.00102
   0.00097
   0.00092
   0.00088
   0.00083
   0.00079
   0.00076
   0.00073
   0.00070
   0.00068
   0.00066
   0.00064
   0.00063
   0.00062
   0.00060
   0.00059
   0.00058
   0.00057
   0.00056
   0.00055
   0.00055
   0.00055
   0.00058
   0.00133
   0.00067
   0.00066
   0.00066
   0.00066
   0.00066
   0.00067
   0.00067
   0.00067
   0.00066
   0.00065
   0.00062
   0.00059
   0.00056
   0.00052
   0.00048
   0.00045
   0.00041
   0.00220
   0.00039
   0.00036
   0.00047
   0.00042
   0.00043
   0.00043
   0.00044
   0.00044
   0.00044
   0.00044
   0.00044
   0.00043
   0.00042
   0.00040
   0.00038
   0.00036
   0.00034
   0.00031
   0.00029
   0.00027
   0.00025
   0.00023
   0.00021
   0.00022
   0.00026
   0.00023
   0.00021
   0.00019
   0.00018
   0.00017
   0.00017
   0.00016
   0.00016
   0.00015
   0.00015
   0.00015
   0.00015
   0.00014
   0.00014
   0.00014
   0.00014
   0.00013
   0.00012
   0.00051
   0.00024
   0.00020
   0.00020
   0.00021
   0.00021
   0.00022
   0.00023
   0.00024
   0.00025
   0.00026
   0.00026
   0.00027
   0.00028
   0.00029
   0.00029
   0.00030
   0.00030
   0.00030
   0.00029
   0.00029
   0.00029
   0.00028
   0.00027
   0.00026
   0.00025
   0.00024
   0.00023
   0.00022
   0.00022
   0.00021
   0.00021
   0.00021
   0.00021
   0.00022
   0.00022
   0.00021
   0.00021
   0.00020
   0.00018
   0.00017
   0.00044
   0.00015
   0.00016
   0.00017
   0.00017
   0.00018
   0.00019
   0.00020
   0.00021
   0.00021
   0.00022
   0.00023
   0.00024
   0.00024
   0.00025
   0.00025
   0.00025
   0.00025
   0.00025
   0.00025
   0.00024
   0.00024
   0.00023
   0.00022
   0.00021
   0.00020
   0.00019
   0.00019
   0.00019
   0.00019
   0.00019
   0.00019
   0.00019
   0.00019
   0.00019
   0.00018
   0.00017
   0.00017
   0.00015
   0.00014
   0.00009
   0.00009
   0.00009
   0.00009
   0.00019
   0.00012
   0.00132
   0.00308
   0.00217
   0.00162
   0.00126
   0.00101
   0.00082
   0.00069
   0.00059
   0.00052
   0.00046
   0.00042
   0.00038
   0.00035
   0.00032
   0.00030
   0.00028
   0.00026
   0.00025
   0.00024
   0.00023
   0.00023
   0.00023
   0.00023
   0.00023
   0.00023
   0.00023
   0.00022
   0.00022
   0.00021
   0.00021
   0.00020
   0.00019
   0.00018
   0.00018
   0.00017
   0.00017
   0.00017
   0.00017
   0.00017
   0.00017
   0.00017
   0.00017
   0.00016
   0.00015
   0.00015
   0.00014
   0.00012
   0.00011
   0.00010
   0.00008
   0.00015
   0.00010
   0.00009
   0.00008
   0.00009
   0.00008
   0.00008
   0.00007
   0.00007
   0.00006
   0.00006
   0.00006
   0.00005
   0.00005
   0.00005
   0.00005
   0.00005
   0.00005
   0.00004
   0.00004
   0.00004
   0.00004
   0.00004
   0.00004
   0.00004
   0.00004
   0.00003
   0.00003
   0.00003
   0.00003
   0.00003
   0.00003
   0.00004
   0.00004
   0.00004
   0.00013
   0.00005
   0.00005
   0.00005
   0.00005
   0.00005
   0.00005
   0.00005
   0.00005
   0.00005
   0.00005
   0.00005
   0.00005
   0.00005
   0.00005
   0.00005
   0.00005
   0.00005
   0.00005
   0.00005
   0.00005
   0.00005
   0.00005
   0.00005
   0.00005
   0.00005
   0.00006
   0.00006
   0.00006
   0.00006
   0.00007
   0.00007
   0.00007
   0.00008
   0.00008
   0.00008
   0.00008
   0.00009
   0.00009
   0.00009
   0.00009
   0.00009
   0.00009
   0.00008
   0.00008
   0.00008
   0.00007
   0.00007
   0.00007
   0.00006
   0.00006
   0.00006
   0.00006
   0.00006
   0.00006
   0.00006
   0.00005
   0.00005
   0.00005
   0.00004
   0.00004
   0.00003
   0.00003
   0.00003
   0.00006
   0.00005
   0.00006
   0.00005
   0.00005
   0.00005
   0.00005
   0.00005
   0.00005
   0.00005
   0.00005
   0.00005
   0.00005
   0.00005
   0.00005
   0.00005
   0.00005
   0.00005
   0.00005
   0.00005
   0.00005
   0.00005
   0.00005
   0.00005
   0.00005
   0.00005
   0.00005
   0.00005
   0.00005
   0.00005
   0.00005
   0.00005
   0.00005
   0.00005
   0.00005
   0.00006
   0.00006
   0.00006
   0.00007
   0.00007
   0.00007
   0.00007
   0.00008
   0.00008
   0.00008
   0.00008
   0.00008
   0.00008
   0.00008
   0.00008
   0.00008
   0.00007
   0.00007
   0.00007
   0.00006
   0.00006
   0.00006
   0.00006
   0.00006
   0.00006
   0.00006
   0.00006
   0.00005
   0.00005
   0.00005
   0.00004
   0.00004
   0.00004
   0.00003
   0.00003
   0.00003
   0.00002
   0.00009
   0.00002
   0.00002
   0.00036
   0.00002
   0.00002
   0.00002
   0.00002
   0.00002
   0.00002
   0.00002
   0.00002
   0.00002
   0.00002
   0.00002
   0.00002
   0.00002
   0.00002
   0.00002
   0.00002
   0.00002
   0.00002
   0.00002
   0.00002
   0.00002
   0.00002
   0.00002
   0.00002
   0.00002
   0.00003
   0.00003
   0.00003
   0.00003
   0.00003
   0.00003
   0.00003
   0.00003
   0.00004
   0.00004
   0.00004
   0.00004
   0.00004
   0.00005
   0.00005
   0.00005
   0.00005
   0.00006
   0.00006
   0.00006
   0.00006
   0.00006
   0.00006
   0.00006
   0.00006
   0.00006
   0.00006
   0.00006
   0.00006
   0.00005
   0.00005
   0.00005
   0.00005
   0.00004
   0.00004
   0.00004
   0.00004
   0.00004
   0.00004
   0.00004
   0.00004
   0.00004
   0.00003
   0.00003
   0.00003
   0.00002
   0.00002
   0.00002
   0.00002
   0.00006
   0.00006
   0.00004
   0.00001
   0.00002
   0.00003
   0.00005
   0.21355
   0.00002
   0.00001
   0.00001
   0.00001
   0.00001
   0.00001
   0.00001
   0.00001
   0.00001
   0.00001
   0.00001
   0.00001
   0.00001
   0.00001
   0.00001
   0.00001
   0.00001
   0.00001
   0.00001
   0.00001
   0.00001
   0.00001
   0.00001
   0.00001
   0.00001
   0.00001
   0.00001
   0.00001
   0.00001
   0.00001
   0.00001
   0.00001
   0.00002
   0.00002
   0.00002
   0.00002
   0.00002
   0.00002
   0.00002
   0.00002
   0.00002
   0.00002
   0.00002
   0.00002
   0.00002
   0.00003
   0.00003
   0.00003
   0.00003
   0.00003
   0.00003
   0.00003
   0.00004
   0.00004
   0.00004
   0.00004
   0.00004
   0.00004
