   0.78407
   0.77764
   0.77062
   0.76445
   0.75824
   0.75318
   0.74915
   0.74478
   0.74090
   0.73864
   0.73355
   0.73011
   0.72743
   0.72459
   0.72189
   0.71983
   0.71951
   0.71635
   0.71507
   0.71438
   0.71270
   0.71175
   0.71477
   0.71175
   0.71069
   0.71209
   0.71216
   0.71237
   0.71298
   0.71411
   0.71443
   0.71747
   0.74932
   0.74800
   0.74371
   0.74324
   0.74231
   0.74255
   0.74279
   0.74322
   0.74185
   0.74112
   0.73957
   0.73678
   0.73411
   0.72810
   0.72287
   0.71441
   0.70662
   0.69704
   0.68716
   0.67687
   0.66578
   0.65434
   0.64446
   0.63410
   0.62591
   0.61825
   0.61093
   0.60369
   0.59535
   0.58552
   0.57464
   0.56394
   0.55350
   0.54443
   0.53701
   0.53016
   0.52198
   0.51268
   0.50333
   0.49416
   0.48546
   0.47708
   0.46910
   0.46181
   0.45507
   0.44875
   0.44294
   0.43720
   0.43171
   0.42617
   0.42060
   0.41500
   0.40923
   0.40299
   0.39670
   0.39000
   0.38306
   0.37597
   0.36847
   0.36095
   0.35332
   0.34584
   0.33837
   0.33115
   0.32417
   0.31739
   0.31080
   0.30449
   0.29843
   0.29244
   0.28584
   0.28047
   0.27526
   0.27024
   0.26537
   0.26074
   0.25618
   0.25187
   0.24755
   0.24354
   0.23959
   0.23574
   0.23201
   0.22846
   0.22498
   0.22156
   0.21830
   0.21500
   0.21201
   0.20901
   0.20606
   0.20310
   0.20019
   0.19723
   0.19433
   0.19151
   0.18868
   0.18587
   0.18310
   0.18030
   0.17748
   0.17466
   0.17181
   0.17037
   0.16749
   0.16459
   0.16179
   0.15890
   0.15584
   0.15247
   0.14968
   0.14702
   0.14402
   0.14125
   0.13864
   0.13584
   0.13327
   0.13046
   0.12792
   0.12525
   0.12263
   0.11999
   0.11761
   0.11512
   0.11281
   0.11239
   0.11015
   0.10801
   0.10587
   0.10373
   0.10175
   0.09977
   0.09777
   0.09588
   0.09409
   0.09222
   0.09045
   0.08872
   0.08714
   0.08548
   0.08386
   0.08238
   0.08080
   0.07938
   0.07805
   0.07673
   0.07554
   0.07432
   0.07322
   0.07217
   0.07114
   0.07019
   0.06929
   0.06838
   0.06754
   0.06663
   0.06591
   0.06509
   0.06363
   0.06342
   0.06214
   0.06099
   0.05966
   0.05738
   0.05498
   0.05216
   0.04963
   0.04654
   0.04624
   0.03907
   0.03659
   0.03907
   0.04315
   0.02922
   0.01378
   0.01369
   0.05256
   0.04278
   0.04584
   0.04121
   0.04063
   0.03981
   0.03758
   0.03602
   0.03388
   0.03108
   0.02850
   0.02756
   0.02603
   0.02562
   0.02383
   0.02483
   0.02511
   0.02221
   0.02334
   0.01690
   0.01676
   0.02168
   0.03053
   0.03146
   0.02961
   0.02926
   0.02831
   0.02772
   0.02743
   0.02733
   0.01726
   0.00563
   0.00538
   0.00520
   0.00519
   0.00513
   0.00510
   0.00506
   0.00504
   0.00498
   0.00495
   0.00489
   0.00483
   0.00475
   0.00468
   0.00460
   0.00452
   0.00443
   0.00434
   0.00424
   0.00414
   0.00405
   0.00396
   0.00388
   0.00380
   0.00373
   0.00366
   0.00359
   0.00353
   0.00346
   0.00340
   0.00332
   0.00325
   0.00318
   0.00312
   0.00305
   0.00299
   0.00293
   0.00287
   0.00282
   0.00278
   0.00274
   0.00271
   0.00270
   0.00270
   0.00283
   0.00475
   0.00572
   0.00359
   0.00487
   0.00369
   0.00446
   0.00355
   0.00410
   0.00345
   0.00475
   0.00283
   0.00316
   0.00313
   0.00316
   0.00316
   0.00322
   0.00325
   0.00328
   0.00331
   0.00329
   0.00333
   0.00333
   0.00334
   0.00333
   0.00331
   0.00328
   0.00278
   0.62011
   0.17653
   0.15277
   0.14407
   0.13712
   0.13079
   0.12486
   0.11932
   0.11415
   0.10932
   0.10478
   0.10053
   0.09647
   0.09268
   0.08906
   0.08561
   0.08236
   0.07927
   0.07630
   0.07348
   0.07079
   0.06823
   0.06578
   0.06344
   0.06121
   0.05908
   0.05706
   0.05511
   0.05325
   0.05145
   0.04975
   0.04808
   0.04646
   0.04490
   0.04340
   0.04192
   0.04048
   0.03909
   0.03771
   0.03638
   0.03510
   0.03384
   0.03264
   0.03145
   0.03033
   0.02922
   0.02819
   0.02717
   0.02622
   0.02529
   0.02441
   0.02358
   0.02277
   0.02200
   0.02125
   0.02055
   0.01986
   0.01921
   0.01859
   0.01800
   0.01743
   0.01691
   0.01640
   0.01594
   0.01549
   0.01508
   0.01471
   0.01436
   0.01404
   0.01381
   0.01354
   0.01339
   0.01315
   0.01261
   0.01129
   1.09970
   0.02883
   0.02712
   0.02623
   0.02026
   0.01168
   0.01073
   0.01036
   0.01013
   0.00964
   0.00819
   0.00797
   0.00780
   0.00766
   0.00754
   0.00741
   0.00730
   0.00719
   0.00709
   0.00699
   0.00690
   0.00681
   0.00671
   0.00661
   0.00650
   0.00639
   0.00627
   0.00614
   0.00602
   0.00589
   0.00576
   0.00564
   0.00552
   0.00540
   0.00529
   0.00518
   0.00508
   0.00497
   0.00487
   0.00477
   0.00468
   0.00458
   0.00449
   0.00439
   0.00430
   0.00421
   0.00412
   0.00403
   0.00393
   0.00385
   0.00376
   0.00367
   0.00358
   0.00350
   0.00341
   0.00333
   0.00325
   0.00317
   0.00309
   0.00301
   0.00294
   0.00286
   0.00279
   0.00272
   0.00265
   0.00257
   0.00251
   0.00244
   0.00237
   0.00231
   0.00225
   0.00218
   0.00212
   0.00207
   0.00201
   0.00195
   0.00189
   0.00184
   0.00179
   0.00174
   0.00169
   0.00164
   0.00159
   0.00154
   0.00150
   0.00146
   0.00141
   0.00137
   0.00133
   0.00129
   0.00126
   0.00122
   0.00118
   0.00115
   0.00111
   0.00108
   0.00105
   0.00102
   0.00099
   0.00096
   0.00093
   0.00090
   0.00087
   0.00085
   0.00082
   0.00080
   0.00077
   0.00075
   0.00073
   0.00071
   0.00069
   0.00066
   0.00064
   0.00063
   0.00061
   0.00059
   0.00057
   0.00055
   0.00054
   0.00052
   0.00050
   0.00049
   0.00047
   0.00046
   0.00045
   0.00043
   0.00042
   0.00041
   0.00039
   0.00038
   0.00037
   0.00036
   0.00035
   0.00034
   0.00033
   0.00032
   0.00031
   0.00030
   0.00029
   0.00028
   0.00027
   0.00026
   0.00025
   0.00025
   0.00024
   0.00023
   0.00023
   0.00022
   0.00021
   0.00021
   0.00020
   0.00019
   0.00019
   0.00018
   0.00018
   0.00017
   0.00017
   0.00016
   0.00016
   0.00015
   0.00015
   0.00014
   0.00014
   0.00013
   0.00013
   0.00012
   0.00012
   0.00012
   0.00011
   2.61876
   0.19976
   0.17251
   0.16244
   0.15400
   0.14653
   0.13977
   0.13231
   0.10129
   0.09647
   0.09230
   0.08851
   0.08499
   0.08171
   0.07864
   0.07576
   0.07281
   0.04905
   0.04042
   0.03908
   0.03791
   0.03678
   0.03568
   0.03461
   0.03357
   0.03257
   0.03160
   0.03067
   0.02979
   0.02896
   0.02816
   0.02739
   0.02665
   0.02593
   0.02523
   0.02454
   0.02386
   0.02318
   0.02252
   0.02188
   0.02124
   0.02061
   0.02000
   0.01940
   0.01881
   0.01824
   0.01769
   0.01714
   0.01662
   0.01612
   0.01563
   0.01515
   0.01469
   0.01425
   0.01382
   0.01340
   0.01300
   0.01261
   0.01223
   0.01186
   0.01151
   0.01116
   0.01082
   0.01049
   0.01018
   0.00986
   0.00956
   0.00927
   0.00899
   0.00871
   0.00844
   0.00818
   0.00793
   0.00769
   0.00745
   0.00722
   0.00699
   0.00678
   0.00656
   0.00636
   0.00616
   0.00597
   0.00578
   0.00560
   0.00542
   0.00525
   0.00508
   0.00492
   0.00476
   0.00461
   0.00447
   0.00432
   0.00418
   0.00405
   0.00392
   0.00380
   0.00367
   0.00355
   0.00344
   0.00333
   0.00322
   0.00312
   0.00301
   0.00292
   0.00282
   0.00273
   0.00264
   0.00255
   0.00247
   0.00239
   0.00231
   0.00223
   0.00216
   0.00209
   0.00202
   0.00195
   0.00189
   0.00183
   0.00177
   0.00171
   0.00165
   0.00159
   0.00154
   0.00149
   0.00144
   0.00139
   0.00134
   0.00130
   0.00126
   0.00121
   0.00118
   0.00113
   0.00110
   0.00105
   0.00102
   0.00098
   0.00096
   0.00091
   0.00088
   0.00086
   0.00082
   0.00086
   0.00076
   0.00093
   0.00072
   0.00089
   0.00068
   0.00100
   0.00062
   0.00075
   0.00071
   0.00070
   0.00070
   0.00064
   0.00058
   0.00055
   0.00051
   0.00049
   0.00047
   0.00045
   0.00043
   0.00041
   0.00040
   0.00039
   0.00038
   0.00038
   0.00040
   0.00040
   0.00033
   0.00036
   0.00037
   0.00033
   0.00042
   0.00785
   0.00059
   0.00052
   0.00049
   0.00046
   0.00043
   0.00041
   0.00039
   0.00038
   0.00036
   0.00035
   0.00034
   0.00033
   0.00033
   0.00032
   0.00032
   0.00031
   0.00031
   0.00031
   0.00031
   0.00031
   0.00031
   0.00031
   0.00031
   0.00031
   0.00031
   0.00031
   0.00031
   0.00032
   0.00032
   0.00032
   0.00033
   0.00033
   0.00034
   0.00034
   0.00035
   0.00036
   0.00037
   0.00038
   0.00040
   0.00041
   0.00043
   0.00044
   0.00046
   0.00048
   0.00049
   0.00051
   0.00053
   0.00054
   0.00055
   0.00057
   0.00058
   0.00059
   0.00060
   0.00060
   0.00061
   0.00060
   0.00058
   0.00054
   0.00049
   0.00043
   0.00038
   0.00034
   0.00033
   0.00032
   0.00032
   0.00033
   0.00035
   0.00048
   0.00103
   0.00036
   0.00026
   0.00023
   0.00023
   0.00023
   0.00023
   0.00023
   0.00023
   0.00023
   0.00023
   0.00023
   0.00023
   0.00023
   0.00023
   0.00023
   0.00023
   0.00023
   0.00023
   0.00023
   0.00023
   0.00023
   0.00023
   0.00023
   0.00023
   0.00023
   0.00023
   0.00023
   0.00024
   0.00024
   0.00024
   0.00024
   0.00024
   0.00024
   0.00025
   0.00025
   0.00025
   0.00025
   0.00026
   0.00026
   0.00026
   0.00027
   0.00027
   0.00028
   0.00028
   0.00029
   0.00029
   0.00030
   0.00031
   0.00032
   0.00033
   0.00034
   0.00035
   0.00036
   0.00037
   0.00038
   0.00040
   0.00041
   0.00042
   0.00043
   0.00044
   0.00046
   0.00047
   0.00048
   0.00050
   0.00050
   0.00050
   0.00047
   0.00043
   0.00039
   0.00035
   0.00031
   0.00029
   0.00027
   0.00027
   0.00026
   0.00017
   0.00018
   0.00019
   0.00019
   0.00019
   0.00019
   0.00020
   0.00020
   0.00021
   0.00021
   0.00022
   0.00021
   0.00020
   0.00018
   0.00017
   0.00015
   0.00014
   0.00012
   0.00011
   0.00011
   0.00010
   0.00010
   0.00009
   0.00009
   0.00009
   0.00010
   0.00011
   0.00020
   0.00013
   0.00007
   0.00008
   0.00008
   0.00007
   0.00007
   0.00007
   0.00007
   0.00007
   0.00007
   0.00007
   0.00007
   0.00007
   0.00007
   0.00007
   0.00007
   0.00007
   0.00007
   0.00007
   0.00007
   0.00007
   0.00007
   0.00007
   0.00007
   0.00007
   0.00007
   0.00007
   0.00007
   0.00007
   0.00007
   0.00007
   0.00007
   0.00007
   0.00007
   0.00007
   0.00007
   0.00007
   0.00007
   0.00007
   0.00007
   0.00006
   0.00006
   0.00006
   0.00006
   0.00006
   0.00006
   0.00006
   0.00006
   0.00006
   0.00006
   0.00006
   0.00006
   0.00006
   0.00006
   0.00006
   0.00006
   0.00006
   0.00006
   0.00006
   0.00006
   0.00006
   0.00006
   0.00006
   0.00006
   0.00006
   0.00006
   0.00006
   0.00006
   0.00006
   0.00006
   0.00006
   0.00006
   0.00006
   0.00006
   0.00006
   0.00006
   0.00006
   0.00006
   0.00006
   0.00006
   0.00006
   0.00006
   0.00006
   0.00007
   0.00007
   0.00007
   0.00007
   0.00007
   0.00007
   0.00007
   0.00004
   0.00004
   0.00004
   0.00004
   0.00004
   0.00004
   0.00004
   0.00004
   0.00004
