   0.72885
   0.73697
   0.74026
   0.74204
   0.74423
   0.73826
   0.74678
   0.74753
   0.74864
   0.74841
   0.74843
   0.74877
   0.74856
   0.74895
   0.74840
   0.74842
   0.74733
   0.74688
   0.73487
   0.74392
   0.74419
   0.74284
   0.74352
   0.74183
   0.74144
   0.73913
   0.73776
   0.73643
   0.73514
   0.73114
   0.72648
   0.72473
   0.72179
   0.71977
   0.71576
   0.71157
   0.70712
   0.70236
   0.68401
   0.68152
   0.67923
   0.67695
   0.67480
   0.67226
   0.66951
   0.66722
   0.66595
   0.66541
   0.66495
   0.66414
   0.66210
   0.65904
   0.65526
   0.65099
   0.64642
   0.64163
   0.63650
   0.63116
   0.62548
   0.61950
   0.61322
   0.60664
   0.59981
   0.59275
   0.58551
   0.57807
   0.57047
   0.56273
   0.55485
   0.54686
   0.53880
   0.53067
   0.52248
   0.51424
   0.50597
   0.49767
   0.48934
   0.48101
   0.47265
   0.46424
   0.45579
   0.44736
   0.43880
   0.43017
   0.42144
   0.41261
   0.40406
   0.39509
   0.38595
   0.37668
   0.36728
   0.35780
   0.34830
   0.33882
   0.32942
   0.32020
   0.31124
   0.30258
   0.29431
   0.28642
   0.27884
   0.27159
   0.26463
   0.25777
   0.25094
   0.24396
   0.23665
   0.22898
   0.22084
   0.21229
   0.20306
   0.19386
   0.18465
   0.17548
   0.16647
   0.15767
   0.14912
   0.14087
   0.13291
   0.12524
   0.11734
   0.11054
   0.10430
   0.09855
   0.09330
   0.08850
   0.08407
   0.07995
   0.07608
   0.07240
   0.06892
   0.06560
   0.06246
   0.05953
   0.05684
   0.05442
   0.05223
   0.05022
   0.04818
   0.04607
   0.04353
   0.04061
   0.03757
   0.03468
   0.03209
   0.02993
   0.02802
   0.02632
   0.02480
   0.02336
   0.02194
   0.02081
   0.05662
   0.04479
   0.07724
   0.01783
   0.01907
   0.05191
   0.01998
   0.01499
   0.01486
   0.02535
   0.02553
   0.01185
   0.02419
   0.03335
   0.01122
   0.03016
   0.03030
   0.02223
   0.01716
   0.02153
   0.01463
   0.01297
   0.02260
   0.06904
   0.05411
   0.02807
   0.01161
   0.00820
   0.00655
   0.00902
   0.01194
   0.00597
   0.02531
   0.01666
   0.02591
   0.04393
   0.02139
   0.01478
   0.00881
   0.10757
   0.01457
   0.01389
   0.01158
   0.01494
   0.01579
   0.00835
   0.01329
   0.00764
   0.01728
   0.01469
   0.01326
   0.00792
   0.01568
   0.01518
   0.01116
   0.00563
   0.02204
   0.01579
   0.01749
   0.00583
   0.01726
   0.00475
   0.02281
   0.01939
   0.01257
   0.01278
   0.02211
   0.00964
   0.01006
   0.01320
   0.06668
   0.05076
   0.03940
   0.01470
   0.01664
   0.03935
   0.00857
   0.00709
   0.00862
   1.22109
   0.06098
   0.03353
   0.02743
   0.02590
   0.02253
   0.01308
   1.07903
   0.01301
   0.01314
   0.01172
   0.00867
   0.00528
   0.00481
   0.00605
   0.00513
   0.49280
   0.00478
   0.00337
   0.00480
   0.00427
   0.00300
   0.00251
   0.00227
   0.00277
   0.00509
   0.00306
   0.00382
   0.25222
   0.23611
   0.22301
   0.21226
   0.20322
   0.19472
   0.18662
   0.17868
   0.17075
   0.16296
   0.15537
   0.14787
   0.14059
   0.13356
   0.12692
   0.12054
   0.11455
   0.10880
   0.10344
   0.09814
   0.09296
   0.08766
   0.08213
   0.07650
   0.07080
   0.06523
   0.06018
   0.05562
   0.05152
   0.04780
   0.04442
   0.04123
   0.03821
   0.03579
   0.03305
   0.02821
   0.02718
   0.02589
   0.02392
   0.02312
   0.02253
   0.02234
   0.02206
   0.02047
   0.02105
   0.02429
   0.02084
   0.02008
   0.03531
   0.01607
   0.01894
   0.02013
   0.02450
   0.01402
   0.01720
   0.04937
   0.02418
   0.04496
   0.01070
   0.04222
   0.07429
   0.04740
   0.01018
   0.04003
   0.04530
   0.00789
   0.03260
   0.02864
   0.01699
   0.01682
   0.01397
   0.01123
   0.00972
   0.00905
   0.00883
   0.00874
   0.01475
   0.00663
   0.02623
   0.02156
   0.01092
   0.00743
   0.00455
   0.00779
   0.03573
   0.00639
   0.00538
   0.00494
   0.00466
   0.00463
   0.00568
   0.00464
   0.00819
   0.00680
   0.00526
   0.00453
   0.00410
   0.00382
   0.00385
   0.00513
   1.71218
   0.00604
   0.00581
   0.00523
   0.00421
   0.00347
   0.00304
   0.00275
   0.00263
   0.00283
   1.80649
   0.00410
   0.00400
   0.00394
   0.00380
   0.00337
   0.00280
   0.00236
   0.00206
   0.00186
   0.00181
   0.00247
   0.00161
   0.01364
   0.11297
   0.10624
   0.06392
   0.07013
   0.04573
   0.04067
   0.19197
   0.04662
   0.03766
   0.04116
   0.03074
   0.02513
   0.07053
   0.03026
   0.08810
   0.03861
   0.02470
   0.02133
   0.06410
   0.07908
   0.06277
   0.02335
   0.01820
   0.02063
   0.01350
   0.03042
   0.01679
   0.03542
   0.01183
   0.01170
   0.01147
   0.01105
   0.01051
   0.00982
   0.01086
   0.94441
   1.87730
   0.00942
   0.00791
   0.00761
   0.00745
   0.00726
   0.00702
   0.00751
   0.02556
   0.03247
   0.00627
   0.01509
   0.01238
   0.36576
   0.00505
   0.00501
   0.00495
   0.00485
   0.00467
   0.00438
   0.00832
   0.01903
   0.01034
   0.00802
   0.00703
   0.01114
   0.00851
   0.00687
   0.00571
   0.00501
   0.00420
   0.00402
   0.00379
   0.00352
   0.00357
   0.00327
   0.00295
   0.00267
   0.00383
   0.01017
   0.02017
   0.01154
   0.00309
   0.00244
   0.00270
   0.00244
   0.00228
   0.00207
   0.00188
   0.00172
   0.00158
   0.00149
   0.00277
   0.00256
   0.00241
   0.00229
   0.00221
   0.00185
   0.00148
   0.00141
   0.00140
   0.00150
   0.00137
   0.00122
   0.00112
   0.00520
   0.00217
   0.00176
   0.00107
   0.00346
   0.00250
   0.00218
   0.00183
   0.00158
   0.00139
   0.00128
   0.00122
   0.00117
   0.00113
   0.00109
   0.00096
