   0.64692
   0.64708
   0.64513
   0.64410
   0.63977
   0.63768
   0.63525
   0.63281
   0.62970
   0.62782
   0.62621
   0.62540
   0.62256
   0.61849
   0.61800
   0.61466
   0.61364
   0.60767
   0.60476
   0.60702
   0.59786
   0.59079
   0.58775
   0.58124
   0.57443
   0.56084
   0.54804
   0.53526
   0.52613
   0.51638
   0.50673
   0.49767
   0.48903
   0.48049
   0.46882
   0.46241
   0.45563
   0.44941
   0.44694
   0.44230
   0.43665
   0.43499
   0.42997
   0.42515
   0.42181
   0.41649
   0.41141
   0.40786
   0.40268
   0.39656
   0.39048
   0.38561
   0.38410
   0.37706
   0.37518
   0.36675
   0.36296
   0.35564
   0.34956
   0.34363
   0.33662
   0.32476
   0.32050
   0.31322
   0.30587
   0.29761
   0.28928
   0.27379
   0.26104
   0.25532
   0.24952
   0.23558
   0.22573
   0.21771
   0.21447
   0.19729
   0.19099
   0.18685
   0.17986
   0.17495
   0.17142
   0.16712
   0.16373
   0.16073
   0.15807
   0.15569
   0.15344
   0.15194
   0.15034
   0.14926
   0.14804
   0.14668
   0.14554
   0.14534
   0.14442
   0.14315
   0.14216
   0.14120
   0.14020
   0.13942
   0.13861
   0.13784
   0.13742
   0.13730
   0.13764
   0.13840
   0.13934
   0.14059
   0.14031
   0.14247
   0.14474
   0.14726
   0.14740
   0.14494
   0.11785
   0.10372
   0.08910
   0.06878
   0.06606
   0.07504
   0.06668
   0.10003
   0.08304
   0.08791
   0.09105
   0.09339
   0.09484
   0.09603
   0.09545
   0.10082
   0.11229
   0.10428
   0.08275
   0.05693
   0.04377
   0.04858
   0.07507
   0.08776
   0.03180
   0.04609
   0.04439
   0.02783
   0.03306
   0.13201
   0.12666
   0.02532
   0.13048
   0.06151
   0.02684
   0.01848
   0.08486
   0.14824
   0.02907
   0.03232
   0.16625
   0.01535
   0.11439
   0.10591
   0.08957
   0.16229
   0.17103
   0.17060
   0.15997
   0.14541
   0.12768
   0.09788
   0.11422
   0.09204
   0.11046
   0.10674
   0.09921
   0.09417
   0.12429
   0.09187
   0.08523
   0.07837
   0.07745
   0.07494
   0.06967
   0.10418
   0.04905
   0.01890
   0.02576
   0.02806
   0.03244
   0.03671
   0.04818
   0.05885
   0.05391
   0.05476
   0.05472
   0.05531
   0.05724
   0.06037
   0.06232
   0.06029
   0.06311
   0.06238
   0.06184
   0.06020
   0.05746
   0.05426
   0.04988
   0.04546
   0.04037
   0.03425
   0.02872
   0.02864
   0.02486
   0.02301
   0.02634
   0.06903
   0.05217
   0.00557
   0.06147
   0.00490
   0.06011
   0.00349
   0.07891
   0.00287
   0.00331
   0.01791
   0.01090
   0.00905
   0.00836
   0.00748
   0.00715
   0.00295
   0.00903
   0.01032
   0.00806
   0.00805
   0.00583
   0.00706
   0.00708
   0.00684
   0.00467
   0.00376
   0.00351
   0.00317
   0.00254
   0.05594
   0.04810
   0.03597
   0.02790
   0.02536
   0.02506
   0.02443
   0.02023
   0.01992
   0.01867
   0.01794
   0.01678
   0.01544
   0.01471
   0.01399
   0.01326
   0.01325
   0.01333
   0.01272
   0.01217
   0.01097
   0.01070
   0.00921
   0.00708
   0.00482
   0.00408
   0.01023
   0.00793
   0.00733
   0.00736
   0.00751
   0.00797
   0.00737
   0.00680
   0.00585
   0.00712
   0.00661
   0.00618
   0.00569
   0.00506
   0.00475
   0.00637
   0.00608
   0.00619
   0.00565
   0.00507
   0.00405
   0.00354
   0.00347
   0.00377
   0.00365
   0.00322
   0.00287
   0.00266
   0.00241
   0.31629
   0.24508
   0.23086
   0.21518
   0.19747
   0.16786
   0.14918
   0.14009
   0.13248
   0.12575
   0.12008
   0.11498
   0.11028
   0.10543
   0.10051
   0.09559
   0.09042
   0.08525
   0.08003
   0.07489
   0.06987
   0.06488
   0.06021
   0.05542
   0.04749
   0.03993
   0.03731
   0.03578
   0.03430
   0.03247
   0.03063
   0.02891
   0.02666
   0.02523
   0.02384
   0.02255
   0.02133
   0.02020
   0.01917
   0.01823
   0.01736
   0.01655
   0.01579
   0.01507
   0.01438
   0.01373
   0.01312
   0.01256
   0.01204
   0.01155
   0.01107
   0.01058
   0.01008
   0.00958
   0.00906
   0.00855
   0.00820
   0.00802
   0.01027
   0.01660
   0.01408
   0.00692
   0.00663
   0.00656
   0.00718
   0.00681
   0.00639
   0.00624
   0.00661
   0.01619
   0.00594
   0.04130
   0.00565
   0.01829
   0.00545
   0.00536
   0.49429
   0.00739
   0.00665
   0.00598
   0.00544
   0.00506
   0.00476
   0.00452
   0.00436
   0.00424
   0.00436
   1.07734
   0.00522
   0.00527
   0.00471
   0.00427
   0.00393
   0.00365
   0.00342
   0.00324
   0.00313
   0.00300
   0.00296
   0.00288
   0.05634
   0.00904
   0.00700
   0.00647
   0.00606
   0.00559
   0.00499
   0.00456
   0.00427
   0.00399
   0.00366
   0.00330
   0.00301
   0.00278
   0.00259
   0.00244
   0.00232
   0.00224
   0.00217
   0.00212
   0.00209
   0.00202
   0.00217
   0.00198
   5.12098
   0.00832
   0.00729
   0.00621
   0.00535
   0.00463
   0.00410
   0.00377
   0.00349
   0.00330
   0.00312
   0.00294
   0.00271
   0.00247
   0.00228
   0.00213
   0.00199
   0.00188
   0.00178
   0.00171
   0.00166
   0.00161
   0.00157
   0.00152
   0.00147
   0.00143
   0.00139
   0.00136
   0.00135
   0.00129
   0.00126
   0.00122
   0.00116
   0.00325
   0.03215
   0.02730
   0.02315
   0.02090
   0.01916
   0.01772
   0.01632
   0.01507
   0.01426
   0.01367
   0.01329
   0.04308
   0.01404
   0.01283
   0.01262
   0.01246
   0.01226
   0.01199
   0.01162
   0.01122
   0.01079
   0.01036
   0.01000
   0.00969
   0.00941
   0.00914
   0.00902
   0.01466
   0.01431
   0.00858
   0.84302
   0.01095
   0.00948
   0.00866
   0.00823
   0.00794
   0.00771
   0.00752
   0.00735
   0.00719
   0.00704
   0.00689
   0.00676
   0.00662
   0.00649
   0.00636
   0.00623
   0.00609
   0.00592
   0.00575
   0.00560
   0.00545
   0.00531
   0.00516
   0.00502
   0.00495
   0.00726
   0.01033
   0.01629
   0.00620
   0.00522
   0.00500
   0.00485
   0.00473
   0.00462
   0.00451
   0.00441
   0.00431
   0.00422
   0.00413
   0.00404
   0.00395
   0.00385
   0.00376
   0.00368
   0.00359
   0.00351
   0.00343
   0.00336
   0.00329
   0.00322
   0.00316
   0.00309
   0.00302
   0.00295
   0.00289
   0.00284
   0.00284
   0.00374
   0.00456
   0.00451
   0.00458
   0.00466
   0.00470
   0.00481
   0.00514
   0.01360
   0.00484
   0.00550
   0.00518
   0.00465
   0.00432
   0.00416
   0.00401
   0.01135
   0.00536
   0.00536
   0.00515
   0.00500
   0.00485
   0.00470
   0.00456
   0.00444
   0.00435
   0.00430
   0.00428
   0.00427
   0.00429
   0.00431
   0.00438
   0.00449
   0.00466
   0.00479
   0.00470
   0.00443
   0.00423
   0.00376
   0.00367
   0.00368
   0.00382
   0.00394
   0.00373
   0.00374
   0.00368
   0.00363
   0.00350
   0.00326
   0.00283
   0.00325
   0.00405
   0.00367
   0.00331
   0.00333
   0.00336
   0.00338
   0.00336
   0.00331
   0.00324
   0.00316
   0.00307
   0.00295
   0.00283
   0.00273
   0.00265
   0.00260
   0.00258
   0.00259
   0.00279
   0.00326
   0.00326
   0.00318
   0.00302
   0.00280
   0.00257
   0.00235
   0.00232
   0.00237
   0.00227
   0.00212
   0.00205
   0.00199
   0.00194
   0.00192
   0.00207
   0.00197
   0.00187
   0.29127
   0.00277
   0.00233
   0.00226
   0.00222
   0.00221
   0.00222
   0.00227
   0.00238
   0.00241
   0.00227
   0.00200
   0.00207
   0.00249
   0.00230
   0.00209
   0.00191
   0.00177
   0.00167
   0.00158
   0.00152
   0.00150
   0.00151
   0.00153
   0.00153
   0.00149
   0.00146
   0.00145
   0.00150
   0.00157
   0.00158
   0.00157
   0.00153
   0.00146
   0.00138
   0.00132
   0.00126
   0.00121
   0.00117
   0.00115
   0.00113
   0.00113
   0.00112
   0.00112
   0.00109
   0.00103
   0.20286
   0.16830
   0.15513
   0.14569
   0.13871
   0.12404
   0.11450
   0.10908
   0.10469
   0.10012
   0.09493
   0.09090
   0.08456
   0.08151
   0.07714
   0.07448
   0.07198
   0.06962
   0.06735
   0.06519
   0.06311
   0.06112
   0.05919
   0.05666
   0.05438
   0.05265
   0.05100
   0.04941
   0.04789
   0.04642
   0.04500
   0.04363
   0.04231
   0.04104
   0.03981
   0.03861
   0.03744
   0.03616
   0.03469
   0.03360
   0.03255
   0.03153
   0.03055
   0.02960
   0.02868
   0.02778
   0.02691
   0.02607
   0.02525
   0.02446
   0.02368
   0.02287
   0.02190
   0.02115
   0.02042
   0.01970
   0.01900
   0.01831
   0.01764
   0.01698
   0.01634
   0.01571
   0.01510
   0.01450
   0.01392
   0.01336
   0.01283
   0.01232
   0.01184
   0.01138
   0.01095
   0.01055
   0.01018
   0.00984
   0.00952
   0.00924
   0.00899
   0.00877
   0.00860
   0.00846
   0.00838
   0.00837
   0.00843
   0.00861
   0.00894
   0.00950
   0.01028
   0.01092
   0.00956
   0.00892
   0.00787
   0.00894
   0.00737
   0.00786
   0.00690
   0.00650
   0.00927
   0.01510
   0.01719
   0.00796
   0.00668
   0.00652
   0.00543
   0.00471
   0.00427
   0.00396
   0.00373
   0.00996
   0.00614
   0.00517
   0.00442
   0.00377
   0.00326
   0.00503
   0.00715
   0.00644
   0.00525
   0.00403
   0.00288
   0.00358
   0.00393
   0.00340
   0.01011
   0.00806
   0.00818
   0.00814
   0.00786
   0.00737
   0.00666
   0.00556
   0.00380
   0.00211
   0.00202
   0.00193
   0.00190
   0.00236
   0.00176
   0.00178
   0.00164
   0.00171
   0.00152
   0.00150
   0.00142
   0.00136
   0.00339
   0.00184
   0.00366
   0.00413
   0.00401
   0.00190
   0.00586
   0.00556
   0.00118
   0.00118
   0.00118
   0.00119
   0.00121
   0.00124
   0.00127
   0.00130
   0.00132
   0.00133
   0.00132
   0.00130
   0.00128
   0.00128
   0.00129
   0.00132
   0.00136
   0.00129
   0.00117
   0.00112
   0.00110
   0.00108
   0.00111
   0.00096
   0.00096
   0.00094
   0.00094
   0.00094
   0.00093
   0.00093
   0.00093
   0.00095
   0.00089
   0.00092
   0.00086
   0.00092
   0.00241
   0.00093
   0.00093
   0.00094
   0.00095
   0.00093
   0.00095
   0.00098
   0.00101
   0.00102
   0.00102
   0.00100
   0.00098
   0.00096
   0.00094
   0.00094
   0.00095
   0.00096
   0.00094
   0.00090
   0.00085
   0.00080
   0.00076
   0.00073
   0.00071
   0.00068
   0.00063
   0.00064
   0.00061
   0.00062
   0.00064
   0.00059
   0.00058
   0.00056
   0.00056
   0.00054
   0.00055
   0.00052
   0.03807
   0.00079
   0.00078
   0.00077
   0.00076
   0.00075
   0.00073
   0.00072
   0.00071
   0.00069
   0.00069
   0.00068
   0.00068
   0.00068
   0.00069
   0.00071
   0.00072
   0.00072
   0.00071
   0.00069
   0.00068
   0.00066
   0.00064
   0.00064
   0.00063
   0.00063
   0.00062
   0.00060
   0.00056
   0.00053
   0.00051
   0.00048
   0.00047
   0.00045
   0.00044
   0.00044
   0.00045
   0.00470
   0.00093
   0.00090
   0.00087
   0.00082
   0.00080
   0.00078
   0.00076
   0.00073
   0.00071
   0.00068
   0.00066
   0.00064
   0.00062
   0.00060
   0.00059
   0.00058
   0.00058
   0.00058
   0.00058
   0.00058
   0.00057
   0.00056
   0.00054
   0.00053
   0.00051
   0.00050
   0.00049
   0.00048
   0.00047
   0.00047
   0.00045
   0.00042
   0.00040
   0.00038
   0.00036
   0.00035
   0.00034
   0.00034
   0.00033
   0.00033
   0.00033
   0.00035
   0.00036
   0.00037
   0.00041
   0.00044
   0.00046
   0.00027
   0.00028
   0.00028
   0.00029
   0.00029
   0.00030
   0.00030
   0.00031
   0.00031
   0.00031
   0.00031
   0.00031
   0.00030
