   0.58572
   0.55768
   0.56076
   0.50977
   0.53800
   0.52822
   0.48732
   0.47180
   0.47115
   0.47179
   0.46921
   0.48193
   0.47960
   0.46154
   0.45473
   0.46371
   0.46669
   0.46292
   0.46573
   0.47030
   0.47547
   0.45989
   0.45935
   0.45918
   0.46034
   0.46204
   0.46714
   0.47313
   0.48461
   0.49825
   0.51202
   0.53856
   0.55339
   0.56567
   0.57589
   0.57925
   0.57686
   0.56761
   0.55352
   0.52988
   0.50305
   0.44613
   0.41679
   0.38943
   0.36726
   0.34767
   0.33097
   0.31912
   0.30969
   0.30253
   0.29647
   0.29254
   0.28900
   0.28795
   0.28632
   0.28576
   0.28633
   0.28784
   0.29020
   0.29306
   0.29598
   0.29971
   0.30338
   0.30812
   0.31307
   0.31798
   0.32294
   0.32703
   0.32639
   0.33242
   0.33809
   0.34420
   0.35040
   0.35644
   0.36140
   0.36468
   0.36807
   0.37293
   0.37851
   0.38353
   0.38739
   0.38877
   0.38960
   0.38986
   0.38907
   0.38660
   0.38444
   0.38280
   0.38222
   0.38020
   0.37574
   0.36991
   0.36232
   0.35694
   0.35021
   0.34388
   0.33519
   0.32685
   0.31812
   0.31078
   0.30327
   0.29411
   0.28981
   0.28610
   0.29315
   0.28989
   0.28565
   0.28078
   0.27871
   0.27252
   0.26764
   0.26327
   0.25502
   0.24744
   0.23729
   0.22459
   0.21140
   0.19915
   0.18175
   0.15889
   0.13710
   0.11329
   0.08906
   0.07472
   0.06173
   0.05005
   0.04342
   0.03576
   0.03170
   0.03019
   0.02868
   0.02728
   0.02632
   0.02601
   0.02597
   0.02642
   0.02578
   0.02503
   0.02416
   0.02331
   0.02255
   0.02186
   0.02132
   0.02440
   0.02255
   0.02233
   0.02635
   0.02359
   0.02174
   0.02100
   0.02059
   0.02011
   0.02077
   0.02240
   0.02272
   0.01883
   0.01945
   0.01993
   0.02275
   0.02290
   0.01913
   0.02181
   0.02477
   0.02080
   0.01598
   0.02783
   0.02811
   0.02578
   0.02117
   0.02142
   0.01511
   0.01547
   0.01572
   0.01503
   0.01798
   0.01843
   0.01638
   0.01293
   0.01215
   0.01163
   0.01096
   0.01062
   0.01018
   0.00981
   0.00955
   0.00904
   0.00850
   0.00828
   0.00810
   0.00790
   0.00716
   0.00727
   0.00704
   0.00740
   0.00711
   0.00638
   0.00697
   0.00694
   0.00696
   0.00707
   0.00696
   0.00723
   0.00704
   0.00641
   0.00663
   0.00620
   0.00643
   0.00564
   0.00567
   0.00550
   0.00480
   0.00408
   1.20084
   0.53614
   0.49706
   0.49391
   0.49358
   0.49352
   0.49350
   0.49350
   0.49350
   0.49350
   0.49350
   0.49351
   0.49351
   0.49351
   0.49352
   0.49352
   0.49352
   0.49352
   0.49353
   0.49353
   0.49353
   0.49353
   0.49354
   0.49354
   0.49354
   0.49355
   0.49355
   0.49355
   0.49355
   0.49356
   0.49356
   0.49356
   0.49357
   0.49357
   0.49357
   0.49357
   0.49358
   0.49358
   0.49358
   0.49358
   0.49359
   0.49359
   0.49359
   0.49360
   0.49360
   0.49360
   0.49360
   0.49361
   0.49361
   0.49361
   0.49362
   0.49362
   0.49362
   0.49362
   0.49363
   0.49363
   0.49363
   0.49363
   0.49364
   0.49364
   0.49364
   0.49365
   0.49365
   0.49365
   0.49365
   0.49366
   0.49366
   0.49366
   0.49367
   0.49367
   0.49367
   0.49367
   0.49368
   0.49368
   0.49368
   0.49368
   0.49369
   0.49369
   0.49369
   0.49370
   0.49370
   0.49370
   0.49370
   0.49371
   0.49371
   0.49371
   0.49371
   0.49372
   0.49372
   0.49372
   0.49373
   0.49373
   0.49373
   0.49373
   0.49374
   0.49374
   0.49374
   0.49375
   0.49375
   0.49375
   0.49375
   0.49376
   0.49376
   0.49376
   0.49377
   0.49377
   0.49377
   0.49377
   0.49378
   0.49378
   0.49378
   0.49378
   0.49379
   0.49379
   0.49379
   0.49380
   0.49380
   0.49380
   0.49380
   0.49381
   0.49381
   0.49381
   0.49382
   0.49382
   0.49382
   0.49382
   0.49383
   0.49383
   0.49383
   0.49383
   0.49384
   0.49384
   0.49384
   0.49385
   0.49385
   0.49385
   0.49385
   0.49386
   0.49386
   0.49386
   0.49387
   0.49387
   0.49387
   0.49387
   0.49388
   0.49388
   0.49388
   0.49388
   0.49389
   0.49389
   0.49389
   0.49390
   0.49390
   0.49390
   0.49390
   0.49391
   0.49391
   0.49391
   0.49392
   0.49392
   0.49392
   0.49392
   0.49393
   0.49393
   0.49393
   0.49393
   0.49394
   0.49394
   0.49394
   0.49395
   0.49395
   0.49395
   0.49395
   0.49396
   0.49396
   0.49396
   0.49397
   0.49397
   0.49397
   0.49397
   0.49398
   0.49398
   0.49398
   0.49398
   0.49399
   0.49399
   0.49399
   0.49400
   0.49400
   0.49400
   0.49400
   0.49401
   0.49401
   0.49401
   0.49402
   0.49402
   0.49402
   0.49402
   0.49403
   0.49403
   0.49403
   0.49404
   0.49404
   0.49404
   0.49404
   0.49405
   0.49405
   0.49405
   0.49405
   0.49406
   0.49406
   0.49406
   0.49407
   0.49407
   0.49407
   0.49407
   0.49408
   0.49408
   0.49408
   0.49409
   0.49409
   0.49409
   0.49409
   0.49410
   0.49410
   0.49410
   0.49411
   0.49411
   0.49411
   0.49411
   0.49412
   0.49412
   0.49412
   0.49412
   0.49413
   0.49413
   0.49413
   0.49414
   0.49414
   0.49414
   0.49414
   0.49415
   0.49415
   0.49415
   0.49416
   0.49416
   0.49416
   0.49416
   0.49417
   0.49417
   0.49417
   0.49418
   0.49418
   0.49418
   0.49418
   0.49419
   0.49419
   0.49419
   0.49419
   0.49420
   0.49420
   0.49420
   0.49421
   0.49421
   0.49421
   0.49421
   0.49422
   0.49422
   0.49422
   0.49423
   0.49423
   0.49423
   0.49423
   0.49424
   0.49424
   0.49424
   0.49424
   0.49425
   0.49425
   0.49425
   0.49426
   0.49426
   0.49426
   0.49426
   0.49427
   0.49427
   0.49427
   0.49428
