   0.68895
   0.69042
   0.70327
   0.70048
   0.69857
   0.69991
   0.70041
   0.70067
   0.69929
   0.69784
   0.69817
   0.69727
   0.69707
   0.69231
   0.69225
   0.68863
   0.68871
   0.68855
   0.68802
   0.68867
   0.68347
   0.68228
   0.67849
   0.67756
   0.67601
   0.67397
   0.67245
   0.67123
   0.67032
   0.66890
   0.66649
   0.66283
   0.65847
   0.65425
   0.64982
   0.64610
   0.64269
   0.63981
   0.63646
   0.63265
   0.62822
   0.62324
   0.61714
   0.61134
   0.60460
   0.59738
   0.58957
   0.58134
   0.57308
   0.56425
   0.55541
   0.54765
   0.53960
   0.53168
   0.52386
   0.51602
   0.50786
   0.50161
   0.49244
   0.48527
   0.47897
   0.47099
   0.46363
   0.45928
   0.45226
   0.44500
   0.43866
   0.43409
   0.42651
   0.42276
   0.42262
   0.42311
   0.42212
   0.42180
   0.42556
   0.41112
   0.42099
   0.40422
   0.40042
   0.39164
   0.39325
   0.38218
   0.37036
   0.36308
   0.36266
   0.34874
   0.36496
   0.37365
   0.36745
   0.35954
   0.34419
   0.33759
   0.32089
   0.20180
   0.22985
   0.32704
   0.35509
   0.42913
   0.37055
   0.08743
   0.08522
   0.08240
   0.43259
   0.30654
   0.25710
   0.17252
   0.18962
   0.16490
   0.24761
   0.07979
   0.09335
   0.10025
   0.07208
   0.07336
   0.06664
   0.12228
   0.07039
   0.13736
   0.05400
   0.14224
   0.05821
   0.06117
   0.39372
   0.09504
   0.31251
   0.05437
   0.04003
   0.11196
   0.28232
   0.02742
   0.21324
   0.02714
   0.15649
   0.07190
   0.02585
   0.04468
   0.03008
   0.02243
   0.02442
   0.35405
   0.03227
   0.02467
   0.28885
   0.05250
   0.01997
   0.27828
   0.08757
   0.19200
   0.01611
   0.26586
   0.27180
   0.01470
   0.22988
   0.01521
   0.03230
   0.07913
   0.01664
   0.01565
   0.01468
   0.09506
   0.01368
   0.01315
   0.01256
   0.06106
   0.01137
   0.03264
   0.02094
   0.20034
   0.01185
   0.01217
   0.02826
   0.01110
   0.01050
   0.01108
   0.01015
   0.01942
   0.00815
   0.05254
   0.02958
   0.00738
   0.00776
   0.00717
   0.01775
   0.02209
   0.00718
   0.01337
   0.02202
   0.04258
   0.01114
   0.01388
   0.00602
   0.01267
   0.00878
   0.01269
   0.01225
   0.01056
   0.04101
   0.02509
   0.03511
   0.02366
   0.02252
   0.11715
   0.02343
   0.03136
   0.02078
   0.01664
   0.01932
   0.01813
   0.22920
   0.02721
   0.02694
   0.01266
   0.00804
   0.04577
   0.03127
   0.03059
   0.01796
   0.01360
   0.16659
   0.01687
   0.01171
   0.01888
   0.05057
   0.01902
   0.01375
   0.01092
   0.04289
   0.02101
   0.01679
   0.01089
   0.02056
   0.02269
   0.01689
   0.01001
   0.01847
   0.02343
   0.01832
   0.01387
   0.00922
   0.04381
   0.01124
   0.00568
   0.00953
   0.00558
   0.01713
   0.01658
   0.01791
   0.00991
   0.52338
   0.01031
   0.00518
   0.00450
   0.00460
   0.00579
   0.00750
   0.00831
   0.00446
   0.00586
   0.00343
   0.00617
   0.00362
   0.00487
   0.00606
   0.00404
   0.23988
   0.06280
   0.13323
   0.14048
   0.00902
   0.00857
   0.02332
   0.00841
   0.00683
   0.00426
   0.01210
   0.00549
   0.00478
   0.00438
   0.00706
   0.00558
   0.00968
   0.00793
   0.00622
   0.00508
   0.00436
   0.00406
   0.00378
   0.00368
   0.00438
   0.01379
   0.00367
   0.00326
   0.00292
   0.00273
   0.00355
   0.00243
   0.03570
   0.00319
   0.00320
   0.00290
   0.00258
   0.00239
   0.00239
   0.00225
   0.00286
   0.00568
   0.00231
   0.02434
   0.10183
   0.01809
   0.16586
   0.02362
   0.01689
   0.01258
   0.08087
   0.02290
   0.01366
   0.01064
   0.02657
   0.01039
   0.01154
   0.01748
   0.01138
   0.01938
   0.00859
   0.00897
   0.00867
   0.01416
   0.00829
   0.05375
   0.00726
   0.23665
   0.32350
   0.31680
   0.25210
   0.24944
   0.25390
   0.25610
   0.06835
   0.06441
   0.07357
   0.06320
   0.06030
   0.05377
   0.04648
   0.04737
   0.07241
   0.10770
   0.03508
   0.02925
   0.05269
   0.02203
   0.01939
   0.06452
   0.01697
   0.01600
   0.01532
   0.01464
   0.01389
   0.01319
   0.01276
   0.04122
   0.03954
   0.01421
   0.01213
   0.02927
   0.02011
   0.01855
   0.16046
   0.01036
   0.01984
   0.02555
   0.01588
   0.02245
   0.01830
   0.02289
   0.00822
   0.00955
   0.01099
   0.01537
   0.54869
   0.01655
   0.01492
   0.01287
   0.00950
   0.00736
   0.00699
   0.01071
   0.12911
   0.00582
   0.00704
   0.00547
   0.00508
   0.01249
   0.01480
   0.03177
   0.00793
   0.00600
   0.02972
   0.00941
   0.00785
   0.41639
   0.03341
   0.00624
   0.00327
   0.02122
   0.01007
   0.00491
   0.09903
   0.00268
   0.00595
   0.02206
   0.00232
   0.00291
   0.00636
   0.01050
   0.01957
   0.00387
   0.00379
   0.00374
   0.00382
   0.00188
   0.01156
   0.00177
   0.14540
   0.00299
   0.00298
   0.00393
   0.00350
   0.00308
   0.00277
   0.00256
   0.00248
   0.00247
   0.00240
   0.00374
   0.00167
   0.00149
   0.00539
   0.00536
   0.00505
   0.00468
   0.00414
   0.00361
   0.00328
   0.00304
   0.00288
   0.00279
   0.00261
   0.00166
   0.00186
   0.00423
   0.00383
   0.00342
   0.00298
   0.00267
   0.00248
   0.00230
   0.00221
   0.00209
   0.00118
   0.00417
   0.00390
   0.00358
   0.00319
   0.00280
   0.00247
   0.00230
   0.00217
   0.00207
   0.00190
   0.02255
   0.01679
   0.01389
   0.01229
   0.01568
   0.01230
   0.01190
   0.02390
   0.01573
   0.01339
   0.01245
   0.01293
   0.03812
   0.01014
   0.01065
   0.01181
   0.01261
   0.01131
   0.01169
   0.01110
   0.01004
   0.00803
   0.00802
   0.00723
   0.00764
   0.01067
   0.00662
   0.00658
   0.00819
   0.00987
   0.00911
   0.00854
   0.00535
   0.01195
   0.01110
   0.00884
   0.00651
   0.00526
   0.00790
   0.00590
   0.00551
   0.00520
   0.00555
   0.00841
   0.01584
   0.00660
   0.00648
   0.00625
   0.00597
   0.00561
   0.00525
   0.00503
   0.00491
   0.00498
   0.00619
   0.01032
   0.01552
   0.00639
   0.00628
   0.00596
   0.00557
   0.00517
   0.00489
   0.00477
   0.00499
   0.00608
   0.00865
   0.01263
   0.00439
   0.00424
   0.00432
   0.00439
   0.00437
   0.00426
   0.00405
   0.00383
   0.00366
   0.00358
   0.00374
   0.00455
   0.00641
   0.00881
   0.00910
   0.44345
   0.40125
   0.36325
   0.35005
   0.33528
   0.31665
   0.29815
   0.28477
   0.27191
   0.25825
   0.24447
   0.23123
   0.21884
   0.20619
   0.19461
   0.18409
   0.17459
   0.16535
   0.15588
   0.14764
   0.14191
   0.13826
   0.13325
   0.12711
   0.12020
   0.11281
   0.10564
   0.09833
   0.09165
   0.08587
   0.08110
   0.07602
   0.06736
   0.06538
   0.06266
   0.05987
   0.05765
   0.05603
   0.05473
   0.05378
   0.05305
   0.05232
   0.05130
   0.05015
   0.04890
   0.04826
   0.21374
   0.03608
   0.03649
   0.03709
   0.04946
   0.02557
   0.03069
   0.07169
   0.02695
   0.02745
   0.02859
   0.02262
   0.05563
   0.06652
   0.03450
   0.02835
   0.02185
   0.03644
   0.02370
   0.02179
   0.02055
   0.02398
   0.02648
   0.03897
   0.04624
   0.01572
   0.01430
   0.03227
   0.06377
   0.05661
   0.08345
   0.02516
   0.03223
   0.01642
   0.69882
   0.01769
   0.00993
   0.00956
   0.00935
   0.00906
   0.01388
   0.01048
   0.00865
   0.00832
   0.01159
   0.05279
   0.01273
   0.01884
   0.02073
   0.01559
   0.01521
   0.01606
   0.01388
   0.01019
   0.00662
   0.00686
   0.00626
   0.00782
   0.00750
   0.01027
   0.07087
   0.00639
   0.00998
   0.01492
   0.01513
   0.00961
   0.00780
   0.00845
   0.01120
   0.00829
   0.00637
   0.00453
   0.00538
   0.00525
   0.00509
   0.37205
   0.00405
   0.00396
   0.00387
   0.00382
   0.00403
   0.00526
   0.00708
   0.00786
   0.00583
   0.00468
   0.00480
   0.00641
   0.00627
   0.00529
   0.00414
   0.00306
   0.00323
   0.00380
   0.00608
   0.00891
   0.00631
   0.00482
   0.00393
   0.00342
   0.00310
   0.00289
   0.00278
   0.00290
   0.00346
   0.00423
   0.00461
   0.00381
   0.00321
   0.00350
   0.00354
   0.00387
   0.00360
   0.00311
   0.00271
   0.00253
   0.00278
   0.00238
   0.02018
   0.00295
   0.00283
   0.00259
   0.00229
   0.00228
   0.00235
   0.00230
   0.00220
   0.00207
   0.00195
   0.00186
   0.00184
   0.00195
   0.00223
   0.00238
   0.00203
   0.00191
   0.00211
   0.00212
   0.00206
   0.00202
   0.00185
   0.00165
   0.00150
   0.00146
   0.00124
   0.18845
   0.00169
   0.00157
   0.00135
   0.00125
   0.00146
   0.00138
   0.00133
   0.00127
   0.00120
   0.00114
   0.00109
   0.00107
   0.00111
   0.00127
   0.00124
   0.00110
   0.00108
   0.00115
   0.00110
   0.00109
   0.00110
   0.00106
   0.00097
   0.00084
   0.00081
   0.00376
   0.00094
   0.00095
   0.00096
   0.00096
   0.00097
   0.00097
   0.00093
   0.00079
   0.00075
   0.00089
   0.00085
   0.00081
   0.00077
   0.00072
   0.00068
   0.00066
   0.00067
   0.00070
   0.00083
   0.00085
   0.00074
   0.00069
   0.00089
   0.00113
   0.00095
   0.00081
   0.00069
   0.00054
   0.00056
   0.11385
   0.00448
   0.00349
   0.00275
   0.00221
   0.00182
   0.00153
   0.00131
   0.00112
   0.00098
   0.00086
   0.00077
   0.00071
   0.00066
   0.00055
   0.00056
   0.00062
   0.00058
   0.00053
   0.00050
   0.00046
   0.00043
   0.00041
   0.00041
   0.00042
   0.00047
   0.00051
   0.00052
   0.00044
   0.00036
   0.00038
   0.00044
   0.00045
   0.00044
   0.00040
   0.00035
   0.73675
   0.72244
   0.72008
   0.71909
   0.71857
   0.71825
   0.71804
   0.71790
   0.71780
   0.71773
   0.71768
   0.71764
   0.71761
   0.71759
   0.71757
   0.71756
   0.71755
   0.71755
   0.71754
   0.71754
   0.71753
   0.71753
   0.71753
   0.71752
   0.71752
   0.71752
   0.71752
   0.71752
   0.71752
   0.71752
   0.71752
   0.71752
   0.71752
   0.71752
   0.71752
   0.71751
   0.71751
   0.71751
   0.71751
   0.71751
   0.71751
   0.71751
   0.71751
   0.71751
   0.71751
   0.71751
   0.71751
   0.71751
   0.71751
   0.71751
   0.71751
   0.71751
   0.71751
   0.71751
   0.71751
   0.71750
   0.71750
   0.71750
   0.71750
   0.71750
   0.71750
   0.71750
   0.71750
   0.71750
   0.71750
   0.71750
   0.71750
   0.71750
   0.71750
   0.71750
   0.71750
   0.71750
   0.71750
   0.71750
   0.71750
   0.71750
   0.71749
   0.71749
   0.71749
   0.71749
   0.71749
   0.71749
   0.71749
   0.71749
   0.71749
   0.71749
   0.71749
   0.71749
   0.71749
   0.71749
   0.71749
   0.71749
   0.71749
   0.71749
   0.71749
   0.71749
   0.71748
   0.71748
   0.71748
   0.71748
   0.71748
   0.71748
   0.71748
   0.71748
   0.71748
   0.71748
   0.71748
   0.71748
   0.71748
   0.71748
   0.71748
   0.71748
   0.71748
   0.71748
   0.71748
   0.71748
   0.71748
   0.71747
   0.71747
   0.71747
   0.71747
   0.71747
   0.71747
   0.71747
   0.71747
   0.71747
   0.71747
   0.71747
   0.71747
   0.71747
   0.71747
   0.71747
   0.71747
   0.71747
   0.71747
   0.71747
   0.71747
   0.71746
   0.71746
   0.71746
   0.71746
   0.71746
   0.71746
   0.71746
   0.71746
   0.71746
   0.71746
   0.71746
   0.71746
   0.71746
   0.71746
   0.71746
   0.71746
   0.71746
   0.71746
   0.71746
   0.71746
   0.71745
   0.71745
   0.71745
   0.71745
   0.71745
   0.71745
