   0.84036
   0.81229
   0.82719
   0.81012
   0.80046
   0.79310
   0.78664
   0.78207
   0.77787
   0.77414
   0.77120
   0.76757
   0.76484
   0.76221
   0.76005
   0.75785
   0.75646
   0.75442
   0.75359
   0.75280
   0.75211
   0.75176
   0.75129
   0.75226
   0.75638
   0.75313
   0.75446
   0.75534
   0.75619
   0.75748
   0.75849
   0.75955
   0.76083
   0.76148
   0.76194
   0.76235
   0.76197
   0.76172
   0.75965
   0.75914
   0.75569
   0.75392
   0.74934
   0.74476
   0.73904
   0.73338
   0.72511
   0.71768
   0.70923
   0.70056
   0.69122
   0.68143
   0.67094
   0.66014
   0.64856
   0.63729
   0.62636
   0.61577
   0.60603
   0.59741
   0.59035
   0.58453
   0.57943
   0.57497
   0.56990
   0.56175
   0.55664
   0.54011
   0.53192
   0.52609
   0.51912
   0.51195
   0.50526
   0.49951
   0.49500
   0.49143
   0.48762
   0.48182
   0.47346
   0.46394
   0.45461
   0.44615
   0.43841
   0.43137
   0.42502
   0.41911
   0.41361
   0.40805
   0.40260
   0.39744
   0.39258
   0.38785
   0.38336
   0.37875
   0.37465
   0.37038
   0.36612
   0.36241
   0.35815
   0.35436
   0.35085
   0.34645
   0.34315
   0.33877
   0.33518
   0.33093
   0.32741
   0.32314
   0.31938
   0.31432
   0.30996
   0.30475
   0.29922
   0.29429
   0.28831
   0.28289
   0.27660
   0.26985
   0.26290
   0.25615
   0.24888
   0.24140
   0.23392
   0.22652
   0.21896
   0.21168
   0.20456
   0.19760
   0.19082
   0.18426
   0.17779
   0.17213
   0.16648
   0.16104
   0.15604
   0.15124
   0.14680
   0.14260
   0.13836
   0.13478
   0.13101
   0.12755
   0.12421
   0.12098
   0.11775
   0.11468
   0.11157
   0.10853
   0.10549
   0.10253
   0.09955
   0.09661
   0.09369
   0.09075
   0.08782
   0.08498
   0.08208
   0.07978
   0.07700
   0.07428
   0.07160
   0.06907
   0.06655
   0.06404
   0.06180
   0.05955
   0.05743
   0.05534
   0.05339
   0.05141
   0.04960
   0.04781
   0.04611
   0.04449
   0.04295
   0.04146
   0.04004
   0.03869
   0.03743
   0.03620
   0.03505
   0.03395
   0.03293
   0.03200
   0.03110
   0.03033
   0.02954
   0.02889
   0.02831
   0.02784
   0.02736
   0.02705
   0.02673
   0.02656
   0.02643
   0.02636
   0.02622
   0.02622
   0.02623
   0.02655
   0.02709
   0.02688
   0.02705
   0.02736
   0.02675
   0.02626
   0.02498
   0.02400
   0.02230
   0.02083
   0.01966
   0.01905
   0.01732
   0.01673
   0.01460
   0.01386
   0.01240
   0.01100
   0.01043
   0.01022
   0.01412
   0.00939
   0.00830
   0.00817
   0.00784
   0.00763
   0.00750
   0.04260
   0.04035
   0.19899
   0.20119
   0.00946
   0.05698
   0.00908
   0.08445
   0.01037
   0.19986
   0.00559
   0.01079
   0.00935
   0.00892
   0.00860
   0.00947
   0.03803
   0.00840
   0.00819
   0.00797
   0.00771
   0.00747
   0.00733
   0.00733
   0.03541
   0.00777
   0.00659
   0.00639
   0.00627
   0.00615
   0.00609
   0.00613
   0.00646
   0.00360
   0.00833
   0.00562
   0.00685
   0.01342
   0.01216
   0.01251
   0.01193
   0.01179
   0.01152
   0.01129
   0.01093
   0.01057
   0.00991
   0.00864
   0.00587
   0.00346
   0.00432
   0.00310
   0.00385
   0.00297
   0.00298
   0.00281
   0.00263
   0.00247
   0.00303
   0.00247
   0.00238
   0.00257
   0.00221
   0.00644
   0.00239
   0.00208
   0.00558
   0.00206
   0.00399
   0.00195
   0.00503
   0.00214
   0.00186
   0.00397
   0.00178
   0.00368
   0.00169
   0.00363
   0.00164
   0.00277
   0.00154
   0.00322
   0.00148
   0.00273
   0.00142
   0.00219
   0.00140
   0.00161
   0.00142
   0.00143
   0.00139
   0.00136
   0.00133
   0.00130
   0.00127
   0.00124
   0.00121
   0.00119
   0.00117
   0.00114
   0.00111
   0.00109
   0.00106
   0.00104
   0.00102
   0.00100
   0.00096
   0.00095
   0.00093
   0.00091
   0.00089
   0.00087
   0.00084
   0.00082
   0.00080
   0.00079
   0.00077
   0.00075
   0.00073
   0.00071
   0.00070
   0.00068
   0.00066
   0.00065
   0.00063
   0.00062
   0.00060
   0.00059
   0.00057
   0.00056
   0.00054
   0.00053
   0.00052
   0.00051
   0.00050
   0.00049
   0.00048
   0.00047
   0.00046
   0.00045
   0.00044
   0.00043
   0.00042
   0.00042
   0.00041
   0.00040
   0.00039
   0.00039
   0.00038
   0.00037
   0.00036
   0.00036
   0.00034
   0.00034
   0.00033
   0.00032
   0.00032
   0.00031
   0.00030
   0.00030
   0.00029
   0.00028
   0.00028
   0.00027
   0.00026
   0.00026
   0.00025
   0.00024
   0.00024
   0.00023
   0.00023
   0.00023
   0.00021
   0.00024
   0.50825
   0.29317
   0.28174
   0.23368
   0.21703
   0.20549
   0.19799
   0.19125
   0.18468
   0.17826
   0.17218
   0.16645
   0.16077
   0.15546
   0.15033
   0.14544
   0.14074
   0.13627
   0.13199
   0.12791
   0.12395
   0.12017
   0.11649
   0.11295
   0.09604
   0.09506
   0.09134
   0.08754
   0.08413
   0.08095
   0.07807
   0.07540
   0.07288
   0.07055
   0.06830
   0.06614
   0.06408
   0.06209
   0.06017
   0.05834
   0.05655
   0.05482
   0.05316
   0.05157
   0.05003
   0.04852
   0.04709
   0.04567
   0.04432
   0.04300
   0.04173
   0.04049
   0.03928
   0.03813
   0.03700
   0.03592
   0.03485
   0.03384
   0.03284
   0.03188
   0.03094
   0.03003
   0.02916
   0.02830
   0.02748
   0.02668
   0.02590
   0.02515
   0.02442
   0.02371
   0.02302
   0.02235
   0.02171
   0.02108
   0.02047
   0.01989
   0.01932
   0.01877
   0.01824
   0.01773
   0.01724
   0.01677
   0.01631
   0.01587
   0.01546
   0.01506
   0.01467
   0.01431
   0.01397
   0.01364
   0.01333
   0.01303
   0.01276
   0.01249
   0.01224
   0.01200
   0.01177
   0.01154
   0.01133
   0.01113
   0.01092
   0.01073
   0.01054
   0.01035
   0.01016
   0.00997
   0.00977
   0.00951
   0.00904
   0.00814
   0.00735
   0.00707
   0.00686
   0.00664
   0.00651
   0.00641
   0.00684
   0.00596
   0.00773
   0.01106
   0.01280
   0.00596
   0.00559
   0.10274
   0.00790
   0.00731
   0.00519
   0.00572
   0.00524
   0.00536
   0.00535
   0.00540
   0.00564
   0.00596
   0.00669
   0.00830
   0.01229
   0.01535
   0.01464
   0.01493
   0.01453
   0.01431
   0.01407
   0.01383
   0.01358
   0.01330
   0.01300
   0.01270
   0.01240
   0.01212
   0.01184
   0.01159
   0.01135
   0.01111
   0.01089
   0.01066
   0.01046
   0.01025
   0.01005
   0.00985
   0.00965
   0.00946
   0.00928
   0.00909
   0.00891
   0.00872
   0.00854
   0.00836
   0.00818
   0.00799
   0.00780
   0.00762
   0.00743
   0.00724
   0.00705
   0.00686
   0.00668
   0.00650
   0.00633
   0.00616
   0.00599
   0.00583
   0.00567
   0.00551
   0.00536
   0.00520
   0.00506
   0.00491
   0.00476
   0.00462
   0.00448
   0.00435
   0.00422
   0.00409
   0.00396
   0.00384
   0.00372
   0.00361
   0.00350
   0.00339
   0.00329
   0.00319
   0.00309
   0.00300
   0.00291
   0.00282
   0.00273
   0.00264
   0.00256
   0.00248
   0.00239
   0.00231
   0.00221
   0.00212
   0.00201
   0.00187
   0.00167
   0.00156
   0.09680
   0.00358
   0.00300
   0.01214
   0.00333
   0.00287
   0.00923
   0.00351
   0.00193
   0.00912
   0.00389
   0.00174
   0.00845
   0.00454
   0.00329
   0.00190
   0.00882
   0.00495
   0.00457
   0.00367
   0.00222
   0.00154
   0.00369
   0.00204
   0.00104
   0.00272
   0.00164
   0.00197
   0.00117
   0.00118
   0.01129
   0.00130
   0.00102
   0.00096
   0.00093
   0.01111
   0.00238
   0.00690
   0.00088
   0.00087
   0.00087
   0.00087
   0.00110
   0.00155
   0.00678
   0.00183
   0.00652
   0.00163
   0.00620
   0.00150
   0.00578
   0.00141
   0.00533
   0.00142
   0.00601
   0.00200
   0.00131
   0.00529
   0.00223
   0.02519
   0.00064
   0.00190
   0.00063
   0.00528
   0.00289
   0.00062
   0.00434
   0.00216
   7.29866
   0.05537
   0.03890
   0.03536
   0.02401
   0.01408
   0.01032
   0.00736
   0.00637
   0.00581
   0.00514
   0.00462
   0.00416
   0.00385
   0.00361
   0.00344
   0.00329
   0.00319
   0.00306
   0.00292
   0.00283
   0.00277
   0.00274
   0.00270
   0.00267
   0.00263
   0.00260
   0.00256
   0.00251
   0.00246
   0.00242
   0.00239
   0.00236
   0.00237
   0.00246
   0.00285
   0.00451
   0.00509
   0.00589
   0.00602
   0.00575
   0.00568
   0.00550
   0.00540
   0.00525
   0.00514
   0.00501
   0.00490
   0.00479
   0.00468
   0.00458
   0.00449
   0.00439
   0.00431
   0.00423
   0.00414
   0.00407
   0.00399
   0.00392
   0.00385
   0.00378
   0.00372
   0.00366
   0.00359
   0.00353
   0.00346
   0.00339
   0.00333
   0.00326
   0.00319
   0.00312
   0.00305
   0.00299
   0.00292
   0.00285
   0.00278
   0.00271
   0.00264
   0.00257
   0.00250
   0.00244
   0.00237
   0.00231
   0.00224
   0.00218
   0.00212
   0.00207
   0.00201
   0.00195
   0.00190
   0.00185
   0.00180
   0.00175
   0.00170
   0.00165
   0.00161
   0.00157
   0.00153
   0.00149
   0.00145
   0.00141
   0.00137
   0.00133
   0.00130
   0.00126
   0.00123
   0.00120
   0.00117
   0.00113
   0.00110
   0.00107
   0.00103
   0.00100
   0.00096
   0.00092
   0.00086
   0.00077
   0.00060
   7.27332
   0.07291
   0.03281
   0.02418
   0.01786
   0.01638
   0.01550
   0.01489
   0.01448
   0.01424
   0.01411
   0.01413
   0.01429
   0.01469
   0.01536
   0.01637
   0.01778
   0.01910
   0.01964
   0.01978
   0.01953
   0.01927
   0.01895
   0.01854
   0.01818
   0.01777
   0.01732
   0.01692
   0.01651
   0.01608
   0.01566
   0.01526
   0.01486
   0.01446
   0.01406
   0.01366
   0.01329
   0.01293
   0.01256
   0.01220
   0.01184
   0.01149
   0.01114
   0.01080
   0.01048
   0.01015
   0.00984
   0.00952
   0.00922
   0.00893
   0.00863
   0.00836
   0.00809
   0.00782
   0.00756
   0.00731
   0.00707
   0.00683
   0.00662
   0.00640
   0.00620
   0.00600
   0.00582
   0.00565
   0.00549
   0.00533
   0.00517
   0.00503
   0.00489
   0.00476
   0.00464
   0.00452
   0.00440
   0.00428
   0.00417
   0.00406
   0.00395
   0.00384
   0.00373
   0.00362
   0.00350
   0.00338
   0.00323
   0.00307
   0.00303
   0.00290
   0.00284
   0.00282
   0.00275
   0.00271
   0.00258
   0.00260
   0.00244
   0.00247
   0.00236
   0.00240
   0.00223
   0.00230
   0.00224
   0.00217
   0.00205
   0.00211
   0.00195
   0.00204
   0.00198
   0.00189
   0.00178
   0.00174
   0.00177
   0.00166
   0.00162
   0.00163
   0.00161
   0.00154
   0.00167
   0.00165
   0.00162
   0.00157
   0.00151
   0.00140
   0.00131
   0.00128
   0.00126
   0.00124
   0.00118
   0.00123
   0.00112
   0.00110
   0.00107
   0.00104
   0.00102
   0.00103
   0.00097
   0.00095
   0.00093
   0.00091
   0.00088
   0.00089
   0.00084
   0.00082
   0.00080
   0.00080
   0.00077
   0.00079
   0.00073
   0.00072
   0.00070
   0.00069
   0.00067
   0.00065
   0.00063
   0.00072
   0.00068
   0.00061
   0.00064
   0.00063
   0.00059
   0.00066
   0.00053
   0.00057
   0.00050
   0.00049
   0.00074
   0.00049
   0.00051
   0.00047
   0.00047
   0.00043
   0.00044
   0.00050
   0.00065
   0.00045
   0.00063
   0.00043
   0.00069
   0.00036
   0.00067
   0.00040
   0.00063
   0.00033
   0.00062
   0.00030
   0.00062
   0.00032
   0.00053
   0.00032
   0.00049
   0.00026
   0.00056
   0.00052
   0.00025
   0.00056
   0.00034
   0.00033
   0.06469
