   0.84774
   0.84348
   0.84356
   0.84050
   0.83571
   0.83196
   0.82787
   0.82389
   0.81721
   0.81220
   0.81389
   0.80806
   0.80589
   0.80249
   0.80186
   0.80433
   0.80822
   0.79853
   0.79497
   0.79235
   0.79042
   0.78611
   0.78560
   0.78394
   0.78252
   0.78049
   0.77892
   0.77630
   0.77892
   0.77110
   0.76917
   0.76766
   0.76435
   0.76214
   0.75794
   0.75351
   0.74870
   0.74360
   0.73813
   0.73213
   0.72126
   0.71785
   0.71004
   0.70234
   0.69257
   0.68425
   0.67593
   0.66486
   0.65529
   0.64498
   0.63527
   0.62519
   0.61641
   0.60881
   0.60185
   0.59672
   0.59205
   0.58785
   0.58413
   0.57963
   0.57457
   0.56800
   0.56206
   0.55488
   0.54728
   0.53950
   0.53114
   0.52281
   0.51418
   0.50633
   0.49951
   0.49367
   0.48890
   0.48436
   0.46990
   0.46078
   0.45252
   0.44431
   0.43664
   0.42933
   0.42225
   0.41537
   0.40902
   0.40272
   0.39693
   0.39121
   0.38513
   0.37959
   0.37445
   0.36886
   0.36410
   0.35904
   0.35397
   0.34912
   0.34456
   0.34049
   0.33555
   0.33097
   0.32647
   0.32218
   0.31774
   0.31387
   0.31000
   0.30632
   0.30171
   0.29694
   0.29162
   0.28666
   0.28185
   0.27663
   0.27123
   0.26604
   0.25984
   0.25492
   0.24795
   0.24279
   0.23636
   0.23118
   0.22473
   0.21871
   0.21302
   0.20781
   0.20157
   0.19557
   0.19037
   0.18539
   0.18026
   0.17483
   0.17016
   0.16582
   0.16145
   0.15837
   0.15352
   0.14980
   0.14558
   0.14241
   0.13851
   0.13505
   0.13176
   0.12863
   0.12512
   0.12197
   0.11923
   0.11649
   0.11354
   0.11010
   0.10748
   0.10461
   0.10186
   0.09889
   0.09627
   0.09432
   0.09082
   0.08844
   0.08553
   0.08344
   0.08224
   0.07863
   0.07776
   0.07416
   0.07311
   0.06939
   0.06810
   0.06698
   0.06358
   0.06190
   0.05994
   0.05950
   0.05598
   0.05554
   0.05263
   0.05231
   0.05070
   0.04946
   0.04756
   0.04571
   0.04409
   0.04319
   0.04188
   0.04098
   0.03929
   0.03840
   0.03719
   0.03587
   0.03488
   0.03410
   0.03272
   0.03194
   0.03116
   0.02980
   0.02895
   0.02780
   0.02690
   0.02596
   0.02513
   0.02409
   0.02355
   0.02240
   0.02194
   0.02092
   0.02083
   0.01976
   0.01931
   0.01857
   0.01790
   0.01728
   0.01655
   0.01622
   0.01563
   0.01515
   0.01451
   0.01409
   0.01365
   0.01337
   0.01301
   0.01268
   0.01223
   0.01226
   0.01211
   0.01168
   0.01174
   0.01188
   0.01160
   0.01169
   0.01076
   0.01035
   0.01163
   0.01253
   0.01076
   0.01102
   0.01103
   0.00994
   0.00896
   0.00890
   0.00670
   0.00675
   0.17183
   0.01998
   0.14057
   0.10658
   0.01112
   0.01390
   0.01232
   0.01660
   0.01639
   0.01604
   0.01578
   0.01547
   0.01517
   0.01486
   0.01458
   0.01429
   0.01401
   0.01373
   0.01345
   0.01317
   0.01287
   0.01256
   0.01222
   0.01185
   0.01145
   0.01103
   0.01060
   0.01015
   0.00970
   0.00930
   0.00899
   0.00880
   0.00870
   0.00860
   0.00854
   0.00848
   0.00847
   0.00844
   0.00845
   0.00854
   0.00859
   0.00878
   0.00919
   0.00942
   0.00877
   0.01230
   0.04606
   0.01635
   0.03106
   0.02464
   0.02423
   0.02074
   0.02108
   0.02220
   0.02213
   0.02177
   0.02158
   0.02116
   0.02084
   0.02054
   0.02016
   0.01995
   0.01964
   0.01939
   0.01918
   0.01887
   0.01823
   0.01662
   0.01419
   0.01271
   0.01237
   0.01166
   0.01129
   0.01065
   0.01045
   0.00971
   0.00963
   0.00892
   0.00887
   0.00820
   0.00820
   0.00751
   0.00756
   0.00704
   0.00690
   0.00653
   0.00646
   0.00601
   0.00597
   0.00566
   0.00548
   0.00529
   0.00509
   0.00493
   0.00480
   0.00459
   0.00447
   0.00432
   0.00419
   0.00406
   0.00394
   0.00382
   0.00372
   0.00361
   0.00351
   0.00341
   0.00333
   0.00323
   0.00316
   0.00309
   0.00301
   0.00294
   0.00288
   0.00281
   0.00275
   0.00269
   0.00263
   0.00259
   0.00254
   0.00249
   0.00245
   0.00241
   0.00236
   0.00233
   0.00229
   0.00227
   0.00222
   0.00216
   0.00213
   0.00247
   0.00132
   0.00192
   0.21788
   0.02664
   0.01040
   0.03757
   0.00683
   0.03617
   0.01205
   0.02069
   0.01733
   0.02070
   0.02086
   0.02177
   0.02261
   0.02389
   0.03161
   0.02887
   0.03388
   0.01604
   0.01431
   0.01439
   0.01435
   0.01449
   0.01419
   0.01406
   0.01430
   0.01849
   0.01615
   0.01735
   0.01612
   0.01642
   0.01546
   0.01571
   0.01701
   0.00916
   0.01750
   0.01741
   0.01744
   0.01722
   0.01607
   0.01495
   0.00785
   0.00534
   0.01435
   0.01325
   0.01355
   0.01342
   0.01312
   0.01369
   0.01515
   0.01507
   0.01262
   0.01240
   0.01166
   0.01079
   0.00743
   0.00313
   0.00723
   0.00416
   0.00119
   0.00139
   0.04301
   0.61690
   0.09798
   0.06576
   0.05791
   0.05504
   0.05193
   0.04924
   0.04665
   0.04457
   0.04210
   0.04034
   0.03866
   0.03701
   0.03543
   0.03392
   0.03247
   0.03105
   0.02965
   0.02834
   0.02710
   0.02582
   0.02470
   0.02365
   0.02263
   0.02171
   0.02081
   0.02001
   0.01926
   0.01854
   0.01792
   0.01734
   0.01678
   0.01629
   0.01580
   0.01534
   0.01491
   0.01451
   0.01412
   0.01375
   0.01339
   0.01306
   0.01273
   0.01242
   0.01211
   0.01181
   0.01151
   0.01128
   0.01229
   0.01180
   0.01145
   0.01187
   0.01070
   0.01042
   0.01016
   0.00991
   0.00964
   0.00939
   0.00912
   0.00884
   0.00854
   0.00819
   0.00773
   0.00703
   0.00569
   0.00431
   0.00573
   0.00375
   0.00377
   0.00526
   0.00408
   0.00546
