   0.59844
   0.57810
   0.60377
   0.61520
   0.62145
   0.62123
   0.62160
   0.61227
   0.62085
   0.62239
   0.61532
   0.61119
   0.58082
   0.60111
   0.59793
   0.57835
   0.58189
   0.56886
   0.55459
   0.54456
   0.53697
   0.53652
   0.58246
   0.56968
   0.56419
   0.54637
   0.52083
   0.48206
   0.44259
   0.40511
   0.37342
   0.34966
   0.32944
   0.31480
   0.30211
   0.29266
   0.28371
   0.27673
   0.26967
   0.26493
   0.26071
   0.25502
   0.25124
   0.24809
   0.24296
   0.23799
   0.22947
   0.22467
   0.21869
   0.21291
   0.20481
   0.19760
   0.18859
   0.18079
   0.17251
   0.16498
   0.15323
   0.14401
   0.13760
   0.12878
   0.12050
   0.11244
   0.10287
   0.09499
   0.08764
   0.08001
   0.07315
   0.06585
   0.05963
   0.05343
   0.04680
   0.04185
   0.03766
   0.03363
   0.02972
   0.02678
   0.02472
   0.02304
   0.02158
   0.02032
   0.01954
   0.01893
   0.01857
   0.01818
   0.01777
   0.01750
   0.01714
   0.01696
   0.01673
   0.01660
   0.01643
   0.01625
   0.01592
   0.01499
   0.01414
   0.01368
   0.01286
   0.01302
   0.01261
   0.01232
   0.01406
   0.01672
   0.01800
   0.01831
   0.01847
   0.01810
   0.01802
   0.01781
   0.01773
   0.01761
   0.01777
   0.01753
   0.01747
   0.01724
   0.01785
   0.01816
   0.01764
   0.01871
   0.01819
   0.01827
   0.01918
   0.01874
   0.02088
   0.01997
   0.02266
   0.02223
   0.02576
   0.02661
   0.02645
   0.03006
   0.00634
   0.00583
   0.00526
   0.00505
   0.00503
   0.00436
   0.00402
   0.04260
   0.00387
   0.00345
   0.07089
   0.10039
   0.00335
   0.00385
   0.09622
   0.00258
   0.00274
   0.00246
   0.00249
   0.00286
   0.00178
   0.00238
   0.00205
   0.03284
   0.00290
   0.00307
   0.00323
   0.00333
   0.00161
   0.02426
   0.11124
   0.04414
   0.00129
   0.00141
   0.00124
   0.00538
   0.00135
   0.00128
   0.00064
   0.00071
   0.00064
   0.00060
   0.00049
   0.00049
   0.00044
   0.00077
   0.00044
   0.00031
   0.00024
   0.07314
   0.00018
   0.00016
   0.00015
   0.00013
   0.00012
   0.00011
   0.00010
   0.00024
   0.00142
   0.00057
   0.00050
   0.00049
   0.00094
   0.00111
   0.00042
   0.00029
   0.00028
   0.00072
   0.00032
   0.00035
   0.00068
   0.00038
   0.00018
   0.00051
   0.00026
   0.00028
   0.14157
   0.08054
   0.05873
   0.04543
   0.03606
   0.02965
   0.02438
   0.02009
   0.01654
   0.01365
   0.01129
   0.00944
   0.04842
   0.00358
   0.00219
   0.00152
   0.00155
   0.00175
   0.00174
   0.00308
   0.00145
   0.00113
   0.00118
   0.00111
   0.00090
   0.00103
   0.00069
   0.00097
   0.00059
   0.00106
   0.00173
   0.00155
   0.00048
   0.00090
   0.00075
   0.00065
   0.00057
   0.00048
   0.00087
   0.00024
   0.00090
   0.00032
   0.00078
   0.00020
   0.00067
   0.00071
   0.00054
   0.00546
   0.05554
   0.00051
   0.00051
   0.00064
   0.00048
   0.00382
   0.00053
   0.00264
   0.00052
   0.00056
   0.00101
   0.00260
   0.00161
   0.00123
   0.00088
   0.00083
   0.00077
   0.00070
   0.00065
   0.00066
   0.00413
   0.00420
   0.00235
   0.00063
   0.00047
   0.00379
   0.00056
   0.00027
   0.00055
   0.00022
   0.11651
   0.03995
   0.02735
   0.02756
   0.02661
   0.02500
   0.02328
   0.02145
   0.01964
   0.01793
   0.01629
   0.01477
   0.01292
   0.01151
   0.01028
   0.00915
   0.00812
   0.00718
   0.00628
   0.00553
   0.00491
   0.00437
   0.00391
   0.00350
   0.00315
   0.00283
   0.00254
   0.00228
   0.00205
   0.00183
   0.00164
   0.00147
   0.00132
   0.00119
   0.00107
   0.00095
   0.00085
   0.00076
   0.00069
   0.00061
   0.00055
   0.00050
   0.00046
   0.00060
   0.00055
   0.00038
   0.00035
   0.00034
   0.00037
   0.00051
   0.00903
   0.00037
   0.00054
   0.00026
   0.00029
   0.00025
   0.00029
   0.00028
   0.00018
   0.00068
   0.00043
   0.00010
   0.00440
   0.00130
   0.00094
   0.00077
   0.00066
   0.00058
   0.00052
   0.00047
   0.00043
   0.00039
   0.00035
   0.00033
   0.00030
   0.00028
   0.00026
   0.00025
   0.00024
   0.00023
   0.00023
   0.00020
   0.00019
   0.00018
   0.00017
   0.00016
   0.00015
   0.00014
   0.00013
   0.00013
   0.00012
   0.00011
   0.00042
   0.00012
   0.00023
   0.00009
   0.00024
   0.00024
   0.00023
   0.00021
   0.00012
   0.00017
   0.00009
   0.00020
   0.00017
   0.00013
   0.00015
   0.00017
   0.00014
   0.00017
   0.00016
   0.00015
   0.00017
   0.00014
   0.00013
   0.00006
   0.00022
   0.00022
   0.00021
   0.00020
   0.00018
   0.00015
   0.00015
   0.00014
   0.00014
   0.00013
   0.00013
   0.00012
   0.00011
   0.00011
   0.00011
   0.00011
   0.00010
   0.00015
   0.00009
   0.00009
   0.00008
   0.00010
   0.00008
   0.00003
   0.00006
   0.00007
   0.00007
   0.00008
   0.00007
   0.00006
   0.00006
   0.00006
   0.00005
   0.00005
   0.00005
   0.00005
   0.00005
   0.00004
   0.00005
   0.00004
   0.00003
   0.00003
   0.00003
   0.00003
   0.00003
   0.00003
   0.00003
   0.00003
   0.00002
   0.00002
   0.00002
   0.00072
   0.00055
   0.00044
   0.00037
   0.00031
   0.00027
   0.00024
   0.00021
   0.00019
   0.00018
   0.00016
   0.00014
   0.00013
   0.00011
   0.00008
   0.00007
   0.00007
   0.00006
   0.00006
   0.00005
   0.00006
   0.00005
   0.00005
   0.00004
   0.00004
   0.00003
   0.00024
   0.00055
   0.00042
   0.00034
   0.00028
   0.00023
   0.00020
   0.00017
   0.00015
   0.00014
   0.00012
   0.00010
   0.00009
   0.00006
   0.00005
   0.00006
   0.00005
   0.00114
   0.00063
   0.00049
   0.00041
   0.00034
   0.00029
