   0.64479
   0.65019
   0.63500
   0.63359
   0.63483
   0.63777
   0.64193
   0.64390
   0.64253
   0.64232
   0.63673
   0.64356
   0.64140
   0.64286
   0.64065
   0.64018
   0.63751
   0.63612
   0.63533
   0.63833
   0.63164
   0.63423
   0.63160
   0.62900
   0.62526
   0.62811
   0.62680
   0.62533
   0.62390
   0.62174
   0.61950
   0.61817
   0.61542
   0.61328
   0.60926
   0.59885
   0.59691
   0.59545
   0.59158
   0.59070
   0.58879
   0.58795
   0.58618
   0.58597
   0.58419
   0.58092
   0.57667
   0.57240
   0.56860
   0.56618
   0.56451
   0.56360
   0.56225
   0.56016
   0.55600
   0.55034
   0.54211
   0.53236
   0.52216
   0.51212
   0.50225
   0.49296
   0.48419
   0.47607
   0.46850
   0.46136
   0.45459
   0.44817
   0.44200
   0.43604
   0.43022
   0.42453
   0.41893
   0.41340
   0.40793
   0.40251
   0.39713
   0.39176
   0.38643
   0.38107
   0.37572
   0.37036
   0.36497
   0.35956
   0.35414
   0.34869
   0.34323
   0.33772
   0.33219
   0.32664
   0.32106
   0.31551
   0.30993
   0.30427
   0.29858
   0.29288
   0.28722
   0.28151
   0.27581
   0.27013
   0.26450
   0.25889
   0.25332
   0.24781
   0.24237
   0.23702
   0.23176
   0.22661
   0.22158
   0.21667
   0.21189
   0.20722
   0.20269
   0.19826
   0.19393
   0.18975
   0.18586
   0.18187
   0.17794
   0.17409
   0.17028
   0.16653
   0.16282
   0.15916
   0.15551
   0.15192
   0.14838
   0.14486
   0.14137
   0.13789
   0.13440
   0.13091
   0.12739
   0.12384
   0.12027
   0.11667
   0.11302
   0.10935
   0.10566
   0.10194
   0.09822
   0.09448
   0.09076
   0.08705
   0.08338
   0.07974
   0.07617
   0.07265
   0.06920
   0.06585
   0.06259
   0.05946
   0.05646
   0.05359
   0.05088
   0.04834
   0.04598
   0.04380
   0.04183
   0.04007
   0.03852
   0.03718
   0.03605
   0.03508
   0.03426
   0.03352
   0.03282
   0.03211
   0.03133
   0.03047
   0.02951
   0.02848
   0.02737
   0.02605
   0.02504
   0.02371
   0.02271
   0.02146
   0.02052
   0.01938
   0.01841
   0.01748
   0.01659
   0.01573
   0.01491
   0.01411
   0.01334
   0.01259
   0.01188
   0.01133
   0.01065
   0.01001
   0.00942
   0.00890
   0.00846
   0.00813
   0.00793
   0.00790
   0.00804
   0.00830
   0.00864
   0.00892
   0.00895
   0.00819
   0.00562
   0.00522
   0.00440
   0.00437
   0.00398
   0.00407
   0.00882
   0.04159
   0.02659
   0.02707
   0.02722
   0.02718
   0.02720
   0.02761
   0.02821
   0.02854
   0.03020
   0.01714
   0.02018
   0.00824
   0.00745
   0.00832
   0.00723
   0.00310
   0.00145
   0.00333
   0.00552
   0.00512
   0.00517
   0.00481
   0.00401
   0.00290
   0.00459
   0.00293
   0.00261
   0.00240
   0.00271
   0.00271
   0.01118
   0.00314
   0.00204
   0.00277
   0.00946
   0.00250
   0.01658
   0.00390
   0.00173
   0.00581
   0.02968
   0.00214
   0.00118
   0.00115
   0.00689
   0.00168
   0.00104
   0.00618
   0.00151
   0.00507
   0.00139
   0.00413
   0.00130
   0.00797
   0.00056
   0.00464
   0.00690
   0.00125
   0.00088
   0.00050
   0.00085
   0.00045
   0.00075
   0.00443
   0.00130
   0.00057
   0.00054
   0.00056
   0.00045
   0.00049
   0.00042
   0.00043
   0.00040
   0.00038
   0.00037
   0.00037
   0.00037
   0.00036
   0.00038
   0.00343
   0.00192
   0.00184
   0.00175
   0.00168
   0.00163
   0.00157
   0.00152
   0.00148
   0.00143
   0.00136
   0.00127
   0.00114
   0.00084
   0.00073
   0.00070
   0.00069
   0.00064
   0.00059
   0.00055
   0.00051
   0.00050
   0.00048
   0.00046
   0.00043
   0.00041
   0.00038
   0.00036
   0.00035
   0.00033
   0.00032
   0.00030
   0.00029
   0.00029
   0.00028
   0.00029
   0.00029
   0.00030
   0.00034
   0.26897
   0.01204
   0.00836
   0.00719
   0.00626
   0.00555
   0.00495
   0.00445
   0.00400
   0.00361
   0.00326
   0.00294
   0.00267
   0.00240
   0.00219
   0.00200
   0.00180
   0.00165
   0.00150
   0.00138
   0.00128
   0.00120
   0.00115
   0.00110
   0.00108
   0.00107
   0.00108
   0.00109
   0.00112
   0.00115
   0.00117
   0.00119
   0.00120
   0.00123
   0.00119
   0.00116
   0.00110
   0.00103
   0.00075
   0.00169
   0.00212
   0.00211
   0.00213
   0.00208
   0.00196
   0.00178
   0.00157
   0.00133
   0.00112
   0.00095
   0.00083
   0.00077
   0.00067
   0.00060
   0.00055
   0.00052
   0.00049
   0.00047
   0.00046
   0.00045
   0.00045
   0.00044
   0.00043
   0.00041
   0.00039
   0.00037
   0.00035
   0.00033
   0.00032
   0.00032
   0.00033
   0.00034
   0.00036
   0.00038
   0.00037
   0.00040
   0.00032
   0.00049
   0.00025
   0.00109
   0.00103
   0.00098
   0.00095
   0.00094
   0.00094
   0.00096
   0.00098
   0.00099
   0.00099
   0.00097
   0.00092
   0.00085
   0.00075
   0.00066
   0.00057
   0.00049
   0.00042
   0.00037
   0.00033
   0.00030
   0.00028
   0.00027
   0.00026
   0.00025
   0.00024
   0.00024
   0.00024
   0.00022
   0.00019
   0.00019
   0.00021
   0.00018
   0.00020
   0.00019
   0.00021
   0.00021
   0.00022
   0.00024
   0.00026
   0.00026
   0.00026
   0.00026
   0.00026
   0.00026
   0.00026
   0.00013
   0.00105
   0.00073
   0.00069
   0.00072
   0.00075
   0.00079
   0.00082
   0.00084
   0.00083
   0.00078
   0.00073
   0.00070
   0.00068
   0.00068
   0.00069
   0.00071
   0.00073
   0.00073
   0.00073
   0.00070
   0.00067
   0.00061
   0.00052
   0.00044
   0.00037
   0.00030
   0.00025
   0.00021
   0.00018
   0.00017
   0.00016
   0.00015
   0.00014
   0.00014
   0.00013
   0.00013
   0.00013
   0.00012
   0.00012
   0.00012
   0.00009
   0.00012
   0.00017
   0.00009
   0.00032
   0.02498
   0.01145
   0.00963
   0.00819
   0.00679
   0.00558
   0.00491
   0.00443
   0.00394
   0.00351
   0.00313
   0.00274
   0.00240
   0.00214
   0.00195
   0.00180
   0.00167
   0.00154
   0.00144
   0.00134
   0.00125
   0.00118
   0.00113
   0.00109
   0.00106
   0.00102
   0.00099
   0.00094
   0.00087
   0.00079
   0.00071
   0.00063
   0.00055
   0.00048
   0.00042
   0.00037
   0.00034
   0.00030
   0.00028
   0.00027
   0.00025
   0.00025
   0.00024
   0.00023
   0.00022
   0.00022
   0.00022
   0.00024
   0.00027
   0.00025
   0.00030
   0.00054
   0.64115
   0.00078
   0.00087
   0.00090
   0.00092
   0.00095
   0.00097
   0.00099
   0.00100
   0.00101
   0.00101
   0.00099
   0.00097
   0.00093
   0.00090
   0.00087
   0.00086
   0.00085
   0.00084
   0.00084
   0.00082
   0.00079
   0.00074
   0.00068
   0.00060
   0.00053
   0.00046
   0.00040
   0.00035
   0.00031
   0.00027
   0.00024
   0.00022
   0.00020
   0.00019
   0.00018
   0.00018
   0.00017
   0.00016
   0.00014
   0.00015
   0.00013
   0.00016
   0.00016
   0.00019
   0.00017
   0.00017
   0.00025
   0.00031
   0.00023
   0.00031
   0.00024
   0.00028
   0.00025
   0.00011
   0.00024
   0.00022
   0.00021
   0.00010
   4.31838
   0.00567
   0.00428
   0.00405
   0.00382
   0.00348
   0.00311
   0.00281
   0.00252
   0.00227
   0.00206
   0.00189
   0.00178
   0.00173
   0.00171
   0.00168
   0.00165
   0.00162
   0.00160
   0.00158
   0.00155
   0.00151
   0.00149
   0.00147
   0.00145
   0.00145
   0.00147
   0.00150
   0.00152
   0.00153
   0.00152
   0.00150
   0.00145
   0.00139
   0.00132
   0.00124
   0.00112
   0.00096
   0.00097
   0.00095
   0.00070
   0.00052
   0.00076
   0.00071
   0.00064
   0.00055
   0.00028
   0.00041
   0.00031
   0.00049
   0.00025
   0.00049
   0.00024
   0.00035
   0.00025
   0.00028
   0.00025
   0.00026
   0.00026
   0.00027
   0.00028
   0.00030
   0.00033
   0.00035
   0.00035
   0.00033
   0.00030
   0.00011
   0.00019
   0.00026
   0.00027
   0.00029
   0.00030
   0.00032
   0.00033
   0.00035
   0.00037
   0.00039
   0.00041
   0.00044
   0.00046
   0.00049
   0.00051
   0.00054
   0.00057
   0.00059
   0.00062
   0.00064
   0.00066
   0.00068
   0.00069
   0.00071
   0.00072
   0.00072
   0.00072
   0.00071
   0.00069
   0.00066
   0.00064
   0.00063
   0.00063
   0.00063
   0.00064
   0.00064
   0.00065
   0.00065
   0.00065
   0.00063
   0.00061
   0.00058
   0.00054
   0.00050
   0.00046
   0.00041
   0.00034
   0.00029
   0.00025
   0.00023
   0.00021
   0.00020
   0.00020
   0.00022
   0.00009
   0.00016
   0.00008
   0.00007
   0.00008
   0.00010
   0.00009
   0.00009
   0.00008
   0.00008
   0.00008
   0.00007
   0.00007
   0.00007
   0.00007
   0.00007
   0.00007
   0.00006
   0.00007
   0.00007
   0.00007
   0.00008
   0.00008
   0.00008
   0.00007
   6.16127
   0.00085
   0.00087
   0.00079
   0.00073
   0.00067
   0.00063
   0.00059
   0.00055
   0.00052
   0.00049
   0.00046
   0.00044
   0.00042
   0.00040
   0.00038
   0.00036
   0.00034
   0.00032
   0.00031
   0.00030
   0.00029
   0.00028
   0.00027
   0.00026
   0.00026
   0.00025
   0.00025
   0.00025
   0.00024
   0.00025
   0.00025
   0.00025
   0.00025
   0.00026
   0.00026
   0.00026
   0.00026
   0.00027
   0.00027
   0.00028
   0.00028
   0.00029
   0.00029
   0.00030
   0.00030
   0.00030
   0.00031
   0.00030
   0.00029
   0.00028
   0.00027
   0.00026
   0.00026
   0.00025
   0.00025
   0.00026
   0.00026
   0.00027
   0.00027
   0.00027
   0.00027
   0.00026
   0.00026
   0.00025
   0.00023
   0.00022
   0.00021
   0.00019
   0.00017
   0.00014
   0.00012
   0.00010
   0.00009
   0.00008
   0.00007
   0.00007
   0.00007
   0.00007
   0.00007
   0.00003
   0.00006
   0.00002
   0.00002
   0.00003
   0.00003
   0.00003
   0.00003
   0.00003
   0.00003
   0.00002
   0.00002
   0.00002
   0.00002
   0.00002
   0.00002
   0.00002
   0.00002
   0.00002
   0.00002
   0.00002
   0.00002
   0.00002
   0.00000
   0.00001
   0.00009
   0.00007
   0.00006
   0.00006
   0.00006
   0.00006
   0.00006
   0.00006
   0.00006
   0.00006
   0.00006
   0.00006
   0.00005
   0.00005
   0.00005
   0.00005
   0.00005
   0.00005
   0.00005
   0.00005
   0.00005
   0.00005
   0.00005
   0.00005
   0.00005
   0.00005
   0.00005
   0.00005
   0.00005
   0.00005
   0.00005
   0.00006
   0.00006
   0.00006
   0.00006
   0.00006
   0.00006
   0.00007
   0.00007
   0.00007
   0.00007
   0.00008
   0.00008
   0.00008
   0.00009
   0.00009
   0.00009
   0.00010
   0.00010
   0.00010
   0.00011
   0.00011
   0.00011
   0.00011
   0.00011
   0.00011
   0.00011
   0.00011
   0.00010
   0.00010
   0.00010
   0.00010
   0.00010
   0.00010
   0.00010
   0.00010
   0.00010
   0.00010
   0.00010
   0.00010
   0.00010
   0.00010
   0.00009
   0.00009
   0.00008
   0.00007
   0.00007
   0.00006
   0.00005
   0.00004
   0.00003
   0.00003
   0.00003
   0.00003
   0.00003
   0.00003
   0.00003
   0.00002
   0.00002
   0.00001
   0.00002
   0.00001
   0.00001
   0.00001
   0.00001
   0.00001
   0.00001
   0.00001
   0.00001
   0.00001
   0.00001
   0.00001
   0.00001
   0.00001
   0.00001
   0.00001
   0.00001
   0.00001
   0.00001
   0.00001
   0.00001
   0.00001
   2.58698
   0.00000
   0.00000
   0.00001
   0.00001
   0.00001
   0.00001
   0.00001
   0.00001
   0.00001
   0.00001
   0.00001
   0.00001
   0.00001
   0.00001
   0.00001
   0.00001
   0.00001
   0.00001
   0.00001
   0.00001
   0.00001
   0.00001
   0.00001
