   0.68350
   0.69067
   0.69408
   0.69304
   0.69032
   0.68350
   0.67921
   0.67633
   0.68054
   0.67093
   0.66204
   0.66713
   0.66406
   0.66404
   0.66352
   0.66874
   0.66489
   0.66701
   0.66257
   0.66569
   0.66497
   0.66327
   0.66369
   0.66069
   0.66234
   0.66333
   0.66205
   0.66142
   0.66283
   0.66076
   0.65948
   0.65852
   0.65754
   0.64561
   0.65000
   0.64194
   0.63722
   0.62711
   0.61953
   0.61181
   0.60609
   0.60130
   0.59646
   0.59085
   0.58428
   0.57819
   0.57248
   0.56637
   0.55999
   0.55310
   0.54580
   0.53801
   0.53003
   0.52192
   0.51378
   0.50560
   0.49718
   0.48855
   0.47961
   0.47039
   0.46112
   0.45203
   0.44317
   0.43468
   0.42667
   0.41921
   0.41202
   0.40514
   0.39873
   0.39263
   0.38671
   0.38111
   0.37534
   0.37004
   0.36484
   0.35993
   0.35481
   0.35012
   0.34551
   0.34099
   0.33652
   0.33204
   0.32766
   0.32338
   0.31911
   0.31485
   0.31072
   0.30649
   0.30234
   0.29823
   0.29411
   0.29000
   0.28604
   0.28197
   0.27792
   0.27395
   0.27004
   0.26595
   0.26205
   0.25812
   0.25405
   0.24997
   0.24558
   0.24214
   0.23813
   0.23410
   0.23011
   0.22627
   0.22220
   0.21821
   0.21438
   0.21049
   0.20670
   0.20288
   0.19917
   0.19553
   0.19176
   0.18812
   0.18456
   0.18088
   0.17733
   0.17382
   0.17032
   0.16681
   0.16329
   0.15987
   0.15645
   0.15301
   0.14968
   0.14638
   0.14320
   0.14000
   0.13684
   0.13384
   0.13081
   0.12792
   0.12488
   0.12198
   0.11909
   0.11623
   0.11344
   0.11085
   0.10810
   0.10552
   0.10301
   0.10064
   0.09903
   0.09581
   0.09265
   0.09042
   0.08852
   0.08578
   0.08456
   0.08189
   0.07953
   0.07718
   0.07486
   0.07254
   0.07039
   0.06820
   0.06608
   0.06444
   0.06118
   0.06033
   0.05846
   0.05663
   0.05460
   0.05276
   0.05120
   0.04978
   0.04794
   0.04645
   0.04529
   0.04403
   0.04290
   0.04187
   0.04017
   0.04041
   0.03967
   0.03893
   0.03657
   0.03740
   0.03756
   0.03626
   0.03517
   0.05001
   0.03203
   0.04395
   0.03992
   0.03663
   0.03408
   0.03183
   0.02968
   0.02777
   0.02582
   0.02348
   0.02185
   0.02045
   0.01896
   0.01753
   0.01630
   0.01518
   0.01415
   0.01319
   0.01253
   0.01168
   0.01095
   0.01032
   0.00971
   0.00913
   0.00862
   0.00818
   0.00779
   0.00736
   0.00699
   0.00662
   0.00646
   0.00608
   0.00632
   0.00543
   0.00604
   0.00451
   0.00873
   0.01976
   0.01950
   0.01968
   0.01984
   0.02010
   0.01996
   0.01927
   0.01797
   0.01611
   0.01423
   0.01319
   0.01278
   0.01248
   0.01224
   0.01215
   0.01208
   0.01178
   0.01178
   0.01077
   0.01087
   0.01081
   0.01044
   0.01028
   0.01000
   0.00978
   0.00954
   0.00933
   0.00911
   0.00843
   0.00844
   0.00837
   0.00815
   0.00796
   0.00777
   0.00757
   0.00739
   0.00719
   0.00700
   0.00681
   0.00662
   0.00594
   0.00581
   0.00539
   0.00495
   0.00466
   0.00385
   0.00481
   0.00388
   0.00337
   0.00456
   0.00466
   0.00361
   0.00263
   0.00317
   0.00295
   0.00227
   0.00157
   0.00239
   0.00165
   0.00201
   0.00798
   0.00243
   0.00168
   0.00274
   0.00256
   0.00161
   0.00130
   0.00124
   0.00171
   0.00555
   0.00151
   0.00130
   0.00123
   0.00941
   0.00103
   0.00101
   0.00102
   0.00131
   0.00137
   0.00091
   0.00087
   0.11561
   0.13537
   0.00183
   0.00135
   0.00157
   0.00180
   0.00202
   0.00856
   0.00073
   0.00072
   0.00068
   0.00065
   0.00062
   0.00060
   0.00060
   0.00062
   0.00066
   0.00073
   0.00086
   0.00122
   0.00144
   0.00420
   0.00178
   0.00123
   0.00098
   0.00084
   0.00074
   0.00069
   0.00093
   0.00070
   0.00058
   0.00055
   0.00063
   0.00059
   0.00054
   0.00050
   0.00047
   0.00047
   0.00074
   0.00094
   0.13810
   0.00045
   0.00039
   0.00046
   0.00042
   0.00041
   0.00038
   0.00037
   0.00037
   0.00035
   0.00035
   0.00036
   0.00041
   0.00032
   0.00034
   0.00110
   0.00110
   0.00127
   0.00035
   0.00044
   0.00041
   0.00037
   0.00034
   0.00032
   0.00031
   0.00029
   0.00031
   0.00033
   0.00033
   0.00031
   0.00030
   0.00029
   0.00027
   0.00025
   0.00023
   0.00022
   0.00042
   0.00021
   0.00609
   0.00388
   0.00318
   0.00269
   0.00234
   0.00204
   0.00176
   0.00149
   0.00126
   0.00109
   0.00099
   0.00090
   0.00083
   0.00076
   0.00070
   0.00064
   0.00060
   0.00055
   0.00052
   0.00048
   0.00045
   0.00042
   0.00040
   0.00043
   0.00067
   0.00082
   0.00032
   0.00064
   0.00097
   0.00045
   0.00037
   0.00035
   0.00031
   0.00028
   0.00027
   0.00026
   0.00025
   0.00023
   0.00022
   0.00022
   0.00021
   0.00021
   0.00020
   0.00019
   0.00018
   0.00018
   0.00038
   0.00064
   0.04641
   0.04076
   0.03531
   0.03215
   0.03027
   0.02876
   0.02745
   0.02612
   0.02447
   0.02345
   0.02259
   0.02179
   0.02106
   0.02037
   0.01970
   0.01907
   0.01847
   0.01788
   0.01733
   0.01679
   0.01627
   0.01577
   0.01521
   0.01462
   0.01416
   0.01372
   0.01330
   0.01290
   0.01251
   0.01213
   0.01177
   0.01142
   0.01107
   0.01074
   0.01042
   0.01011
   0.00981
   0.00952
   0.00923
   0.00895
   0.00867
   0.00825
   0.00741
   0.00716
   0.00693
   0.00672
   0.00651
   0.00631
   0.00612
   0.00593
   0.00575
   0.00558
   0.00541
   0.00524
   0.00508
   0.00493
   0.00478
   0.00463
   0.00448
   0.00434
   0.00421
   0.00408
   0.00395
   0.00380
   0.00364
   0.00356
   0.00344
   0.00497
   0.00312
   0.00324
