   0.71549
   0.71814
   0.72940
   0.73275
   0.73499
   0.73741
   0.73832
   0.74186
   0.74346
   0.74454
   0.74649
   0.74576
   0.74441
   0.74271
   0.74001
   0.74502
   0.73760
   0.73313
   0.73175
   0.72224
   0.72427
   0.70641
   0.70376
   0.70225
   0.70014
   0.69803
   0.70083
   0.69995
   0.69916
   0.69764
   0.69611
   0.69456
   0.69342
   0.69276
   0.69235
   0.69183
   0.69096
   0.68970
   0.68828
   0.68689
   0.68547
   0.68385
   0.68180
   0.67920
   0.67605
   0.67225
   0.66789
   0.66305
   0.65778
   0.65213
   0.64611
   0.63987
   0.63339
   0.62669
   0.61983
   0.61284
   0.60573
   0.59849
   0.59114
   0.58372
   0.57622
   0.56863
   0.56093
   0.55312
   0.54517
   0.53707
   0.52760
   0.51909
   0.51041
   0.50152
   0.49241
   0.48310
   0.47360
   0.46394
   0.45414
   0.44423
   0.43425
   0.42424
   0.41420
   0.40416
   0.39406
   0.38392
   0.37367
   0.36332
   0.35281
   0.34211
   0.33124
   0.32014
   0.30891
   0.29757
   0.28619
   0.27486
   0.26365
   0.25262
   0.24181
   0.23128
   0.22107
   0.21121
   0.20173
   0.19266
   0.18401
   0.17581
   0.16808
   0.16082
   0.15407
   0.14783
   0.14208
   0.13679
   0.13189
   0.12730
   0.12294
   0.11877
   0.11477
   0.11088
   0.10704
   0.10309
   0.09869
   0.09336
   0.08665
   0.07884
   0.07233
   0.07222
   0.08282
   0.10211
   0.12405
   0.13289
   0.15136
   0.23146
   0.16195
   0.09847
   0.06651
   0.05876
   0.05810
   0.05514
   0.05236
   0.04747
   0.04205
   0.03791
   0.03477
   0.03225
   0.03013
   0.02826
   0.02654
   0.02478
   0.02268
   0.02069
   0.01941
   0.01826
   0.01725
   0.01653
   0.01557
   0.01451
   0.01372
   0.05522
   0.01659
   0.03379
   0.03806
   0.01966
   0.01203
   0.01152
   0.03385
   0.02738
   0.03996
   0.02073
   0.01854
   0.01843
   0.02872
   0.01463
   0.01428
   0.01470
   0.01320
   0.00979
   0.00909
   0.01484
   0.02026
   0.01027
   0.00743
   0.00352
   0.00602
   0.00779
   0.00708
   0.00657
   0.00747
   0.00678
   0.01328
   0.08831
   0.01266
   0.07099
   0.00865
   0.00699
   0.00441
   0.00504
   0.38615
   0.01591
   0.02443
   0.00735
   0.00708
   0.00856
   0.00655
   0.00640
   0.00902
   0.00781
   0.00795
   0.00664
   0.00584
   0.00620
   0.01002
   0.00607
   0.00502
   0.00575
   0.00749
   0.00813
   0.01450
   0.00655
   0.02983
   0.00625
   0.01499
   0.00519
   0.00689
   0.00824
   0.04191
   0.01516
   0.01075
   0.01299
   0.00736
   0.00628
   0.00635
   0.02246
   0.00752
   0.00675
   0.00702
   0.01152
   0.01088
   0.01573
   0.01238
   0.00806
   0.02373
   0.06151
   0.03406
   0.10044
   0.00730
   0.00651
   0.00650
   0.01049
   0.00482
   0.00351
   0.00339
   0.01989
   0.08380
   0.00905
   0.00239
   0.00241
   1.67756
   0.06529
   0.14972
   0.12127
   0.08307
   0.01255
   0.08022
   0.07060
   0.02109
   0.01868
   0.01277
   0.01484
   0.01411
   0.01175
   0.01063
   0.01052
   0.01256
   0.01275
   0.01601
   0.01829
   0.01473
   0.01515
   0.01852
   0.02651
   0.01190
   0.01479
   0.01669
   0.02518
   0.00949
   0.02894
   0.00917
   0.01240
   0.01563
   0.01654
   0.03373
   0.00831
   0.00814
   0.01536
   0.01158
   0.02070
   0.00995
   0.00810
   0.00706
   0.00978
   0.00840
   0.01819
   0.00729
   0.00614
   0.00569
   0.00544
   0.00653
   0.00497
   0.00495
   0.01849
   0.00522
   0.00463
   0.00440
   0.00425
   0.01538
   0.00416
   0.00402
   0.00392
   0.00880
   0.00503
   0.00484
   0.00481
   0.00437
   0.00378
   0.00342
   0.00325
   0.00313
   0.00329
   0.00394
   0.00435
   0.00642
   0.00493
   0.00415
   0.00350
   0.00276
   0.00239
   0.00218
   0.00205
   0.00734
   0.00251
   0.35377
   0.33109
   0.32498
   0.32647
   0.33374
   0.33838
   0.34228
   0.34472
   0.34686
   0.34571
   0.34836
   0.35081
   0.35285
   0.35515
   0.35731
   0.35912
   0.36097
   0.36284
   0.36478
   0.36645
   0.36791
   0.36903
   0.36979
   0.37046
   0.37060
   0.37043
   0.36989
   0.36906
   0.36790
   0.36640
   0.36461
   0.36256
   0.36022
   0.35752
   0.35468
   0.35166
   0.34845
   0.34502
   0.34138
   0.33756
   0.33352
   0.32928
   0.32486
   0.32020
   0.31526
   0.31009
   0.30466
   0.29898
   0.29302
   0.28670
   0.28008
   0.27314
   0.26593
   0.25841
   0.25064
   0.24263
   0.23439
   0.22598
   0.21741
   0.20874
   0.19989
   0.19092
   0.18174
   0.17242
   0.16296
   0.15305
   0.14172
   0.12803
   0.11389
   0.10243
   0.08488
   0.10269
   0.10874
   0.09559
   0.05928
   0.01890
   0.00903
   0.00902
   0.01140
   0.00703
   0.01982
   0.00646
   0.00667
   0.01766
   0.00578
   0.01300
   0.00547
   0.00559
   0.04975
   0.01566
   0.00530
   0.02866
   0.02121
   0.01638
   0.02017
   0.02203
   0.02164
   0.01754
   0.02035
   0.01682
   0.01347
   0.01203
   0.01277
   0.01707
   0.00852
   0.01570
   0.01681
   0.02367
   0.01682
   0.01506
   0.02452
   0.00305
   0.00290
   0.00256
   0.00229
   0.00948
   0.03575
   0.00227
   0.00342
   0.00408
   0.01785
   0.04130
   0.00230
   0.00947
   0.05945
   0.01454
   0.00725
   0.00831
   0.04656
   0.01353
   0.06325
   0.00562
   0.00143
   0.00672
   0.00614
   0.00213
   0.00186
   0.41897
   0.00400
   0.00306
   0.00185
   0.00135
   0.00125
   0.00125
   0.00156
   0.00101
   0.02070
   0.00201
   0.00326
   0.00128
   0.00108
   0.00123
   0.00139
   0.00148
   0.00141
   0.00140
   0.00144
   0.00088
   0.00111
   0.00191
   0.00170
   0.00109
   0.00084
   0.00075
   0.00073
   0.00067
   0.00085
   0.00072
   0.00238
   0.00158
   0.00147
   0.00107
   0.00089
   0.00084
   0.00066
   0.00073
   1.02862
   0.00087
   0.00078
   0.00073
   0.00075
   0.00080
   0.00080
   0.00073
   0.00065
   0.00056
   0.00045
   0.01244
   0.00044
   0.00044
   0.00045
   0.00048
   0.00049
   0.00046
   0.00044
   0.00040
   0.00034
   0.00308
   0.00130
   0.00105
   0.00087
   0.00073
   0.00063
   0.00057
   0.00054
   0.00049
   0.00045
   0.00042
   0.00037
   0.04251
   0.00144
   0.00114
   0.00092
   0.00075
   0.00064
   0.00056
   0.00050
   0.00046
   0.00042
   0.00039
   0.35896
   0.00057
   0.00052
   0.00046
   0.00041
   0.00038
   0.00036
   0.00034
   0.00033
   0.00032
   0.00031
   0.00029
   0.00028
   0.50930
   0.00059
   0.00056
   0.00053
   0.00048
   0.00044
   0.00040
   0.00036
   0.00034
   0.00032
   0.00030
   0.00029
   0.00027
   0.00026
   0.00024
   0.00022
   0.00072
   0.00050
   0.00048
   0.00044
   0.00040
   0.00037
   0.00034
   0.00031
   0.00029
   0.00027
   0.00026
   0.00024
   0.00023
   0.00022
   0.00021
   0.00019
   0.00605
   0.00044
   0.00040
   0.00036
   0.00032
   0.00030
   0.00028
   0.00026
   0.00024
   0.00022
   0.00021
   0.00020
   0.00019
   0.00017
   0.00020
   0.00017
   0.00024
   0.00020
   0.00019
   0.00018
   0.00017
   0.00016
   0.00016
   0.00015
   0.00014
   0.00014
   0.00013
   0.00013
   0.00012
   0.00011
   0.00011
   0.00100
   0.00014
   0.00013
   0.00012
   0.00012
   0.00011
   0.00011
   0.00010
   0.00010
   0.00010
   0.00009
   0.00009
   0.00009
   0.00008
   0.00008
   0.00008
   0.00008
   0.00129
   0.00106
   0.00086
   0.00071
   0.00059
   0.00050
   0.00043
   0.00037
   0.00031
   0.00027
   0.00023
   0.00020
   0.00018
   0.00016
   0.00015
   0.00014
   0.00013
   0.00012
   0.00011
   0.00010
   0.00009
   0.00009
   0.00008
   0.33463
   0.00009
   0.00009
   0.00009
   0.00009
   0.00009
   0.00009
   0.00009
   0.00009
   0.00009
   0.00009
   0.00009
   0.00008
   0.00008
   0.00007
   0.00007
   0.00007
   0.00007
   0.00006
   0.00006
   0.00006
   0.00006
   0.00005
   0.00005
   0.00005
   0.00005
   0.00033
   0.00027
   0.00026
   0.00024
   0.00023
   0.00021
   0.00020
   0.00018
   0.00017
   0.00016
   0.00015
   0.00013
   0.00012
   0.00011
   0.00010
   0.00009
   0.00009
   0.00008
   0.00007
   0.00007
   0.00007
   0.00006
   0.00006
   0.00005
   0.00005
   0.00005
   0.00005
   0.00090
   0.00068
   0.00058
   0.00051
   0.00044
   0.00038
   0.00033
   0.00029
   0.00025
   0.00022
   0.00019
   0.00017
   0.00015
   0.00013
   0.00012
   0.00010
   0.00009
   0.00009
   0.00008
   0.00007
   0.00007
   0.00006
   0.00006
   0.00005
   0.00005
   0.00201
   0.00008
   0.00008
   0.00007
   0.00007
   0.00007
   0.00007
   0.00007
   0.00007
   0.00007
   0.00007
   0.00006
   0.00006
   0.00006
   0.00006
   0.00005
   0.00005
   0.00005
   0.00005
   0.00005
   0.00004
   0.00004
   0.00004
   0.00004
   0.00003
   0.00003
   0.00024
   0.00023
   0.00021
   0.00020
   0.00019
   0.00017
   0.00016
   0.00015
   0.00014
   0.00013
   0.00011
   0.00011
   0.00010
   0.00009
   0.00008
   0.00007
   0.00007
   0.00006
   0.00006
   0.00005
   0.00005
   0.00005
   0.00004
   0.00004
   0.00004
   0.00004
   0.00003
   0.00003
   0.00003
   0.00011
   0.00011
   0.00011
   0.00010
   0.00010
   0.00010
   0.00009
   0.00009
   0.00008
   0.00008
   0.00008
   0.00007
   0.00007
   0.00007
   0.00006
   0.00006
   0.00006
   0.00005
   0.00005
   0.00005
   0.00004
   0.00004
   0.00004
   0.00004
   0.00004
   0.00003
   0.00003
   0.00003
   0.00003
   0.00003
   0.70088
   0.71599
   0.71644
   0.71627
   0.71613
   0.71604
   0.71597
   0.71593
   0.71590
   0.71587
   0.71586
   0.71585
   0.71584
   0.71583
   0.71582
   0.71582
   0.71582
   0.71582
   0.71581
   0.71581
   0.71581
   0.71581
   0.71581
   0.71581
   0.71581
   0.71581
   0.71581
   0.71581
   0.71581
   0.71581
   0.71581
   0.71581
   0.71581
   0.71581
   0.71581
   0.71581
   0.71581
   0.71581
   0.71581
   0.71581
   0.71581
   0.71581
   0.71581
   0.71581
   0.71581
   0.71581
   0.71581
   0.71581
   0.71581
   0.71581
   0.71581
   0.71581
   0.71581
   0.71581
   0.71581
   0.71581
   0.71581
   0.71581
   0.71581
   0.71581
   0.71581
   0.71580
   0.71580
   0.71580
   0.71580
   0.71580
   0.71580
   0.71580
   0.71580
   0.71580
   0.71580
   0.71580
   0.71580
   0.71580
   0.71580
   0.71580
   0.71580
   0.71580
   0.71580
   0.71580
   0.71580
   0.71580
   0.71580
   0.71580
   0.71580
   0.71580
   0.71580
   0.71580
   0.71580
   0.71580
   0.71580
   0.71580
   0.71580
   0.71580
   0.71580
   0.71580
   0.71580
   0.71580
   0.71580
   0.71580
   0.71580
   0.71580
   0.71580
   0.71580
   0.71580
   0.71580
   0.71580
   0.71580
   0.71580
   0.71580
   0.71580
   0.71580
   0.71580
   0.71580
   0.71580
   0.71580
   0.71580
   0.71580
   0.71580
   0.71580
   0.71580
   0.71580
   0.71580
   0.71580
   0.71580
   0.71580
   0.71580
   0.71580
   0.71580
   0.71580
   0.71580
   0.71580
   0.71580
   0.71580
   0.71580
   0.71580
   0.71580
   0.71580
   0.71580
   0.71580
   0.71580
   0.71580
   0.71580
   0.71580
   0.71580
   0.71580
   0.71580
   0.71580
   0.71580
   0.71580
   0.71580
   0.71580
   0.71580
   0.71580
   0.71580
   0.71580
   0.71580
   0.71580
   0.71580
   0.71580
   0.71580
   0.71580
   0.71580
   0.71580
   0.71579
