   0.71222
   0.70535
   0.70581
   0.70526
   0.70438
   0.70359
   0.70284
   0.70207
   0.70101
   0.70071
   0.69991
   0.70983
   0.70293
   0.69988
   0.69980
   0.69970
   0.69791
   0.69694
   0.69619
   0.69556
   0.69478
   0.69398
   0.69407
   0.69296
   0.69221
   0.69201
   0.69091
   0.69028
   0.68955
   0.68912
   0.70221
   0.69804
   0.69542
   0.69294
   0.69137
   0.69093
   0.69032
   0.69031
   0.69035
   0.69267
   0.69345
   0.69516
   0.70023
   0.71762
   0.73332
   0.74735
   0.74413
   0.74431
   0.74491
   0.74516
   0.74479
   0.74394
   0.74102
   0.73870
   0.73571
   0.73133
   0.72152
   0.71675
   0.70867
   0.70146
   0.69138
   0.68160
   0.67146
   0.66231
   0.65143
   0.63959
   0.62808
   0.61663
   0.60522
   0.59503
   0.58560
   0.57691
   0.56910
   0.56282
   0.55725
   0.55214
   0.54726
   0.54198
   0.53652
   0.53068
   0.52393
   0.51581
   0.51003
   0.50323
   0.49609
   0.48890
   0.47846
   0.47051
   0.46449
   0.45918
   0.45432
   0.45003
   0.44579
   0.44156
   0.43651
   0.43092
   0.42484
   0.41835
   0.41183
   0.40539
   0.39904
   0.39299
   0.38711
   0.38147
   0.37580
   0.37030
   0.36496
   0.35972
   0.35457
   0.34944
   0.34442
   0.33943
   0.33451
   0.32965
   0.32490
   0.32018
   0.31557
   0.31101
   0.30653
   0.30247
   0.29811
   0.29377
   0.28957
   0.28538
   0.28133
   0.27720
   0.27317
   0.26924
   0.26539
   0.26156
   0.25769
   0.25398
   0.25027
   0.24660
   0.24301
   0.23938
   0.23564
   0.23300
   0.22881
   0.22536
   0.22199
   0.21920
   0.21610
   0.21280
   0.20969
   0.20667
   0.20322
   0.20044
   0.19719
   0.19410
   0.19149
   0.18808
   0.18546
   0.18186
   0.17984
   0.17625
   0.17365
   0.17078
   0.16780
   0.16478
   0.16209
   0.15960
   0.15668
   0.15449
   0.15136
   0.14878
   0.14632
   0.14348
   0.14112
   0.13859
   0.13623
   0.13436
   0.13176
   0.12896
   0.12684
   0.12442
   0.12215
   0.12027
   0.11808
   0.11577
   0.11210
   0.11123
   0.10782
   0.10721
   0.10362
   0.10153
   0.09948
   0.09763
   0.09567
   0.09384
   0.09207
   0.09026
   0.08847
   0.08671
   0.08507
   0.08324
   0.08172
   0.07993
   0.07870
   0.07692
   0.07563
   0.07408
   0.07242
   0.07119
   0.06971
   0.06846
   0.06693
   0.06584
   0.06472
   0.06322
   0.06227
   0.06098
   0.05998
   0.05889
   0.05779
   0.05673
   0.05570
   0.05506
   0.05362
   0.05346
   0.05166
   0.05162
   0.05017
   0.04936
   0.04850
   0.04767
   0.04679
   0.04591
   0.04508
   0.04427
   0.04288
   0.04321
   0.04158
   0.04093
   0.03983
   0.03903
   0.03819
   0.03762
   0.03642
   0.03560
   0.03479
   0.03396
   0.03315
   0.03234
   0.03155
   0.03075
   0.03026
   0.02908
   0.02843
   0.02774
   0.02733
   0.02618
   0.02562
   0.02503
   0.02442
   0.02371
   0.02315
   0.02265
   0.02202
   0.02149
   0.02103
   0.02049
   0.01989
   0.01938
   0.01891
   0.01832
   0.01782
   0.01730
   0.01675
   0.01626
   0.01576
   0.01526
   0.01477
   0.01431
   0.01388
   0.01350
   0.01320
   0.01298
   0.01291
   0.01302
   0.01367
   0.01529
   0.01615
   0.01547
   0.01397
   0.01461
   0.02319
   0.02422
   0.00828
   0.06150
   0.00798
   0.01084
   0.00751
   0.01522
   0.09700
   0.07348
   0.06308
   0.05595
   0.05668
   0.05407
   0.05015
   0.04713
   0.04461
   0.03759
   0.03550
   0.03116
   0.02786
   0.02216
   0.01593
   0.01235
   0.00977
   0.00926
   0.00973
   0.00973
   0.00962
   0.00955
   0.00947
   0.00940
   0.00932
   0.00924
   0.00917
   0.00909
   0.00899
   0.00878
   0.00879
   0.00873
   0.00870
   0.00860
   0.00841
   0.00845
   0.00837
   0.00833
   0.00816
   0.00819
   0.00812
   0.00800
   0.00800
   0.00796
   0.00783
   0.00782
   0.00772
   0.00770
   0.00759
   0.00758
   0.00752
   0.00753
   0.00739
   0.00747
   0.00739
   0.00747
   0.00749
   0.00770
   0.00885
   0.01940
   0.00667
   0.01536
   0.01023
   0.00777
   0.02235
   0.00751
   0.02218
   0.00687
   0.01833
   0.00871
   0.00679
   0.00908
   0.02074
   0.00601
   0.01704
   0.01628
   0.00611
   0.00985
   0.00677
   0.00608
   0.00567
   0.00555
   0.00530
   0.00529
   0.00507
   0.00484
   0.00480
   0.00456
   0.00451
   0.00431
   0.00433
   0.00411
   0.00404
   0.00392
   0.00382
   0.00363
   0.00367
   0.00366
   0.00329
   0.00344
   0.00335
   0.00317
   0.00323
   0.00305
   0.00307
   0.00292
   0.00296
   0.00282
   0.00272
   0.00276
   0.00264
   0.00254
   0.00248
   0.00251
   0.00244
   0.00238
   0.00232
   0.00215
   0.00209
   0.00204
   0.00198
   0.00194
   0.00189
   0.00185
   0.00180
   0.00177
   0.00173
   0.00169
   0.00167
   0.00166
   0.00169
   0.00171
   0.00168
   0.00174
   0.00172
   0.00195
   0.00253
   0.00241
   0.00435
   0.00396
   0.00413
   0.00456
   0.00463
   0.00439
   0.00378
   0.00177
   0.00204
   0.00184
   0.00179
   0.00174
   0.00169
   0.00165
   0.00161
   0.00157
   0.00152
   0.00148
   0.00143
   0.00138
   0.00134
   0.00129
   0.00126
   0.00122
   0.00120
   0.00119
   0.00118
   0.00123
   0.00294
   0.00157
   0.00365
   0.00293
   0.00103
   0.00307
   0.02803
   0.00521
   0.00289
   0.02871
   0.00097
   0.00101
   0.00101
   0.00100
   0.00099
   0.00099
   0.00098
   0.00098
   0.00097
   0.00097
   0.00098
   0.00100
   0.00105
   0.00171
   0.33318
   0.01338
   0.00624
   0.00140
   0.00134
   0.00128
   0.00123
   0.00119
   0.00115
   0.00112
   0.00109
   0.00106
   0.00104
   0.00102
   0.00100
   0.00099
