   0.68840
   0.68618
   0.68234
   0.68174
   0.68120
   0.68085
   0.68079
   0.68047
   0.68002
   0.67951
   0.67896
   0.67841
   0.67787
   0.67733
   0.67680
   0.67627
   0.67573
   0.67496
   0.67451
   0.67418
   0.67371
   0.67315
   0.67258
   0.67200
   0.67146
   0.67091
   0.67037
   0.66982
   0.66926
   0.66870
   0.66814
   0.66757
   0.66699
   0.66641
   0.66582
   0.66524
   0.66452
   0.66401
   0.66330
   0.66278
   0.66198
   0.66150
   0.66070
   0.66022
   0.65934
   0.65874
   0.65685
   0.66103
   0.66345
   0.66364
   0.66194
   0.66009
   0.65836
   0.65650
   0.65474
   0.65406
   0.65266
   0.65201
   0.65042
   0.64996
   0.64919
   0.64913
   0.64812
   0.64769
   0.64766
   0.64733
   0.64751
   0.64710
   0.64744
   0.64729
   0.64826
   0.64815
   0.65025
   0.65058
   0.65138
   0.65209
   0.65259
   0.65367
   0.65328
   0.65210
   0.65001
   0.64772
   0.64453
   0.64140
   0.63753
   0.63407
   0.63012
   0.62661
   0.62258
   0.61906
   0.61360
   0.61159
   0.60654
   0.60304
   0.59883
   0.59500
   0.58859
   0.58455
   0.58018
   0.57641
   0.57280
   0.56916
   0.56562
   0.56216
   0.55877
   0.55539
   0.55209
   0.54884
   0.54560
   0.54244
   0.53934
   0.53624
   0.53312
   0.53003
   0.52701
   0.52400
   0.52104
   0.51815
   0.51520
   0.51232
   0.50953
   0.50673
   0.50408
   0.50143
   0.49872
   0.49618
   0.49366
   0.49108
   0.48863
   0.48626
   0.48388
   0.48164
   0.47937
   0.47736
   0.47524
   0.47320
   0.47127
   0.46954
   0.46784
   0.46617
   0.46473
   0.46333
   0.46227
   0.46105
   0.46001
   0.45910
   0.45817
   0.45752
   0.45695
   0.45650
   0.45622
   0.45607
   0.45587
   0.45558
   0.45529
   0.45513
   0.45476
   0.45467
   0.45353
   0.45233
   0.45088
   0.44853
   0.44647
   0.44362
   0.44105
   0.43803
   0.43541
   0.43260
   0.42924
   0.42662
   0.42361
   0.42039
   0.41786
   0.41471
   0.41201
   0.40925
   0.40647
   0.40326
   0.40097
   0.39770
   0.39545
   0.39236
   0.38995
   0.38694
   0.38445
   0.38149
   0.37868
   0.37617
   0.37338
   0.37066
   0.36760
   0.36519
   0.36207
   0.35997
   0.35643
   0.35412
   0.35112
   0.34843
   0.34568
   0.34280
   0.34027
   0.33747
   0.33516
   0.33211
   0.32967
   0.32679
   0.32406
   0.32122
   0.31803
   0.31595
   0.31233
   0.31035
   0.30734
   0.30482
   0.30253
   0.29933
   0.29660
   0.29412
   0.29160
   0.28860
   0.28651
   0.28355
   0.28121
   0.27851
   0.27614
   0.27342
   0.27085
   0.26813
   0.26579
   0.26368
   0.26073
   0.25840
   0.25581
   0.25334
   0.25044
   0.24855
   0.24588
   0.24334
   0.24093
   0.23814
   0.23555
   0.23307
   0.23094
   0.22837
   0.22644
   0.22373
   0.22149
   0.21876
   0.21684
   0.21421
   0.21203
   0.20974
   0.20738
   0.20496
   0.20293
   0.20039
   0.19810
   0.19563
   0.19379
   0.19126
   0.18890
   0.18680
   0.18456
   0.18233
   0.18008
   0.17765
   0.17570
   0.17336
   0.17138
   0.16876
   0.16713
   0.16455
   0.16247
   0.16043
   0.15810
   0.15595
   0.15429
   0.15181
   0.15004
   0.14775
   0.14592
   0.14355
   0.14184
   0.13941
   0.13745
   0.13527
   0.13352
   0.13128
   0.12939
   0.12729
   0.12559
   0.12354
   0.12170
   0.11972
   0.11790
   0.11591
   0.11426
   0.11214
   0.11064
   0.10846
   0.10701
   0.10495
   0.10332
   0.10108
   0.09888
   0.09687
   0.09567
   0.09362
   0.09207
   0.09074
   0.08910
   0.08742
   0.08599
   0.08433
   0.08282
   0.08096
   0.08035
   0.07852
   0.07706
   0.07560
   0.07422
   0.07264
   0.07168
   0.06991
   0.06830
   0.06729
   0.06545
   0.06446
   0.06318
   0.06233
   0.06081
   0.05981
   0.05895
   0.05756
   0.05656
   0.05567
   0.05471
   0.05356
   0.05262
   0.05193
   0.05080
   0.04991
   0.04917
   0.04828
   0.04754
   0.04661
   0.04593
   0.04521
   0.04427
   0.04362
   0.04285
   0.04200
   0.04140
   0.04070
   0.04023
   0.03954
   0.03903
   0.03842
   0.03795
   0.03740
   0.03685
   0.03645
   0.03597
   0.03543
   0.03506
   0.03478
   0.03430
   0.03387
   0.03372
   0.03352
   0.03304
   0.03265
   0.03235
   0.03218
   0.03201
   0.03159
   0.03130
   0.03126
   0.03116
   0.03088
   0.03085
   0.03059
   0.03059
   0.03053
   0.03046
   0.03048
   0.03033
   0.03031
   0.03037
   0.03034
   0.03032
   0.03038
   0.03044
   0.03049
   0.03061
   0.03061
   0.03072
   0.03091
   0.03100
   0.03126
   0.03130
   0.03147
   0.03167
   0.03163
   0.03182
   0.03200
   0.03212
   0.03221
   0.03232
   0.03226
   0.03237
   0.03238
   0.03204
   0.03182
   0.03137
   0.03077
   0.03021
   0.02933
   0.02828
   0.02723
   0.02595
   0.02440
   0.02276
   0.02106
   0.01933
   0.01742
   0.01580
   0.01468
   0.01385
   0.01335
   0.01311
   0.01293
   0.01278
   0.01265
   0.01256
   0.01247
   0.01230
   0.01212
   0.01200
   0.01186
   0.01168
   0.01153
   0.01139
   0.01126
   0.01111
   0.01089
   0.01073
   0.01061
   0.01048
   0.01036
   0.01023
   0.01018
   0.01007
   0.00994
   0.00982
   0.00968
   0.00952
   0.00942
   0.00930
   0.00918
   0.00906
   0.00895
   0.00884
   0.00873
   0.00860
   0.00849
   0.00838
   0.00827
   0.00816
   0.00805
   0.00795
   0.00785
   0.00773
   0.00760
   0.00749
   0.00737
   0.00728
   0.00719
   0.00708
   0.00700
   0.00691
   0.00678
   0.00667
   0.00663
   0.00656
   0.00644
   0.00634
   0.00631
   0.00625
   0.00617
   0.00605
   0.00596
   0.00594
   0.00587
   0.00577
   0.00569
   0.00563
   0.00559
   0.00553
   0.00543
