   0.65024
   0.64397
   0.63521
   0.63083
   0.63033
   0.63211
   0.63184
   0.63178
   0.63154
   0.63127
   0.63093
   0.63074
   0.62966
   0.62851
   0.62192
   0.62185
   0.61989
   0.62017
   0.61957
   0.61599
   0.61607
   0.61175
   0.61096
   0.60790
   0.61109
   0.60656
   0.60595
   0.60488
   0.60324
   0.60110
   0.59887
   0.59642
   0.59501
   0.59290
   0.59067
   0.58866
   0.58881
   0.58925
   0.58906
   0.58518
   0.57967
   0.57724
   0.57783
   0.58297
   0.58160
   0.57131
   0.55478
   0.53672
   0.51930
   0.50346
   0.49078
   0.47937
   0.46963
   0.46132
   0.45346
   0.44615
   0.43901
   0.43230
   0.42697
   0.42043
   0.41479
   0.40829
   0.40078
   0.39452
   0.38833
   0.38190
   0.37508
   0.36842
   0.36283
   0.35702
   0.35079
   0.34514
   0.33912
   0.33392
   0.32912
   0.32381
   0.31952
   0.31513
   0.30984
   0.30561
   0.30327
   0.30086
   0.29278
   0.29163
   0.28685
   0.28379
   0.27823
   0.27624
   0.27382
   0.26996
   0.26656
   0.26294
   0.26012
   0.25559
   0.25245
   0.24772
   0.24311
   0.23880
   0.23381
   0.22923
   0.22330
   0.21914
   0.21370
   0.20853
   0.20115
   0.19460
   0.18747
   0.18005
   0.17264
   0.16482
   0.15742
   0.14895
   0.14119
   0.13336
   0.12584
   0.11777
   0.11002
   0.10248
   0.09533
   0.08858
   0.08217
   0.07663
   0.07127
   0.06646
   0.06219
   0.05821
   0.05511
   0.05240
   0.05009
   0.04809
   0.04638
   0.04488
   0.04352
   0.04229
   0.04111
   0.03995
   0.03880
   0.03756
   0.03619
   0.03474
   0.03321
   0.03155
   0.02984
   0.02812
   0.02638
   0.02467
   0.02297
   0.02118
   0.01920
   0.01728
   0.01621
   0.01650
   0.01756
   0.01834
   0.01906
   0.02032
   0.02272
   0.02785
   0.03363
   0.03457
   0.03439
   0.03304
   0.03075
   0.02835
   0.02634
   0.02537
   0.02479
   0.02424
   0.02345
   0.02208
   0.02216
   0.02366
   0.02164
   0.01851
   0.03121
   0.05894
   3.98500
   0.00356
   0.00274
   0.00244
   0.00229
   0.00223
   0.00219
   0.00210
   0.00200
   0.00604
   0.00199
   0.00187
   0.00333
   0.00182
   0.00334
   0.00181
   0.00183
   0.00263
   0.00167
   0.00152
   0.00263
   0.00180
   0.00130
   0.00217
   0.00217
   0.00270
   0.00224
   0.00200
   0.00165
   0.00162
   0.00161
   0.00121
   0.00153
   0.00126
   0.01456
   0.01175
   0.01056
   0.01088
   0.01132
   0.01145
   0.01095
   0.00597
   0.00672
   0.00632
   0.00949
   0.00864
   0.00792
   0.00698
   0.00477
   0.00703
   0.00674
   0.00644
   0.00605
   0.00545
   0.00192
   0.00133
   0.00122
   0.00273
   0.00587
   0.00473
   0.00404
   0.00372
   0.00361
   0.00355
   0.00347
   0.00335
   0.00319
   0.00301
   0.00279
   0.00232
   0.00203
   0.00073
   0.00067
   0.00254
   0.00078
   0.00330
   0.00075
   0.00248
   0.00069
   0.00502
   0.00057
   0.02265
   0.00050
   0.00347
   0.00277
   0.00041
   0.00104
   0.00225
   0.00034
   0.00032
   0.00055
   0.00081
   0.00077
   0.00073
   0.00069
   0.00065
   0.00061
   0.00058
   0.00055
   0.00054
   0.00052
   0.00050
   0.00042
   0.00028
   0.00027
   0.03014
   0.00235
   0.00075
   0.00080
   0.00074
   0.00069
   0.00065
   0.00061
   0.00057
   0.00053
   0.00050
   0.00047
   0.00044
   0.00042
   0.00040
   0.00038
   0.00036
   0.00034
   0.00031
   0.00025
   0.00019
   0.00386
   0.00058
   0.00287
   0.00034
   0.00016
   0.00246
   0.00169
   0.00111
   0.00090
   0.00080
   0.00077
   0.00089
   0.00098
   0.00090
   0.00085
   0.00080
   0.00076
   0.00071
   0.00067
   0.00062
   0.00058
   0.00054
   0.00051
   0.00048
   0.00045
   0.00042
   0.00039
   0.00036
   0.00034
   0.00032
   0.00030
   0.00029
   0.00027
   0.00026
   0.00024
   0.00023
   0.00020
   0.00016
   0.00012
   0.00107
   0.00014
   0.00014
   0.00011
   0.00101
   0.00010
   0.00721
   0.00195
   0.00133
   0.00106
   0.00089
   0.00076
   0.00068
   0.00061
   0.00055
   0.00049
   0.00045
   0.00042
   0.00039
   0.00036
   0.00033
   0.00031
   0.00029
   0.00028
   0.00026
   0.00025
   0.00023
   0.00022
   0.00021
   0.00020
   0.00019
   0.00018
   0.00017
   0.00016
   0.00016
   0.00015
   0.00015
   0.00014
   0.00014
   0.00013
   0.00012
   0.00013
   0.00031
   0.00732
   0.00434
   0.00310
   0.00218
   0.00172
   0.00146
   0.00130
   0.00120
   0.00113
   0.00107
   0.00104
   0.00103
   0.00103
   0.00105
   0.00106
   0.00103
   0.00100
   0.00095
   0.00086
   0.00076
   0.00073
   0.00072
   0.00072
   0.00069
   0.00065
   0.00057
   0.00048
   0.00043
   0.00039
   0.00041
   0.00036
   0.00050
   0.00047
   0.00040
   0.00034
   0.00032
   0.00033
   0.00028
   0.00631
   0.00230
   0.00196
   0.00182
   0.00168
   0.00159
   0.00138
   0.00125
   0.00115
   0.00105
   0.00096
   0.00089
   0.00082
   0.00076
   0.00071
   0.00067
   0.00063
   0.00059
   0.00056
   0.00054
   0.00051
   0.00049
   0.00048
   0.00046
   0.00045
   0.00043
   0.00042
   0.00041
   0.00040
   0.00039
   0.00038
   0.00038
   0.00037
   0.00037
   0.00036
   0.00036
   0.00035
   0.00034
   0.00033
   0.00031
   0.00029
   0.00028
   0.00027
   0.00028
   0.00026
   0.00026
   0.00024
   0.00023
   0.00022
   0.00021
   0.00020
   0.00019
   0.00018
   0.00018
   0.00017
   0.00016
   0.00016
   0.00369
   0.00205
   0.00178
   0.00152
   0.00133
   0.00118
   0.00105
   0.00093
   0.00080
   0.00070
   0.00063
   0.00058
   0.00055
   0.00053
   0.00051
   0.00050
   0.00048
   0.00046
   0.00044
   0.00041
   0.00038
