   0.65923
   0.65443
   0.64860
   0.64365
   0.63886
   0.63479
   0.63047
   0.62779
   0.62459
   0.62151
   0.61846
   0.61583
   0.61240
   0.60922
   0.60631
   0.60480
   0.60005
   0.60403
   0.59741
   0.58984
   0.58403
   0.57586
   0.56571
   0.55144
   0.54389
   0.53381
   0.52368
   0.51320
   0.50363
   0.49399
   0.48514
   0.47598
   0.46752
   0.46088
   0.45714
   0.45423
   0.45123
   0.44978
   0.44752
   0.44495
   0.44073
   0.43698
   0.43139
   0.42534
   0.41816
   0.40992
   0.40015
   0.38903
   0.37717
   0.36378
   0.34969
   0.33579
   0.32089
   0.30684
   0.29386
   0.28116
   0.26869
   0.25865
   0.24726
   0.23907
   0.23164
   0.22480
   0.21854
   0.21278
   0.20740
   0.20276
   0.19811
   0.19284
   0.18827
   0.18415
   0.17883
   0.17438
   0.16932
   0.16375
   0.15878
   0.15394
   0.14959
   0.14462
   0.14033
   0.13627
   0.13338
   0.12890
   0.12564
   0.12195
   0.11880
   0.11549
   0.11212
   0.10873
   0.10539
   0.10184
   0.09844
   0.09460
   0.09082
   0.08714
   0.08372
   0.08058
   0.07835
   0.07757
   0.07945
   0.08073
   0.08890
   0.09897
   0.11500
   0.13811
   0.16908
   0.20205
   0.21129
   0.10233
   0.11139
   0.09301
   0.09869
   0.08607
   0.08936
   0.07691
   0.05906
   0.04812
   0.04142
   0.03355
   0.02856
   0.02526
   0.02364
   0.02628
   0.03080
   0.03865
   0.05096
   0.06663
   0.08865
   0.07533
   0.06668
   0.05487
   0.02644
   0.06700
   0.06484
   0.06776
   0.06582
   0.06619
   0.06481
   0.06284
   0.06090
   0.06186
   0.05830
   0.05542
   0.05324
   0.07520
   0.03540
   0.07755
   0.07336
   0.06969
   0.01176
   0.00669
   0.19930
   0.06690
   0.07978
   0.08297
   0.06722
   0.03389
   0.05977
   0.00877
   0.00603
   0.00547
   0.34586
   0.03816
   0.04295
   0.04894
   0.05645
   0.06155
   0.06936
   0.07640
   0.08231
   0.09215
   0.09703
   0.07756
   0.07106
   0.05074
   0.04692
   0.03889
   0.03593
   0.03604
   0.03199
   0.02981
   0.03433
   0.02217
   0.03676
   0.02593
   0.01863
   0.01233
   0.01126
   1.02059
   0.00530
   0.00507
   0.00338
   0.00930
   0.00610
   0.00335
   0.00289
   0.00293
   0.01648
   0.00597
   0.00248
   0.00580
   0.00452
   0.00214
   0.00259
   0.00199
   0.00192
   0.00185
   0.00178
   0.00213
   0.00321
   0.18616
   0.00211
   0.01359
   0.00199
   0.00344
   0.00190
   0.02310
   0.00208
   0.00181
   0.15509
   0.07770
   0.00420
   0.00149
   0.00550
   0.37939
   0.00319
   0.00394
   0.00135
   0.00348
   0.00274
   0.00247
   0.00232
   0.00221
   0.00814
   0.00206
   0.00285
   0.00186
   0.00244
   0.00785
   0.00147
   0.00206
   0.00177
   0.00442
   0.00151
   0.00141
   0.00134
   0.00132
   0.00120
   0.00117
   0.00128
   0.00574
   0.00126
   0.00150
   0.65618
   0.01587
   0.00797
   0.00580
   0.00501
   0.00411
   0.00337
   0.00300
   0.00312
   0.00762
   0.00227
   0.00215
   0.00225
   0.02840
   0.00177
   0.00358
   0.00393
   0.00502
   0.00498
   0.00452
   0.02266
   0.01512
   0.01311
   0.01206
   0.01155
   0.01112
   0.01028
   0.00955
   0.00881
   0.00737
   0.00644
   0.00683
   0.00503
   0.00679
   0.00620
   0.00387
   0.00542
   0.00349
   0.02924
   0.00426
   0.00462
   0.00284
   0.00391
   0.00226
   0.03812
   0.01971
   0.01547
   0.01313
   0.01245
   0.01080
   0.01009
   0.00917
   0.00868
   0.00826
   0.00753
   0.00698
   0.00651
   0.00620
   0.00594
   0.00572
   0.00533
   0.00509
   0.00465
   0.00437
   0.00424
   0.00415
   0.00404
   0.00390
   0.00365
   0.00342
   0.00331
   0.00304
   0.00281
   0.00266
   0.00255
   0.00247
   0.00239
   0.00226
   0.00209
   0.00192
   0.00177
   0.00165
   0.00153
   0.00143
   0.00135
   0.00094
   0.00080
   0.00080
   0.00074
   0.00070
   0.00067
   0.00064
   0.00062
   0.00094
   0.00257
   0.00178
   0.00136
   0.00122
   0.00124
   0.00128
   0.00121
   0.00116
   0.00111
   0.00105
   0.00098
   0.00087
   0.00077
   0.00067
   0.00060
   0.00055
   0.00052
   0.00052
   0.00054
   0.00054
   0.00048
   0.00049
   0.00317
   0.00173
   0.00135
   0.00112
   0.00099
   0.00087
   0.00078
   0.00070
   0.00062
   0.00056
   0.00052
   0.00048
   0.00046
   0.00045
   0.00044
   0.00044
   0.00043
   0.00041
   0.00069
   0.00037
   0.21979
   0.01562
   0.00944
   0.00727
   0.00622
   0.00543
   0.00482
   0.00436
   0.00394
   0.00362
   0.00348
   0.00367
   0.00406
   1.06685
   0.00628
   0.00509
   0.00458
   0.00424
   0.00406
   0.00396
   0.00390
   0.00375
   0.00356
   0.00334
   0.00309
   0.00283
   0.00262
   0.00251
   0.00254
   0.00264
   0.00265
   0.00248
   0.00257
   1.36787
   0.00237
   0.00230
   0.00229
   0.00227
   0.00222
   0.00214
   0.00203
   0.00188
   0.00181
   0.00190
   0.00209
   0.00220
   0.00207
   0.00172
   0.00186
   0.00192
   0.00145
   0.00197
   4.05034
   0.00696
   0.00390
   0.00329
   0.00294
   0.00276
   0.00265
   0.00252
   0.00242
   0.00219
   0.00204
   0.00222
   0.00250
   0.00198
   0.00271
   0.10623
   0.01239
   0.00764
   0.00572
   0.00481
   0.00428
   0.00388
   0.00353
   0.00313
   0.00284
   0.00271
   0.00269
   0.00269
   0.00265
   0.00260
   0.00255
   0.00231
   0.00211
   1.82918
   0.03806
   0.02041
   0.01622
   0.01392
   0.01257
   0.01175
   0.01109
   0.01048
   0.00981
   0.00977
   0.04237
   0.00878
   0.00811
   0.00760
   0.00719
   0.00695
   0.00680
   0.00662
   0.00635
   0.00599
   0.00621
   0.91657
   0.05052
   0.03072
   0.02341
   0.01565
   0.01537
   0.01551
   0.01479
   0.01336
   0.01181
   0.01088
   0.01042
   0.01028
   0.01046
   0.01008
   0.00876
   0.00886
   0.00787
   0.11776
   0.10093
   0.00961
   0.00901
   0.00847
   0.00792
   0.00742
   0.00696
   0.00656
   0.00625
   0.00605
   0.00598
   0.00617
   0.00661
   0.00709
   0.00719
   0.00661
   0.00587
   0.00533
   0.00496
   0.00472
   0.00467
   0.00467
   0.00445
   0.00422
   0.00400
   0.00378
   0.00355
   0.00348
   0.00336
   0.00315
   0.00502
   0.00304
   0.02243
   0.00289
   0.00247
   0.00249
   0.00292
   0.02884
   0.05624
   0.02611
   0.01781
   0.01310
   0.01019
   0.00863
   0.00767
   0.00670
   0.00595
   0.00549
   0.00532
   0.00506
   0.00471
   0.00439
   0.00425
   0.00427
   0.00430
   0.00424
   0.00412
   0.00401
   0.00397
   0.00389
   0.00379
   0.00366
   0.00363
   0.00348
   0.00447
   0.00353
   0.00352
   0.00352
   0.00353
   0.00350
   0.00344
   0.00335
   0.00324
   0.00313
   0.00303
   0.00294
   0.00289
   0.00289
   0.00295
   0.00299
   0.00293
   0.00277
   0.00255
   0.00244
   0.00240
   0.00234
   0.00228
   0.00222
   0.00216
   0.00210
   0.00205
   0.00201
   0.00196
   0.00180
   0.00185
   0.00175
   0.00169
   0.00166
   0.00160
   0.00160
   0.00148
   0.00147
   0.00159
   0.00205
   0.00216
   0.00153
   0.00172
   0.14019
   0.00487
   0.00395
   0.00337
   0.00300
   0.00276
   0.00258
   0.00245
   0.00235
   0.00229
   0.00222
   0.00217
   0.00212
   0.00207
   0.00202
   0.00197
   0.00193
   0.00188
   0.00183
   0.00180
   0.00181
   0.00192
   0.00224
   0.00223
   0.00192
   0.00181
   0.00173
   0.00160
   0.00141
   0.00138
   0.00133
   0.00129
   0.00125
   0.00422
   0.00415
   0.00345
   0.00294
   0.00255
   0.00227
   0.00204
   0.00186
   0.00172
   0.00159
   0.00148
   0.00140
   0.00134
   0.00115
   0.00110
   0.00106
   0.00102
   0.00099
   0.00096
   0.00094
   0.00092
   0.00089
   0.00086
   0.00084
   0.00082
   0.00080
   0.00077
   0.00074
   0.00072
   0.00070
   0.00069
   0.00069
   0.00072
   0.00079
   0.00079
   0.00061
   0.00056
   0.00054
   0.00055
   0.00054
   0.00051
   0.00048
   0.00045
   0.00043
   0.00042
   0.00041
   0.00039
   0.00037
   0.00036
   0.00034
   0.00033
   0.00037
   0.00037
   0.00035
   0.00033
   0.00029
   0.00026
   0.00143
   0.02039
   0.01380
   0.01125
   0.00962
   0.00832
   0.00725
   0.00568
   0.00501
   0.00453
   0.00411
   0.00372
   0.00338
   0.00306
   0.00277
   0.00243
   0.00213
   0.00187
   0.00166
   0.00148
   0.00133
   0.00121
   0.00111
   0.00102
   0.00095
   0.00089
   0.00084
   0.00079
   0.00076
   0.00073
   0.00070
   0.00067
   0.00065
   0.00062
   0.00058
   0.00052
   0.00048
   0.00047
   0.00045
   0.00044
   0.00042
   0.00041
   0.00040
   0.00038
   0.00036
   0.00033
   0.00031
   0.00031
   0.00030
   0.00029
   0.00029
   0.00031
   0.11242
   0.01322
   0.01000
   0.00825
   0.00692
   0.00597
   0.00523
   0.00462
   0.00411
   0.00369
   0.00332
   0.00299
   0.00271
   0.00245
   0.00224
   0.00207
   0.00195
   0.00186
   0.00177
   0.00170
   0.00163
   0.00157
   0.00149
   0.00139
   0.00134
   0.00129
   0.00127
   0.00121
   0.00115
   0.00110
   0.00106
   0.00102
   0.00098
   0.00093
   0.00088
   6.08093
   0.01881
   0.01141
   0.00785
   0.00599
   0.00480
   0.00397
   0.00337
   0.00292
   0.00258
   0.00231
   0.00208
   0.00190
   0.00175
   0.00163
   0.00152
   0.00142
   0.00134
   0.00127
   0.00120
   0.00115
   0.00111
   0.00108
   0.00105
   0.00103
   0.00100
   0.00098
   0.00096
   0.00093
   0.00091
   0.00089
   0.00087
   0.00083
   0.00078
   0.00075
   0.00076
   0.00067
   0.00068
   0.00065
   0.00065
   0.00062
   0.00060
   0.00057
   0.00055
   0.00053
   0.00051
   0.00050
   0.00049
   0.00048
   0.00047
   0.00045
   0.00044
   0.00042
   0.00041
   0.00039
   0.00038
   0.00037
   0.00037
   0.00044
   0.00037
   2.78507
   0.01588
   0.00979
   0.00636
   0.00452
   0.00340
   0.00267
   0.00215
   0.00178
   0.00151
   0.00130
   0.00114
   0.00102
   0.00091
   0.00082
   0.00075
   0.00069
   0.00064
   0.00059
   0.00055
   0.00052
   0.00049
   0.00046
   0.00044
   0.00042
   0.00040
   0.00038
   0.00037
   0.00036
   0.00035
   0.00035
   0.00035
   0.00035
   0.00035
   0.00035
   0.00036
   0.00035
   0.00035
   0.00035
   0.00035
   0.00034
   0.00031
   0.00030
   0.00029
   0.00028
   0.00027
   0.00025
   0.00023
   0.00428
   0.00221
   0.00192
   0.00168
   0.00148
   0.00132
   0.00118
   0.00106
   0.00096
   0.00087
   0.00079
   0.00072
   0.00066
   0.00061
   0.00056
   0.00052
   0.00048
   0.00045
   0.00043
   0.00040
   0.00038
   0.00036
   0.00035
   0.00033
   0.00032
   0.00031
   0.00030
   0.00029
   0.00029
   0.00028
   0.00027
   0.00027
   0.00026
   0.00025
   0.00025
   0.00024
   0.00023
   0.00023
   0.00022
   0.00022
   0.00021
   0.00021
   0.00021
   0.00021
   0.00021
   0.00021
   0.00021
   0.00021
   0.00021
   0.00021
   0.00021
   0.00021
   0.00020
   0.00019
   0.00018
   0.27177
   0.00240
   0.00184
   0.00146
   0.00119
   0.00100
   0.00085
   0.00074
   0.00065
   0.00058
   0.00052
   0.00047
   0.00043
   0.00039
   0.00036
   0.00034
   0.00031
   0.00029
   0.00027
   0.00025
   0.00024
   0.00023
   0.00021
   0.00021
   0.00020
   0.00019
   0.00018
   0.00017
   0.00017
   0.00016
   0.00016
   0.00016
   0.00016
   0.00016
   0.00016
   0.00016
   0.00016
   0.00016
   0.00016
