   0.73860
   0.70677
   0.70687
   0.70526
   0.70244
   0.70123
   0.69993
   0.69796
   0.69703
   0.69555
   0.69466
   0.69341
   0.69240
   0.69149
   0.69056
   0.68975
   0.68909
   0.68836
   0.68774
   0.68716
   0.68669
   0.68983
   0.68493
   0.68465
   0.68430
   0.68413
   0.68478
   0.68547
   0.68580
   0.68674
   0.68795
   0.68884
   0.69024
   0.69530
   0.73753
   0.75846
   0.75534
   0.75163
   0.74821
   0.74518
   0.74366
   0.74146
   0.73921
   0.73706
   0.73398
   0.73045
   0.72674
   0.72183
   0.71648
   0.71000
   0.70329
   0.69539
   0.68683
   0.66353
   0.66560
   0.66175
   0.63952
   0.62232
   0.61369
   0.60426
   0.59418
   0.58419
   0.57496
   0.56656
   0.55929
   0.55282
   0.54696
   0.54159
   0.53599
   0.53022
   0.52360
   0.51767
   0.51087
   0.50373
   0.49660
   0.48878
   0.48157
   0.47437
   0.46746
   0.46084
   0.45462
   0.44915
   0.44436
   0.44019
   0.43635
   0.43242
   0.42788
   0.42230
   0.41583
   0.40876
   0.40176
   0.39486
   0.38821
   0.38195
   0.37606
   0.37054
   0.36519
   0.36006
   0.35480
   0.34967
   0.34428
   0.33904
   0.33382
   0.32856
   0.32357
   0.31851
   0.31369
   0.30888
   0.30416
   0.29953
   0.29501
   0.29055
   0.28617
   0.28194
   0.27768
   0.27348
   0.26932
   0.26532
   0.26135
   0.25739
   0.25350
   0.24955
   0.24559
   0.24176
   0.23789
   0.23395
   0.23003
   0.22606
   0.22206
   0.21816
   0.21418
   0.21008
   0.20613
   0.20218
   0.19813
   0.19399
   0.19008
   0.18621
   0.18202
   0.17838
   0.17405
   0.17072
   0.16615
   0.16291
   0.15848
   0.15545
   0.15175
   0.14815
   0.14472
   0.14134
   0.13762
   0.13464
   0.13183
   0.12735
   0.12436
   0.12136
   0.11876
   0.11558
   0.11282
   0.11086
   0.10840
   0.10500
   0.10323
   0.09964
   0.09766
   0.09492
   0.09387
   0.09042
   0.08906
   0.08617
   0.08422
   0.08197
   0.07965
   0.07799
   0.07606
   0.07415
   0.07233
   0.07044
   0.06843
   0.06660
   0.06484
   0.06315
   0.06148
   0.05984
   0.05815
   0.05649
   0.05486
   0.05339
   0.05175
   0.05033
   0.04879
   0.04729
   0.04587
   0.04451
   0.04317
   0.04184
   0.04059
   0.03929
   0.03810
   0.03699
   0.03583
   0.03471
   0.03366
   0.03264
   0.03164
   0.03074
   0.02981
   0.02892
   0.02805
   0.02722
   0.02641
   0.02562
   0.02486
   0.02412
   0.02311
   0.02269
   0.02176
   0.02136
   0.02048
   0.02008
   0.01925
   0.01887
   0.01809
   0.01773
   0.01698
   0.01662
   0.01594
   0.01557
   0.01494
   0.01446
   0.01412
   0.01357
   0.01323
   0.01272
   0.01239
   0.01195
   0.01163
   0.01123
   0.01089
   0.01058
   0.01029
   0.01002
   0.00978
   0.00948
   0.00925
   0.00903
   0.00881
   0.00869
   0.00840
   0.00840
   0.00807
   0.00795
   0.00779
   0.00772
   0.00752
   0.00821
   0.00727
   0.00781
   0.00709
   0.00918
   0.00868
   0.00745
   0.01715
   0.00536
   0.00632
   0.00780
   0.00697
   0.00597
   0.00622
   0.00600
   0.00586
   0.00570
   0.00556
   0.00542
   0.00529
   0.00515
   0.00502
   0.00489
   0.00476
   0.00464
   0.00450
   0.00444
   0.00440
   0.00437
   0.00430
   0.00440
   0.00406
   0.01499
   0.00687
   0.00915
   0.00882
   0.00860
   0.00835
   0.00810
   0.00785
   0.00759
   0.00732
   0.00706
   0.00679
   0.00653
   0.00626
   0.00600
   0.00574
   0.00553
   0.00523
   0.00502
   0.00479
   0.00456
   0.00434
   0.00414
   0.00394
   0.00374
   0.00359
   0.00342
   0.00326
   0.00310
   0.00297
   0.00283
   0.00269
   0.00258
   0.00248
   0.00246
   0.00238
   0.00242
   0.00227
   0.00306
   0.00215
   0.03084
   0.01169
   0.01290
   0.00766
   0.00278
   0.00381
   0.00285
   0.00332
   0.00297
   0.00304
   0.00309
   0.00307
   0.00331
   0.00373
   0.00555
   0.01100
   0.00564
   0.00839
   0.00611
   0.00614
   0.00604
   0.00600
   0.00595
   0.00593
   0.00590
   0.00587
   0.00583
   0.00580
   0.00576
   0.00572
   0.00570
   0.00568
   0.00566
   0.00560
   0.00528
   0.00367
   0.00180
   0.00185
   0.00171
   0.00149
   0.00401
   0.00171
   0.00132
   0.00512
   0.00461
   0.00210
   0.00169
   0.00143
   0.00143
   0.00149
   0.00152
   0.00161
   0.00173
   0.00185
   0.00194
   0.00202
   0.00211
   0.00219
   0.00234
   0.00251
   0.00264
   0.00263
   0.00258
   0.00254
   0.00248
   0.00244
   0.00239
   0.00234
   0.00229
   0.00223
   0.00218
   0.00212
   0.00207
   0.00201
   0.00195
   0.00189
   0.00183
   0.00178
   0.00172
   0.00166
   0.00161
   0.00155
   0.00149
   0.00144
   0.00139
   0.00134
   0.00130
   0.00125
   0.00121
   0.00117
   0.00113
   0.00109
   0.00106
   0.00102
   0.00099
   0.00096
   0.00092
   0.00089
   0.00086
   0.00082
   0.00078
   0.00073
   0.00065
   0.00047
   0.26759
   0.08730
   0.06995
   0.05542
   0.05290
   0.05079
   0.04880
   0.04689
   0.04514
   0.04344
   0.04186
   0.04037
   0.03895
   0.03761
   0.03632
   0.03509
   0.03390
   0.03275
   0.03164
   0.03057
   0.02953
   0.02854
   0.02758
   0.02665
   0.02576
   0.02490
   0.02408
   0.02329
   0.02254
   0.02182
   0.02114
   0.02051
   0.01993
   0.01943
   0.01900
   0.01869
   0.01844
   0.01834
   0.01825
   0.01817
   0.01794
   0.01764
   0.01726
   0.01688
   0.01645
   0.01607
   0.01565
   0.01525
   0.01487
   0.01449
   0.01412
   0.01373
   0.01341
   0.01307
   0.01277
   0.01246
   0.01218
   0.01192
   0.01166
   0.01143
   0.01120
   0.01099
   0.01079
   0.01061
   0.01045
   0.01030
   0.01016
   0.01006
   0.00996
