   0.69463
   0.68736
   0.68450
   0.68429
   0.68313
   0.68214
   0.68141
   0.68094
   0.68034
   0.67960
   0.67912
   0.67852
   0.67772
   0.67711
   0.67662
   0.67587
   0.67513
   0.67476
   0.67404
   0.67340
   0.67281
   0.67226
   0.67154
   0.67103
   0.67028
   0.66971
   0.66899
   0.66840
   0.66780
   0.66715
   0.66651
   0.66594
   0.66532
   0.66462
   0.66421
   0.66349
   0.66290
   0.66223
   0.66163
   0.66107
   0.66042
   0.66032
   0.65957
   0.65902
   0.65801
   0.65740
   0.65687
   0.65633
   0.65584
   0.65539
   0.65489
   0.65900
   0.66031
   0.66064
   0.66197
   0.66239
   0.66223
   0.66395
   0.66249
   0.67849
   0.67625
   0.67208
   0.66934
   0.66768
   0.66588
   0.66363
   0.66110
   0.65851
   0.65583
   0.65314
   0.65017
   0.64740
   0.64435
   0.64137
   0.63823
   0.63509
   0.63189
   0.62866
   0.62534
   0.62190
   0.61853
   0.61492
   0.61137
   0.60778
   0.60408
   0.60027
   0.59660
   0.59291
   0.58921
   0.58546
   0.58172
   0.57809
   0.57445
   0.57085
   0.56739
   0.56386
   0.56042
   0.55700
   0.55375
   0.55047
   0.54729
   0.54411
   0.54076
   0.53805
   0.53474
   0.53145
   0.52830
   0.52520
   0.52231
   0.51939
   0.51655
   0.51374
   0.51100
   0.50814
   0.50556
   0.50299
   0.50073
   0.49833
   0.49590
   0.49405
   0.49191
   0.48995
   0.48843
   0.48678
   0.48520
   0.48403
   0.48275
   0.48210
   0.48151
   0.48097
   0.48083
   0.48079
   0.48081
   0.48118
   0.48167
   0.48209
   0.48233
   0.48259
   0.48255
   0.48236
   0.48168
   0.48045
   0.47868
   0.47666
   0.47435
   0.47175
   0.46909
   0.46630
   0.46362
   0.46067
   0.45791
   0.45499
   0.45250
   0.44947
   0.44666
   0.44407
   0.44112
   0.43863
   0.43547
   0.43291
   0.42964
   0.42725
   0.42391
   0.42127
   0.41839
   0.41544
   0.41250
   0.40966
   0.40658
   0.40383
   0.40079
   0.39785
   0.39491
   0.39187
   0.38909
   0.38582
   0.38328
   0.37994
   0.37715
   0.37412
   0.37096
   0.36857
   0.36566
   0.36218
   0.35974
   0.35639
   0.35357
   0.35059
   0.34780
   0.34477
   0.34214
   0.33908
   0.33657
   0.33362
   0.33053
   0.32770
   0.32514
   0.32214
   0.31940
   0.31667
   0.31376
   0.31123
   0.30847
   0.30564
   0.30282
   0.30023
   0.29754
   0.29449
   0.29220
   0.28917
   0.28671
   0.28421
   0.28138
   0.27880
   0.27602
   0.27357
   0.27051
   0.26891
   0.26517
   0.26255
   0.26061
   0.25777
   0.25521
   0.25302
   0.24990
   0.24766
   0.24543
   0.24171
   0.23975
   0.23782
   0.23436
   0.23251
   0.22955
   0.22754
   0.22522
   0.22253
   0.22039
   0.21743
   0.21519
   0.21205
   0.21171
   0.20667
   0.20657
   0.20184
   0.20143
   0.19693
   0.19651
   0.19207
   0.19147
   0.18715
   0.18678
   0.18217
   0.18130
   0.17766
   0.17571
   0.17285
   0.17243
   0.16782
   0.16729
   0.16320
   0.16258
   0.15838
   0.15768
   0.15497
   0.15117
   0.14924
   0.14700
   0.14553
   0.14250
   0.14040
   0.13711
   0.13613
   0.13252
   0.13141
   0.12915
   0.12545
   0.12417
   0.12068
   0.11918
   0.11606
   0.11439
   0.11126
   0.10979
   0.10676
   0.10500
   0.10203
   0.10026
   0.09734
   0.09555
   0.09280
   0.09115
   0.08869
   0.08683
   0.08377
   0.08207
   0.07928
   0.07769
   0.07479
   0.07298
   0.07050
   0.06896
   0.06641
   0.06474
   0.06233
   0.06080
   0.05856
   0.05728
   0.05521
   0.05401
   0.05213
   0.05097
   0.04935
   0.04838
   0.04691
   0.04603
   0.04484
   0.04409
   0.04306
   0.04249
   0.04147
   0.04110
   0.04016
   0.03979
   0.03896
   0.03864
   0.03786
   0.03739
   0.03677
   0.03655
   0.03579
   0.03532
   0.03482
   0.03438
   0.03385
   0.03345
   0.03294
   0.03255
   0.03205
   0.03164
   0.03117
   0.03078
   0.03031
   0.02992
   0.02947
   0.02909
   0.02864
   0.02827
   0.02786
   0.02746
   0.02708
   0.02667
   0.02630
   0.02590
   0.02554
   0.02515
   0.02479
   0.02443
   0.02407
   0.02373
   0.02340
   0.02309
   0.02281
   0.02255
   0.02235
   0.02218
   0.02204
   0.02196
   0.02196
   0.02195
   0.02202
   0.02215
   0.02234
   0.02262
   0.02296
   0.02338
   0.02382
   0.02430
   0.02479
   0.02547
   0.02577
   0.02661
   0.02759
   0.02766
   0.02965
   0.02916
   0.03179
   0.03157
   0.03395
   0.03415
   0.03677
   0.03666
   0.04116
   0.03826
   0.04646
   0.02775
   0.06288
   0.01396
   0.07236
   0.05763
   0.04643
   0.10733
   0.06620
   0.09966
   0.06724
   0.11558
   0.11886
   0.07405
   0.01108
   0.01423
   0.01545
   0.01372
   0.01333
   0.01346
   0.01338
   0.01318
   0.01306
   0.01293
   0.01282
   0.01270
   0.01255
   0.01245
   0.01232
   0.01221
   0.01208
   0.01198
   0.01185
   0.01175
   0.01162
   0.01153
   0.01141
   0.01132
   0.01119
   0.01110
   0.01098
   0.01089
   0.01077
   0.01067
   0.01059
   0.01046
   0.01039
   0.01027
   0.01019
   0.01007
   0.00999
   0.00990
   0.00979
   0.00971
   0.00962
   0.00953
   0.00947
   0.00934
   0.00927
   0.00915
   0.00910
   0.00899
   0.00892
   0.00880
   0.00875
   0.00865
   0.00858
   0.00846
   0.00842
   0.00831
   0.00825
   0.00813
   0.00809
   0.00799
   0.00793
   0.00783
   0.00779
   0.00766
   0.00763
   0.00752
   0.00747
   0.00736
   0.00733
   0.00721
   0.00718
   0.00707
   0.00702
   0.00693
   0.00689
   0.00678
   0.00674
   0.00665
   0.00660
   0.00651
   0.00647
   0.00637
   0.00632
   0.00624
   0.00620
   0.00611
   0.00606
   0.00598
   0.00594
   0.00585
   0.00580
   0.00573
   0.00569
   0.00560
   0.00556
   0.00549
   0.00545
   0.00537
   0.00532
   0.00526
   0.00521
   0.00514
   0.00509
   0.00503
   0.00499
   0.00492
   0.00487
   0.00481
   0.00477
   0.00471
   0.00466
   0.00459
   0.00456
   0.00451
   0.00446
   0.00440
   0.00435
   0.00430
   0.00425
   0.00421
   0.00417
   0.00412
   0.00408
   0.00402
   0.00397
   0.00393
   0.00389
   0.00384
   0.00380
   0.00375
   0.00371
   0.00367
   0.00363
   0.00358
   0.00355
   0.00351
   0.00347
   0.00343
   0.00339
   0.00335
   0.00331
   0.00327
   0.00324
   0.00320
   0.00316
   0.00313
   0.00309
   0.00306
   0.00302
   0.00299
   0.00296
   0.00292
   0.00289
   0.00285
   0.00282
   0.00279
   0.00276
   0.00272
   0.00270
   0.00266
   0.00263
   0.00260
   0.00257
   0.00255
   0.00252
   0.00249
   0.00246
   0.00243
   0.00240
   0.00238
   0.00235
   0.00232
   0.00230
   0.00227
   0.00225
   0.00222
   0.00220
   0.00217
   0.00215
   0.00213
   0.00210
   0.00208
   0.00206
   0.00203
   0.00201
   0.00199
   0.00196
   0.00194
   0.00192
   0.00190
   0.00188
   0.00186
   0.00184
   0.00182
   0.00180
   0.00178
   0.00176
   0.00174
   0.00172
   0.00170
   0.00168
   0.00167
   0.00165
   0.00163
   0.00161
   0.00159
   0.00158
   0.00156
   0.00155
   0.00152
   0.00151
   0.00149
   0.00148
   0.00146
   0.00144
   0.00143
   0.00142
   0.00140
   0.00139
   0.00137
   0.00136
   0.00134
   0.00133
   0.00132
   0.00130
   0.00129
   0.00127
   0.00126
   0.00124
   0.00123
   0.00122
   0.00121
   0.00119
   0.00118
   0.00117
   0.00116
   0.00114
   0.00113
   0.00113
   0.00112
   0.00110
   0.00109
   0.00108
   0.00107
   0.00105
   0.00104
   0.00104
   0.00103
   0.00101
   0.00100
   0.00100
   0.00098
   0.00097
   0.00097
   0.00095
   0.00094
   0.00094
   0.00093
   0.00092
   0.00091
   0.00090
   0.00089
   0.00088
   0.00087
   0.00086
   0.00086
   0.00085
   0.00084
   0.00083
   0.00082
   0.00081
   0.00080
   0.00080
   0.00080
   0.00078
   0.00077
   0.00077
   0.00076
   0.00075
   0.00075
   0.00074
   0.00073
   0.00073
   0.00072
   0.00071
   0.00070
   0.00070
   0.00069
   0.00068
   0.00067
   0.00067
   0.00066
   0.00066
   0.00065
   0.00065
   0.00064
   0.00063
   0.00063
   0.00062
   0.00061
   0.00061
   0.00060
   0.00060
   0.00059
   0.00059
   0.00058
   0.00058
   0.00057
   0.00057
   0.00056
   0.00056
   0.00055
   0.00055
   0.00054
   0.00054
   0.00053
   0.00053
   0.00052
   0.00052
   0.00051
   0.00051
   0.00050
   0.00050
   0.00049
   0.00049
   0.00048
   0.00048
   0.00048
   0.00047
   0.00047
   0.00047
   0.00046
   0.00046
   0.00045
   0.00045
   0.00044
   0.00044
   0.00044
   0.00044
   0.00043
   0.00043
   0.00042
   0.00042
   0.00042
   0.00041
   0.00041
   0.00041
   0.00040
   0.00040
   0.00039
   0.00039
   0.00039
   0.00039
   0.00038
   0.00038
   0.00037
   0.00037
   0.00037
   0.00037
   0.00036
   0.00036
   0.00036
   0.00036
   0.00035
   0.00035
   0.00035
   0.00035
   0.00034
   0.00034
   0.00033
   0.00033
   0.00033
   0.00033
   0.00033
   0.00032
   0.00032
   0.00032
   0.00031
   0.00031
   0.00031
   0.00031
   0.00031
   0.00030
   0.00030
   0.00030
   0.00030
   0.00029
   0.00029
   0.00029
   0.00028
   0.00028
   0.00028
   0.00028
   0.00028
   0.00028
   0.00027
   0.00027
   0.00027
   0.00027
   0.00027
   0.00027
   0.00026
   0.00026
   0.00026
   0.00026
   0.00026
   0.00026
   0.00025
   0.00025
   0.00026
   0.00025
   0.00025
   0.00025
   0.00025
   0.00025
   0.00024
   0.00024
   0.00024
   0.00023
   0.00023
   0.00023
   0.00022
   0.00022
   0.00022
   0.00022
   0.00021
   0.00021
   0.00020
   0.00020
   0.00020
   0.00019
   0.00019
   0.00018
   0.00017
   0.00016
   0.00015
   0.00014
   0.00013
   0.00011
   0.00010
   0.00009
   0.00008
   0.00007
   3.36515
   0.69871
   0.64775
   0.60042
   0.59887
   0.59545
   0.58929
   0.58707
   0.58459
   0.58223
   0.57990
   0.57759
   0.57528
   0.57297
   0.57067
   0.56836
   0.56586
   0.55368
   0.55084
   0.54835
   0.54584
   0.54332
   0.54080
   0.53826
   0.53572
   0.53317
   0.53066
   0.52823
   0.52592
   0.52374
   0.52183
   0.52012
   0.51861
   0.50632
   0.51329
   0.49305
   0.46179
   0.46332
   0.45880
   0.40685
   0.38251
   0.36912
   0.36425
   0.35928
   0.35493
   0.35116
   0.34762
   0.34421
   0.34088
   0.33761
   0.33438
   0.33121
   0.32808
   0.32501
   0.32197
   0.31898
   0.31603
   0.31312
   0.31024
   0.30741
   0.30460
   0.30183
   0.29910
   0.29640
   0.29374
   0.29111
   0.28851
   0.28595
   0.28341
   0.28090
   0.27842
   0.27594
   0.27289
   0.26883
   0.27000
   0.26879
   0.26667
   0.26432
   0.26198
   0.25973
   0.25755
   0.25545
   0.25339
   0.25138
   0.24944
   0.24754
   0.24566
   0.24383
   0.24203
   0.24027
   0.23853
   0.23682
   0.23512
   0.23346
   0.23180
   0.23016
   0.22850
   0.22683
   0.22518
   0.22353
   0.22191
   0.22022
   0.21856
   0.21687
   0.21518
   0.21345
   0.21174
   0.21002
   0.20827
   0.20654
   0.20474
   0.20301
   0.20123
   0.19946
   0.19773
   0.19593
   0.19417
   0.19242
   0.19063
   0.18890
   0.18710
   0.18537
   0.18358
   0.18182
   0.18010
   0.17838
   0.17663
   0.17494
   0.17319
   0.17150
   0.16985
   0.16812
   0.16649
   0.16479
   0.16317
   0.16149
   0.15985
   0.15827
   0.15660
   0.15505
   0.15340
   0.15186
   0.15024
   0.14869
   0.14715
   0.14556
   0.14405
   0.14254
   0.14099
   0.13950
