   0.79222
   0.84740
   0.83275
   0.82083
   0.80271
   0.81900
   0.80553
   0.80167
   0.79795
   0.79385
   0.79100
   0.78868
   0.78557
   0.78214
   0.78013
   0.77837
   0.77657
   0.77441
   0.77513
   0.77794
   0.77850
   0.77340
   0.76890
   0.76647
   0.76356
   0.76024
   0.75072
   0.76464
   0.76829
   0.76239
   0.75779
   0.75479
   0.75238
   0.74891
   0.74517
   0.74283
   0.73780
   0.70958
   0.70696
   0.70431
   0.70110
   0.69641
   0.69004
   0.68331
   0.67458
   0.66787
   0.65936
   0.65044
   0.64091
   0.63174
   0.62234
   0.61329
   0.60486
   0.59654
   0.58851
   0.58365
   0.57744
   0.57241
   0.56755
   0.56269
   0.55776
   0.55201
   0.54570
   0.53918
   0.53232
   0.52532
   0.51811
   0.51018
   0.50391
   0.49541
   0.48943
   0.48510
   0.48181
   0.47946
   0.47681
   0.47302
   0.46482
   0.45423
   0.44447
   0.43568
   0.42761
   0.42036
   0.41376
   0.40805
   0.40199
   0.39755
   0.39300
   0.38946
   0.38577
   0.38274
   0.37941
   0.37592
   0.37245
   0.36860
   0.36432
   0.36013
   0.35548
   0.35036
   0.34490
   0.33925
   0.33331
   0.32685
   0.31997
   0.31351
   0.30640
   0.29896
   0.29171
   0.28424
   0.27669
   0.26955
   0.26224
   0.25534
   0.24840
   0.24192
   0.23552
   0.22934
   0.22353
   0.21784
   0.21245
   0.20775
   0.20286
   0.19809
   0.19361
   0.18941
   0.18532
   0.18128
   0.17769
   0.17439
   0.17092
   0.16745
   0.16396
   0.16077
   0.15741
   0.15433
   0.15118
   0.14834
   0.14537
   0.14232
   0.13926
   0.13640
   0.13387
   0.13170
   0.12845
   0.12582
   0.12295
   0.12015
   0.11694
   0.11451
   0.11137
   0.10894
   0.10592
   0.10310
   0.10054
   0.09814
   0.09520
   0.09230
   0.08937
   0.08691
   0.08386
   0.08155
   0.07892
   0.07628
   0.07377
   0.07121
   0.06878
   0.06639
   0.06376
   0.06165
   0.05948
   0.05739
   0.05535
   0.05311
   0.05173
   0.04978
   0.04792
   0.04596
   0.04418
   0.04238
   0.04057
   0.03839
   0.03669
   0.03513
   0.03372
   0.03234
   0.03089
   0.02977
   0.02853
   0.02739
   0.02632
   0.02530
   0.02425
   0.02336
   0.02251
   0.02162
   0.02085
   0.02011
   0.01934
   0.01867
   0.01799
   0.01738
   0.01676
   0.01621
   0.01564
   0.01516
   0.01465
   0.01423
   0.01373
   0.01334
   0.01286
   0.01244
   0.01197
   0.01150
   0.01103
   0.01057
   0.01014
   0.00976
   0.00934
   0.00891
   0.00853
   0.00825
   0.00800
   0.00783
   0.00758
   0.00747
   0.00786
   0.00973
   0.01769
   0.02743
   0.00672
   0.00608
   0.02126
   0.01385
   0.01688
   0.01701
   0.01669
   0.01615
   0.01551
   0.01491
   0.01424
   0.01359
   0.01294
   0.01232
   0.01174
   0.01120
   0.01071
   0.01024
   0.00980
   0.00939
   0.00900
   0.00863
   0.00827
   0.00792
   0.00756
   0.00717
   0.00672
   0.00622
   0.00544
   0.00474
   0.04331
   0.01100
   0.01780
   0.21747
   0.15575
   0.00984
   0.00637
   0.00666
   0.00646
   0.00651
   0.00691
   0.00652
   0.00832
   0.01836
   0.00496
   0.00548
   0.00428
   0.01539
   0.01435
   0.01365
   0.01318
   0.01296
   0.01295
   0.01303
   0.01318
   0.01330
   0.01330
   0.01320
   0.01302
   0.01280
   0.01252
   0.01221
   0.01192
   0.01159
   0.01127
   0.01099
   0.01068
   0.01039
   0.01008
   0.00979
   0.00953
   0.00923
   0.00897
   0.00871
   0.00845
   0.00822
   0.00796
   0.00774
   0.00750
   0.00730
   0.00706
   0.00688
   0.00667
   0.00647
   0.00632
   0.00610
   0.00597
   0.00576
   0.00564
   0.00544
   0.00533
   0.00515
   0.00504
   0.00488
   0.00475
   0.00462
   0.00450
   0.00438
   0.00425
   0.00415
   0.00402
   0.00391
   0.00380
   0.00368
   0.00359
   0.00347
   0.00337
   0.00325
   0.00317
   0.00305
   0.00297
   0.00286
   0.00278
   0.00268
   0.00261
   0.00252
   0.00246
   0.00237
   0.00232
   0.00226
   0.00222
   0.00214
   0.00212
   0.00206
   0.00202
   0.00196
   0.00191
   0.00185
   0.00181
   0.00175
   0.00168
   0.00163
   0.00158
   0.00152
   0.00148
   0.00143
   0.00138
   0.00134
   0.00130
   0.00126
   0.00122
   0.00118
   0.00115
   0.00111
   0.00108
   0.00105
   0.00102
   0.00099
   0.00097
   0.00094
   0.00092
   0.00090
   0.00087
   0.00085
   0.00083
   0.00081
   0.00079
   0.00077
   0.00075
   0.00074
   0.00072
   0.00071
   0.00068
   0.00067
   0.00066
   0.00064
   0.00063
   0.00061
   0.00059
   0.00058
   0.00057
   0.00056
   0.00054
   0.00052
   0.00050
   0.00047
   0.00042
   0.00035
   0.00029
   0.00041
   0.76214
   0.55511
   0.55352
   0.52278
   0.51503
   0.50695
   0.50125
   0.47054
   0.45899
   0.45608
   0.45678
   0.45488
   0.45158
   0.44733
   0.44244
   0.43736
   0.43230
   0.42711
   0.42196
   0.41670
   0.41153
   0.40628
   0.40106
   0.39592
   0.39083
   0.38586
   0.38101
   0.37640
   0.37208
   0.36813
   0.36458
   0.36157
   0.35889
   0.35654
   0.35413
   0.35175
   0.34888
   0.34522
   0.34117
   0.33642
   0.33106
   0.32556
   0.31985
   0.31412
   0.30842
   0.30292
   0.29756
   0.29234
   0.28735
   0.28247
   0.27789
   0.27313
   0.26890
   0.26439
   0.26041
   0.25633
   0.25229
   0.24870
   0.24494
   0.24162
   0.23812
   0.23501
   0.23172
   0.22827
   0.22571
   0.22278
   0.21980
   0.21680
   0.21350
   0.21078
   0.20775
   0.20457
   0.20131
   0.19769
   0.19440
   0.19083
   0.18716
   0.18320
   0.17945
   0.17558
   0.17164
   0.16768
   0.16366
   0.15979
   0.15586
   0.15198
   0.14814
   0.14437
   0.14062
   0.13698
   0.13345
   0.12992
