   0.65656
   0.65521
   0.65577
   0.65424
   0.65434
   0.65389
   0.65339
   0.65291
   0.65238
   0.65182
   0.65131
   0.65075
   0.65020
   0.64964
   0.64912
   0.64856
   0.64798
   0.64748
   0.64695
   0.64641
   0.64587
   0.64531
   0.64477
   0.64421
   0.64362
   0.64310
   0.64261
   0.64195
   0.64134
   0.64080
   0.64022
   0.63956
   0.63893
   0.63830
   0.63769
   0.63698
   0.63631
   0.63563
   0.63477
   0.63414
   0.63318
   0.63057
   0.63252
   0.61262
   0.60550
   0.60501
   0.60180
   0.59946
   0.59664
   0.59335
   0.59070
   0.58818
   0.58551
   0.58275
   0.57989
   0.57692
   0.57385
   0.57066
   0.56735
   0.56393
   0.56039
   0.55673
   0.55295
   0.54908
   0.54507
   0.54101
   0.53679
   0.53251
   0.52812
   0.52369
   0.51909
   0.51444
   0.50982
   0.50506
   0.50017
   0.49529
   0.49036
   0.48534
   0.48031
   0.47526
   0.47012
   0.46499
   0.45984
   0.45469
   0.44956
   0.44450
   0.43946
   0.43442
   0.42938
   0.42446
   0.41957
   0.41492
   0.40994
   0.40519
   0.40073
   0.39596
   0.39148
   0.38707
   0.38277
   0.37857
   0.37444
   0.37043
   0.36660
   0.36280
   0.35916
   0.35583
   0.35230
   0.34921
   0.34644
   0.34305
   0.34075
   0.33816
   0.33578
   0.33392
   0.33168
   0.32995
   0.32855
   0.32667
   0.32489
   0.32315
   0.32142
   0.31879
   0.31643
   0.31317
   0.31014
   0.30606
   0.30227
   0.29795
   0.29354
   0.28945
   0.28528
   0.28069
   0.27672
   0.27267
   0.26836
   0.26463
   0.26036
   0.25672
   0.25266
   0.24900
   0.24538
   0.24135
   0.23786
   0.23385
   0.23052
   0.22675
   0.22295
   0.21935
   0.21581
   0.21202
   0.20860
   0.20470
   0.20115
   0.19767
   0.19413
   0.19035
   0.18707
   0.18344
   0.18025
   0.17659
   0.17310
   0.16997
   0.16663
   0.16324
   0.16000
   0.15728
   0.15399
   0.15075
   0.14768
   0.14482
   0.14147
   0.13902
   0.13610
   0.13315
   0.13019
   0.12773
   0.12512
   0.12241
   0.11974
   0.11726
   0.11496
   0.11244
   0.10984
   0.10771
   0.10535
   0.10315
   0.10105
   0.09896
   0.09674
   0.09447
   0.09281
   0.09055
   0.08861
   0.08663
   0.08467
   0.08296
   0.08105
   0.07928
   0.07767
   0.07598
   0.07423
   0.07281
   0.07110
   0.07010
   0.06808
   0.06651
   0.06529
   0.06369
   0.06233
   0.06093
   0.05965
   0.05828
   0.05698
   0.05575
   0.05447
   0.05330
   0.05212
   0.05099
   0.04986
   0.04882
   0.04770
   0.04669
   0.04561
   0.04461
   0.04375
   0.04265
   0.04163
   0.04076
   0.03997
   0.03901
   0.03826
   0.03731
   0.03658
   0.03567
   0.03497
   0.03402
   0.03339
   0.03252
   0.03192
   0.03124
   0.03056
   0.02989
   0.02920
   0.02852
   0.02791
   0.02727
   0.02665
   0.02602
   0.02545
   0.02486
   0.02429
   0.02373
   0.02320
   0.02264
   0.02211
   0.02161
   0.02113
   0.02064
   0.02016
   0.01971
   0.01924
   0.01879
   0.01837
   0.01795
   0.01753
   0.01699
   0.01664
   0.01631
   0.01591
   0.01561
   0.01522
   0.01480
   0.01452
   0.01424
   0.01385
   0.01360
   0.01333
   0.01298
   0.01274
   0.01248
   0.01217
   0.01191
   0.01164
   0.01143
   0.01121
   0.01093
   0.01070
   0.01045
   0.01026
   0.01001
   0.00983
   0.00959
   0.00942
   0.00920
   0.00903
   0.00880
   0.00865
   0.00845
   0.00830
   0.00810
   0.00795
   0.00777
   0.00762
   0.00743
   0.00731
   0.00712
   0.00701
   0.00683
   0.00671
   0.00653
   0.00643
   0.00626
   0.00616
   0.00599
   0.00590
   0.00573
   0.00565
   0.00549
   0.00541
   0.00525
   0.00518
   0.00502
   0.00495
   0.00480
   0.00473
   0.00460
   0.00451
   0.00439
   0.00431
   0.00419
   0.00411
   0.00401
   0.00393
   0.00383
   0.00375
   0.00365
   0.00357
   0.00347
   0.00341
   0.00332
   0.00325
   0.00316
   0.00310
   0.00302
   0.00295
   0.00287
   0.00281
   0.00273
   0.00268
   0.00262
   0.00255
   0.00248
   0.00242
   0.00237
   0.00232
   0.00225
   0.00220
   0.00215
   0.00209
   0.00204
   0.00199
   0.00194
   0.00190
   0.00185
   0.00181
   0.00177
   0.00173
   0.00168
   0.00165
   0.00160
   0.00157
   0.00153
   0.00149
   0.00145
   0.00143
   0.00140
   0.00137
   0.00134
   0.00130
   0.00128
   0.00125
   0.00123
   0.00120
   0.00117
   0.00114
   0.00111
   0.00107
   0.00104
   0.00101
   0.00097
   0.00094
   0.00090
   0.00087
   0.00085
   0.00082
   0.00079
   0.00077
   0.00075
   0.00073
   0.00071
   0.00069
   0.00068
   0.00066
   0.00064
   0.00062
   0.00061
   0.00060
   0.00058
   0.00057
   0.00056
   0.00055
   0.00053
   0.00052
   0.00051
   0.00050
   0.00049
   0.00048
   0.00047
   0.00045
   0.00044
   0.00042
   0.00041
   0.00040
   0.00038
   0.00037
   0.00036
   0.00035
   0.00034
   0.00033
   0.00032
   0.00031
   0.00030
   0.00030
   0.00029
   0.00028
   0.00027
   0.00027
   0.00026
   0.00026
   0.00025
   0.00025
   0.00024
   0.00024
   0.00024
   0.00025
   0.00025
   0.00025
   0.00025
   0.00025
   0.00024
   0.00023
   0.00021
   0.00020
   0.00018
   0.00018
   0.00017
   0.00017
   0.00017
   0.00016
   0.00016
   0.00015
   0.00015
   0.00015
   0.00015
   0.00014
   0.00014
   0.00014
   0.00014
   0.00013
   0.00013
   0.00013
   0.00012
   0.00012
   0.00012
   0.00012
   0.00011
   0.00011
   0.00011
   0.00011
   0.00011
   0.00010
   0.00010
   0.00010
   0.00010
   0.00010
   0.00009
   0.00009
   0.00009
   0.00009
   0.00009
   0.00009
   0.00009
   0.00008
   0.00008
   0.00008
   0.00008
   0.00008
   0.00008
   0.00008
   0.00008
