   0.65104
   0.65167
   0.64733
   0.64149
   0.63982
   0.64119
   0.63921
   0.63721
   0.63838
   0.63549
   0.63479
   0.63351
   0.63407
   0.63329
   0.63241
   0.63882
   0.63427
   0.63210
   0.63117
   0.63041
   0.62914
   0.62934
   0.62848
   0.62787
   0.62730
   0.62741
   0.62557
   0.62668
   0.62449
   0.62427
   0.62549
   0.62354
   0.62263
   0.62244
   0.62235
   0.62156
   0.62097
   0.62055
   0.61969
   0.61955
   0.61832
   0.61759
   0.61634
   0.61597
   0.61436
   0.61128
   0.60791
   0.60792
   0.60518
   0.59989
   0.59409
   0.59051
   0.58669
   0.58259
   0.57931
   0.57637
   0.57353
   0.57245
   0.57037
   0.56994
   0.56902
   0.57011
   0.57080
   0.56712
   0.56416
   0.56060
   0.55686
   0.55324
   0.54977
   0.54666
   0.54395
   0.54151
   0.53920
   0.53725
   0.53510
   0.53276
   0.53027
   0.52735
   0.52396
   0.52021
   0.51600
   0.51142
   0.50642
   0.50115
   0.49559
   0.48998
   0.48408
   0.47819
   0.47231
   0.46647
   0.46078
   0.45509
   0.44947
   0.44418
   0.43868
   0.43330
   0.42794
   0.42271
   0.41753
   0.41240
   0.40736
   0.40237
   0.39743
   0.39252
   0.38765
   0.38284
   0.37804
   0.37329
   0.36858
   0.36388
   0.35922
   0.35458
   0.34997
   0.34538
   0.34082
   0.33628
   0.33172
   0.32723
   0.32275
   0.31829
   0.31384
   0.30940
   0.30499
   0.30058
   0.29618
   0.29178
   0.28739
   0.28301
   0.27864
   0.27427
   0.26990
   0.26553
   0.26117
   0.25682
   0.25247
   0.24812
   0.24378
   0.23944
   0.23511
   0.23080
   0.22652
   0.22229
   0.21803
   0.21383
   0.20963
   0.20545
   0.20130
   0.19719
   0.19312
   0.18913
   0.18517
   0.18126
   0.17739
   0.17358
   0.16982
   0.16613
   0.16250
   0.15893
   0.15543
   0.15199
   0.14863
   0.14532
   0.14209
   0.13891
   0.13581
   0.13276
   0.12978
   0.12685
   0.12397
   0.12114
   0.11836
   0.11564
   0.11297
   0.11036
   0.10778
   0.10524
   0.10277
   0.10034
   0.09795
   0.09561
   0.09331
   0.09106
   0.08881
   0.08659
   0.08442
   0.08227
   0.08016
   0.07808
   0.07603
   0.07400
   0.07201
   0.07005
   0.06812
   0.06622
   0.06435
   0.06251
   0.06071
   0.05893
   0.05718
   0.05547
   0.05379
   0.05215
   0.05054
   0.04897
   0.04743
   0.04593
   0.04446
   0.04304
   0.04165
   0.04029
   0.03898
   0.03770
   0.03646
   0.03526
   0.03409
   0.03296
   0.03187
   0.03081
   0.02979
   0.02880
   0.02785
   0.02692
   0.02603
   0.02517
   0.02434
   0.02354
   0.02277
   0.02202
   0.02130
   0.02061
   0.01994
   0.01930
   0.01868
   0.01809
   0.01752
   0.01697
   0.01645
   0.01595
   0.01547
   0.01501
   0.01458
   0.01417
   0.01378
   0.01341
   0.01306
   0.01274
   0.01243
   0.01215
   0.01188
   0.01164
   0.01141
   0.01121
   0.01102
   0.01085
   0.01071
   0.01058
   0.01047
   0.01038
   0.01031
   0.01027
   0.01024
   0.01024
   0.01026
   0.01030
   0.01037
   0.01047
   0.01060
   0.01075
   0.01094
   0.01114
   0.01133
   0.01150
   0.01162
   0.01167
   0.01166
   0.01168
   0.01214
   0.01994
   0.02839
   0.00723
   0.00369
   0.01495
   0.00443
   0.00656
   0.00340
   0.00339
   0.00362
   0.00391
   0.00351
   0.00507
   0.00316
   0.00554
   0.00322
   0.00330
   0.00387
   0.00304
   0.00456
   0.00436
   0.00465
   0.00291
   0.00261
   0.00295
   0.00357
   0.00348
   0.00342
   0.00342
   0.00386
   0.00304
   0.00237
   0.00192
   0.00164
   0.00210
   0.00260
   0.00256
   0.00246
   0.00265
   0.00291
   0.00259
   0.00239
   0.00121
   0.00223
   0.00200
   0.00209
   0.00150
   0.00180
   0.00174
   0.00127
   0.00169
   0.00179
   0.00162
   0.00176
   0.00197
   0.00143
   0.00101
   0.00104
   0.00163
   0.00404
   0.00125
   0.00166
   0.00262
   0.00247
   0.00159
   0.00153
   0.00136
   0.00082
   0.00047
   0.00069
   0.00063
   0.00037
   0.00098
   0.00223
   0.00034
   0.00268
   0.00118
   0.00183
   0.00092
   0.00069
   0.00058
   0.00204
   0.00121
   0.00562
   0.00040
   0.00220
   0.00093
   0.00052
   0.00062
   0.00089
   0.00084
   0.00119
   0.00137
   0.00143
   0.00024
   0.00029
   0.00143
   0.00043
   0.00038
   0.00084
   0.00086
   0.00115
   0.00050
   0.00100
   0.00037
   0.00099
   0.00100
   0.00100
   0.00015
   0.00020
   0.00031
   0.00043
   0.00035
   0.00014
   0.00027
   0.00017
   0.00031
   0.00013
   0.00033
   0.00033
   0.00020
   0.00059
   0.00013
   0.00013
   0.00016
   0.00070
   0.00014
   0.00070
   0.00015
   0.00017
   0.00030
   0.00023
   0.00027
   0.00027
   0.00035
   0.00034
   0.00033
   0.00021
   0.00036
   0.00008
   0.00036
   0.00007
   0.00029
   0.00030
   0.00029
   0.00028
   0.00026
   0.00024
   0.00021
   0.00018
   0.00016
   0.00014
   0.00008
   0.00006
   0.00006
   0.00006
   0.00006
   0.00006
   0.00006
   0.00006
   0.00005
   0.00006
   0.00005
   0.00006
   0.00006
   0.00006
   0.00006
   0.00006
   0.00005
   0.00006
   0.00006
   0.00006
   0.00006
   0.00006
   0.00006
   0.00006
   0.00006
   0.00006
   0.00006
   0.00005
   0.00006
   0.00005
   0.00007
   0.00007
   0.00007
   0.00008
   0.00010
   0.00013
   0.00014
   0.00014
   0.00013
   0.00013
   0.00012
   0.00011
   0.00011
   0.00010
   0.00010
   0.00010
   0.00009
   0.00008
   0.00009
   0.00006
   0.00008
   0.00007
   0.00007
   0.00007
   0.00006
   0.00006
   0.00006
   0.00005
   0.00004
   0.00003
   0.00002
   0.00002
   0.00002
   0.00002
   0.00002
   0.00002
   0.00002
   0.00002
   0.00002
   0.00002
   0.00002
