   0.65042
   0.64405
   0.62696
   0.62516
   0.62436
   0.62185
   0.61632
   0.61384
   0.60987
   0.60775
   0.60432
   0.60149
   0.59903
   0.59606
   0.59305
   0.58957
   0.58764
   0.58481
   0.58125
   0.57896
   0.57719
   0.57379
   0.57019
   0.56662
   0.56479
   0.56145
   0.55815
   0.55597
   0.55201
   0.54940
   0.54641
   0.54356
   0.53952
   0.53697
   0.53458
   0.53148
   0.52737
   0.52662
   0.52116
   0.51996
   0.51505
   0.51232
   0.50749
   0.50439
   0.50090
   0.49801
   0.49375
   0.49149
   0.48682
   0.48473
   0.47998
   0.47683
   0.47347
   0.47047
   0.46702
   0.46395
   0.46116
   0.45790
   0.45428
   0.45113
   0.44803
   0.44467
   0.44058
   0.43818
   0.43380
   0.43155
   0.42823
   0.42538
   0.42187
   0.41984
   0.41665
   0.41418
   0.41164
   0.40961
   0.40760
   0.40542
   0.40379
   0.40255
   0.40322
   0.40073
   0.39950
   0.39906
   0.39858
   0.39836
   0.39743
   0.39637
   0.39322
   0.38958
   0.38367
   0.37668
   0.37046
   0.36451
   0.35821
   0.35297
   0.34823
   0.34362
   0.33826
   0.33355
   0.32887
   0.32437
   0.31947
   0.31487
   0.30973
   0.30495
   0.29992
   0.29501
   0.28775
   0.28442
   0.27806
   0.25573
   0.26109
   0.26573
   0.25382
   0.24736
   0.24189
   0.23691
   0.23314
   0.22808
   0.22271
   0.21889
   0.21360
   0.20989
   0.20470
   0.20105
   0.19670
   0.19238
   0.18810
   0.18419
   0.18054
   0.17709
   0.17214
   0.16937
   0.16545
   0.15994
   0.15845
   0.15471
   0.14992
   0.14787
   0.14504
   0.13957
   0.13703
   0.13038
   0.12798
   0.12625
   0.12422
   0.12126
   0.11939
   0.11608
   0.11297
   0.11081
   0.10916
   0.10535
   0.10414
   0.10154
   0.09876
   0.09699
   0.09428
   0.09280
   0.09046
   0.08811
   0.08693
   0.08482
   0.08273
   0.08146
   0.07873
   0.07734
   0.07569
   0.07416
   0.07255
   0.07068
   0.06934
   0.06759
   0.06605
   0.06473
   0.06333
   0.06168
   0.06055
   0.05899
   0.05794
   0.05647
   0.05540
   0.05423
   0.05303
   0.05187
   0.05083
   0.04977
   0.04848
   0.04795
   0.04667
   0.04604
   0.04493
   0.04373
   0.04304
   0.04189
   0.04122
   0.04028
   0.03958
   0.03883
   0.03806
   0.03716
   0.03684
   0.03551
   0.03490
   0.03406
   0.03407
   0.03299
   0.03270
   0.03181
   0.03141
   0.03051
   0.03016
   0.02956
   0.02891
   0.02838
   0.02789
   0.02733
   0.02671
   0.02625
   0.02577
   0.02520
   0.02479
   0.02431
   0.02370
   0.02334
   0.02267
   0.02230
   0.02161
   0.02144
   0.02073
   0.02025
   0.01962
   0.01917
   0.01866
   0.01803
   0.01769
   0.01709
   0.01663
   0.01614
   0.01567
   0.01528
   0.01471
   0.01435
   0.01387
   0.01344
   0.01308
   0.01269
   0.01235
   0.01194
   0.01158
   0.01125
   0.01087
   0.01062
   0.01022
   0.00999
   0.00971
   0.00937
   0.00914
   0.00883
   0.00861
   0.00839
   0.00816
   0.00798
   0.00787
   0.00777
   0.00768
   0.00763
   0.00758
   0.00753
   0.00742
   0.00733
   0.00715
   0.00678
   0.00683
   0.00631
   0.00612
   0.00553
   0.00523
   0.00489
   0.00473
   0.00454
   0.00443
   0.00430
   0.00423
   0.00410
   0.00419
   0.00416
   0.00458
   0.00483
   0.00522
   0.00524
   0.00544
   0.00539
   0.00566
   0.00543
   0.00540
   0.00407
   0.00322
   0.00360
   0.00317
   0.00303
   0.00296
   0.00290
   0.00283
   0.00276
   0.00270
   0.00263
   0.00256
   0.00250
   0.00243
   0.00237
   0.00231
   0.00226
   0.00220
   0.00214
   0.00209
   0.00203
   0.00198
   0.00193
   0.00188
   0.00184
   0.00179
   0.00175
   0.00171
   0.00168
   0.00165
   0.00165
   0.00168
   0.00183
   0.00235
   0.00182
   0.00160
   0.00199
   0.00145
   0.00128
   0.00121
   0.00116
   0.00111
   0.00107
   0.00103
   0.00099
   0.00094
   0.00089
   0.00085
   0.00081
   0.00082
   0.00082
   0.00079
   0.00079
   0.00077
   0.00077
   0.00077
   0.00076
   0.00081
   0.00067
   0.00133
   0.00058
   0.00061
   0.00087
   0.00206
   0.00339
   0.01546
   0.20665
   0.16785
   0.08925
   0.07693
   0.05072
   0.04432
   0.04002
   0.03412
   0.03151
   0.02961
   0.02693
   0.02486
   0.02438
   0.02383
   0.02334
   0.02302
   0.02242
   0.02188
   0.02152
   0.02119
   0.02088
   0.02057
   0.02025
   0.01993
   0.01960
   0.01924
   0.01887
   0.01837
   0.01644
   0.01601
   0.01564
   0.01529
   0.01489
   0.01451
   0.01414
   0.01377
   0.01341
   0.01305
   0.01271
   0.01236
   0.01204
   0.01173
   0.01144
   0.01117
   0.01089
   0.01063
   0.01038
   0.01013
   0.00990
   0.00966
   0.00945
   0.00923
   0.00902
   0.00882
   0.00862
   0.00844
   0.00825
   0.00808
   0.00791
   0.00775
   0.00758
   0.00743
   0.00728
   0.00713
   0.00699
   0.00686
   0.00672
   0.00659
   0.00647
   0.00636
   0.00624
   0.00613
   0.00602
   0.00591
   0.00581
   0.00571
   0.00562
   0.00552
   0.00544
   0.00534
   0.00526
   0.00518
   0.00511
   0.00502
   0.00495
   0.00488
   0.00482
   0.00475
   0.00469
   0.00462
   0.00456
   0.00451
   0.00446
   0.00440
   0.00435
   0.00430
   0.00426
   0.00421
   0.00417
   0.00413
   0.00408
   0.00405
   0.00401
   0.00397
   0.00394
   0.00391
   0.00388
   0.00385
   0.00382
   0.00379
   0.00377
   0.00375
   0.00373
   0.00371
   0.00369
   0.00367
   0.00365
   0.00364
   0.00362
   0.00361
   0.00360
   0.00359
   0.00358
   0.00358
   0.00357
   0.00357
   0.00356
   0.00356
   0.00356
   0.00356
   0.00355
   0.00357
   0.00356
   0.00358
   0.00357
   0.00359
   0.00358
   0.00361
   0.00359
