   0.65315
   0.65309
   0.65201
   0.64638
   0.64271
   0.63967
   0.62499
   0.61845
   0.62944
   0.62463
   0.62017
   0.60645
   0.60390
   0.59939
   0.59406
   0.58818
   0.57991
   0.57605
   0.56693
   0.55988
   0.55363
   0.54607
   0.53994
   0.53368
   0.52594
   0.52092
   0.51358
   0.50729
   0.50213
   0.49871
   0.50266
   0.49992
   0.49908
   0.49907
   0.49472
   0.49394
   0.48972
   0.48599
   0.47889
   0.47208
   0.45888
   0.44507
   0.42723
   0.40878
   0.39252
   0.37577
   0.36308
   0.35124
   0.33975
   0.33366
   0.32589
   0.32024
   0.31316
   0.30755
   0.30259
   0.29704
   0.29354
   0.28820
   0.28204
   0.27779
   0.27167
   0.26719
   0.26076
   0.25356
   0.25064
   0.24312
   0.23660
   0.23053
   0.22429
   0.21757
   0.21231
   0.20632
   0.20121
   0.19538
   0.19198
   0.18485
   0.18264
   0.17628
   0.17180
   0.17110
   0.16613
   0.15922
   0.15636
   0.15128
   0.14412
   0.14050
   0.13342
   0.12904
   0.12437
   0.11707
   0.11352
   0.11005
   0.10897
   0.11180
   0.11693
   0.12811
   0.14329
   0.17341
   0.24701
   0.30189
   0.35941
   0.20425
   0.19731
   0.19254
   0.18293
   0.17744
   0.16933
   0.15849
   0.14734
   0.14457
   0.13442
   0.18787
   0.10925
   0.18549
   0.14515
   0.10445
   0.06093
   0.13592
   0.05241
   0.04581
   0.02936
   0.02656
   0.02998
   0.03338
   0.04105
   0.04710
   0.04932
   0.08244
   0.05706
   0.03934
   0.03024
   0.10153
   0.02282
   0.05202
   0.07971
   0.04885
   0.08207
   0.14080
   0.09785
   0.06351
   0.06525
   0.07435
   0.08002
   0.08598
   0.05514
   0.05462
   0.04488
   0.03070
   0.01707
   0.01434
   0.08782
   0.12505
   0.03220
   0.01341
   0.12754
   0.01743
   0.01272
   0.01122
   0.01306
   0.00947
   0.00883
   0.03289
   0.01367
   0.01141
   0.04965
   0.13432
   0.00796
   0.00778
   0.00752
   0.00725
   0.00702
   0.00649
   0.04740
   0.00630
   0.00608
   0.00591
   0.00576
   0.06112
   0.00525
   0.00496
   0.00637
   0.01286
   0.03586
   0.06773
   0.03862
   0.00439
   0.00422
   0.00414
   0.00402
   0.00385
   0.00362
   0.00346
   0.00329
   0.00310
   0.00292
   0.00276
   0.00262
   0.00245
   0.41599
   0.13293
   0.09847
   0.06782
   0.05838
   0.05335
   0.04892
   0.04501
   0.03744
   0.03464
   0.03215
   0.02719
   0.02551
   0.02405
   0.02271
   0.02147
   0.02031
   0.01924
   0.01823
   0.01726
   0.01636
   0.01552
   0.01476
   0.01412
   0.01359
   0.01320
   0.01282
   0.01210
   0.13233
   0.01237
   0.01094
   0.01030
   0.00978
   0.00931
   0.00845
   0.00782
   0.00746
   0.05457
   0.02448
   0.04264
   0.00470
   0.00435
   0.00398
   0.00374
   0.00364
   0.00377
   0.00320
   0.00375
   0.00267
   0.00972
   0.00358
   0.00329
   0.00321
   0.00322
   0.00295
   0.00793
   0.00284
   0.00282
   0.00282
   0.00283
   0.00262
   0.00276
   0.00199
   0.00490
   0.00349
   0.00273
   0.00271
   0.00200
   0.00192
   0.05147
   0.00672
   0.00541
   0.00437
   0.00330
   0.00268
   0.00230
   0.00180
   0.01453
   1.76674
   0.00852
   0.00593
   0.00467
   0.00308
   0.00290
   0.00256
   0.00227
   0.00204
   0.00171
   0.00155
   0.00141
   0.00128
   0.00093
   0.00088
   0.00086
   0.00081
   0.00077
   0.00075
   0.00074
   0.09637
   0.01212
   0.00847
   0.00707
   0.00553
   0.00488
   0.00371
   0.09219
   0.00330
   0.00312
   0.00297
   0.00272
   0.00257
   0.00242
   0.00245
   0.00225
   0.00212
   0.00203
   0.00195
   0.00185
   0.00171
   0.00171
   0.10130
   0.00853
   0.00634
   0.00510
   0.00415
   0.00361
   0.00316
   0.00283
   0.00249
   0.00220
   0.31849
   0.00259
   0.00228
   0.00210
   0.00196
   0.00184
   0.00177
   0.00171
   0.00165
   0.00160
   0.00156
   0.00152
   0.00145
   0.01620
   0.00778
   0.00497
   0.00384
   0.00281
   0.00250
   0.00236
   0.00221
   0.00209
   0.00199
   0.00188
   0.00174
   0.00159
   0.00148
   0.05549
   0.00912
   0.00554
   0.00428
   0.00370
   0.00329
   0.00291
   0.00259
   0.00237
   0.00220
   0.00203
   0.00188
   0.00174
   0.00161
   0.00149
   0.00136
   0.00126
   0.00120
   0.00115
   0.00110
   0.00105
   0.00100
   0.00096
   0.00091
   0.00087
   0.00084
   0.00081
   0.00080
   0.00079
   0.00075
   0.00075
   0.01375
   0.00599
   0.00415
   0.00325
   0.00263
   0.00222
   0.00194
   0.00174
   0.00158
   0.00146
   0.00141
   0.00137
   0.00130
   0.00122
   0.00113
   0.00104
   0.00095
   0.00088
   0.00081
   0.00075
   0.00071
   0.00070
   0.00068
   0.00065
   0.00060
   0.00055
   0.00051
   0.00046
   0.00043
   0.00040
   0.00038
   0.00036
   0.00035
   0.00033
   0.00033
   0.00037
   0.00054
   0.00072
   0.00069
   0.00047
   0.00024
   0.00024
   0.02098
   0.00804
   0.00523
   0.00285
   0.00219
   0.00200
   0.00190
   0.00181
   0.00172
   0.00168
   0.00168
   0.00171
   0.00179
   0.00191
   0.00200
   0.00210
   0.00219
   0.00223
   0.00219
   0.00209
   0.00197
   0.00182
   0.00168
   0.00156
   0.00145
   0.00136
   0.00127
   0.00118
   0.00110
   0.00100
   0.00089
   0.00084
   3.80095
   0.06845
   0.10077
   0.06678
   0.06197
   0.05947
   0.05842
   0.05540
   0.05406
   0.05304
   0.05263
   0.05128
   0.04221
   0.03053
   0.03574
   0.03476
   0.03299
   0.03116
   0.02892
   0.02664
   0.02473
   0.02298
   0.02124
   0.01946
   0.01771
   0.01610
   0.01467
   0.01342
   0.01237
   0.01143
   0.01051
   0.00956
   0.00842
   0.00676
   0.00574
   0.00544
   0.00523
   0.00744
   0.00861
   0.01754
   0.01768
   0.01595
   0.01633
   0.01594
   0.01599
   0.01506
   0.01396
   0.01418
   0.01420
   0.01403
   0.01366
   0.01331
   0.01235
   0.01196
   0.00500
   0.00418
   0.01211
   0.01148
   0.00959
   0.05436
   0.00293
   0.00245
   0.00224
   0.00194
   0.00183
   0.00177
   0.00172
   0.00169
   0.00166
   0.00165
   0.00164
   0.00164
   0.00166
   0.00166
   0.00165
   0.00163
   0.00158
   0.00149
   0.00145
   0.00128
   0.00130
   0.00120
   0.00122
   0.00114
   0.00112
   0.00109
   0.00105
   0.00101
   0.04817
   0.00200
   0.00175
   0.00160
   0.00150
   0.00144
   0.00132
   0.00129
   0.00127
   0.00122
   0.00116
   0.00110
   0.00103
   0.00097
   0.00094
   0.00088
   0.00083
   0.00081
   0.00082
   0.00080
   0.00078
   0.00076
   0.00076
   0.00075
   0.00075
   0.00074
   0.00073
   0.00073
   0.00071
   0.00070
   0.00074
   0.00064
   0.00180
   0.00144
   0.00129
   0.00117
   0.00107
   0.00100
   0.00095
   0.00092
   0.00090
   0.00090
   0.00089
   0.00086
   0.00082
   0.00077
   0.00072
   0.00068
   0.00063
   0.00055
   0.00057
   0.00049
   0.00049
   0.00046
   0.00045
   0.00044
   0.00043
   0.00042
   0.00041
   0.00041
   0.00040
   0.00038
   0.00036
   0.00036
   0.00034
   0.00035
   0.00031
   0.00029
   0.00030
   4.89115
   0.01143
   0.00812
   0.00631
   0.00538
   0.00482
   0.00449
   0.00415
   0.00388
   0.00360
   0.00337
   0.00320
   0.00302
   0.00288
   0.00274
   0.00260
   0.00243
   0.00222
   0.00202
   0.00225
   0.53065
   0.00735
   0.00504
   0.00387
   0.00331
   0.00282
   0.00244
   0.00224
   0.00215
   0.00207
   0.00201
   0.00195
   0.00189
   0.00182
   0.00176
   0.00168
   0.00161
   0.00154
   0.00146
   0.00139
   0.00132
   0.00125
   0.00118
   0.00112
   0.00106
   0.00100
   0.00095
   0.00090
   0.00086
   0.00084
   0.00096
   0.00112
   0.00100
   0.10682
   0.00315
   0.00224
   0.00180
   0.00153
   0.00132
   0.00117
   0.00106
   0.00097
   0.00090
   0.00084
   0.00080
   0.00077
   0.00074
   0.00074
   0.00088
   0.00086
   0.00085
   0.00084
   0.00083
   0.00082
   0.00080
   0.00079
   0.00076
   0.00074
   0.00072
   0.00069
   0.00066
   0.00063
   0.00060
   0.00057
   0.00054
   0.00051
   0.00048
   0.00045
   0.00043
   0.00041
   0.00040
   0.00039
   0.00042
   0.00052
   0.00056
   0.00050
   0.00074
   0.00050
   0.42954
   0.01438
   0.00839
   0.00501
   0.00347
   0.00257
   0.00210
   0.00175
   0.00148
   0.00128
   0.00113
   0.00100
   0.00089
   0.00079
   0.00071
   0.00067
   0.00063
   0.00054
   0.00051
   0.00062
   0.00037
   0.00066
   0.00055
   0.00035
   0.00039
   0.00040
   0.00042
   0.00042
   0.00038
   0.00036
   0.00035
   0.00032
   0.00030
   0.00028
   0.00027
   0.00025
   0.00024
   0.00023
   0.00022
   0.00021
   0.00020
   0.00019
   0.00019
   0.00018
   0.00018
   0.00019
   0.00023
   0.00048
   0.00030
   0.00248
   0.00218
   0.00167
   0.00137
   0.00117
   0.00102
   0.00090
   0.00080
   0.00072
   0.00064
   0.00058
   0.00053
   0.00048
   0.00044
   0.00040
   0.00036
   0.00033
   0.00030
   0.00028
   0.00026
   0.00024
   0.00022
   0.00020
   0.00019
   0.00018
   0.00017
   0.00016
   0.00026
   0.00014
   0.00014
   0.00013
   0.00013
   0.00022
   0.00020
   0.00011
   0.00010
   0.00010
   0.00014
   0.00015
   0.00014
   0.00014
   0.00013
   0.00012
   0.00012
   0.00011
   0.00011
   0.00010
   0.00009
   0.00009
   0.00009
   0.00008
   0.00008
   0.00007
   0.00007
   0.00006
   0.00006
   0.00006
   0.00006
   0.00006
   0.00006
   0.00006
   0.00009
   0.00012
   0.00010
   0.00006
   0.03602
   0.01409
   0.00964
   0.00717
   0.00554
   0.00436
   0.00342
   0.00280
   0.00230
   0.00196
   0.00171
   0.00150
   0.00129
   0.00110
   0.00094
   0.00081
   0.00073
   0.00065
   0.00059
   0.00055
   0.00051
   0.00048
   0.00046
   0.00051
   0.00072
   0.00061
   0.00051
   0.00064
   0.00067
   0.00065
   0.00063
   0.00049
   0.00051
   0.00048
   0.00044
   0.00041
   0.00039
   0.00036
   0.00034
   0.00032
   0.00030
   0.00028
   0.00027
   0.00025
   0.00024
   0.00023
   0.00023
   0.00024
   0.00025
   0.00028
   0.00032
   0.00035
   0.00037
   0.00036
   0.00033
   0.00027
   0.00019
   0.00021
   0.00080
   0.00306
   0.00091
   0.00077
   0.00066
   0.00058
   0.00052
   0.00046
   0.00041
   0.00036
   0.00033
   0.00029
   0.00026
   0.00024
   0.00022
   0.00020
   0.00019
   0.00017
   0.00016
   0.00015
   0.00014
   0.00013
   0.00012
   0.00011
   0.00010
   0.00010
   0.00009
   0.00009
   0.00008
   0.00008
   0.00027
   0.00034
   0.00033
   0.00032
   0.00031
   0.00030
   0.00029
   0.00028
   0.00027
   0.00026
   0.00025
   0.00024
   0.00023
   0.00022
   0.00021
   0.00020
   0.00019
   0.00018
   0.00017
   0.00016
   0.00015
   0.00014
   0.00014
   0.00013
   0.00012
   0.00011
   0.00011
   0.00010
   0.00009
   0.00009
   0.00008
   0.00008
   0.00008
   0.00007
   0.00007
   0.00006
   0.00006
   0.00006
   0.00006
   0.00005
   0.00005
   0.00006
   0.00008
   0.00008
   0.00008
   0.00008
   0.00008
   0.00008
   0.00007
   0.00007
   0.00007
   0.00007
   0.00007
   0.00007
   0.00007
   0.00007
   0.00006
   0.00006
   0.00006
   0.00006
   0.00006
   0.00006
   0.00005
   0.00005
   0.00005
   0.00005
   0.00005
   0.00005
   0.00005
   0.00004
   0.00004
   0.00004
   0.00004
   0.00004
   0.00004
   0.00004
   0.00004
   0.00004
   0.00003
   0.00003
   0.00003
   0.00003
   0.00003
