   0.69195
   0.69055
   0.70112
   0.70931
   0.71730
   0.71858
   0.72035
   0.72165
   0.72151
   0.71408
   0.73265
   0.73378
   0.72933
   0.73091
   0.73173
   0.71932
   0.73006
   0.71639
   0.70595
   0.71177
   0.70548
   0.69815
   0.68922
   0.68773
   0.68668
   0.68556
   0.68428
   0.68362
   0.68224
   0.68074
   0.67884
   0.67699
   0.67590
   0.67561
   0.67550
   0.67478
   0.67262
   0.66903
   0.66478
   0.66039
   0.65592
   0.65130
   0.64639
   0.64114
   0.63551
   0.62959
   0.62335
   0.61685
   0.61019
   0.60339
   0.59648
   0.58962
   0.58249
   0.57522
   0.56794
   0.56061
   0.55313
   0.54559
   0.53805
   0.53021
   0.52216
   0.51424
   0.50604
   0.49789
   0.48961
   0.48089
   0.47204
   0.46353
   0.45469
   0.44620
   0.43790
   0.42994
   0.42236
   0.41561
   0.40929
   0.40367
   0.39827
   0.39359
   0.38940
   0.38566
   0.38192
   0.37815
   0.37384
   0.36876
   0.36314
   0.35673
   0.34945
   0.34267
   0.33343
   0.32358
   0.31390
   0.30414
   0.28449
   0.27576
   0.26720
   0.25807
   0.24874
   0.23894
   0.22908
   0.21945
   0.20646
   0.19702
   0.18829
   0.18090
   0.17369
   0.16710
   0.16165
   0.15746
   0.15512
   0.15298
   0.15041
   0.14223
   0.12926
   0.14468
   0.15618
   0.15612
   0.11475
   0.14403
   0.14914
   0.20764
   0.07440
   0.05171
   0.05587
   0.06552
   0.04477
   0.04750
   0.04816
   0.16372
   1.15370
   0.03936
   0.11885
   0.11590
   0.09650
   0.05360
   0.03037
   0.04025
   0.04291
   0.04795
   0.08966
   0.02553
   0.04207
   0.02560
   0.03138
   0.02013
   0.02607
   0.03361
   0.01763
   0.01715
   0.04124
   0.01877
   0.02782
   0.02591
   0.02224
   0.02455
   0.01578
   0.01609
   0.01899
   0.01650
   0.01470
   0.01389
   0.10450
   0.01255
   0.01187
   0.01135
   0.01081
   0.01089
   0.00988
   0.01032
   0.00980
   0.00938
   0.01085
   0.00900
   0.00898
   0.00779
   0.00812
   0.00826
   0.00765
   0.00820
   0.00783
   0.00713
   0.00841
   0.00752
   0.00775
   0.01736
   0.00660
   0.01745
   0.01124
   0.01019
   0.00632
   0.00805
   0.00962
   0.00575
   4.82805
   0.12903
   0.07303
   0.03051
   0.06301
   0.07567
   0.01449
   0.08982
   0.06772
   0.07859
   0.01538
   0.04392
   0.01269
   0.03561
   0.03164
   0.03184
   0.01391
   0.08120
   0.06704
   0.06409
   0.06887
   0.08602
   0.09547
   0.25496
   0.01017
   0.01409
   0.24699
   0.10139
   0.07880
   0.11805
   0.14121
   0.04136
   0.00631
   0.19337
   0.17461
   0.15481
   0.00664
   0.09889
   0.11511
   0.00519
   0.00461
   0.00440
   0.00429
   0.00450
   0.00409
   0.00429
   0.00437
   0.00405
   0.00373
   0.00370
   0.00346
   0.10296
   0.00347
   0.00326
   0.00285
   0.01327
   0.00918
   0.00714
   0.00552
   0.00485
   0.00538
   0.00448
   0.00401
   0.00355
   0.00759
   0.00453
   0.00375
   0.00319
   0.00298
   0.00380
   0.00272
   0.00262
   0.00224
   0.00226
   0.00502
   0.00368
   0.00306
   0.00272
   0.00282
   0.00228
   0.00213
   0.00188
   0.00176
   0.00167
   0.00527
   0.00386
   0.00313
   0.00250
   0.00201
   0.00170
   0.00153
   0.00184
   0.00160
   0.00141
   0.00119
   0.00121
   0.00115
   0.00093
   0.00086
   0.00212
   0.00191
   0.00177
   0.00230
   0.00141
   0.00117
   0.00102
   0.00102
   0.00097
   0.00175
   0.00203
   0.00181
   0.00163
   0.00145
   0.00121
   0.00098
   0.00424
   0.00330
   0.00256
   0.00216
   0.00183
   0.00151
   0.00121
   0.00289
   0.08818
   0.02420
   0.01241
   0.01068
   0.01066
   0.00887
   0.01269
   0.00605
   0.00580
   0.00677
   0.01315
   0.00460
   0.00400
   0.00362
   0.00371
   0.00314
   0.00356
   0.00594
   0.00426
   0.02960
   0.00240
   0.00252
   0.05045
   0.00261
   0.00248
   0.00249
   0.00239
   0.00210
   0.01023
   0.00215
   0.00200
   0.00182
   0.01635
   0.00157
   0.00142
   0.03720
   0.00126
   0.00117
   0.00175
   0.00101
   0.00113
   0.00283
   0.00149
   0.00137
   0.00122
   0.00115
   0.00104
   0.00107
   0.00091
   0.00095
   1.09999
   0.00083
   0.00079
   0.00072
   0.00072
   0.00060
   0.01095
   0.00792
   0.00646
   0.00539
   0.00448
   0.00376
   0.00320
   0.01596
   0.00247
   0.00221
   0.00198
   0.01685
   0.00212
   0.00199
   0.00185
   0.00172
   0.00160
   0.00152
   0.00138
   0.00122
   0.00111
   0.02183
   0.00242
   0.00145
   0.00134
   0.00120
   0.00116
   0.00110
   0.00104
   0.00099
   0.00094
   0.00089
   0.00081
   0.00075
   0.00066
   0.00053
   0.00048
   0.00044
   0.00040
   0.00039
   0.00118
   0.00167
   0.00142
   0.00119
   0.00104
   0.00067
   0.00070
   0.00055
   0.00046
   0.00044
   0.00042
   0.00040
   0.00037
   0.00035
   0.00033
   0.00033
   0.00032
   0.00028
   0.00027
   0.21811
   0.00215
   0.00198
   0.00173
   0.00150
   0.00128
   0.00108
   0.00089
   0.00052
   0.00068
   0.00052
   0.00039
   0.00029
   0.00029
   0.00027
   0.00023
   0.00024
   0.00020
   0.00021
   0.00018
   0.00016
   0.00014
   0.00015
   0.00069
   0.00098
   0.00088
   0.00077
   0.00067
   0.00056
   0.00047
   0.00039
   0.00020
   0.00018
   0.00020
   0.00016
   0.00015
   0.00014
   0.00012
   0.00011
   0.00011
   0.00011
   0.00012
   0.00011
   0.00011
   0.00009
   0.00123
   0.00092
   0.00092
   0.00093
   0.00092
   0.00089
   0.00084
   0.00078
   0.00071
   0.00062
   0.00054
   0.00047
   0.00040
   0.00034
   0.00028
   0.00027
   0.00014
   0.00014
   0.00014
   0.00012
   0.00010
   0.00009
   0.00011
   0.00008
   0.00010
   0.00009
   0.00008
   0.00007
   0.00006
   0.00021
   0.00028
   0.00031
   0.00034
   0.00037
   0.00040
   0.00042
   0.00042
   0.00042
   0.00039
   0.00036
   0.00031
   0.00027
   0.00023
   0.00019
   0.00016
   0.00014
   0.00012
   0.00011
   0.00006
   0.00006
   0.00006
   0.00006
   0.00005
   0.00005
   0.00005
   0.00005
   0.00004
   0.00004
   0.00004
   0.00003
   0.00003
   0.00019
   0.00064
   0.00063
   0.00062
   0.00059
   0.00056
   0.00053
   0.00049
   0.00045
   0.00042
   0.00039
   0.00035
   0.00031
   0.00027
   0.00023
   0.00020
   0.00017
   0.00015
   0.00013
   0.00011
   0.00009
   0.00006
   0.00005
   0.00004
   0.00004
   0.00004
   0.00004
   0.00004
   0.00003
   0.00003
   0.00003
   0.00003
   0.00002
   0.00002
   0.00084
   0.00077
   0.00076
   0.00075
   0.00074
   0.00071
   0.00068
   0.00066
   0.00062
   0.00058
   0.00053
   0.00049
   0.00045
   0.00041
   0.00036
   0.00032
   0.00027
   0.00023
   0.00019
   0.00016
   0.00013
   0.00011
   0.00009
   0.00007
   0.00005
   0.00004
   0.00003
   0.00003
   0.00003
   0.00003
   0.00002
   0.00002
   0.00002
   0.00002
   0.00002
   0.00040
   0.00030
   0.00031
   0.00031
   0.00032
   0.00032
   0.00032
   0.00032
   0.00031
   0.00030
   0.00028
   0.00026
   0.00023
   0.00021
   0.00019
   0.00017
   0.00015
   0.00013
   0.00011
   0.00009
   0.00008
   0.00007
   0.00006
   0.00005
   0.00004
   0.00003
   0.00002
   0.00002
   0.00002
   0.00002
   0.00002
   0.00002
   0.00002
   0.00001
   0.00001
   0.00005
   0.00003
   0.00004
   0.00004
   0.00004
   0.00004
   0.00005
   0.00005
   0.00005
   0.00006
   0.00006
   0.00007
   0.00007
   0.00007
   0.00008
   0.00007
   0.00007
   0.00007
   0.00006
   0.00005
   0.00005
   0.00004
   0.00003
   0.00003
   0.00002
   0.00002
   0.00002
   0.00001
   0.00001
   0.00001
   0.00001
   0.00001
   0.00001
   0.00001
   0.00001
   0.00001
   0.00001
   0.00002
   0.00002
   0.00002
   0.00002
   0.00002
   0.00003
   0.00003
   0.00003
   0.00004
   0.00004
   0.00004
   0.00004
   0.00005
   0.00005
   0.00005
   0.00005
   0.00004
   0.00004
   0.00003
   0.00003
   0.00002
   0.00002
   0.00002
   0.00001
   0.00001
   0.00001
   0.00001
   0.00001
   0.00001
   0.00000
   0.00001
   0.00001
   0.00001
   0.00001
   0.00000
   0.00000
   0.00001
   0.00001
   0.00001
   0.00001
   0.00001
   0.00001
   0.00001
   0.00001
   0.00001
   0.00002
   0.00002
   0.00002
   0.00002
   0.00002
   0.00002
   0.00003
   0.00003
   0.00003
   0.00003
   0.00003
   0.00003
   0.00003
   0.00003
   0.00003
   0.00002
   0.00002
   0.00002
   0.00001
   0.00001
   0.00001
   0.00001
   0.00000
   0.00000
   0.00000
   0.00000
   0.00000
   0.00000
   0.00000
   0.00000
   0.00000
   0.00000
   0.00092
   0.00017
   0.00015
   0.00014
   0.00014
   0.00014
   0.00014
   0.00014
   0.00014
   0.00014
   0.00014
   0.00014
   0.00014
   0.00013
   0.00013
   0.00012
   0.00012
   0.00011
   0.00011
   0.00010
   0.00010
   0.00009
   0.00008
   0.00007
   0.00006
   0.00006
   0.00005
   0.00004
   0.00004
   0.00003
   0.00002
   0.00002
   0.00002
   0.00001
   0.00001
   0.00001
   0.00001
   0.00000
   0.00000
   0.00000
   0.00000
   0.00000
   0.00000
   0.00000
   0.00000
   0.00000
   0.00002
   0.00001
   0.00001
   0.00001
   0.00001
   0.00001
   0.00001
   0.00001
   0.00001
   0.00001
   0.00001
   0.00001
   0.00001
   0.00001
   0.00001
   0.00001
   0.00001
   0.00001
   0.00001
   0.00001
   0.00001
   0.00002
   0.00002
   0.00002
   0.00002
   0.00002
   0.00002
   0.00002
   0.00001
   0.00001
   0.00001
   0.00001
   0.00001
   0.00001
   0.00001
   0.00000
   0.00000
   0.00000
   0.00000
   0.00000
   0.00000
   0.00000
   0.00000
   0.00000
   0.00000
   0.00000
   0.00000
   0.00000
   0.00000
   0.00000
   0.00000
   0.00000
   0.00000
   0.00000
   0.00000
   0.00000
   0.00000
   0.00000
   0.00000
   0.00000
   0.00000
   0.00000
   0.00000
   0.00000
   0.00000
   0.00001
   0.00001
   0.00001
   0.00001
   0.00001
   0.00001
   0.00001
   0.00001
   0.00001
   0.00001
   0.00001
   0.00001
   0.00001
   0.00001
   0.00001
   0.00001
   0.00001
   0.00001
   0.00001
   0.00001
   0.00001
   0.00000
   0.00000
   0.00000
   0.00000
   0.00000
   0.00000
   0.00000
   0.00000
   0.00000
   0.00000
   0.00000
   0.00000
   0.00000
   0.00000
   0.00000
   0.00000
   0.00000
   0.00000
   0.00000
   0.00000
   0.00000
   0.00000
   0.00000
   0.00000
   0.00000
   0.00000
   0.00000
   0.00000
   0.00000
   0.00000
   0.00000
   0.00000
   0.00000
   0.00000
   0.00000
   0.00000
   0.00000
   0.00000
   0.00000
   0.00000
   0.00000
   0.00000
   0.00001
   0.00001
   0.00001
   0.00001
   0.00001
   0.00001
   0.00001
   0.00001
   0.00001
   0.00001
   0.00001
   0.00001
   0.00000
   0.00000
   0.00000
   0.00000
   0.00000
   0.00000
   0.00000
   0.00000
   0.00000
   0.00000
   0.00000
   0.00000
   0.00000
   0.00000
   0.00000
   0.00000
   0.00001
   0.00000
   0.00000
   0.00000
   0.00000
   0.00000
   0.00000
   0.00000
   0.00000
   0.00000
   0.00000
   0.00000
   0.00000
   0.00000
   0.00000
   0.00000
   0.00000
   0.00000
   0.00000
   0.00000
   0.00000
   0.00000
   0.00000
   0.00000
   0.00000
   0.00000
   0.00000
   0.00000
   0.00000
   0.00000
   0.00000
   0.00000
   0.00000
   0.00000
   0.00000
   0.00000
   0.00000
   0.00000
   0.00000
   0.00000
   0.00000
   0.00000
   0.00000
   0.00000
