   0.51220
   0.42351
   0.41576
   0.43000
   0.41222
   0.42256
   0.42799
   0.43677
   0.41685
   0.43518
   0.42936
   0.43350
   0.44327
   0.42528
   0.41214
   0.43037
   0.44412
   0.43327
   0.43605
   0.43667
   0.43596
   0.43474
   0.43267
   0.43118
   0.42405
   0.41859
   0.41526
   0.40724
   0.40429
   0.40860
   0.40000
   0.39742
   0.41573
   0.40674
   0.41340
   0.40841
   0.40542
   0.40812
   0.41085
   0.41353
   0.42622
   0.44602
   0.47761
   0.53956
   0.60750
   0.62348
   0.61623
   0.60437
   0.58702
   0.56598
   0.55940
   0.56068
   0.57112
   0.57663
   0.57646
   0.56510
   0.54885
   0.53701
   0.51633
   0.50419
   0.48824
   0.47034
   0.45909
   0.48558
   0.46825
   0.45010
   0.40766
   0.39004
   0.38021
   0.36102
   0.35001
   0.33964
   0.32270
   0.31301
   0.31370
   0.30110
   0.28469
   0.27540
   0.27611
   0.23412
   0.24595
   0.23789
   0.23062
   0.22479
   0.21772
   0.20981
   0.19744
   0.18688
   0.17690
   0.18254
   0.15821
   0.15146
   0.14442
   0.13723
   0.12825
   0.12263
   0.11352
   0.11710
   0.09873
   0.09126
   0.08733
   0.08202
   0.07781
   0.09979
   0.09495
   0.09035
   0.08602
   0.07947
   0.07383
   0.06856
   0.06390
   0.05897
   0.05717
   0.05276
   0.04901
   0.04460
   0.04177
   0.03901
   0.03640
   0.03408
   0.03207
   0.03225
   0.03141
   0.03018
   0.02900
   0.02304
   0.02217
   0.02154
   0.02041
   0.01977
   0.02736
   0.01832
   0.01814
   0.01823
   0.01781
   0.01761
   0.01696
   0.01981
   0.01945
   0.01896
   0.01865
   0.01814
   0.01683
   0.01642
   0.01463
   0.01405
   0.01356
   0.01318
   0.01265
   0.01266
   0.10602
   0.00931
   0.00897
   0.00862
   0.13059
   0.01028
   0.00639
   0.00616
   0.00606
   0.12508
   0.09419
   0.02790
   0.02678
   0.02707
   0.02664
   0.02662
   0.02739
   0.02975
   0.03344
   0.03767
   0.04336
   0.04522
   0.00949
   0.05560
   0.02387
   0.02730
   0.02782
   0.03096
   0.02845
   0.03610
   0.08938
   0.09140
   0.09154
   0.09659
   0.09965
   0.10109
   0.09953
   0.08452
   0.05093
   0.03772
   0.02533
   0.05682
   0.01310
   0.04067
   0.02448
   0.05225
   0.01641
   0.04174
   0.01453
   0.04392
   0.01870
   0.00534
   0.00787
   0.00976
   0.00815
   0.00581
   0.00363
   0.00169
   0.00140
   0.00113
   0.24530
   0.00488
   0.00193
   0.00086
   0.00104
   0.00144
   0.00068
   0.00076
   0.00058
   0.00084
   0.04306
   0.00035
   0.00521
   0.00201
   0.00095
   0.00092
   0.00054
   0.00604
   0.00071
   0.00039
   0.02902
   0.00036
   0.02781
   0.00034
   0.02919
   0.00071
   0.00034
   0.00030
   0.00027
   0.00040
   0.00013
   0.00017
   0.00025
   0.00019
   0.00038
   0.00011
   0.00022
   0.00007
   0.00265
   0.00018
   0.00020
   0.00015
   0.00008
   0.00008
   0.00015
   0.00024
   0.00386
   0.00009
   0.00021
   0.00018
   0.00006
   0.00012
   0.00607
   0.00266
   0.00367
   0.00338
   0.00322
   0.00306
   0.00290
   0.00275
   0.00259
   0.00245
   0.00231
   0.00217
   0.00203
   0.00189
   0.00174
   0.00159
   0.00144
   0.00130
   0.00115
   0.00101
   0.00089
   0.00077
   0.00067
   0.00059
   0.00053
   0.00047
   0.00042
   0.00038
   0.00034
   0.00031
   0.00028
   0.00025
   0.00022
   0.00018
   0.00014
   0.00010
   0.00011
   0.00037
   0.00018
   0.00170
   0.00115
   0.00035
   0.00011
   0.00079
   0.00073
   0.00029
   0.00019
   0.00178
   0.00350
   0.00518
   0.00548
   0.00560
   0.00581
   0.00612
   0.00645
   0.00682
   0.00721
   0.00766
   0.00816
   0.00876
   0.00943
   0.01007
   0.01048
   0.01059
   0.01041
   0.01023
   0.01019
   0.00741
   0.00835
   0.00777
   0.00639
   0.00296
   0.00070
   0.00002
   0.00084
   0.00394
   0.00210
   0.00317
   0.01214
   0.00770
   0.02705
   0.02440
   0.01047
   0.01295
   0.00412
   0.05901
   0.05150
   0.02988
   0.01842
   0.00041
   0.06285
   0.05614
   0.04906
   0.00868
   0.02358
   0.00506
   0.00012
   0.00025
   0.00059
   0.00042
   0.00080
   0.02614
   0.00506
   0.00012
   0.00041
   0.00012
   0.01391
   0.00051
   0.04580
   0.00054
   0.00001
   0.00109
   0.00607
   0.00006
   0.00057
   0.00059
   0.00017
   0.00056
   0.00004
   0.00000
   0.00058
   0.00007
   0.00030
   0.00000
   0.03768
   0.03599
   0.00085
   0.00087
   0.00048
   0.00527
   0.00039
   0.00929
   0.00009
   0.01265
   0.00016
   0.00106
   0.00359
   0.00179
   0.00116
   0.02782
   0.02189
   0.14197
   0.01234
   0.07193
   0.00025
   0.01903
   0.02935
   0.02356
   0.03635
   0.00007
   0.05607
   0.05439
   0.04062
   0.00913
   0.04006
   0.04686
   0.04358
   0.04236
   0.04191
   0.08033
   0.03262
   0.03710
   0.00001
   0.00969
   0.00909
   0.02522
   0.02296
   0.05030
   0.02180
   0.01619
   0.00039
   0.00976
   0.02528
   0.00029
   0.01919
   0.00032
   0.00004
   0.00181
   0.00002
   0.01619
   0.01995
   0.01262
   0.00025
   0.00003
   0.03654
   0.00002
   0.00031
   0.00002
   0.00680
   0.00024
   0.00002
   0.00016
   0.01054
   0.02688
   0.00002
   0.04505
   0.00032
   0.01977
   0.00001
   0.00000
   0.02323
   0.25651
   0.07701
   0.00002
   0.00015
   0.00001
   0.00001
   0.00001
   0.00002
   0.00002
   0.00003
   0.02904
   0.05664
   0.00001
   0.00001
   0.00002
   0.00001
   0.00002
   0.00001
   0.00002
   0.00002
   0.00000
   0.00001
   0.00002
   0.00001
   0.00001
   0.00001
   0.00001
   0.00001
   0.00001
   0.00001
   0.00001
   0.00016
   0.00002
   0.00001
   0.00001
   0.00002
   0.00001
   0.00000
   0.00000
   0.00001
   0.00001
   0.00001
   0.00001
   0.00001
   0.00000
   0.00001
   0.00001
   0.00000
   0.00001
   0.00001
   0.00000
   0.00000
   0.00000
   0.00000
   0.00001
   0.00000
   0.00000
   0.00001
   0.00000
   0.00001
   0.00000
   0.00000
   0.00000
   0.00000
   5.25136
   1.90760
   0.85732
   0.60573
   0.53508
   0.51269
   0.50547
   0.50316
   0.50240
   0.50213
   0.50200
   0.50191
   0.50185
   0.50179
   0.50175
   0.50171
   0.50167
   0.50164
   0.50162
   0.50160
   0.50158
   0.50157
   0.50156
   0.50155
   0.50154
   0.50153
   0.50152
   0.50152
   0.50152
   0.50151
   0.50151
   0.50151
   0.50151
   0.50151
   0.50151
   0.50151
   0.50150
   0.50150
   0.50150
   0.50150
   0.50150
   0.50150
   0.50150
   0.50150
   0.50150
   0.50150
   0.50150
   0.50150
   0.50150
   0.50151
   0.50151
   0.50151
   0.50151
   0.50151
   0.50151
   0.50151
   0.50151
   0.50151
   0.50151
   0.50151
   0.50151
   0.50151
   0.50151
   0.50151
   0.50151
   0.50151
   0.50151
   0.50151
   0.50151
   0.50151
   0.50151
   0.50151
   0.50151
   0.50151
   0.50151
   0.50151
   0.50151
   0.50151
   0.50151
   0.50151
   0.50151
   0.50152
   0.50152
   0.50152
   0.50152
   0.50152
   0.50152
   0.50152
   0.50152
   0.50152
   0.50152
   0.50152
   0.50152
   0.50152
   0.50152
   0.50152
   0.50152
   0.50152
   0.50152
   0.50152
   0.50152
   0.50152
   0.50152
   0.50152
   0.50152
   0.50152
   0.50152
   0.50152
   0.50152
   0.50152
   0.50152
   0.50152
   0.50152
   0.50153
   0.50153
   0.50153
   0.50153
   0.50153
   0.50153
   0.50153
   0.50153
   0.50153
   0.50153
   0.50153
   0.50153
   0.50153
   0.50153
   0.50153
   0.50153
   0.50153
   0.50153
   0.50153
   0.50153
   0.50153
   0.50153
   0.50153
   0.50153
   0.50153
   0.50153
   0.50153
   0.50153
   0.50153
   0.50153
   0.50153
   0.50153
   0.50154
   0.50154
   0.50154
   0.50154
   0.50154
   0.50154
   0.50154
   0.50154
   0.50154
   0.50154
   0.50154
   0.50154
   0.50154
   0.50154
   0.50154
   0.50154
   0.50154
   0.50154
   0.50154
   0.50154
   0.50154
   0.50154
   0.50154
   0.50154
   0.50154
   0.50154
   0.50154
   0.50154
   0.50154
   0.50154
   0.50154
   0.50154
   0.50155
   0.50155
   0.50155
   0.50155
   0.50155
   0.50155
   0.50155
   0.50155
   0.50155
   0.50155
   0.50155
   0.50155
   0.50155
   0.50155
   0.50155
   0.50155
   0.50155
   0.50155
   0.50155
   0.50155
   0.50155
   0.50155
   0.50155
   0.50155
   0.50155
   0.50155
   0.50155
   0.50155
   0.50155
   0.50155
   0.50155
   0.50155
   0.50156
   0.50156
   0.50156
   0.50156
   0.50156
   0.50156
   0.50156
   0.50156
   0.50156
   0.50156
   0.50156
   0.50156
   0.50156
   0.50156
   0.50156
   0.50156
   0.50156
   0.50156
   0.50156
   0.50156
   0.50156
   0.50156
   0.50156
   0.50156
   0.50156
   0.50156
   0.50156
   0.50156
   0.50156
   0.50156
   0.50156
   0.50156
   0.50157
   0.50157
   0.50157
   0.50157
   0.50157
   0.50157
   0.50157
   0.50157
   0.50157
   0.50157
   0.50157
   0.50157
   0.50157
   0.50157
   0.50157
   0.50157
   0.50157
   0.50157
   0.50157
   0.50157
   0.50157
   0.50157
   0.50157
   0.50157
   0.50157
   0.50157
   0.50157
   0.50157
   0.50157
   0.50157
   0.50157
   0.50158
   0.50158
   0.50158
   0.50158
   0.50158
   0.50158
   0.50158
   0.50158
   0.50158
   0.50158
   0.50158
   0.50158
   0.50158
   0.50158
   0.50158
   0.50158
   0.50158
   0.50158
   0.50158
   0.50158
   0.50158
   0.50158
   0.50158
   0.50158
   0.50158
   0.50158
   0.50158
   0.50158
   0.50158
   0.50158
   0.50158
   0.50159
   0.50159
   0.50159
   0.50159
   0.50159
   0.50159
   0.50159
   0.50159
   0.50159
   0.50159
   0.50159
   0.50159
   0.50159
   0.50159
   0.50159
   0.50159
   0.50159
   0.50159
   0.50159
   0.50159
   0.50159
   0.50159
   0.50159
   0.50159
   0.50159
   0.50159
   0.50159
   0.50159
   0.50159
   0.50159
   0.50159
   0.50159
   0.50159
   0.50160
   0.50160
   0.50160
   0.50160
   0.50160
   0.50160
   0.50160
   0.50160
   0.50160
   0.50160
   0.50160
   0.50160
   0.50160
   0.50160
   0.50160
   0.50160
   0.50160
   0.50160
   0.50160
   0.50160
   0.50160
   0.50160
   0.50160
   0.50160
   0.50160
   0.50160
   0.50160
   0.50160
   0.50160
   0.50160
   0.50160
   0.50160
   0.50161
   0.50161
   0.50161
   0.50161
   0.50161
   0.50161
   0.50161
   0.50161
   0.50161
   0.50161
   0.50161
   0.50161
   0.50161
   0.50161
   0.50161
   0.50161
   0.50161
   0.50161
   0.50161
   0.50161
   0.50161
   0.50161
   0.50161
   0.50161
   0.50161
   0.50161
   0.50161
   0.50161
   0.50161
   0.50161
   0.50161
   0.50161
   0.50162
   0.50162
   0.50162
   0.50162
   0.50162
   0.50162
   0.50162
   0.50162
   0.50162
   0.50162
   0.50162
   0.50162
   0.50162
   0.50162
   0.50162
   0.50162
   0.50162
   0.50162
   0.50162
   0.50162
   0.50162
   0.50162
   0.50162
   0.50162
   0.50162
   0.50162
   0.50162
   0.50162
   0.50162
   0.50162
   0.50162
   0.50162
   0.50163
   0.50163
   0.50163
   0.50163
   0.50163
   0.50163
   0.50163
   0.50163
   0.50163
   0.50163
   0.50163
   0.50163
   0.50163
   0.50163
   0.50163
   0.50163
   0.50163
   0.50163
   0.50163
   0.50163
   0.50163
   0.50163
   0.50163
   0.50163
   0.50163
   0.50163
   0.50163
   0.50163
   0.50163
   0.50163
   0.50163
   0.50163
   0.50163
   0.50164
   0.50164
   0.50164
   0.50164
   0.50164
   0.50164
   0.50164
   0.50164
