   0.68529
   0.69460
   0.69254
   0.68969
   0.69027
   0.68951
   0.68886
   0.68839
   0.68759
   0.68691
   0.68613
   0.68532
   0.68455
   0.68364
   0.68293
   0.68208
   0.68126
   0.68038
   0.67941
   0.67847
   0.67742
   0.67641
   0.67530
   0.67421
   0.67298
   0.67185
   0.67065
   0.66946
   0.66807
   0.66692
   0.66562
   0.67267
   0.66349
   0.66076
   0.66050
   0.65948
   0.65831
   0.65709
   0.65590
   0.65502
   0.65333
   0.65234
   0.65122
   0.65036
   0.64952
   0.64853
   0.64776
   0.64728
   0.64675
   0.64650
   0.64649
   0.64681
   0.64713
   0.64818
   0.64937
   0.65245
   0.65711
   0.65720
   0.67032
   0.67720
   0.68232
   0.68849
   0.69557
   0.70296
   0.70950
   0.71434
   0.71690
   0.71898
   0.71871
   0.72038
   0.72134
   0.72279
   0.72261
   0.72274
   0.72058
   0.71784
   0.71459
   0.71052
   0.70632
   0.70149
   0.69671
   0.69159
   0.68573
   0.68113
   0.67555
   0.67126
   0.66591
   0.66025
   0.65471
   0.64961
   0.64447
   0.63870
   0.63302
   0.62721
   0.62135
   0.61559
   0.60923
   0.60393
   0.59782
   0.59181
   0.58591
   0.57979
   0.57359
   0.56708
   0.56065
   0.55456
   0.54827
   0.54211
   0.53565
   0.52918
   0.52267
   0.51612
   0.50964
   0.50294
   0.49647
   0.48992
   0.48317
   0.47782
   0.47141
   0.46499
   0.45836
   0.45174
   0.44514
   0.43858
   0.43208
   0.42594
   0.41964
   0.41381
   0.40858
   0.40322
   0.39810
   0.39335
   0.38884
   0.38469
   0.38083
   0.37730
   0.37392
   0.37075
   0.36784
   0.36505
   0.36253
   0.36001
   0.35766
   0.35571
   0.35421
   0.35192
   0.35113
   0.34994
   0.34911
   0.34777
   0.34770
   0.34675
   0.34598
   0.34472
   0.34329
   0.34186
   0.34033
   0.33864
   0.33675
   0.33468
   0.33254
   0.33022
   0.32784
   0.32533
   0.32276
   0.32006
   0.31714
   0.31482
   0.31294
   0.31021
   0.30753
   0.30503
   0.30226
   0.29947
   0.29638
   0.29350
   0.29143
   0.28875
   0.28561
   0.28117
   0.27803
   0.27584
   0.27093
   0.26810
   0.26492
   0.26293
   0.26002
   0.25764
   0.25465
   0.25248
   0.24964
   0.24737
   0.24464
   0.24238
   0.23951
   0.23743
   0.23410
   0.23224
   0.22847
   0.22680
   0.22408
   0.22036
   0.21819
   0.21567
   0.21241
   0.20965
   0.20606
   0.20257
   0.20008
   0.19725
   0.19356
   0.19080
   0.18748
   0.18435
   0.18118
   0.17835
   0.17485
   0.17214
   0.16814
   0.16581
   0.16241
   0.16074
   0.15650
   0.15427
   0.14956
   0.14691
   0.14381
   0.14148
   0.13951
   0.13671
   0.13438
   0.13187
   0.13001
   0.12872
   0.12694
   0.12555
   0.12283
   0.12040
   0.11838
   0.11665
   0.11466
   0.11322
   0.10965
   0.10761
   0.10589
   0.10366
   0.10269
   0.10048
   0.09886
   0.09647
   0.09558
   0.09331
   0.09241
   0.09023
   0.08926
   0.08736
   0.08639
   0.08456
   0.08333
   0.08196
   0.08055
   0.07926
   0.07790
   0.07651
   0.07547
   0.07423
   0.07281
   0.07176
   0.07057
   0.06913
   0.06815
   0.06713
   0.06568
   0.06484
   0.06352
   0.06250
   0.06118
   0.06048
   0.05920
   0.05819
   0.05708
   0.05618
   0.05511
   0.05418
   0.05329
   0.05241
   0.05149
   0.05063
   0.04983
   0.04889
   0.04814
   0.04745
   0.04672
   0.04599
   0.04515
   0.04473
   0.04386
   0.04328
   0.04278
   0.04251
   0.04174
   0.04116
   0.04087
   0.04039
   0.03998
   0.03961
   0.03942
   0.03912
   0.03895
   0.03890
   0.03884
   0.03902
   0.03938
   0.03980
   0.04110
   0.04178
   0.04332
   0.04624
   0.04954
   0.05230
   0.05412
   0.05603
   0.05974
   0.05973
   0.06590
   0.06812
   0.07735
   0.07975
   0.08227
   0.08771
   0.09000
   0.08786
   0.07259
   0.03357
   0.03217
   0.02800
   0.02789
   0.02691
   0.02643
   0.02601
   0.02574
   0.02517
   0.02481
   0.02451
   0.02421
   0.02396
   0.02354
   0.02335
   0.02301
   0.02270
   0.02237
   0.02205
   0.02172
   0.02141
   0.02118
   0.02073
   0.02048
   0.02019
   0.01990
   0.01961
   0.01933
   0.01904
   0.01877
   0.01848
   0.01825
   0.01799
   0.01772
   0.01746
   0.01719
   0.01693
   0.01666
   0.01641
   0.01615
   0.01593
   0.01567
   0.01541
   0.01520
   0.01496
   0.01475
   0.01450
   0.01430
   0.01406
   0.01386
   0.01363
   0.01336
   0.01323
   0.01300
   0.01275
   0.01260
   0.01239
   0.01221
   0.01198
   0.01183
   0.01163
   0.01143
   0.01127
   0.01110
   0.01087
   0.01075
   0.01055
   0.01041
   0.01020
   0.01007
   0.00992
   0.00971
   0.00960
   0.00942
   0.00928
   0.00909
   0.00898
   0.00881
   0.00868
   0.00858
   0.00838
   0.00822
   0.00812
   0.00799
   0.00782
   0.00769
   0.00756
   0.00745
   0.00730
   0.00713
   0.00701
   0.00692
   0.00675
   0.00663
   0.00654
   0.00639
   0.00627
   0.00619
   0.00603
   0.00594
   0.00585
   0.00571
   0.00562
   0.00555
   0.00541
   0.00533
   0.00527
   0.00513
   0.00509
   0.00495
   0.00493
   0.00479
   0.00476
   0.00471
   0.00455
   0.00455
   0.00450
   0.00441
   0.00436
   0.00430
   0.00423
   0.00420
   0.00414
   0.00410
   0.00405
   0.00399
   0.00398
   0.00397
   0.00389
   0.00390
   0.00388
   0.00384
   0.00385
   0.00388
   0.00394
   0.00409
   0.00447
   0.00542
   0.00994
   1.01800
   0.42408
   0.26586
   0.15818
   0.17240
   0.17629
   0.17470
   0.17183
   0.16871
   0.16561
   0.16262
   0.15979
   0.15703
   0.15436
   0.15181
   0.14934
   0.14697
   0.14465
   0.14247
   0.14037
   0.13833
   0.13638
   0.13453
   0.13270
   0.13097
   0.12933
   0.12772
   0.12624
