   0.64251
   0.64151
   0.63936
   0.63522
   0.63507
   0.63532
   0.63482
   0.63542
   0.64062
   0.63654
   0.63865
   0.63995
   0.63931
   0.63635
   0.63767
   0.63925
   0.63852
   0.63867
   0.63841
   0.63811
   0.63773
   0.63472
   0.63377
   0.63644
   0.63142
   0.63725
   0.63752
   0.63393
   0.63323
   0.63581
   0.63520
   0.63090
   0.63050
   0.63289
   0.63132
   0.62958
   0.62740
   0.63026
   0.62822
   0.62736
   0.62786
   0.62883
   0.62935
   0.62806
   0.62771
   0.62644
   0.62347
   0.62144
   0.62065
   0.61829
   0.61383
   0.60961
   0.60357
   0.59773
   0.59250
   0.58929
   0.58595
   0.58262
   0.57924
   0.57593
   0.57275
   0.56964
   0.56666
   0.56397
   0.56172
   0.55956
   0.55823
   0.55706
   0.55559
   0.55379
   0.55149
   0.54833
   0.54421
   0.53942
   0.53496
   0.53063
   0.52675
   0.52320
   0.52012
   0.51722
   0.51440
   0.51170
   0.50886
   0.50581
   0.50262
   0.49912
   0.49537
   0.49123
   0.48674
   0.48208
   0.47758
   0.47250
   0.46728
   0.46202
   0.45689
   0.45150
   0.44610
   0.44071
   0.43532
   0.43011
   0.42487
   0.41968
   0.41470
   0.40965
   0.40467
   0.39980
   0.39493
   0.39014
   0.38539
   0.38078
   0.37616
   0.37158
   0.36707
   0.36260
   0.35819
   0.35385
   0.34953
   0.34529
   0.34105
   0.33688
   0.33274
   0.32865
   0.32459
   0.32057
   0.31659
   0.31263
   0.30871
   0.30482
   0.30096
   0.29712
   0.29331
   0.28952
   0.28575
   0.28200
   0.27828
   0.27456
   0.27087
   0.26718
   0.26351
   0.25985
   0.25620
   0.25255
   0.24893
   0.24531
   0.24169
   0.23809
   0.23449
   0.23091
   0.22731
   0.22373
   0.22017
   0.21662
   0.21309
   0.20957
   0.20606
   0.20258
   0.19912
   0.19568
   0.19228
   0.18891
   0.18556
   0.18225
   0.17898
   0.17574
   0.17255
   0.16939
   0.16628
   0.16321
   0.16019
   0.15722
   0.15426
   0.15134
   0.14851
   0.14573
   0.14300
   0.14032
   0.13770
   0.13510
   0.13257
   0.13010
   0.12760
   0.12521
   0.12285
   0.12058
   0.11833
   0.11612
   0.11395
   0.11187
   0.10979
   0.10774
   0.10571
   0.10375
   0.10184
   0.09996
   0.09813
   0.09632
   0.09454
   0.09283
   0.09089
   0.08915
   0.08746
   0.08577
   0.08411
   0.08248
   0.08090
   0.07931
   0.07776
   0.07622
   0.07472
   0.07324
   0.07178
   0.07034
   0.06890
   0.06751
   0.06611
   0.06476
   0.06341
   0.06209
   0.06078
   0.05950
   0.05822
   0.05698
   0.05575
   0.05453
   0.05334
   0.05216
   0.05100
   0.04987
   0.04874
   0.04762
   0.04655
   0.04548
   0.04441
   0.04338
   0.04236
   0.04135
   0.04036
   0.03938
   0.03843
   0.03748
   0.03655
   0.03563
   0.03472
   0.03383
   0.03295
   0.03207
   0.03122
   0.03037
   0.02954
   0.02872
   0.02792
   0.02712
   0.02635
   0.02558
   0.02484
   0.02411
   0.02339
   0.02269
   0.02200
   0.02134
   0.02069
   0.02005
   0.01943
   0.01883
   0.01824
   0.01767
   0.01711
   0.01656
   0.01603
   0.01552
   0.01502
   0.01453
   0.01406
   0.01360
   0.01315
   0.01271
   0.01229
   0.01188
   0.01148
   0.01110
   0.01073
   0.01037
   0.01003
   0.00970
   0.00939
   0.00910
   0.00882
   0.00856
   0.00832
   0.00810
   0.00791
   0.00773
   0.00757
   0.00742
   0.00727
   0.00713
   0.00700
   0.00691
   0.00686
   0.00680
   0.00681
   0.00700
   0.00729
   0.00756
   0.00826
   0.00968
   0.01034
   0.00696
   0.00911
   0.01349
   0.00645
   0.00649
   0.00604
   0.00549
   0.00525
   0.00514
   0.00505
   0.00494
   0.00482
   0.00468
   0.00453
   0.00438
   0.00423
   0.00409
   0.00397
   0.00387
   0.00381
   0.00378
   0.00368
   0.00323
   0.00284
   0.00269
   0.00260
   0.00249
   0.00239
   0.00228
   0.00218
   0.00208
   0.00198
   0.00190
   0.00182
   0.00174
   0.00167
   0.00160
   0.00154
   0.00148
   0.00143
   0.00138
   0.00133
   0.00128
   0.00124
   0.00120
   0.00116
   0.00112
   0.00108
   0.00105
   0.00102
   0.00099
   0.00096
   0.00093
   0.00090
   0.00087
   0.00085
   0.00082
   0.00079
   0.00077
   0.00074
   0.00072
   0.00069
   0.00067
   0.00064
   0.00062
   0.00060
   0.00058
   0.00057
   0.00055
   0.00050
   0.00050
   0.00044
   0.00043
   0.00041
   0.00039
   0.00038
   0.00037
   0.00035
   0.00034
   0.00033
   0.00032
   0.00031
   0.00030
   0.00029
   0.00028
   0.00027
   0.00026
   0.00026
   0.00025
   0.00024
   0.00023
   0.00022
   0.00022
   0.00021
   0.00020
   0.00020
   0.00019
   0.00019
   0.00022
   0.00019
   0.00023
   0.00020
   0.00019
   0.00019
   0.00020
   0.00020
   0.00019
   0.00018
   0.00019
   0.00019
   0.00017
   0.00017
   0.00017
   0.00018
   0.00017
   0.00024
   0.00038
   0.00153
   0.00016
   0.00015
   0.00015
   0.00022
   0.00018
   0.00014
   0.00032
   0.00019
   0.00014
   0.00013
   0.00013
   0.00014
   0.00012
   0.00012
   0.00012
   0.00013
   0.00092
   0.00086
   0.00013
   0.00012
   0.00011
   0.00010
   0.00013
   0.00030
   0.00043
   0.00020
   0.00049
   0.00009
   0.00015
   0.00033
   0.00027
   0.00027
   0.00014
   0.00035
   0.00013
   0.00024
   0.00026
   0.00008
   0.00011
   0.00009
   0.00010
   0.00009
   0.00009
   0.00009
   0.00009
   0.00008
   0.00008
   0.00008
   0.00008
   0.00009
   0.00009
   0.00009
   0.00008
   0.00008
   0.00008
   0.00008
   0.00008
   0.00008
   0.00008
   0.00008
   0.00007
   0.00007
   0.00007
   0.00007
   0.00007
   0.00008
   0.00008
   0.00007
   0.00007
   0.00007
   0.00007
   0.00007
   0.00007
   0.00007
   0.02631
