   0.87986
   0.87242
   0.88981
   0.86689
   0.86036
   0.85898
   0.85833
   0.85450
   0.86478
   0.84608
   0.86266
   0.85103
   0.85080
   0.84915
   0.84490
   0.84323
   0.84037
   0.83825
   0.83855
   0.83525
   0.83351
   0.83284
   0.83293
   0.83046
   0.83008
   0.82738
   0.82666
   0.82616
   0.82519
   0.82838
   0.82986
   0.82782
   0.82650
   0.82454
   0.82372
   0.79779
   0.85006
   0.82461
   0.80586
   0.81166
   0.80974
   0.81032
   0.80947
   0.80833
   0.80651
   0.80495
   0.80319
   0.80095
   0.79829
   0.79609
   0.79298
   0.79035
   0.78709
   0.78424
   0.78036
   0.77687
   0.77324
   0.76912
   0.76534
   0.76029
   0.75700
   0.75162
   0.72436
   0.66192
   0.66965
   0.70306
   0.71560
   0.71798
   0.71626
   0.71297
   0.70820
   0.70222
   0.69704
   0.68934
   0.68078
   0.67174
   0.67574
   0.66520
   0.65708
   0.64935
   0.63940
   0.63309
   0.62244
   0.61154
   0.60139
   0.59366
   0.58357
   0.57389
   0.56383
   0.55305
   0.54169
   0.53209
   0.52249
   0.51329
   0.50446
   0.49737
   0.49135
   0.48690
   0.48300
   0.48001
   0.47805
   0.47762
   0.47756
   0.47733
   0.47785
   0.47827
   0.47819
   0.47735
   0.47555
   0.47146
   0.46682
   0.46060
   0.45334
   0.44422
   0.43642
   0.42751
   0.41773
   0.40909
   0.40013
   0.39100
   0.38489
   0.37978
   0.37447
   0.36931
   0.36398
   0.35878
   0.35334
   0.34789
   0.34251
   0.33703
   0.33174
   0.32698
   0.32214
   0.31687
   0.31186
   0.30653
   0.30083
   0.29495
   0.28896
   0.28323
   0.27728
   0.27083
   0.26426
   0.25832
   0.25185
   0.24648
   0.23991
   0.23385
   0.22794
   0.22236
   0.21691
   0.21166
   0.20656
   0.20151
   0.19684
   0.19243
   0.18736
   0.18317
   0.17837
   0.17370
   0.16947
   0.16556
   0.16124
   0.15761
   0.15380
   0.14927
   0.14677
   0.14273
   0.13920
   0.13658
   0.13284
   0.12971
   0.12692
   0.12423
   0.12062
   0.11799
   0.11552
   0.11302
   0.11041
   0.10777
   0.10511
   0.10303
   0.10096
   0.09907
   0.09640
   0.09438
   0.09295
   0.09070
   0.08807
   0.08586
   0.08448
   0.08242
   0.08097
   0.07948
   0.07756
   0.07680
   0.07507
   0.07323
   0.07205
   0.07028
   0.06906
   0.06782
   0.06594
   0.06509
   0.06343
   0.06184
   0.06100
   0.05922
   0.05787
   0.05683
   0.05482
   0.05407
   0.05208
   0.05126
   0.04917
   0.04838
   0.04622
   0.04558
   0.04393
   0.04284
   0.04104
   0.04017
   0.03828
   0.03806
   0.03594
   0.03509
   0.03340
   0.03298
   0.03145
   0.03059
   0.02933
   0.02851
   0.02735
   0.02651
   0.02551
   0.02475
   0.02380
   0.02311
   0.02209
   0.02142
   0.02067
   0.01996
   0.01937
   0.01861
   0.01822
   0.01764
   0.01709
   0.01656
   0.01627
   0.01566
   0.01580
   0.01493
   0.01480
   0.01439
   0.01411
   0.01398
   0.01381
   0.01496
   0.01276
   0.01243
   0.01293
   0.01156
   0.01862
   1.43101
   0.21993
   0.03063
   0.05232
   0.02687
   0.03798
   0.02706
   0.03463
   0.02396
   0.03339
   0.02036
   0.03419
   0.01803
   0.03844
   0.01759
   0.04701
   0.04412
   0.01835
   0.01612
   0.04879
   0.02608
   0.03318
   0.01694
   0.02667
   0.01483
   0.04112
   0.01519
   0.01421
   0.04355
   0.03024
   0.02014
   0.01453
   0.02277
   0.01250
   0.04865
   0.05787
   0.03756
   0.01252
   0.01628
   0.01688
   0.01255
   0.02412
   0.01169
   0.05373
   0.03823
   0.04210
   0.05914
   0.03207
   0.03946
   0.06482
   0.03277
   0.00992
   0.04691
   0.01607
   0.02855
   0.00983
   0.05060
   0.01692
   0.03129
   0.01236
   0.06089
   0.04489
   0.03915
   0.01147
   0.03378
   0.02515
   0.00993
   0.04315
   0.01216
   0.03639
   0.01706
   0.01309
   0.03795
   0.00701
   0.02255
   0.00871
   0.04950
   0.01540
   0.00850
   0.04305
   0.00825
   0.05277
   0.01958
   0.01237
   0.03757
   0.00831
   0.05017
   0.00569
   0.02053
   0.01160
   0.00859
   0.02594
   0.00962
   0.00738
   0.03947
   0.00654
   0.02244
   0.00576
   0.04105
   0.00638
   0.02628
   0.00569
   0.03210
   0.00655
   0.02339
   0.00617
   0.00428
   0.03633
   0.00602
   0.02423
   0.00400
   0.03245
   0.00525
   0.02001
   0.00383
   0.02895
   0.00480
   0.01878
   0.00388
   0.02177
   0.00383
   0.02075
   0.00381
   0.02001
   0.00371
   0.02007
   0.00373
   0.01926
   0.00351
   0.02047
   0.00345
   0.02073
   0.00390
   0.01771
   0.00349
   0.01883
   0.00368
   0.01816
   0.00369
   0.01828
   0.00354
   0.01947
   0.00343
   0.01688
   0.00331
   0.01352
   0.00314
   0.01182
   0.00297
   0.01103
   0.00285
   0.01075
   0.00275
   0.01053
   0.00273
   0.01023
   0.00264
   0.01002
   0.00259
   0.00975
   0.00251
   0.00955
   0.00253
   0.00908
   0.00235
   0.00900
   0.00244
   0.00840
   0.00224
   0.00858
   0.00239
   0.00784
   0.00217
   0.00782
   0.00224
   0.00749
   0.00217
   0.00731
   0.00220
   0.00695
   0.00215
   0.00678
   0.00215
   0.00668
   0.00220
   0.00633
   0.00216
   0.00673
   0.00234
   0.00535
   0.00223
   0.00534
   0.00232
   0.00546
   0.00297
   0.01237
   0.00089
   0.00700
   0.00282
   0.00843
   0.00119
   0.01241
   0.00196
   0.00910
   0.00076
   0.00647
   0.00082
   0.00646
   0.00190
   0.00893
   0.00067
   0.00512
   0.00065
   0.00502
   0.00062
   0.00430
   0.00060
   0.00348
   0.00063
   0.00068
   0.00109
   0.00128
   0.00099
   0.00095
   0.00098
   0.00085
   0.00093
   0.00063
   0.00103
   0.00143
   0.00092
   0.00046
   0.00182
   0.00055
   0.00132
   0.00046
   0.00233
