   0.68877
   0.68994
   0.69258
   0.68967
   0.69050
   0.69005
   0.68989
   0.68975
   0.68956
   0.68940
   0.68922
   0.68905
   0.68888
   0.68870
   0.68853
   0.68835
   0.68816
   0.68797
   0.68779
   0.68759
   0.68739
   0.68718
   0.68698
   0.68676
   0.68655
   0.68631
   0.68610
   0.68584
   0.68561
   0.68536
   0.68508
   0.68482
   0.68454
   0.68426
   0.68397
   0.68366
   0.68334
   0.68304
   0.68267
   0.68234
   0.68195
   0.68163
   0.68120
   0.68084
   0.68040
   0.68001
   0.67954
   0.67908
   0.67861
   0.67815
   0.67766
   0.67716
   0.67667
   0.67583
   0.67506
   0.67443
   0.67385
   0.67322
   0.67259
   0.67195
   0.67129
   0.67062
   0.66992
   0.66926
   0.66852
   0.66781
   0.66708
   0.66631
   0.66558
   0.66478
   0.66401
   0.66321
   0.66237
   0.66155
   0.66031
   0.65882
   0.65787
   0.65696
   0.65590
   0.65491
   0.65392
   0.65269
   0.65143
   0.65028
   0.64918
   0.64808
   0.64698
   0.64587
   0.64475
   0.64362
   0.64248
   0.64134
   0.64020
   0.63907
   0.63796
   0.63686
   0.63578
   0.63474
   0.63372
   0.63277
   0.63186
   0.63101
   0.63025
   0.62952
   0.62899
   0.62851
   0.62813
   0.62797
   0.62792
   0.62810
   0.62838
   0.62866
   0.62890
   0.62909
   0.62910
   0.62892
   0.62831
   0.62729
   0.62569
   0.62341
   0.62067
   0.61764
   0.61429
   0.61056
   0.60680
   0.60287
   0.59911
   0.59534
   0.59150
   0.58785
   0.58411
   0.58045
   0.57680
   0.57314
   0.56951
   0.56595
   0.56231
   0.55872
   0.55495
   0.55124
   0.54784
   0.54430
   0.54082
   0.53596
   0.53181
   0.52822
   0.52487
   0.52158
   0.51822
   0.51487
   0.51169
   0.50839
   0.50524
   0.50212
   0.49903
   0.49597
   0.49294
   0.48992
   0.48692
   0.48393
   0.48099
   0.47808
   0.47519
   0.47230
   0.46945
   0.46660
   0.46380
   0.46100
   0.45823
   0.45549
   0.45276
   0.45003
   0.44733
   0.44467
   0.44200
   0.43935
   0.43671
   0.43409
   0.43150
   0.42892
   0.42635
   0.42379
   0.42127
   0.41877
   0.41627
   0.41378
   0.41132
   0.40885
   0.40641
   0.40395
   0.40157
   0.39921
   0.39685
   0.39450
   0.39211
   0.38981
   0.38753
   0.38524
   0.38292
   0.38071
   0.37852
   0.37626
   0.37410
   0.37194
   0.36976
   0.36756
   0.36536
   0.36326
   0.36130
   0.36000
   0.35816
   0.35614
   0.35415
   0.35203
   0.35009
   0.34827
   0.34637
   0.34454
   0.34246
   0.34052
   0.33871
   0.33690
   0.33499
   0.33306
   0.33137
   0.32973
   0.32801
   0.32656
   0.32509
   0.32351
   0.32189
   0.32021
   0.31861
   0.31696
   0.31524
   0.31363
   0.31209
   0.31049
   0.30886
   0.30721
   0.30547
   0.30381
   0.30211
   0.30033
   0.29855
   0.29672
   0.29481
   0.29294
   0.29110
   0.28914
   0.28716
   0.28510
   0.28297
   0.28098
   0.27897
   0.27684
   0.27477
   0.27269
   0.27034
   0.26837
   0.26627
   0.26414
   0.26195
   0.25964
   0.25744
   0.25510
   0.25310
   0.25111
   0.24882
   0.24630
   0.24414
   0.24227
   0.24026
   0.23767
   0.23562
   0.23376
   0.23164
   0.22949
   0.22737
   0.22497
   0.22267
   0.22101
   0.21887
   0.21681
   0.21465
   0.21243
   0.21053
   0.20843
   0.20637
   0.20435
   0.20234
   0.20021
   0.19837
   0.19625
   0.19422
   0.19238
   0.19014
   0.18841
   0.18638
   0.18455
   0.18245
   0.18046
   0.17869
   0.17672
   0.17480
   0.17291
   0.17094
   0.16917
   0.16726
   0.16539
   0.16357
   0.16159
   0.15979
   0.15805
   0.15610
   0.15430
   0.15245
   0.15080
   0.14896
   0.14727
   0.14549
   0.14365
   0.14213
   0.14026
   0.13870
   0.13676
   0.13535
   0.13346
   0.13198
   0.13012
   0.12869
   0.12692
   0.12538
   0.12373
   0.12201
   0.12059
   0.11890
   0.11738
   0.11573
   0.11433
   0.11268
   0.11117
   0.10975
   0.10818
   0.10674
   0.10512
   0.10382
   0.10231
   0.10078
   0.09947
   0.09800
   0.09655
   0.09542
   0.09371
   0.09260
   0.09124
   0.08974
   0.08864
   0.08700
   0.08604
   0.08441
   0.08348
   0.08193
   0.08093
   0.07939
   0.07860
   0.07691
   0.07626
   0.07450
   0.07387
   0.07227
   0.07159
   0.06996
   0.06935
   0.06775
   0.06706
   0.06574
   0.06489
   0.06372
   0.06275
   0.06173
   0.06076
   0.05976
   0.05885
   0.05771
   0.05721
   0.05574
   0.05549
   0.05398
   0.05368
   0.05227
   0.05193
   0.05063
   0.05023
   0.04903
   0.04862
   0.04748
   0.04706
   0.04597
   0.04556
   0.04449
   0.04414
   0.04313
   0.04270
   0.04176
   0.04137
   0.04048
   0.04007
   0.03922
   0.03888
   0.03800
   0.03768
   0.03685
   0.03655
   0.03574
   0.03545
   0.03468
   0.03434
   0.03368
   0.03326
   0.03285
   0.03219
   0.03182
   0.03147
   0.03082
   0.03047
   0.03017
   0.02951
   0.02918
   0.02877
   0.02832
   0.02798
   0.02755
   0.02722
   0.02680
   0.02650
   0.02609
   0.02581
   0.02540
   0.02514
   0.02475
   0.02451
   0.02413
   0.02390
   0.02353
   0.02332
   0.02299
   0.02277
   0.02244
   0.02224
   0.02193
   0.02175
   0.02143
   0.02126
   0.02099
   0.02083
   0.02056
   0.02042
   0.02015
   0.02002
   0.01977
   0.01966
   0.01942
   0.01934
   0.01910
   0.01904
   0.01881
   0.01877
   0.01855
   0.01848
   0.01848
   0.01828
   0.01828
   0.01811
   0.01809
   0.01813
   0.01795
   0.01801
   0.01788
   0.01793
   0.01778
   0.01785
   0.01770
   0.01776
   0.01757
   0.01762
   0.01741
   0.01742
   0.01713
   0.01708
   0.01674
   0.01660
   0.01614
   0.01580
   0.01538
   0.01487
   0.01428
   0.01364
   0.01302
   0.01242
   0.01188
   0.01142
   0.01105
   0.01075
   0.01052
   0.01033
   0.01017
   0.01004
   0.00993
   0.00983
   0.00975
   0.00968
   0.00962
   0.00956
   0.00952
   0.00948
   0.00946
   0.00943
   0.00941
   0.00938
   0.00936
   0.00931
   0.00927
   0.00921
   0.00914
   0.00905
   0.00894
   0.00880
   0.00864
   0.00845
   0.00822
   0.00798
   0.00772
   0.00744
   0.00716
   0.00689
   0.00664
   0.00643
   0.00622
   0.00603
   0.00585
   0.00570
   0.00557
   0.00549
   0.00564
   0.00691
   0.01089
   0.00624
   0.00785
   0.01533
   0.25556
   0.17133
   0.00804
   0.00834
   0.00498
   0.00503
   0.00546
   0.00504
   0.00512
   0.00506
   0.00504
   0.00502
   0.00499
   0.00496
   0.00494
   0.00491
   0.00489
   0.00486
   0.00484
   0.00481
   0.00479
   0.00476
   0.00474
   0.00471
   0.00469
   0.00466
   0.00464
   0.00461
   0.00459
   0.00456
   0.00454
   0.00451
   0.00449
   0.00447
   0.00444
   0.00442
   0.00439
   0.00437
   0.00435
   0.00432
   0.00430
   0.00428
   0.00425
   0.00423
   0.00420
   0.00418
   0.00416
   0.00414
   0.00411
   0.00409
   0.00407
   0.00404
   0.00402
   0.00400
   0.00398
   0.00396
   0.00393
   0.00391
   0.00389
   0.00387
   0.00385
   0.00383
   0.00380
   0.00378
   0.00376
   0.00374
   0.00372
   0.00370
   0.00369
   0.00367
   0.00365
   0.00363
   0.00362
   0.00360
   0.00358
   0.00357
   0.00356
   0.00355
   0.00354
   0.00353
   0.00353
   0.00354
   0.00356
   0.00359
   0.00365
   0.00375
   0.00390
   0.00411
   0.00434
   0.00451
   0.00458
   0.00457
   0.00454
   0.00452
   0.00450
   0.00449
   0.00447
   0.00445
   0.00444
   0.00442
   0.00441
   0.00439
   0.00437
   0.00435
   0.00433
   0.00432
   0.00430
   0.00428
   0.00427
   0.00425
   0.00423
   0.00421
   0.00420
   0.00418
   0.00417
   0.00415
   0.00413
   0.00411
   0.00410
   0.00408
   0.00407
   0.00405
   0.00403
   0.00402
   0.00400
   0.00399
   0.00397
   0.00395
   0.00394
   0.00393
   0.00391
   0.00390
   0.00388
   0.00386
   0.00393
   0.00390
   0.00391
   0.00388
   0.00387
   0.00385
   0.00385
   0.00382
   0.00382
   0.00380
   0.00380
   0.00377
   0.00377
   0.00375
   0.00374
   0.00372
   0.00372
   0.00369
   0.00370
   0.00367
   0.00368
   0.00365
   0.00367
   0.00363
   0.00365
   0.00361
   0.00363
   0.00359
   0.00361
   0.00357
   0.00359
   0.00355
   0.00357
   0.00354
   0.00355
   0.00353
   0.00353
   0.00352
   0.00351
   0.00351
   0.00349
   0.00349
   0.00348
   0.00347
   0.00346
   0.00346
   0.00345
   0.00345
   0.00344
   0.00343
   0.00342
   0.00341
   0.00341
   0.00340
   0.00339
   0.00338
   0.00337
   0.00336
   0.00335
   0.00334
   0.00333
   0.00331
   0.00330
   0.00328
   0.00326
   0.00325
   0.00323
   0.00320
   0.00316
   0.00314
   0.00310
   0.00306
   0.00301
   0.00296
   0.00290
   0.00284
   0.00278
   0.00273
   0.00267
   0.00261
   0.00256
   0.00251
   0.00246
   0.00243
   0.00239
   0.00235
   0.00233
   0.00229
   0.00227
   0.00225
   0.00221
   0.00219
   0.00217
   0.00214
   0.00212
   0.00211
   0.00208
   0.00207
   0.00204
   0.00203
   0.00200
   0.00200
   0.00196
   0.00197
   0.00191
   0.00194
   0.00184
   0.00181
   0.00187
   0.00181
   0.00178
   0.00174
   0.00174
   0.00168
   0.00156
   0.00142
   0.00133
   0.00476
   0.01424
   0.00527
   0.00251
   0.00105
   0.00086
   0.00092
   0.00086
   0.00083
   0.00083
   0.00083
   0.00083
   0.00083
   0.00083
   0.00083
   0.00083
   0.00083
   0.00083
   0.00083
   0.00083
   0.00083
   0.00083
   0.00084
   0.00084
   0.00084
   0.00084
   0.00084
   0.00084
   0.00084
   0.00084
   0.00084
   0.00084
   0.00084
   0.00084
   0.00084
   0.00084
   0.00084
   0.00084
   0.00084
   0.00084
   0.00084
   0.00084
   0.00084
   0.00083
   0.00083
   0.00083
   0.00082
   0.00082
   0.00081
   0.00081
   0.00080
   0.00080
   0.00079
   0.00079
   0.00078
   0.00077
   0.00077
   0.00076
   0.00075
   0.00075
   0.00074
   0.00073
   0.00072
   0.00072
   0.00071
   0.00070
   0.00069
   0.00069
   0.00068
   0.00067
   0.00066
   0.00066
   0.00065
   0.00064
   0.00064
   0.00063
   0.00063
   0.00062
   0.00061
   0.00061
   0.00061
   0.00060
   0.00060
   0.00060
   0.00059
   0.00059
   0.00059
   0.00059
   0.00059
   0.00059
   0.00059
   0.00059
   0.00059
   0.00059
   0.00060
   0.00060
   0.00060
   0.00060
   0.00060
   0.00060
   0.00060
   0.00060
   0.00061
   0.00061
   0.00061
   0.00061
   0.00061
   0.00060
   0.00060
   0.00060
   0.00060
   0.00060
   0.00060
   0.00060
   0.00060
   0.00060
   0.00060
   0.00059
   0.00059
   0.00059
   0.00059
   0.00059
   0.00058
   0.00058
   0.00058
   0.00058
   0.00058
   0.00057
   0.00057
   0.00057
   0.00057
   0.00057
   0.00056
   0.00056
   0.00056
   0.00056
   0.00055
   0.00055
   0.00055
   0.00055
   0.00054
   0.00054
   0.00054
   0.00054
   0.00053
   0.00053
   0.00053
   0.00053
   0.00052
   0.00052
   0.00052
   0.00052
   0.00052
   0.00051
   0.00051
   0.00051
   0.00050
   0.00050
   0.00050
   0.00050
   0.00049
   0.00049
   0.00049
   0.00049
   0.00049
   0.00048
   0.00048
   0.00048
   0.00047
   0.00047
   0.00047
   0.00047
   0.00047
   0.00046
   0.00046
   0.00046
   0.00046
   0.00045
   0.00045
   0.00045
   0.00045
   0.00044
   0.00044
   0.00044
   0.00044
   0.00043
   0.00043
   0.00043
   0.00043
   0.00042
   0.00042
   0.00042
   0.00042
   0.00042
   0.00041
   0.00041
   0.00041
   0.00041
   0.00040
