   0.54942
   0.51141
   0.52931
   0.49913
   0.48293
   0.47366
   0.46133
   0.45563
   0.46313
   0.46648
   0.46557
   0.45885
   0.45900
   0.45789
   0.45806
   0.45859
   0.45928
   0.46071
   0.46266
   0.46445
   0.46744
   0.47197
   0.48034
   0.49614
   0.51101
   0.51927
   0.52552
   0.53416
   0.53454
   0.53263
   0.52472
   0.50097
   0.47209
   0.43547
   0.39853
   0.36401
   0.32606
   0.29216
   0.25939
   0.23266
   0.21188
   0.19072
   0.17515
   0.16172
   0.14333
   0.13474
   0.12765
   0.11785
   0.11095
   0.10476
   0.09970
   0.09497
   0.09043
   0.08659
   0.08259
   0.07888
   0.07539
   0.07217
   0.06912
   0.06624
   0.06347
   0.06089
   0.05847
   0.05621
   0.05402
   0.05192
   0.04986
   0.04793
   0.04620
   0.04449
   0.04291
   0.04128
   0.03964
   0.03797
   0.03664
   0.03528
   0.03405
   0.03291
   0.03181
   0.03076
   0.02975
   0.02871
   0.02788
   0.02712
   0.02642
   0.02573
   0.02514
   0.02449
   0.02392
   0.02336
   0.02292
   0.02236
   0.02185
   0.02133
   0.02085
   0.02046
   0.02004
   0.01969
   0.01934
   0.01894
   0.01855
   0.01824
   0.01768
   0.01722
   0.01676
   0.01634
   0.01596
   0.01573
   0.01529
   0.01494
   0.01459
   0.01426
   0.01389
   0.01369
   0.01379
   0.01358
   0.01311
   0.01281
   0.01241
   0.01209
   0.01168
   0.01120
   0.01025
   0.00998
   0.00972
   0.00943
   0.00941
   0.00949
   0.00935
   0.00955
   0.00977
   0.00988
   0.00976
   0.00442
   0.00540
   0.00383
   0.00400
   0.00325
   0.00305
   0.00289
   0.00281
   0.00278
   0.00268
   0.00247
   0.00269
   0.00269
   0.00318
   0.00309
   0.00300
   0.00284
   0.00274
   0.00254
   0.00240
   0.00252
   0.00229
   0.00227
   0.00210
   0.00196
   0.00185
   0.00171
   0.00161
   0.00140
   0.00130
   0.00109
   0.00044
   0.00052
   0.00028
   0.00065
   0.00062
   0.00108
   0.00017
   0.00036
   0.00157
   0.00042
   0.00052
   0.00185
   0.00168
   0.00181
   0.00180
   0.00012
   0.00239
   0.00229
   0.00194
   0.00254
   0.00277
   0.00270
   0.00266
   0.00288
   0.00269
   0.00275
   0.00227
   0.00026
   0.00018
   0.00209
   0.00042
   0.00157
   0.00131
   0.00080
   0.00032
   0.00071
   0.00036
   0.00029
   0.00226
   0.00258
   0.00135
   0.00228
   0.00280
   0.00181
   0.00277
   0.00013
   0.00350
   0.00261
   0.00221
   0.00188
   0.00344
   0.00413
   0.00246
   0.00073
   0.00336
   0.00239
   0.00438
   0.00300
   0.00020
   0.00257
   0.00333
   0.00282
   0.00148
   0.00059
   0.00181
   0.00303
   0.00312
   0.00081
   0.00282
   0.00248
   0.00056
   0.00084
   0.00201
   0.00193
   0.00261
   0.00147
   0.00026
   0.00022
   0.00045
   0.00119
   0.00145
   0.00164
   0.00205
   0.00001
   0.00177
   0.00189
   0.00316
   0.00091
   0.00229
   0.00239
   0.00303
   0.00140
   0.00100
   0.00295
   0.00303
   0.00221
   0.00209
   0.00005
   0.00190
   0.00429
   0.00417
   0.00396
   0.00369
   0.00031
   0.00241
   0.00329
   0.00275
   0.00204
   0.00197
   0.00074
   1.96493
   0.68122
   0.53419
   0.50925
   0.50307
   0.50155
   0.50118
   0.50108
   0.50106
   0.50105
   0.50105
   0.50106
   0.50106
   0.50106
   0.50106
   0.50106
   0.50106
   0.50106
   0.50107
   0.50107
   0.50107
   0.50107
   0.50107
   0.50107
   0.50108
   0.50108
   0.50108
   0.50108
   0.50108
   0.50108
   0.50109
   0.50109
   0.50109
   0.50109
   0.50109
   0.50109
   0.50109
   0.50110
   0.50110
   0.50110
   0.50110
   0.50110
   0.50110
   0.50111
   0.50111
   0.50111
   0.50111
   0.50111
   0.50111
   0.50112
   0.50112
   0.50112
   0.50112
   0.50112
   0.50112
   0.50112
   0.50113
   0.50113
   0.50113
   0.50113
   0.50113
   0.50113
   0.50114
   0.50114
   0.50114
   0.50114
   0.50114
   0.50114
   0.50115
   0.50115
   0.50115
   0.50115
   0.50115
   0.50115
   0.50116
   0.50116
   0.50116
   0.50116
   0.50116
   0.50116
   0.50116
   0.50117
   0.50117
   0.50117
   0.50117
   0.50117
   0.50117
   0.50118
   0.50118
   0.50118
   0.50118
   0.50118
   0.50118
   0.50119
   0.50119
   0.50119
   0.50119
   0.50119
   0.50119
   0.50119
   0.50120
   0.50120
   0.50120
   0.50120
   0.50120
   0.50120
   0.50121
   0.50121
   0.50121
   0.50121
   0.50121
   0.50121
   0.50122
   0.50122
   0.50122
   0.50122
   0.50122
   0.50122
   0.50122
   0.50123
   0.50123
   0.50123
   0.50123
   0.50123
   0.50123
   0.50124
   0.50124
   0.50124
   0.50124
   0.50124
   0.50124
   0.50124
   0.50125
   0.50125
   0.50125
   0.50125
   0.50125
   0.50125
   0.50126
   0.50126
   0.50126
   0.50126
   0.50126
   0.50126
   0.50126
   0.50127
   0.50127
   0.50127
   0.50127
   0.50127
   0.50127
   0.50128
   0.50128
   0.50128
   0.50128
   0.50128
   0.50128
   0.50129
   0.50129
   0.50129
   0.50129
   0.50129
   0.50129
   0.50129
   0.50130
   0.50130
   0.50130
   0.50130
   0.50130
   0.50130
   0.50131
   0.50131
   0.50131
   0.50131
   0.50131
   0.50131
   0.50132
   0.50132
   0.50132
   0.50132
   0.50132
   0.50132
   0.50132
   0.50133
   0.50133
   0.50133
   0.50133
   0.50133
   0.50133
   0.50134
   0.50134
   0.50134
   0.50134
   0.50134
   0.50134
   0.50134
   0.50135
   0.50135
   0.50135
   0.50135
   0.50135
   0.50135
   0.50136
   0.50136
   0.50136
   0.50136
   0.50136
   0.50136
   0.50137
   0.50137
   0.50137
   0.50137
   0.50137
   0.50137
   0.50137
   0.50138
   0.50138
   0.50138
   0.50138
   0.50138
   0.50138
   0.50139
   0.50139
   0.50139
   0.50139
   0.50139
