   0.69838
   0.68950
   0.69063
   0.68977
   0.68935
   0.68936
   0.68888
   0.68857
   0.68875
   0.68832
   0.68818
   0.68789
   0.68759
   0.68739
   0.68696
   0.68654
   0.68631
   0.68597
   0.68568
   0.68537
   0.68502
   0.68477
   0.68442
   0.68409
   0.68373
   0.68341
   0.68302
   0.68273
   0.68237
   0.68202
   0.68165
   0.68127
   0.68087
   0.68052
   0.68008
   0.67969
   0.67927
   0.67884
   0.67841
   0.67796
   0.67751
   0.67706
   0.67661
   0.67611
   0.67562
   0.67515
   0.67463
   0.67413
   0.67358
   0.67312
   0.67255
   0.67185
   0.67111
   0.67004
   0.66950
   0.66902
   0.66841
   0.66772
   0.66703
   0.66633
   0.66561
   0.66492
   0.66421
   0.66347
   0.66226
   0.66170
   0.66081
   0.65891
   0.65937
   0.65857
   0.65791
   0.65712
   0.65623
   0.65538
   0.65446
   0.65345
   0.65240
   0.65162
   0.65067
   0.64976
   0.64882
   0.64794
   0.64705
   0.64622
   0.64535
   0.64452
   0.64373
   0.64297
   0.64237
   0.64176
   0.64124
   0.64084
   0.64058
   0.64033
   0.64052
   0.64057
   0.64088
   0.64132
   0.64254
   0.64675
   0.64819
   0.64847
   0.64802
   0.64879
   0.63411
   0.62572
   0.62164
   0.61992
   0.61483
   0.61152
   0.60811
   0.60452
   0.60091
   0.59729
   0.59368
   0.59003
   0.58646
   0.58286
   0.57926
   0.57580
   0.57234
   0.56892
   0.56554
   0.56221
   0.55891
   0.55567
   0.55221
   0.54854
   0.54498
   0.54186
   0.53879
   0.53585
   0.53283
   0.52964
   0.52642
   0.52342
   0.52053
   0.51770
   0.51486
   0.51203
   0.50921
   0.50639
   0.50362
   0.50087
   0.49812
   0.49540
   0.49268
   0.49001
   0.48734
   0.48469
   0.48206
   0.47946
   0.47688
   0.47430
   0.47177
   0.46923
   0.46675
   0.46428
   0.46183
   0.45942
   0.45701
   0.45464
   0.45230
   0.44996
   0.44768
   0.44541
   0.44316
   0.44095
   0.43875
   0.43659
   0.43447
   0.43238
   0.43034
   0.42831
   0.42635
   0.42442
   0.42251
   0.42067
   0.41889
   0.41712
   0.41542
   0.41376
   0.41220
   0.41063
   0.40910
   0.40762
   0.40616
   0.40475
   0.40338
   0.40207
   0.40076
   0.39944
   0.39813
   0.39680
   0.39547
   0.39409
   0.39267
   0.39117
   0.38962
   0.38798
   0.38629
   0.38450
   0.38261
   0.38067
   0.37862
   0.37653
   0.37432
   0.37211
   0.36987
   0.36757
   0.36526
   0.36292
   0.36058
   0.35817
   0.35575
   0.35337
   0.35098
   0.34854
   0.34609
   0.34371
   0.34128
   0.33884
   0.33640
   0.33399
   0.33155
   0.32910
   0.32669
   0.32427
   0.32184
   0.31945
   0.31703
   0.31462
   0.31222
   0.30983
   0.30742
   0.30503
   0.30263
   0.30026
   0.29787
   0.29551
   0.29313
   0.29092
   0.28844
   0.28612
   0.28375
   0.28142
   0.27911
   0.27678
   0.27446
   0.27216
   0.26986
   0.26758
   0.26529
   0.26299
   0.26073
   0.25847
   0.25621
   0.25395
   0.25171
   0.24948
   0.24725
   0.24503
   0.24283
   0.24061
   0.23842
   0.23623
   0.23406
   0.23190
   0.22974
   0.22759
   0.22546
   0.22333
   0.22121
   0.21908
   0.21700
   0.21489
   0.21281
   0.21073
   0.20867
   0.20660
   0.20457
   0.20254
   0.20063
   0.19851
   0.19655
   0.19450
   0.19255
   0.19052
   0.18858
   0.18659
   0.18467
   0.18270
   0.18079
   0.17883
   0.17694
   0.17501
   0.17312
   0.17123
   0.16935
   0.16748
   0.16563
   0.16378
   0.16194
   0.16012
   0.15829
   0.15652
   0.15469
   0.15294
   0.15115
   0.14940
   0.14762
   0.14591
   0.14415
   0.14246
   0.14075
   0.13906
   0.13736
   0.13571
   0.13407
   0.13237
   0.13078
   0.12913
   0.12752
   0.12592
   0.12433
   0.12275
   0.12119
   0.11962
   0.11809
   0.11656
   0.11504
   0.11354
   0.11208
   0.11054
   0.10912
   0.10764
   0.10621
   0.10478
   0.10336
   0.10196
   0.10057
   0.09920
   0.09783
   0.09649
   0.09515
   0.09383
   0.09255
   0.09120
   0.08996
   0.08868
   0.08743
   0.08619
   0.08496
   0.08375
   0.08255
   0.08137
   0.08020
   0.07905
   0.07791
   0.07678
   0.07570
   0.07455
   0.07349
   0.07242
   0.07134
   0.07032
   0.06931
   0.06829
   0.06729
   0.06631
   0.06534
   0.06439
   0.06345
   0.06252
   0.06163
   0.06070
   0.05983
   0.05896
   0.05810
   0.05726
   0.05641
   0.05562
   0.05482
   0.05403
   0.05326
   0.05250
   0.05175
   0.05101
   0.05031
   0.04958
   0.04888
   0.04820
   0.04753
   0.04687
   0.04622
   0.04557
   0.04496
   0.04435
   0.04375
   0.04316
   0.04258
   0.04202
   0.04147
   0.04091
   0.04038
   0.03985
   0.03934
   0.03883
   0.03834
   0.03785
   0.03738
   0.03690
   0.03645
   0.03601
   0.03557
   0.03514
   0.03473
   0.03430
   0.03390
   0.03350
   0.03312
   0.03273
   0.03236
   0.03200
   0.03164
   0.03129
   0.03095
   0.03061
   0.03028
   0.02997
   0.02965
   0.02934
   0.02904
   0.02874
   0.02844
   0.02817
   0.02790
   0.02763
   0.02737
   0.02711
   0.02686
   0.02662
   0.02638
   0.02614
   0.02591
   0.02568
   0.02547
   0.02525
   0.02504
   0.02484
   0.02464
   0.02444
   0.02425
   0.02407
   0.02388
   0.02370
   0.02352
   0.02335
   0.02317
   0.02300
   0.02283
   0.02266
   0.02249
   0.02231
   0.02215
   0.02197
   0.02180
   0.02162
   0.02144
   0.02125
   0.02106
   0.02087
   0.02066
   0.02046
   0.02024
   0.02002
   0.01979
   0.01955
   0.01931
   0.01905
   0.01879
   0.01852
   0.01824
   0.01795
   0.01766
   0.01737
   0.01707
   0.01677
   0.01647
   0.01617
   0.01588
   0.01558
   0.01530
   0.01502
   0.01474
   0.01447
   0.01420
   0.01395
   0.01371
   0.01347
   0.01324
   0.01302
   0.01280
   0.01259
   0.01238
   0.01216
   0.01197
   0.01178
   0.01159
   0.01140
   0.01121
   0.01103
   0.01085
   0.01068
   0.01051
   0.01034
   0.01018
   0.01002
   0.00987
   0.00972
   0.00957
   0.00942
   0.00929
   0.00915
   0.00902
   0.00889
   0.00876
   0.00863
   0.00851
   0.00839
   0.00827
   0.00815
   0.00803
   0.00792
   0.00781
   0.00770
   0.00759
   0.00749
   0.00738
   0.00728
   0.00718
   0.00708
   0.00699
   0.00689
   0.00680
   0.00670
   0.00661
   0.00652
   0.00644
   0.00635
   0.00626
   0.00618
   0.00609
   0.00601
   0.00593
   0.00586
   0.00578
   0.00570
   0.00563
   0.00555
   0.00548
   0.00541
   0.00534
   0.00527
   0.00520
   0.00513
   0.00506
   0.00500
   0.00493
   0.00487
   0.00481
   0.00474
   0.00468
   0.00462
   0.00456
   0.00450
   0.00444
   0.00438
   0.00433
   0.00427
   0.00422
   0.00416
   0.00411
   0.00405
   0.00400
   0.00395
   0.00390
   0.00385
   0.00380
   0.00375
   0.00370
   0.00365
   0.00360
   0.00356
   0.00351
   0.00347
   0.00342
   0.00338
   0.00333
   0.00329
   0.00325
   0.00321
   0.00317
   0.00313
   0.00309
   0.00305
   0.00301
   0.00297
   0.00293
   0.00290
   0.00286
   0.00282
   0.00279
   0.00275
   0.00272
   0.00268
   0.00265
   0.00262
   0.00258
   0.00255
   0.00252
   0.00249
   0.00245
   0.00242
   0.00239
   0.00236
   0.00233
   0.00230
   0.00227
   0.00225
   0.00222
   0.00219
   0.00216
   0.00214
   0.00211
   0.00208
   0.00206
   0.00203
   0.00201
   0.00198
   0.00196
   0.00193
   0.00191
   0.00188
   0.00186
   0.00184
   0.00181
   0.00179
   0.00177
   0.00175
   0.00173
   0.00171
   0.00169
   0.00167
   0.00165
   0.00163
   0.00161
   0.00159
   0.00157
   0.00155
   0.00153
   0.00151
   0.00149
   0.00147
   0.00146
   0.00144
   0.00142
   0.00140
   0.00139
   0.00137
   0.00135
   0.00134
   0.00132
   0.00130
   0.00129
   0.00127
   0.00126
   0.00124
   0.00123
   0.00121
   0.00120
   0.00118
   0.00117
   0.00116
   0.00114
   0.00113
   0.00111
   0.00110
   0.00109
   0.00108
   0.00106
   0.00105
   0.00104
   0.00103
   0.00101
   0.00100
   0.00099
   0.00098
   0.00097
   0.00095
   0.00094
   0.00093
   0.00092
   0.00091
   0.00090
   0.00089
   0.00088
   0.00087
   0.00086
   0.00085
   0.00084
   0.00083
   0.00082
   0.00081
   0.00080
   0.00079
   0.00078
   0.00077
   0.00076
   0.00075
   0.00075
   0.00074
   0.00073
   0.00072
   0.00071
   0.00070
   0.00070
   0.00069
   0.00068
   0.00067
   0.00066
   0.00066
   0.00065
   0.00064
   0.00063
   0.00063
   0.00062
   0.00061
   0.00061
   0.00060
   0.00059
   0.00058
   0.00058
   0.00057
   0.00056
   0.00056
   0.00055
   0.00055
   0.00054
   0.00053
   0.00053
   0.00052
   0.00052
   0.00051
   0.00050
   0.00050
   0.00049
   0.00049
   0.00048
   0.00048
   0.00047
   0.00047
   0.00046
   0.00046
   0.00045
   0.00044
   0.00044
   0.00044
   0.00043
   0.00043
   0.00042
   0.00042
   0.00041
   0.00041
   0.00040
   0.00040
   0.00039
   0.00039
   0.00038
   0.00038
   0.00038
   0.00037
   0.00037
   0.00036
   0.00036
   0.00036
   0.00035
   0.00035
   0.00034
   0.00034
   0.00034
   0.00033
   0.00033
   0.00033
   0.00032
   0.00032
   0.00031
   0.00031
   0.00031
   0.00030
   0.00030
   0.00030
   0.00029
   0.00029
   0.00029
   0.00028
   0.00028
   0.00028
   0.00028
   0.00027
   0.00027
   0.00027
   0.00026
   0.00026
   0.00026
   0.00026
   0.00025
   0.00025
   0.00025
   0.00024
   0.00024
   0.00024
   0.00024
   0.00023
   0.00023
   0.00023
   0.00023
   0.00022
   0.00022
   0.00022
   0.00022
   0.00021
   0.00021
   0.00021
   0.00021
   0.00021
   0.00020
   0.00020
   0.00020
   0.00020
   0.00019
   0.00019
   0.00019
   0.00019
   0.00019
   0.00018
   0.00018
   0.00018
   0.00018
   0.00018
   0.00017
   0.00017
   0.00017
   0.00017
   0.00017
   0.00017
   0.00016
   0.00016
   0.00016
   0.00016
   0.00016
   0.00016
   0.00015
   0.00015
   0.00015
   0.00015
   0.00015
   0.00015
   0.00014
   0.00014
   0.00014
   0.00014
   0.00014
   0.00014
   0.00014
   0.00013
   0.00013
   0.00013
   0.00013
   0.00013
   0.00013
   0.00013
   0.00012
   0.00012
   0.00012
   0.00012
   0.00012
   0.00012
   0.00012
   0.00012
   0.00011
   0.00011
   0.00011
   0.00011
   0.00011
   0.00011
   0.00011
   0.00011
   0.00010
   0.00010
   0.00010
   0.00010
   0.00010
   0.00010
   0.00010
   0.00010
   0.00010
   0.00010
   0.00009
   0.00009
   0.00009
   0.00009
   0.00009
   0.00009
   0.00009
   0.00009
   0.00009
   0.00009
   0.00009
   0.00008
   0.00008
   0.00008
   0.00008
   0.00008
   0.00008
   0.00008
   0.00008
   0.00008
   0.00008
   0.00008
   0.00008
   0.00007
   0.00007
   0.00007
   0.00007
   0.00007
   0.00007
   0.00007
   0.00007
   0.00007
   0.00007
   0.00007
   0.00007
   0.00007
   0.00006
   0.00006
   0.00006
   0.00006
   0.00006
   0.00006
   0.00006
   0.00006
   0.00006
   0.00006
   0.00006
   0.00006
   0.00006
   0.00006
   0.00006
   0.00006
   0.00006
   0.00005
   0.00005
   0.00005
   0.00005
   0.00005
   0.00005
   0.00005
   0.00005
   0.00005
   0.00005
   0.00005
   0.00005
   0.00005
   0.00005
   0.00005
   0.00005
   0.00005
   0.00005
   0.00005
   0.00004
   0.00004
   0.00004
   0.00004
   0.00004
   0.00004
   0.00004
   0.00004
   0.00004
   0.00004
   0.00004
   0.00004
   0.00004
   0.00004
   0.00004
   0.00004
   0.00004
   0.00004
   0.00004
   0.00004
