   0.82379
   0.79271
   0.77803
   0.77127
   0.75838
   0.75307
   0.74767
   0.74138
   0.73641
   0.73043
   0.72680
   0.72229
   0.72006
   0.72966
   0.71516
   0.71729
   0.70928
   0.71097
   0.70756
   0.70736
   0.70657
   0.76085
   0.74884
   0.74435
   0.74867
   0.74202
   0.74102
   0.74113
   0.74242
   0.74475
   0.74941
   0.74920
   0.75237
   0.75350
   0.75392
   0.75417
   0.75519
   0.75423
   0.75085
   0.75064
   0.74530
   0.74111
   0.73680
   0.72969
   0.72257
   0.71285
   0.70364
   0.69337
   0.68418
   0.66787
   0.66252
   0.63665
   0.62138
   0.59031
   0.58624
   0.58414
   0.57539
   0.56851
   0.56113
   0.55390
   0.54455
   0.53638
   0.52845
   0.52052
   0.51232
   0.50409
   0.49602
   0.48835
   0.48115
   0.47489
   0.46996
   0.46610
   0.46243
   0.45778
   0.45103
   0.44248
   0.43325
   0.42407
   0.41561
   0.40773
   0.40022
   0.39323
   0.38633
   0.37928
   0.37279
   0.36584
   0.35938
   0.35302
   0.34686
   0.34061
   0.33514
   0.32961
   0.32359
   0.31803
   0.31264
   0.30733
   0.30222
   0.29697
   0.29071
   0.28668
   0.28304
   0.27601
   0.27153
   0.26952
   0.26401
   0.25786
   0.25322
   0.24947
   0.24493
   0.24052
   0.23672
   0.23279
   0.22842
   0.22382
   0.21880
   0.21437
   0.20962
   0.20527
   0.20061
   0.19592
   0.19179
   0.18748
   0.18347
   0.17870
   0.17438
   0.17063
   0.16689
   0.16333
   0.16007
   0.15680
   0.15386
   0.15085
   0.14799
   0.14548
   0.14311
   0.14046
   0.13785
   0.13520
   0.13362
   0.12984
   0.12894
   0.12816
   0.12505
   0.12523
   0.12121
   0.12040
   0.11891
   0.11607
   0.11289
   0.11157
   0.10996
   0.10903
   0.10863
   0.10642
   0.10524
   0.10346
   0.10135
   0.09890
   0.09660
   0.09381
   0.08893
   0.08551
   0.08307
   0.08102
   0.07899
   0.07744
   0.07605
   0.07362
   0.07315
   0.06995
   0.06873
   0.06697
   0.06535
   0.06369
   0.06139
   0.06122
   0.06081
   0.06074
   0.05760
   0.05410
   0.05318
   0.05125
   0.04974
   0.04850
   0.04655
   0.04534
   0.04346
   0.04236
   0.04044
   0.03907
   0.03770
   0.03740
   0.03481
   0.03449
   0.03191
   0.03175
   0.03052
   0.02906
   0.02773
   0.02657
   0.02513
   0.02472
   0.02202
   0.02088
   0.01996
   0.01894
   0.01815
   0.01699
   0.01617
   0.01556
   0.01503
   0.01443
   0.01442
   0.01343
   0.01492
   0.01178
   0.01757
   0.01413
   0.01029
   0.46514
   0.01357
   0.01331
   0.01346
   0.01342
   0.01313
   0.01262
   0.01213
   0.01172
   0.01139
   0.01113
   0.01091
   0.01073
   0.01056
   0.01042
   0.01026
   0.01018
   0.00997
   0.01015
   0.00967
   0.01162
   2.12335
   0.02018
   0.01418
   0.01735
   0.01732
   0.01520
   0.01592
   0.01522
   0.01481
   0.01385
   0.01287
   0.01211
   0.01146
   0.01103
   0.01069
   0.01039
   0.01012
   0.00987
   0.00962
   0.00939
   0.00915
   0.00896
   0.00877
   0.00855
   0.00839
   0.00819
   0.00802
   0.00783
   0.00767
   0.00751
   0.00733
   0.00718
   0.00701
   0.00687
   0.00671
   0.00657
   0.00641
   0.00627
   0.00612
   0.00597
   0.00583
   0.00569
   0.00555
   0.00541
   0.00528
   0.00515
   0.00503
   0.00491
   0.00479
   0.00467
   0.00456
   0.00444
   0.00433
   0.00422
   0.00411
   0.00400
   0.00389
   0.00378
   0.00368
   0.00359
   0.00350
   0.00342
   0.00335
   0.00328
   0.00321
   0.00314
   0.00307
   0.00301
   0.00294
   0.00288
   0.00282
   0.00276
   0.00270
   0.00264
   0.00258
   0.00253
   0.00247
   0.00242
   0.00237
   0.00232
   0.00227
   0.00222
   0.00217
   0.00213
   0.00208
   0.00203
   0.00199
   0.00196
   0.00190
   0.00186
   0.00183
   0.00178
   0.00174
   0.00171
   0.00166
   0.00162
   0.00158
   0.00155
   0.00151
   0.00149
   0.00145
   0.00141
   0.00137
   0.00133
   0.00130
   0.00126
   0.00123
   0.00120
   0.00117
   0.00116
   0.00115
   0.00118
   0.00120
   0.00124
   0.00134
   0.00143
   0.00147
   0.00142
   0.00134
   0.00128
   0.00128
   0.00119
   0.00115
   0.00115
   0.00111
   0.00109
   0.00105
   0.00103
   0.00100
   0.00100
   0.00097
   0.00096
   0.00098
   0.00105
   0.00092
   0.00084
   0.00076
   0.00156
   0.55037
   0.27467
   0.21251
   0.18086
   0.17004
   0.15544
   0.14729
   0.13984
   0.13316
   0.12089
   0.11531
   0.10732
   0.10119
   0.09686
   0.09301
   0.08948
   0.08224
   0.07844
   0.07564
   0.07303
   0.07054
   0.06819
   0.06594
   0.06381
   0.06176
   0.05979
   0.05791
   0.05609
   0.05432
   0.05253
   0.04882
   0.04704
   0.04559
   0.04420
   0.04286
   0.04157
   0.04032
   0.03911
   0.03794
   0.03680
   0.03570
   0.03464
   0.03360
   0.03260
   0.03162
   0.03067
   0.02975
   0.02886
   0.02800
   0.02719
   0.02645
   0.02580
   0.02540
   0.02520
   0.02594
   0.02597
   0.03262
   0.02719
   0.03800
   0.04003
   0.04841
   0.04387
   0.10647
   0.05067
   0.04623
   0.01671
   0.01689
   0.01655
   0.01625
   0.01595
   0.01566
   0.01540
   0.01516
   0.01496
   0.01485
   0.01494
   0.01567
   0.01937
   0.03384
   0.02591
   0.02800
   0.02133
   0.02585
   0.01615
   0.02658
   0.01207
   0.01672
   0.01328
   0.01642
   0.01062
   0.01681
   0.00966
   0.01007
   0.01337
   0.00906
   0.00907
   0.01099
   0.00853
   0.00835
   0.00854
   0.00806
   0.00801
   0.00769
   0.00753
   0.00736
   0.00724
   0.00717
   0.00713
   0.00705
   0.00692
   0.00679
   0.00664
   0.00651
   0.00638
   0.00625
   0.00611
   0.00599
   0.00586
   0.00574
   0.00562
   0.00550
   0.00539
