   0.53040
   0.56082
   0.55803
   0.49202
   0.47301
   0.47070
   0.45908
   0.46711
   0.46894
   0.46838
   0.46797
   0.46430
   0.46274
   0.45962
   0.45721
   0.45426
   0.45180
   0.44817
   0.45226
   0.59585
   0.54238
   0.52019
   0.51071
   0.50667
   0.50496
   0.50420
   0.50394
   0.50383
   0.50378
   0.50377
   0.50376
   0.50376
   0.50377
   0.50377
   0.50377
   0.50378
   0.50378
   0.50379
   0.50380
   0.50380
   0.50381
   0.50381
   0.50382
   0.50383
   0.50383
   0.50384
   0.50385
   0.50385
   0.50386
   0.50386
   0.50387
   0.50384
   0.50388
   0.50389
   0.50390
   0.50391
   0.50392
   0.50392
   0.50393
   0.50393
   0.50393
   0.50394
   0.50394
   0.50395
   0.50395
   0.50396
   0.50396
   0.50397
   0.50397
   0.50398
   0.50398
   0.50399
   0.50400
   0.50400
   0.50401
   0.50401
   0.50402
   0.50402
   0.50403
   0.50403
   0.50404
   0.50404
   0.50404
   0.50405
   0.50405
   0.50406
   0.50406
   0.50406
   0.50407
   0.50407
   0.50407
   0.50408
   0.50408
   0.50409
   0.50409
   0.50409
   0.50410
   0.50410
   0.50411
   0.50411
   0.50411
   0.50412
   0.50412
   0.50413
   0.50413
   0.50414
   0.50414
   0.50414
   0.50415
   0.50415
   0.50415
   0.50415
   0.50416
   0.50416
   0.50417
   0.50417
   0.50418
   0.50418
   0.50418
   0.50419
   0.50419
   0.50419
   0.50420
   0.50420
   0.50421
   0.50422
   0.50422
   0.50423
   0.50423
   0.50424
   0.50424
   0.50424
   0.50425
   0.50425
   0.50425
   0.50426
   0.50426
   0.50426
   0.50427
   0.50427
   0.50427
   0.50428
   0.50428
   0.50429
   0.50429
   0.50430
   0.50430
   0.50431
   0.50431
   0.50431
   0.50432
   0.50432
   0.50432
   0.50432
   0.50432
   0.50432
   0.50433
   0.50433
   0.50433
   0.50433
   0.50434
   0.50434
   0.50434
   0.50434
   0.50435
   0.50435
   0.50435
   0.50436
   0.50436
   0.50436
   0.50437
   0.50437
   0.50437
   0.50438
   0.50438
   0.50438
   0.50439
   0.50439
   0.50440
   0.50441
   0.50441
   0.50442
   0.50443
   0.50443
   0.50443
   0.50444
   0.50444
   0.50444
   0.50445
   0.50445
   0.50445
   0.50445
   0.50446
   0.50446
   0.50447
   0.50447
   0.50448
   0.50448
   0.50448
   0.50449
   0.50449
   0.50449
   0.50449
   0.50450
   0.50450
   0.50450
   0.50450
   0.50451
   0.50451
   0.50452
   0.50452
   0.50453
   0.50453
   0.50453
   0.50453
   0.50454
   0.50454
   0.50454
   0.50454
   0.50455
   0.50455
   0.50455
   0.50455
   0.50456
   0.50456
   0.50456
   0.50457
   0.50457
   0.50457
   0.50458
   0.50458
   0.50458
   0.50458
   0.50458
   0.50458
   0.50458
   0.50458
   0.50459
   0.50459
   0.50459
   0.50459
   0.50459
   0.50459
   0.50460
   0.50460
   0.50460
   0.50460
   0.50460
   0.50461
   0.50461
   0.50461
   0.50461
   0.50462
   0.50462
   0.50462
   0.50462
   0.50463
   0.50463
   0.50463
   0.50463
   0.50464
   0.50464
   0.50465
   0.50466
   0.50466
   0.50467
   0.50467
   0.50467
   0.50468
   0.50468
   0.50468
   0.50468
   0.50468
   0.50469
   0.50469
   0.50469
   0.50469
   0.50470
   0.50470
   0.50470
   0.50470
   0.50471
   0.50471
   0.50472
   0.50472
   0.50472
   0.50472
   0.50472
   0.50472
   0.50473
   0.50473
   0.50473
   0.50473
   0.50473
   0.50473
   0.50473
   0.50473
   0.50474
   0.50474
   0.50474
   0.50474
   0.50474
   0.50474
   0.50474
   0.50475
   0.50475
   0.50475
   0.50475
   0.50475
   0.50475
   0.50476
   0.50476
   0.50476
   0.50476
   0.50477
   0.50477
   0.50478
   0.50478
   0.50478
   0.50478
   0.50478
   0.50478
   0.50479
   0.50479
   0.50479
   0.50479
   0.50479
   0.50479
   0.50479
   0.50479
   0.50480
   0.50480
   0.50480
   0.50480
   0.50480
   0.50480
   0.50480
   0.50480
   0.50480
   0.50481
   0.50481
   0.50481
   0.50481
   0.50481
   0.50481
   0.50481
   0.50481
   0.50482
   0.50482
   0.50482
   0.50482
   0.50482
   0.50482
   0.50482
   0.50483
   0.50483
   0.50483
   0.50483
   0.50483
   0.50483
   0.50483
   0.50484
   0.50484
   0.50484
   0.50484
   0.50484
   0.50484
   0.50485
   0.50485
   0.50485
   0.50485
   0.50485
   0.50485
   0.50486
   0.50487
   0.50487
   0.50487
   0.50487
   0.50488
   0.50488
   0.50488
   0.50488
   0.50488
   0.50488
   0.50488
   0.50489
   0.50489
   0.50489
   0.50489
   0.50489
   0.50489
   0.50489
   0.50489
   0.50490
   0.50490
   0.50490
   0.50490
   0.50490
   0.50490
   0.50490
   0.50490
   0.50490
   0.50490
   0.50490
   0.50490
   0.50490
   0.50490
   0.50490
   0.50490
   0.50490
   0.50490
   0.50491
   0.50491
   0.50491
   0.50491
   0.50491
   0.50491
   0.50491
   0.50491
   0.50491
   0.50491
   0.50491
   0.50491
   0.50491
   0.50491
   0.50491
   0.50491
   0.50491
   0.50491
   0.50492
   0.50492
   0.50492
   0.50492
   0.50492
   0.50492
   0.50492
   0.50493
   0.50493
   0.50493
   0.50494
   0.50494
   0.50494
   0.50495
   0.50495
   0.50495
   0.50495
   0.50495
   0.50495
   0.50495
   0.50496
   0.50496
   0.50496
   0.50496
   0.50497
   0.50497
   0.50497
   0.50498
   0.50498
   0.50498
   0.50498
   0.50498
   0.50498
   0.50498
   0.50498
   0.50498
   0.50498
   0.50498
   0.50499
   0.50499
   0.50499
   0.50499
   0.50499
   0.50499
   0.50499
   0.50499
   0.50499
   0.50499
   0.50499
   0.50499
   0.50499
   0.50499
   0.50499
   0.50499
   0.50500
   0.50500
   0.50500
   0.50500
   0.50500
   0.50500
   0.50500
   0.50500
   0.50500
   0.50500
   0.50500
   0.50500
   0.50500
   0.50500
   0.50501
   0.50501
   0.50501
   0.50501
   0.50501
   0.50501
   0.50501
   0.50501
   0.50501
   0.50501
   0.50501
   0.50501
   0.50501
   0.50501
   0.50502
   0.50502
   0.50502
   0.50502
   0.50502
   0.50502
   0.50502
   0.50502
   0.50502
   0.50502
   0.50502
   0.50502
   0.50502
   0.50502
   0.50503
   0.50503
   0.50503
   0.50503
   0.50503
   0.50503
   0.50503
   0.50503
   0.50503
   0.50503
   0.50503
   0.50503
   0.50503
   0.50504
   0.50504
   0.50504
   0.50504
   0.50504
   0.50504
   0.50504
   0.50504
   0.50504
   0.50504
   0.50504
   0.50504
   0.50505
   0.50505
   0.50505
   0.50505
   0.50505
   0.50505
   0.50505
   0.50505
   0.50505
   0.50505
   0.50505
   0.50506
   0.50506
   0.50506
   0.50506
   0.50506
   0.50506
   0.50506
   0.50506
   0.50506
   0.50506
   0.50506
   0.50506
   0.50507
   0.50507
   0.50507
   0.50507
   0.50507
   0.50507
   0.50507
   0.50507
   0.50507
   0.50507
   0.50507
   0.50508
   0.50508
   0.50507
   0.50507
   0.50507
   0.50507
   0.50507
   0.50507
   0.50507
   0.50507
   0.50507
   0.50507
   0.50507
   0.50507
   0.50508
   0.50508
   0.50508
   0.50508
   0.50508
   0.50508
   0.50508
   0.50508
   0.50508
   0.50508
   0.50508
   0.50508
   0.50508
   0.50508
   0.50508
   0.50508
   0.50508
   0.50508
   0.50508
   0.50508
   0.50508
   0.50508
   0.50508
   0.50508
   0.50508
   0.50508
   0.50508
   0.50508
   0.50508
   0.50508
   0.50508
   0.50508
   0.50508
   0.50508
   0.50508
   0.50508
   0.50508
   0.50508
   0.50508
   0.50508
   0.50508
   0.50508
   0.50508
   0.50508
   0.50508
   0.50509
   0.50509
   0.50509
   0.50509
   0.50509
   0.50509
   0.50509
   0.50509
   0.50510
   0.50510
   0.50510
   0.50510
   0.50511
   0.50511
   0.50511
   0.50511
   0.50511
   0.50511
   0.50511
   0.50511
   0.50511
   0.50511
   0.50511
   0.50511
   0.50511
   0.50511
   0.50511
   0.50511
   0.50511
   0.50511
   0.50511
   0.50511
   0.50511
   0.50511
   0.50511
   0.50511
   0.50511
   0.50512
   0.50512
   0.50512
   0.50512
   0.50512
   0.50512
   0.50512
   0.50512
   0.50512
   0.50512
   0.50512
   0.50512
   0.50512
   0.50512
   0.50511
   0.50511
   0.50511
   0.50511
   0.50511
   0.50511
   0.50511
   0.50512
   0.50512
   0.50512
   0.50512
   0.50513
   0.50513
   0.50513
   0.50513
   0.50513
   0.50513
   0.50514
   0.50514
   0.50514
   0.50514
   0.50514
   0.50514
   0.50514
   0.50514
   0.50514
   0.50514
   0.50514
   0.50514
   0.50514
   0.50514
   0.50514
   0.50514
   0.50514
   0.50514
   0.50514
   0.50514
   0.50514
   0.50514
   0.50514
   0.50514
   0.50514
   0.50514
   0.50514
   0.50514
   0.50514
   0.50514
   0.50514
   0.50514
   0.50514
   0.50514
   0.50514
   0.50514
   0.50514
   0.50514
   0.50514
   0.50514
   0.50514
   0.50514
   0.50514
   0.50514
   0.50515
   0.50515
   0.50515
   0.50515
   0.50515
   0.50515
   0.50515
   0.50515
   0.50515
   0.50515
   0.50515
   0.50515
   0.50515
   0.50515
   0.50515
   0.50515
   0.50515
   0.50515
   0.50515
   0.50515
   0.50515
   0.50515
   0.50515
   0.50515
   0.50515
   0.50515
   0.50515
   0.50515
   0.50515
   0.50515
   0.50515
   0.50515
   0.50515
   0.50515
   0.50515
   0.50515
   0.50515
   0.50515
   0.50515
   0.50515
   0.50515
   0.50515
   0.50515
   0.50515
   0.50515
   0.50515
   0.50515
   0.50515
   0.50515
   0.50516
   0.50516
   0.50516
   0.50516
   0.50516
   0.50516
   0.50516
   0.50516
   0.50516
   0.50516
   0.50516
   0.50516
   0.50516
   0.50516
   0.50516
   0.50516
   0.50516
   0.50516
   0.50516
   0.50516
   0.50516
   0.50516
   0.50516
   0.50516
   0.50516
   0.50516
   0.50516
   0.50516
   0.50516
   0.50516
   0.50516
   0.50516
   0.50516
   0.50516
   0.50516
   0.50516
   0.50516
   0.50516
   0.50516
   0.50516
   0.50516
   0.50516
   0.50516
   0.50516
   0.50516
   0.50516
   0.50516
   0.50517
   0.50517
   0.50517
   0.50517
   0.50517
   0.50517
   0.50517
   0.50517
   0.50517
   0.50517
   0.50517
   0.50517
   0.50517
   0.50517
   0.50517
   0.50517
   0.50517
   0.50517
   0.50517
   0.50517
   0.50517
   0.50517
   0.50517
   0.50517
   0.50517
   0.50517
   0.50517
   0.50517
   0.50517
   0.50517
   0.50517
   0.50517
   0.50517
   0.50517
   0.50517
   0.50517
   0.50517
   0.50517
   0.50517
   0.50517
   0.50517
   0.50517
   0.50517
   0.50517
   0.50517
   0.50517
   0.50518
   0.50518
   0.50518
   0.50518
   0.50518
   0.50518
   0.50518
   0.50518
   0.50518
   0.50518
   0.50518
   0.50518
   0.50518
   0.50518
   0.50518
   0.50518
   0.50518
   0.50518
   0.50518
   0.50518
   0.50518
   0.50518
   0.50518
   0.50518
   0.50518
   0.50518
   0.50518
   0.50518
   0.50518
   0.50518
   0.50518
   0.50518
   0.50518
   0.50518
   0.50518
   0.50518
   0.50518
   0.50518
   0.50518
   0.50518
   0.50518
   0.50518
   0.50518
   0.50519
   0.50519
   0.50519
   0.50519
   0.50519
   0.50519
   0.50519
   0.50519
   0.50519
   0.50519
   0.50519
   0.50519
   0.50519
   0.50519
   0.50519
   0.50519
   0.50519
   0.50519
   0.50519
   0.50519
   0.50519
   0.50519
   0.50519
   0.50519
   0.50519
   0.50519
   0.50519
   0.50519
   0.50519
   0.50519
   0.50519
   0.50519
   0.50519
   0.50519
   0.50519
   0.50519
   0.50519
   0.50519
   0.50519
   0.50519
   0.50519
   0.50519
   0.50520
   0.50520
   0.50520
   0.50520
   0.50520
   0.50520
   0.50520
   0.50520
   0.50520
   0.50520
   0.50520
   0.50520
   0.50520
   0.50520
   0.50520
   0.50520
   0.50520
   0.50520
