   0.72620
   0.71792
   0.71567
   0.72086
   0.71673
   0.71571
   0.71337
   0.71229
   0.71723
   0.71587
   0.71583
   0.71924
   0.72184
   0.71650
   0.71702
   0.72204
   0.72619
   0.72615
   0.72749
   0.72973
   0.73018
   0.72970
   0.72842
   0.72792
   0.72595
   0.72351
   0.72111
   0.71945
   0.71797
   0.71741
   0.71788
   0.71892
   0.72094
   0.72200
   0.72163
   0.71861
   0.71511
   0.71142
   0.70125
   0.69286
   0.68191
   0.66904
   0.65600
   0.64177
   0.62672
   0.61045
   0.59574
   0.58149
   0.56703
   0.55264
   0.53856
   0.52498
   0.51159
   0.49852
   0.48663
   0.47370
   0.46116
   0.44868
   0.43521
   0.42270
   0.41025
   0.39779
   0.38531
   0.37297
   0.36206
   0.34870
   0.33593
   0.32269
   0.30911
   0.29540
   0.28118
   0.26737
   0.25404
   0.24057
   0.22753
   0.21471
   0.20211
   0.19064
   0.17961
   0.16986
   0.16040
   0.15188
   0.14408
   0.13690
   0.13040
   0.12465
   0.11941
   0.11494
   0.11088
   0.10726
   0.10532
   0.10865
   0.12408
   0.14806
   0.17002
   0.16918
   0.16041
   0.16537
   0.17010
   0.10092
   0.05630
   0.06367
   0.28041
   0.13137
   0.16962
   0.21567
   0.14435
   0.23163
   0.28982
   0.23765
   0.24772
   0.24133
   0.21673
   0.20859
   0.03706
   0.05967
   0.13398
   0.09145
   0.08136
   0.03190
   0.25805
   0.10895
   0.03641
   0.03132
   0.02981
   0.04273
   0.04851
   0.12055
   0.12620
   0.22382
   0.21424
   0.18461
   0.06312
   0.20070
   0.01245
   0.01223
   0.07259
   0.05870
   0.01203
   0.01270
   0.01327
   0.01197
   0.01653
   0.06405
   0.12783
   0.11475
   0.01242
   0.00944
   0.01476
   0.04276
   0.05823
   0.00829
   0.04154
   0.11597
   0.01874
   0.01990
   0.01517
   0.01378
   0.01349
   0.01422
   0.04743
   0.01957
   0.01595
   0.02240
   0.01373
   0.03922
   0.02375
   0.01682
   0.01749
   0.01688
   0.01198
   0.01393
   0.01368
   0.11304
   0.01141
   0.00899
   0.01014
   0.00805
   0.00868
   0.00752
   0.00656
   0.00676
   0.00774
   0.00681
   0.02504
   0.01007
   0.01316
   0.02597
   0.00579
   0.00859
   0.01136
   0.01726
   0.03593
   0.01978
   0.01710
   0.01846
   0.01331
   0.01998
   0.01528
   0.00857
   0.00741
   0.00686
   0.00639
   0.00607
   0.01727
   0.00957
   0.01080
   0.04544
   0.02236
   0.01538
   0.00685
   0.01226
   0.00907
   0.01161
   0.01342
   0.01109
   0.01529
   0.01076
   0.00786
   0.12144
   0.08736
   0.07153
   0.05808
   0.06815
   0.07263
   0.05528
   0.04826
   0.04487
   0.03750
   0.10639
   0.07038
   0.06275
   0.05382
   0.07796
   0.05619
   0.05591
   0.04329
   0.03797
   0.03632
   0.04283
   0.04441
   0.04123
   0.03364
   0.03888
   0.03068
   0.02891
   0.02379
   0.03144
   0.02607
   0.02393
   0.02300
   0.02351
   0.02476
   0.02206
   0.02175
   0.02049
   0.02033
   0.01819
   0.01791
   0.02171
   0.01765
   0.01651
   0.01621
   0.01638
   0.01514
   0.01479
   0.01523
   0.01437
   0.02183
   0.01345
   0.19837
   0.16184
   0.15015
   0.14397
   0.14067
   0.13771
   0.13383
   0.12512
   0.11727
   0.11208
   0.10682
   0.10128
   0.09613
   0.09194
   0.09042
   0.09329
   0.09448
   0.10320
   0.10958
   0.09249
   0.09223
   0.11290
   0.07623
   0.06173
   0.05550
   0.11961
   0.10954
   0.04375
   0.16655
   0.05606
   0.04069
   0.18238
   0.04903
   0.04015
   0.03502
   0.03777
   0.04424
   0.05053
   0.04677
   0.04480
   0.04359
   0.04129
   0.04096
   0.04135
   0.04005
   0.04060
   0.03913
   0.03902
   0.03811
   0.03791
   0.03752
   0.03766
   0.03779
   0.03741
   0.03715
   0.03691
   0.03669
   0.03672
   0.03691
   0.03736
   0.03791
   0.03857
   0.03921
   0.03789
   0.03837
   0.03742
   0.03548
   0.02768
   0.03048
   0.03272
   0.09396
   0.02562
   0.02877
   0.03002
   0.01771
   0.02122
   0.02288
   0.02602
   0.01946
   0.01887
   0.02187
   0.02234
   0.02348
   0.02024
   0.01675
   0.01698
   0.01123
   0.01669
   0.01202
   0.01077
   0.00880
   0.05428
   0.04324
   0.04371
   0.04348
   0.04145
   0.03297
   0.02237
   0.01484
   0.01066
   0.01082
   0.02444
   0.02778
   0.03226
   0.03864
   0.04176
   0.03513
   0.02569
   0.01828
   0.01366
   0.01055
   0.02179
   0.01538
   0.01687
   0.01764
   0.01967
   0.02484
   0.03140
   0.03454
   0.03075
   0.02472
   0.01955
   0.01609
   0.01358
   0.01094
   0.02424
   0.01724
   0.01555
   0.01468
   0.01483
   0.01546
   0.01862
   0.02310
   0.02544
   0.02393
   0.01989
   0.01625
   0.01287
   0.14635
   0.01549
   0.01365
   0.01225
   0.01103
   0.01018
   0.00990
   0.00987
   0.01103
   0.01290
   0.01524
   0.01606
   0.01518
   0.01304
   0.01230
   0.00881
   2.32494
   0.00705
   0.00664
   0.00646
   0.00655
   0.00703
   0.00816
   0.01020
   0.01186
   0.01226
   0.01129
   0.00992
   0.00871
   0.00639
   0.00465
   0.00448
   0.00512
   0.00563
   0.00530
   0.00490
   0.00450
   0.00418
   0.00397
   0.00385
   0.00386
   0.00412
   0.00487
   0.00594
   0.00695
   0.00723
   0.00669
   0.00584
   7.33921
   0.01085
   0.00887
   0.00746
   0.00636
   0.00540
   0.00462
   0.00405
   0.00361
   0.00333
   0.00309
   0.00293
   0.00288
   0.00308
   0.00348
   0.00384
   0.00402
   0.00399
   0.00359
   0.00317
   0.63748
   0.00253
   0.00240
   0.00224
   0.00208
   0.00194
   0.00182
   0.00173
   0.00166
   0.00162
   0.00162
   0.00169
   0.00179
   0.00188
   0.00194
   0.00190
   0.00180
   0.00150
   0.00114
   1.78008
   0.00165
   0.00166
   0.00165
   0.00161
