   0.64270
   0.64173
   0.64136
   0.64121
   0.64133
   0.64139
   0.64196
   0.64246
   0.64254
   0.64290
   0.64246
   0.64257
   0.64235
   0.64256
   0.64195
   0.64235
   0.64222
   0.64202
   0.64178
   0.64154
   0.64124
   0.64095
   0.64036
   0.64027
   0.63988
   0.63948
   0.63903
   0.63850
   0.63804
   0.63743
   0.63694
   0.63641
   0.63575
   0.63555
   0.63509
   0.63406
   0.63343
   0.63273
   0.63225
   0.63154
   0.63066
   0.63005
   0.62922
   0.62841
   0.62772
   0.62709
   0.62681
   0.62604
   0.62575
   0.62646
   0.62605
   0.62433
   0.62425
   0.62392
   0.62382
   0.62330
   0.62352
   0.62234
   0.62079
   0.61925
   0.61751
   0.61549
   0.61334
   0.61004
   0.60599
   0.60186
   0.59770
   0.59341
   0.58925
   0.58496
   0.58123
   0.57722
   0.57444
   0.57034
   0.56764
   0.56574
   0.56459
   0.56447
   0.56206
   0.55747
   0.55143
   0.54695
   0.54411
   0.54237
   0.54045
   0.53870
   0.53468
   0.52969
   0.52306
   0.51623
   0.50892
   0.50149
   0.49414
   0.48711
   0.48037
   0.47371
   0.46762
   0.46158
   0.45582
   0.45013
   0.44459
   0.43918
   0.43385
   0.42858
   0.42338
   0.41824
   0.41317
   0.40807
   0.40305
   0.39803
   0.39306
   0.38813
   0.38322
   0.37835
   0.37350
   0.36868
   0.36389
   0.35912
   0.35437
   0.34965
   0.34494
   0.34027
   0.33557
   0.33091
   0.32624
   0.32156
   0.31692
   0.31224
   0.30756
   0.30286
   0.29811
   0.29334
   0.28854
   0.28374
   0.27889
   0.27399
   0.26911
   0.26415
   0.25920
   0.25422
   0.24921
   0.24417
   0.23910
   0.23400
   0.22897
   0.22376
   0.21865
   0.21358
   0.20848
   0.20344
   0.19844
   0.19347
   0.18854
   0.18368
   0.17887
   0.17415
   0.16945
   0.16487
   0.16038
   0.15600
   0.15169
   0.14750
   0.14340
   0.13939
   0.13550
   0.13171
   0.12802
   0.12445
   0.12098
   0.11761
   0.11434
   0.11118
   0.10811
   0.10513
   0.10223
   0.09942
   0.09670
   0.09406
   0.09147
   0.08899
   0.08657
   0.08420
   0.08189
   0.08037
   0.07790
   0.07559
   0.07338
   0.07120
   0.06906
   0.06697
   0.06497
   0.06307
   0.06103
   0.05921
   0.05725
   0.05535
   0.05361
   0.05176
   0.04997
   0.04822
   0.04658
   0.04484
   0.04321
   0.04166
   0.04005
   0.03847
   0.03699
   0.03552
   0.03410
   0.03272
   0.03138
   0.03009
   0.02884
   0.02764
   0.02648
   0.02538
   0.02431
   0.02330
   0.02232
   0.02139
   0.02050
   0.01965
   0.01884
   0.01806
   0.01733
   0.01663
   0.01596
   0.01533
   0.01474
   0.01419
   0.01366
   0.01318
   0.01273
   0.01232
   0.01194
   0.01160
   0.01127
   0.01097
   0.01069
   0.01043
   0.01017
   0.00994
   0.00972
   0.00951
   0.00932
   0.00915
   0.00901
   0.00890
   0.00881
   0.00875
   0.00873
   0.00878
   0.00889
   0.00912
   0.00953
   0.01023
   0.01142
   0.01354
   0.01740
   0.02444
   0.03292
   0.02767
   0.04594
   0.07079
   0.01477
   0.02527
   0.02213
   0.00633
   0.00324
   0.00291
   0.00305
   0.00276
   0.00284
   0.00263
   0.00263
   0.00254
   0.00249
   0.00246
   0.00246
   0.00242
   0.00232
   0.00230
   0.00228
   0.00242
   0.00935
   0.00209
   0.01326
   0.00676
   0.00157
   0.00234
   0.00143
   0.00664
   0.00220
   0.00129
   0.00142
   0.01647
   0.00152
   0.00172
   0.00137
   0.00213
   0.00213
   0.00214
   0.00203
   0.00154
   0.00119
   0.00116
   0.00126
   0.00144
   0.00094
   0.00095
   0.00129
   0.00101
   0.00118
   0.00078
   0.00088
   0.00084
   0.00090
   0.00066
   0.00063
   0.00060
   0.00057
   0.00061
   0.00052
   0.00050
   0.00047
   0.00045
   0.00043
   0.00041
   0.00039
   0.00038
   0.00036
   0.00034
   0.00033
   0.00031
   0.00030
   0.00029
   0.00027
   0.00026
   0.00025
   0.00024
   0.00023
   0.00022
   0.00021
   0.00020
   0.00019
   0.00018
   0.00017
   0.00017
   0.00016
   0.00015
   0.00015
   0.00014
   0.00014
   0.00013
   0.00013
   0.00013
   0.00012
   0.00012
   0.00012
   0.00012
   0.00012
   0.00019
   0.00018
   0.00021
   0.00018
   0.00017
   0.00015
   0.00015
   0.00014
   0.00014
   0.00014
   0.00014
   0.00014
   0.00014
   0.00014
   0.00014
   0.00014
   0.00014
   0.00014
   0.00014
   0.00013
   0.00013
   0.00013
   0.00013
   0.00012
   0.00010
   0.00009
   0.00008
   0.00008
   0.00008
   0.00008
   0.00008
   0.00007
   0.00014
   0.00038
   0.00025
   0.00023
   0.00024
   0.00024
   0.00025
   0.00026
   0.00028
   0.00029
   0.00030
   0.00029
   0.00026
   0.00024
   0.00022
   0.00021
   0.00020
   0.00020
   0.00020
   0.00020
   0.00021
   0.00021
   0.00022
   0.00023
   0.00023
   0.00023
   0.00023
   0.00022
   0.00021
   0.00020
   0.00018
   0.00017
   0.00015
   0.00014
   0.00013
   0.00012
   0.00012
   0.00011
   0.00011
   0.00011
   0.00021
   0.00010
   0.34943
   0.00015
   0.00017
   0.00017
   0.00018
   0.00019
   0.00019
   0.00020
   0.00020
   0.00018
   0.00017
   0.00015
   0.00014
   0.00013
   0.00013
   0.00013
   0.00013
   0.00013
   0.00014
   0.00015
   0.00016
   0.00016
   0.00015
   0.00015
   0.00014
   0.00013
   0.00012
   0.00011
   0.00010
   0.00009
   0.00008
   0.00008
   0.00008
   0.00007
   0.00007
   0.00007
   0.00018
   0.00018
   0.00012
   0.00009
   0.00006
   0.00009
   0.00006
   0.00006
   0.00006
   0.00006
   0.00005
   0.00006
   0.00005
   0.00005
   0.00005
   0.00005
   0.00005
   0.00004
   0.00004
   0.00004
   0.00005
   0.00004
   0.00004
   0.00004
   0.00004
   0.00003
   0.00003
   0.00003
   0.00003
