   0.65109
   0.65063
   0.64733
   0.64549
   0.64223
   0.64086
   0.63763
   0.63470
   0.63179
   0.62983
   0.62731
   0.62486
   0.62236
   0.61990
   0.61744
   0.61488
   0.61256
   0.60981
   0.60750
   0.60470
   0.60232
   0.59945
   0.59680
   0.59445
   0.59132
   0.58876
   0.58572
   0.58299
   0.58059
   0.57717
   0.57404
   0.57112
   0.56791
   0.56497
   0.56179
   0.55875
   0.55517
   0.55146
   0.54844
   0.54528
   0.53829
   0.53539
   0.53473
   0.52912
   0.52521
   0.52146
   0.51735
   0.51299
   0.50967
   0.50529
   0.50160
   0.49736
   0.49354
   0.48912
   0.48512
   0.48141
   0.47676
   0.47306
   0.46842
   0.46427
   0.46052
   0.45577
   0.45155
   0.44733
   0.44314
   0.43890
   0.43468
   0.43088
   0.42631
   0.42262
   0.41809
   0.41433
   0.40984
   0.40628
   0.40185
   0.39818
   0.39412
   0.39081
   0.38674
   0.38383
   0.38091
   0.37733
   0.37426
   0.37085
   0.36822
   0.36505
   0.36280
   0.36035
   0.35805
   0.35600
   0.35413
   0.35242
   0.35097
   0.34961
   0.34819
   0.34700
   0.34547
   0.34365
   0.34110
   0.33773
   0.33354
   0.32868
   0.32325
   0.31717
   0.31059
   0.30503
   0.29808
   0.29352
   0.28838
   0.28409
   0.27935
   0.27490
   0.27045
   0.26594
   0.26183
   0.25709
   0.25342
   0.24900
   0.24455
   0.24008
   0.23619
   0.23116
   0.22796
   0.22294
   0.21876
   0.21521
   0.21050
   0.20604
   0.20226
   0.19752
   0.19426
   0.19065
   0.18661
   0.18269
   0.17914
   0.17529
   0.17133
   0.16769
   0.16407
   0.16069
   0.15735
   0.15489
   0.15123
   0.14752
   0.14423
   0.14086
   0.13824
   0.13475
   0.13204
   0.12933
   0.12646
   0.12381
   0.12088
   0.11815
   0.11570
   0.11322
   0.11067
   0.10884
   0.10592
   0.10363
   0.10143
   0.09878
   0.09432
   0.09248
   0.09080
   0.08924
   0.08747
   0.08576
   0.08405
   0.08219
   0.08065
   0.07873
   0.07690
   0.07524
   0.07376
   0.07103
   0.06878
   0.06689
   0.06551
   0.06447
   0.06289
   0.06174
   0.06054
   0.05910
   0.05803
   0.05647
   0.05552
   0.05465
   0.05345
   0.05260
   0.05125
   0.04992
   0.04891
   0.04809
   0.04680
   0.04590
   0.04482
   0.04403
   0.04315
   0.04211
   0.04110
   0.04014
   0.03956
   0.03845
   0.03775
   0.03689
   0.03607
   0.03547
   0.03474
   0.03397
   0.03347
   0.03270
   0.03208
   0.03171
   0.03125
   0.03052
   0.02987
   0.02933
   0.02888
   0.02838
   0.02788
   0.02737
   0.02689
   0.02651
   0.02597
   0.02555
   0.02507
   0.02474
   0.02432
   0.02393
   0.02357
   0.02327
   0.02289
   0.02249
   0.02229
   0.02188
   0.02163
   0.02123
   0.02093
   0.02046
   0.02017
   0.01984
   0.01948
   0.01938
   0.01873
   0.01845
   0.01817
   0.01788
   0.01746
   0.01711
   0.01665
   0.01637
   0.01594
   0.01559
   0.01512
   0.01477
   0.01444
   0.01408
   0.01376
   0.01343
   0.01294
   0.01275
   0.01240
   0.01212
   0.01169
   0.01151
   0.01115
   0.01089
   0.01059
   0.01031
   0.01008
   0.00970
   0.00959
   0.00927
   0.00902
   0.00884
   0.00856
   0.00839
   0.00815
   0.00790
   0.00769
   0.00749
   0.00729
   0.00711
   0.00689
   0.00670
   0.00650
   0.00632
   0.00612
   0.00602
   0.00591
   0.00582
   0.00563
   0.00550
   0.00524
   0.00533
   0.00530
   0.00515
   0.00502
   0.00467
   0.00468
   0.00445
   0.00448
   0.00447
   0.00452
   0.00452
   0.00446
   0.00437
   0.00430
   0.00416
   0.00404
   0.00388
   0.00373
   0.00355
   0.00341
   0.00325
   0.00319
   0.00303
   0.00308
   0.00295
   0.00279
   0.00284
   0.00277
   0.00264
   0.00267
   0.00259
   0.00244
   0.00257
   0.00252
   0.00244
   0.00239
   0.00270
   0.00262
   0.00308
   0.00302
   0.00320
   0.00330
   0.00258
   0.00351
   0.00188
   0.00207
   0.00191
   0.00193
   0.00186
   0.00182
   0.00179
   0.00173
   0.00172
   0.00167
   0.00164
   0.00160
   0.00157
   0.00153
   0.00151
   0.00147
   0.00144
   0.00141
   0.00138
   0.00135
   0.00132
   0.00129
   0.00126
   0.00122
   0.00120
   0.00119
   0.00114
   0.00112
   0.00111
   0.00107
   0.00105
   0.00103
   0.00101
   0.00098
   0.00096
   0.00094
   0.00091
   0.00089
   0.00087
   0.00085
   0.00083
   0.00081
   0.00079
   0.00077
   0.00075
   0.00074
   0.00072
   0.00070
   0.00068
   0.00067
   0.00065
   0.00063
   0.00062
   0.00060
   0.00059
   0.00057
   0.00056
   0.00054
   0.00053
   0.00052
   0.00051
   0.00049
   0.00048
   0.00047
   0.00046
   0.00045
   0.00043
   0.00042
   0.00041
   0.00040
   0.00039
   0.00038
   0.00037
   0.00036
   0.00035
   0.00034
   0.00032
   0.00032
   0.00031
   0.00030
   0.00029
   0.00029
   0.00028
   0.00027
   0.00027
   0.00026
   0.00026
   0.00025
   0.00025
   0.00025
   0.00025
   0.00025
   0.00026
   0.00028
   0.00031
   0.00024
   0.00024
   0.00026
   0.00087
   0.04165
   0.01151
   0.00161
   0.00121
   0.00113
   0.00109
   0.00106
   0.00103
   0.00100
   0.00098
   0.00096
   0.00095
   0.00093
   0.00092
   0.00091
   0.00090
   0.00089
   0.00089
   0.00089
   0.00089
   0.00089
   0.00090
   0.00090
   0.00091
   0.00092
   0.00092
   0.00092
   0.00093
   0.00093
   0.00093
   0.00093
   0.00093
   0.00093
   0.00092
   0.00092
   0.00092
   0.00092
   0.00091
   0.00091
   0.00090
   0.00089
   0.00089
   0.00088
   0.00087
   0.00087
   0.00086
   0.00085
   0.00084
   0.00083
   0.00082
   0.00082
   0.00081
   0.00080
   0.00079
   0.00078
   0.00077
   0.00076
   0.00075
   0.00074
   0.00073
   0.00072
   0.00071
   0.00070
   0.00069
   0.00068
   0.00066
   0.00063
   0.00058
   0.00055
   0.00053
   0.00052
   0.00051
   0.00050
   0.00049
   0.00048
   0.00048
   0.00047
   0.00047
   0.00046
   0.00045
   0.00045
   0.00044
   0.00044
   0.00043
   0.00043
   0.00042
   0.00042
   0.00041
   0.00041
   0.00040
   0.00040
   0.00039
   0.00039
   0.00038
   0.00038
   0.00037
   0.00037
   0.00036
   0.00036
   0.00035
   0.00035
   0.00034
   0.00034
   0.00033
   0.00033
   0.00032
   0.00032
   0.00032
   0.00031
   0.00031
   0.00030
   0.00030
   0.00029
   0.00029
   0.00029
   0.00028
   0.00028
   0.00027
   0.00027
   0.00027
   0.00026
   0.00026
   0.00026
   0.00025
   0.00025
   0.00025
   0.00024
   0.00024
   0.00024
   0.00023
   0.00023
   0.00023
   0.00022
   0.00022
   0.00022
   0.00021
   0.00021
   0.00021
   0.00020
   0.00020
   0.00020
   0.00019
   0.00019
   0.00018
   0.00016
   0.00015
   0.00015
   0.00014
   0.00014
   0.00013
   0.00012
   0.00012
   0.00012
   0.00012
   0.00011
   0.00011
   0.00011
   0.00011
   0.00011
   0.00011
   0.00011
   0.00010
   0.00010
   0.00010
   0.00010
   0.00010
   0.00010
   0.00010
   0.00009
   0.00009
   0.00009
   0.00009
   0.00009
   0.00009
   0.00009
   0.00009
   0.00008
   0.00008
   0.00008
   0.00008
   0.00008
   0.00008
   0.00008
   0.00008
   0.00007
   0.00007
   0.00007
   0.00007
   0.00007
   0.00007
   0.00007
   0.00007
   0.00007
   0.00006
   0.00006
   0.00006
   0.00006
   0.00006
   0.00006
   0.00006
   0.00006
   0.00006
   0.00006
   0.00006
   0.00005
   0.00005
   0.00005
   0.00005
   0.00005
   0.00005
   0.00005
   0.00005
   0.00005
   0.00005
   0.00005
   0.00004
   0.00004
   0.00004
   0.00004
   0.00004
   0.00004
   0.00004
   0.00004
   0.00004
   0.00004
   0.00004
   0.00004
   0.00004
   0.00004
   0.00003
   0.00003
   0.00003
   0.00003
   0.00003
   0.00003
   0.00003
   0.00003
   0.00003
   0.00003
   0.00003
   0.00003
   0.00003
   0.00003
   0.00003
   0.00003
   0.00003
   0.00002
   0.00002
   0.00002
   0.00002
   0.00002
   0.00002
   0.00002
   0.00002
   0.00002
   0.00002
   0.00002
   0.00002
   0.00002
   0.00002
   0.00002
   0.00002
   0.00002
   0.00002
   0.00002
   0.00002
   0.00002
   0.00002
   0.00002
   0.00002
   0.00002
   0.00002
   0.00001
   0.00001
   0.00001
   0.00001
   0.00001
   0.00001
   0.00001
   0.00001
   0.00001
   0.00001
   0.00001
   0.00001
   0.00001
   0.00001
   0.00001
   0.00001
   0.00001
   0.00001
   0.00001
   0.00001
   0.00001
   0.00001
   0.00001
   0.00001
   0.00001
   0.00001
   0.00001
   0.00001
   0.00001
   0.00001
   0.00001
   0.00001
   0.00001
   0.00001
   0.00001
   0.00001
   0.00001
   0.00001
   0.00001
   0.00001
   0.00001
   0.00001
   0.00001
   0.00001
   0.00001
   0.00001
   0.00001
   0.00001
   0.00001
   0.00001
   0.00001
   0.00001
   0.00001
   0.00001
   0.00001
   0.00001
   0.00000
   0.00000
   0.00000
   0.00000
   0.00000
   0.00000
   0.00000
   0.00000
   0.00000
   0.00000
   0.00000
   0.00000
   0.00000
   0.00000
   0.00000
   0.00000
   0.00000
   0.00000
   0.00000
   0.00000
   0.00000
   0.00000
   0.00000
   0.00000
   0.00000
   0.00000
   0.00000
   0.00000
   0.00000
   0.00000
   0.00000
   0.00000
   0.00000
   0.00000
   0.00000
   0.00000
   0.00000
   0.00000
   0.00000
   0.00000
   0.00000
   0.00000
   0.00000
   0.00000
   0.00000
   0.00000
   0.00000
   0.00000
   0.00000
   0.00000
   0.00000
   0.00000
   0.00000
   0.00000
   0.00000
   0.00000
   0.00000
   0.00000
   0.00000
   0.00000
   0.00000
   0.00000
   0.00000
   0.00000
   0.00000
   0.00000
   0.00000
   0.00000
   0.00000
   0.00000
   0.00000
   0.00000
   0.00000
   0.00000
   0.00000
   0.00000
   0.00000
   0.00000
   0.00000
   0.00000
   0.00000
   0.00000
   0.00000
   0.00000
   0.00000
   0.00000
   0.00000
   0.00000
   0.00000
   0.00000
   0.00000
   0.00000
   0.00000
   0.00000
   0.00000
   0.00000
   0.00000
   0.00000
   0.00000
   0.00000
   0.00000
   0.00000
   0.00000
   0.00000
   0.00000
   0.00000
   0.00000
   0.00000
   0.00000
   0.00000
   0.00000
   0.00000
   0.00000
   0.00000
   0.00000
   0.00000
   0.00000
   0.00000
   0.00000
   0.00000
   0.00000
   0.00000
   0.00000
   0.00000
   0.00000
   0.00000
   0.00000
   0.00000
   0.00000
   0.00000
   0.00000
   0.00000
   0.00000
   0.00000
   0.00000
   0.00000
   0.00000
   0.00000
   0.00000
   0.00000
   0.00000
   0.00000
   0.00000
   0.00000
   0.00000
   0.00000
   0.00000
   0.00000
   0.00000
   0.00000
   0.00000
   0.00000
   0.00000
   0.00000
   0.00000
   0.00000
   0.00000
   0.00000
   0.00000
   0.00000
   0.00000
   0.00000
   0.00000
   0.00000
   0.00000
   0.00000
   0.00000
   0.00000
   0.00000
   0.00000
   0.00000
   0.00000
   0.00000
   0.00000
   0.00000
   0.00000
   0.00000
   0.00000
   0.00000
   0.00000
   0.00000
   0.00000
   1.53556
   0.45962
   0.28549
   0.19517
   0.15250
   0.15514
   0.12676
   0.11171
   0.10824
   0.09663
   0.08867
   0.07611
   0.07026
   0.06868
   0.06706
   0.06545
   0.06389
   0.06240
   0.06096
   0.05956
   0.05820
   0.05688
   0.05558
   0.05433
   0.05310
   0.05189
   0.05071
   0.04954
   0.04840
   0.04729
   0.04620
   0.04513
   0.04408
   0.04305
   0.04204
   0.04106
   0.04010
   0.03916
   0.03824
   0.03735
   0.03648
   0.03563
   0.03480
   0.03400
   0.03321
   0.03244
   0.03170
   0.03097
   0.03027
   0.02958
   0.02892
   0.02827
