   0.64708
   0.65191
   0.65921
   0.66232
   0.66303
   0.66382
   0.66414
   0.64661
   0.65655
   0.66039
   0.66253
   0.66221
   0.66317
   0.66276
   0.66060
   0.65370
   0.66581
   0.66408
   0.66380
   0.66163
   0.66069
   0.65840
   0.65689
   0.65465
   0.65211
   0.64734
   0.64567
   0.64233
   0.64011
   0.63342
   0.61149
   0.62410
   0.61876
   0.60117
   0.59646
   0.59038
   0.58550
   0.58077
   0.57411
   0.56544
   0.55732
   0.54739
   0.53615
   0.52490
   0.51324
   0.50103
   0.48850
   0.47662
   0.46538
   0.45293
   0.44295
   0.43418
   0.42593
   0.41810
   0.41070
   0.40359
   0.39686
   0.39051
   0.38456
   0.37906
   0.37397
   0.36922
   0.36513
   0.36075
   0.35685
   0.35349
   0.34968
   0.34591
   0.34267
   0.33959
   0.33546
   0.33201
   0.32829
   0.32503
   0.32180
   0.31843
   0.31539
   0.31242
   0.31027
   0.30735
   0.30489
   0.30252
   0.30023
   0.29760
   0.29521
   0.29217
   0.28989
   0.28662
   0.28517
   0.28047
   0.27780
   0.27347
   0.26946
   0.26381
   0.25993
   0.25207
   0.24609
   0.24301
   0.23403
   0.22506
   0.21686
   0.20782
   0.19824
   0.19130
   0.17835
   0.16909
   0.16050
   0.15246
   0.14572
   0.13913
   0.13374
   0.12847
   0.12425
   0.12104
   0.11760
   0.11503
   0.11249
   0.11003
   0.10751
   0.10541
   0.10299
   0.09994
   0.09571
   0.09261
   0.08948
   0.08651
   0.08335
   0.08019
   0.07652
   0.07312
   0.07049
   0.06743
   0.06524
   0.06248
   0.06065
   0.05661
   0.05456
   0.05391
   0.05225
   0.04995
   0.04880
   0.04782
   0.04744
   0.04653
   0.04626
   0.04654
   0.04679
   0.04760
   0.04785
   0.04769
   0.04798
   0.04796
   0.04731
   0.04747
   0.04739
   0.04818
   0.04867
   0.04924
   0.05021
   0.05069
   0.05029
   0.04820
   0.05001
   0.04738
   0.03743
   0.01256
   0.05923
   0.05979
   0.06561
   0.02338
   0.08375
   0.06696
   0.07555
   0.07629
   0.07053
   0.06476
   0.05943
   0.05424
   0.04906
   0.04476
   0.04053
   0.01742
   0.03194
   0.02137
   0.01241
   0.01548
   0.01137
   0.00828
   0.00976
   0.00783
   0.00996
   0.01013
   0.01075
   0.01163
   0.01254
   0.01277
   0.01078
   0.00861
   0.00729
   0.00683
   0.00701
   0.00726
   0.00681
   0.00610
   0.00553
   0.00500
   0.00455
   0.00931
   0.00385
   0.00232
   0.00212
   0.00204
   0.00195
   0.00188
   0.00186
   0.00240
   0.00331
   0.00342
   0.00178
   0.26169
   0.03201
   0.01851
   0.01154
   0.00946
   0.00855
   0.00798
   0.00754
   0.00717
   0.00677
   0.00632
   0.00528
   0.00496
   0.00446
   0.00414
   0.00398
   0.00381
   0.00345
   0.00305
   0.00295
   0.00287
   0.00281
   0.00275
   0.00269
   0.00263
   0.00258
   0.00252
   0.00246
   0.00239
   0.00234
   0.00233
   0.00198
   0.00214
   0.08719
   0.01988
   0.00266
   0.00319
   0.00778
   0.00124
   0.00126
   0.00127
   0.00158
   0.00173
   0.00252
   0.00272
   0.00319
   0.00104
   0.00103
   0.00102
   0.00262
   0.00136
   0.00129
   0.22506
   0.00101
   0.00089
   0.00094
   0.00093
   0.00111
   0.00107
   0.00099
   0.00093
   0.00197
   0.00120
   0.00107
   0.00092
   0.00077
   0.00072
   0.00076
   0.00353
   0.00074
   0.03868
   0.00160
   0.00119
   0.00093
   0.00080
   0.00072
   0.00065
   0.00060
   0.00056
   0.00053
   0.00051
   0.00048
   0.00046
   0.00045
   0.00039
   0.59600
   0.01214
   0.00659
   0.00430
   0.00344
   0.00281
   0.00244
   0.00218
   0.00196
   0.00179
   0.00164
   0.00152
   0.00304
   0.00126
   0.00209
   0.00131
   0.00123
   0.00116
   0.00110
   0.00105
   0.00101
   0.00098
   0.00095
   0.00090
   0.00086
   0.00125
   0.00075
   0.01774
   0.00090
   0.00091
   0.00087
   0.00081
   0.00073
   0.00067
   0.00062
   0.00053
   0.00047
   0.00043
   0.00041
   0.00038
   0.00036
   0.00032
   0.00030
   0.00028
   0.00027
   0.00026
   0.00025
   0.00024
   0.00024
   0.00023
   0.00022
   0.00022
   0.00024
   0.00026
   0.00023
   0.00039
   0.00026
   0.00021
   0.00023
   0.00022
   0.00023
   0.00021
   0.00022
   0.00024
   0.00019
   0.00023
   0.00022
   0.00022
   0.00022
   0.00021
   0.00020
   0.00019
   0.00018
   0.00017
   0.00016
   0.00016
   0.00015
   0.00015
   0.00014
   0.00014
   0.00013
   0.00013
   0.00012
   0.00015
   0.24172
   0.16825
   0.13851
   0.11737
   0.10399
   0.09544
   0.09147
   0.08768
   0.08441
   0.08095
   0.07759
   0.07436
   0.07128
   0.06839
   0.06555
   0.06290
   0.06032
   0.05782
   0.05545
   0.05317
   0.05099
   0.04893
   0.04691
   0.04501
   0.04316
   0.04137
   0.03969
   0.03804
   0.03646
   0.03491
   0.03345
   0.03202
   0.03064
   0.02930
   0.02798
   0.02672
   0.02548
   0.02429
   0.02313
   0.02201
   0.02092
   0.01987
   0.01885
   0.01788
   0.01693
   0.01603
   0.01516
   0.01431
   0.01349
   0.01271
   0.01198
   0.01127
   0.01062
   0.01002
   0.00948
   0.00909
   0.00918
   0.00996
   0.01042
   0.01059
   0.01062
   0.01059
   0.01036
   0.00985
   0.00918
   0.00842
   0.00754
   0.00682
   0.00682
   0.00750
   0.00922
   0.01152
   0.00519
   0.00391
   0.00247
   0.01086
   0.00272
   0.00261
   0.00252
   0.00249
   0.00249
   0.00252
   0.00259
   0.00271
   0.00288
   0.00311
   0.00336
   0.00327
   0.00273
   0.00235
   0.00211
   0.00198
   0.00188
   0.00170
   0.00183
   0.00158
   0.00170
   0.00153
   0.00145
   0.00162
   0.00417
   0.00157
   0.00122
   0.00325
   0.00109
   0.00115
   0.00191
   0.00171
   0.00166
   0.00141
   0.00118
   0.00113
   0.00091
   0.00085
   0.01600
   0.00078
   0.01795
   0.00154
   0.00161
   0.00158
   0.00153
   0.00146
   0.00138
   0.00129
   0.00127
   0.00122
   0.00116
   0.00110
   0.00105
   0.00100
   0.00096
   0.00093
   0.00089
   0.00086
   0.00083
   0.00080
   0.00077
   0.00075
   0.00073
   0.00072
   0.00071
   0.00074
   0.00077
   0.00076
   0.00074
   0.00083
   0.00111
   0.00115
   0.00118
   0.00122
   0.00123
   0.00122
   0.00120
   0.00118
   0.00114
   0.00109
   0.00104
   0.00098
   0.00093
   0.00089
   0.00088
   0.00082
   0.00077
   0.00072
   0.00067
   0.00063
   0.00060
   0.00058
   0.00056
   0.00055
   0.00053
   0.00053
   0.00052
   0.00051
   0.00051
   0.00051
   0.00054
   0.00081
   0.00061
   0.00046
   0.00043
   0.00043
   0.00041
   0.00530
   0.00053
   0.00061
   0.00053
   0.00051
   0.00050
   0.00048
   0.00046
   0.00044
   0.00042
   0.00041
   0.00040
   0.00038
   0.00035
   0.00033
   0.00031
   0.00029
   0.00027
   0.00026
   0.00025
   0.00024
   0.00023
   0.00022
   0.00022
   0.00021
   0.00021
   0.00021
   0.00020
   0.00021
   0.00021
   0.00020
   2.20628
   0.00769
   0.00546
   0.00428
   0.00377
   0.00343
   0.00317
   0.00298
   0.00278
   0.00278
   0.00266
   0.00248
   0.00204
   0.00404
   0.00225
   0.00311
   0.00221
   0.00385
   0.00194
   0.00270
   0.00188
   0.00235
   0.00189
   0.00227
   0.00715
   0.00126
   0.00124
   0.00122
   0.00121
   0.00119
   0.00118
   0.00116
   0.00115
   0.00115
   0.00114
   0.00110
   0.00116
   0.00130
   0.00143
   0.00146
   0.00142
   0.00137
   0.00129
   0.00120
   0.00112
   0.00104
   0.00097
   0.00092
   0.00088
   0.00088
   0.00094
   0.00119
   0.00126
   0.00163
   0.00105
   0.00089
   0.00113
   0.00108
   0.00073
   0.00088
   0.00111
   0.00098
   0.00125
   0.00062
   0.00108
   0.00068
   0.00074
   0.00105
   0.00123
   0.00121
   0.00129
   0.00127
   0.00124
   0.00118
   0.00111
   0.00104
   0.00098
   0.00093
   0.00089
   0.00085
   0.00082
   0.00079
   0.00075
   0.00071
   0.00066
   0.00059
   0.00050
   0.00045
   0.00042
   0.00046
   0.00036
   0.00037
   0.00036
   0.00035
   0.00034
   0.00034
   0.00033
   0.00032
   0.00031
   0.00031
   0.00030
   0.00030
   0.00030
   0.00029
   0.00029
   0.00029
   0.00029
   0.00029
   0.00029
   0.00029
   0.00029
   0.00029
   0.00029
   0.00029
   0.00029
   0.00029
   0.00028
   0.00028
   0.00027
   0.00027
   0.00027
   0.00027
   0.00027
   0.00027
   0.00027
   0.00027
   0.00028
   0.00028
   0.00028
   0.00027
   0.00026
   0.00030
   0.00038
   0.00032
   0.00027
   0.00024
   0.00023
   0.00023
   0.00023
   0.00022
   0.00021
   0.00021
   0.00020
   0.00019
   0.00018
   0.00018
   0.00017
   0.00016
   0.00016
   0.00016
   0.00014
   0.00025
   0.00021
   0.00013
   0.00018
   0.00011
   0.00012
   0.00012
   0.00012
   0.00012
   0.00012
   0.00012
   0.00012
   0.00012
   0.00012
   0.00012
   0.00012
   0.00012
   0.00012
   0.00011
   0.00011
   0.00011
   0.00011
   0.00011
   0.00011
   0.00011
   0.00011
   0.00011
   0.00011
   0.00011
   0.00012
   0.00012
   0.00012
   0.00011
   0.00010
   0.00011
   0.00011
   0.00012
   0.00012
   0.00011
   0.00010
   0.00010
   0.00009
   0.00008
   0.00008
   0.00008
   0.00007
   0.00007
   0.00006
   0.00007
   0.00008
   0.00011
   0.00009
   0.00005
   0.00008
   0.00009
   0.00009
   0.00008
   0.00008
   0.00007
   0.00006
   0.00005
   0.00004
   0.00004
   0.00004
   0.00004
   0.00004
   0.00004
   0.00004
   0.00003
   0.00003
   0.00003
   0.00003
   0.00003
   0.00003
   0.00004
  10.32287
   0.00047
   0.00032
   0.00032
   0.00031
   0.00030
   0.00029
   0.00029
   0.00028
   0.00027
   0.00026
   0.00026
   0.00025
   0.00024
   0.00023
   0.00022
   0.00022
   0.00021
   0.00020
   0.00019
   0.00018
   0.00018
   0.00017
   0.00016
   0.00015
   0.00015
   0.00014
   0.00013
   0.00012
   0.00012
   0.00011
   0.00011
   0.00010
   0.00010
   0.00009
   0.00009
   0.00008
   0.00008
   0.00007
   0.00007
   0.00007
   0.00006
   0.00006
   0.00006
   0.00005
   0.00005
   0.00005
   0.00005
   0.00005
   0.00004
   0.00004
   0.00004
   0.00004
   0.00004
   0.00004
   0.00004
   0.00004
   0.00003
   0.00003
   0.00003
   0.00003
   0.00003
   0.00003
   0.00003
   0.00003
   0.00003
   0.00003
   0.00003
   0.00003
   0.00003
   0.00003
   0.00003
   0.00003
   0.00003
   0.00003
   0.00003
   0.00003
   0.00003
   0.00003
   0.00003
   0.00002
   0.00002
   0.00002
   0.00002
   0.00002
   0.00002
   0.00002
   0.00002
   0.00002
   0.00002
   0.00001
   0.00001
   0.00001
   0.00002
   0.00001
   0.00010
   0.00015
   0.00017
   0.00017
   0.00017
   0.00017
   0.00017
   0.00017
   0.00017
   0.00017
   0.00016
   0.00016
   0.00016
   0.00016
   0.00016
   0.00015
   0.00015
   0.00015
   0.00015
   0.00015
   0.00014
   0.00014
   0.00014
   0.00013
   0.00013
   0.00013
   0.00012
   0.00012
   0.00012
   0.00011
   0.00011
   0.00010
   0.00010
   0.00010
   0.00009
   0.00009
   0.00008
   0.00008
   0.00008
   0.00007
   0.00007
   0.00007
   0.00006
   0.00006
   0.00006
   0.00005
   0.00005
   0.00005
   0.00004
   0.00004
   0.00004
   0.00004
   0.00004
   0.00003
   0.00003
   0.00003
   0.00003
   0.00003
   0.00003
   0.00003
   0.00002
   0.00002
   0.00002
   0.00002
   0.00002
   0.00002
   0.00002
   0.00002
   0.00002
   0.00002
   0.00002
   0.00002
   0.00002
   0.00001
   0.00001
   0.00001
   0.00001
