   0.68464
   0.68844
   0.68518
   0.68605
   0.68491
   0.68502
   0.68466
   0.68451
   0.68426
   0.68401
   0.68376
   0.68348
   0.68324
   0.68294
   0.68272
   0.68238
   0.68211
   0.68181
   0.68149
   0.68118
   0.68082
   0.68050
   0.68012
   0.67977
   0.67937
   0.67900
   0.67857
   0.67816
   0.67771
   0.67727
   0.67677
   0.67632
   0.67579
   0.67528
   0.67477
   0.67420
   0.67362
   0.67307
   0.67246
   0.67183
   0.67122
   0.67064
   0.67002
   0.66933
   0.66874
   0.66812
   0.66836
   0.66842
   0.66921
   0.66747
   0.66803
   0.66651
   0.66632
   0.66559
   0.66502
   0.66439
   0.66458
   0.66519
   0.66515
   0.66795
   0.66869
   0.66965
   0.67016
   0.67109
   0.66878
   0.66869
   0.66743
   0.66802
   0.66730
   0.66936
   0.66783
   0.66783
   0.66579
   0.66629
   0.66790
   0.66563
   0.66407
   0.66239
   0.66070
   0.65895
   0.65449
   0.65389
   0.65028
   0.64948
   0.64541
   0.64394
   0.64135
   0.64005
   0.63818
   0.63692
   0.63433
   0.63328
   0.63115
   0.62956
   0.62777
   0.62684
   0.62508
   0.62295
   0.62135
   0.61988
   0.61887
   0.61741
   0.61615
   0.61481
   0.61284
   0.61117
   0.61064
   0.60811
   0.60711
   0.60481
   0.60398
   0.60254
   0.60168
   0.60146
   0.59858
   0.59819
   0.59631
   0.59488
   0.59349
   0.59180
   0.59017
   0.58913
   0.58764
   0.58616
   0.58447
   0.58297
   0.58204
   0.58016
   0.57840
   0.57694
   0.57565
   0.57489
   0.57286
   0.57157
   0.56955
   0.56801
   0.56625
   0.56454
   0.56257
   0.56079
   0.55899
   0.55754
   0.55618
   0.55433
   0.55266
   0.55094
   0.54920
   0.54791
   0.54594
   0.54444
   0.54291
   0.54140
   0.53979
   0.53804
   0.53653
   0.53473
   0.53325
   0.53143
   0.53009
   0.52868
   0.52636
   0.52556
   0.52385
   0.52173
   0.52066
   0.51918
   0.51668
   0.51561
   0.51393
   0.51187
   0.51028
   0.50976
   0.50724
   0.50584
   0.50485
   0.50231
   0.50140
   0.49895
   0.49782
   0.49568
   0.49386
   0.49216
   0.49064
   0.48877
   0.48794
   0.48617
   0.48455
   0.48279
   0.48172
   0.48017
   0.47801
   0.47615
   0.47435
   0.47347
   0.47171
   0.47039
   0.46877
   0.46623
   0.46507
   0.46317
   0.46221
   0.46098
   0.45914
   0.45695
   0.45585
   0.45396
   0.45278
   0.44996
   0.44954
   0.44769
   0.44827
   0.44594
   0.44309
   0.44284
   0.44072
   0.43866
   0.43675
   0.43448
   0.43439
   0.43312
   0.43291
   0.42914
   0.42721
   0.42695
   0.42442
   0.42371
   0.42326
   0.42686
   0.41770
   0.41596
   0.41848
   0.41590
   0.41152
   0.40865
   0.40776
   0.40894
   0.40343
   0.40429
   0.40046
   0.40028
   0.39683
   0.39620
   0.39189
   0.39338
   0.38787
   0.38900
   0.38506
   0.38478
   0.38438
   0.38095
   0.37628
   0.37683
   0.37878
   0.37266
   0.37163
   0.36733
   0.36905
   0.36785
   0.36423
   0.36161
   0.36173
   0.36101
   0.36227
   0.35698
   0.35677
   0.35471
   0.34575
   0.35470
   0.34542
   0.34917
   0.34854
   0.33830
   0.34319
   0.34068
   0.33508
   0.33542
   0.33138
   0.32921
   0.33513
   0.32849
   0.32818
   0.32277
   0.32159
   0.32254
   0.31835
   0.31450
   0.31286
   0.31298
   0.30938
   0.31333
   0.31160
   0.30694
   0.30333
   0.30205
   0.30025
   0.30134
   0.29805
   0.29567
   0.29566
   0.29264
   0.29180
   0.29249
   0.29182
   0.28886
   0.28576
   0.28572
   0.28719
   0.28601
   0.28024
   0.27630
   0.27935
   0.27444
   0.27079
   0.27093
   0.26953
   0.26775
   0.27139
   0.26290
   0.26753
   0.26222
   0.25899
   0.25854
   0.26038
   0.26485
   0.25829
   0.25588
   0.25404
   0.25033
   0.25159
   0.24649
   0.24768
   0.24350
   0.23927
   0.24291
   0.23848
   0.23979
   0.24029
   0.23744
   0.23470
   0.23523
   0.23136
   0.23314
   0.23335
   0.22775
   0.22697
   0.22671
   0.23136
   0.23029
   0.22427
   0.22417
   0.21896
   0.21789
   0.21831
   0.21681
   0.21979
   0.21445
   0.21187
   0.21010
   0.20954
   0.20888
   0.20888
   0.20748
   0.20890
   0.21460
   0.22069
   0.23000
   0.22157
   0.21740
   0.21601
   0.20968
   0.20565
   0.20738
   0.20471
   0.20466
   0.20312
   0.20029
   0.19682
   0.19584
   0.19494
   0.19448
   0.19473
   0.19362
   0.19285
   0.19133
   0.19007
   0.18973
   0.18888
   0.18798
   0.18731
   0.18793
   0.18588
   0.18563
   0.18459
   0.18421
   0.18369
   0.18191
   0.18190
   0.18021
   0.18414
   0.17985
   0.17848
   0.17878
   0.17693
   0.17701
   0.17607
   0.17702
   0.17483
   0.17877
   0.17340
   0.17551
   0.17387
   0.17132
   0.17420
   0.17110
   0.17146
   0.16958
   0.17021
   0.17032
   0.16898
   0.16772
   0.17115
   0.16669
   0.16653
   0.16863
   0.16591
   0.16414
   0.16903
   0.16423
   0.17138
   0.16526
   0.17241
   0.16423
   0.18815
   0.17642
   0.19482
   0.18520
   0.23761
   0.29869
   0.30906
   0.18120
   0.20898
   0.15806
   0.15688
   0.16495
   0.15365
   0.16949
   0.15930
   0.18724
   0.15523
   0.18958
   0.15815
   0.18948
   0.15597
   0.18004
   0.15714
   0.16866
   0.15576
   0.16459
   0.15449
   0.14679
   0.14599
   0.14560
   0.14541
   0.14419
   0.14415
   0.14413
   0.14393
   0.14342
   0.14405
   0.14188
   0.14199
   0.14126
   0.14260
   0.14069
   0.13951
   0.14127
   0.13829
   0.13873
   0.13726
   0.14030
   0.14428
   0.15916
   0.13990
   0.13584
   0.13991
   0.13953
   0.14274
   0.15205
   0.13957
   0.13399
   0.13489
   0.13322
   0.13449
   0.13244
   0.13083
   0.13251
   0.13332
   0.13083
   0.13210
   0.13043
