   0.69077
   0.68318
   0.68134
   0.68157
   0.68122
   0.68070
   0.68036
   0.67998
   0.67957
   0.67910
   0.67876
   0.67822
   0.67780
   0.67735
   0.67691
   0.67643
   0.67594
   0.67542
   0.67495
   0.67448
   0.67402
   0.67352
   0.67303
   0.67252
   0.67202
   0.67154
   0.67097
   0.67054
   0.66994
   0.66943
   0.66889
   0.66836
   0.66776
   0.66718
   0.66657
   0.66600
   0.66543
   0.66485
   0.66423
   0.66356
   0.66299
   0.66224
   0.66164
   0.66101
   0.66038
   0.65876
   0.66188
   0.66055
   0.65794
   0.65600
   0.65505
   0.65441
   0.65377
   0.65307
   0.65228
   0.65150
   0.65065
   0.64985
   0.64904
   0.64816
   0.64730
   0.64643
   0.64556
   0.64469
   0.64380
   0.64291
   0.64200
   0.64111
   0.64019
   0.63928
   0.63838
   0.63745
   0.63660
   0.63573
   0.63487
   0.63402
   0.63320
   0.63247
   0.63153
   0.63082
   0.63102
   0.63083
   0.63060
   0.63041
   0.63018
   0.63023
   0.63051
   0.63080
   0.63099
   0.63142
   0.63205
   0.63261
   0.63301
   0.63315
   0.63307
   0.63221
   0.63098
   0.62909
   0.62675
   0.62394
   0.62080
   0.61743
   0.61379
   0.61018
   0.60671
   0.60284
   0.59922
   0.59548
   0.59184
   0.58795
   0.58429
   0.58050
   0.57662
   0.57281
   0.56871
   0.56500
   0.56115
   0.55714
   0.55329
   0.54941
   0.54552
   0.54166
   0.53792
   0.53417
   0.53046
   0.52684
   0.52324
   0.51965
   0.51618
   0.51271
   0.50933
   0.50598
   0.50263
   0.49939
   0.49611
   0.49287
   0.48976
   0.48665
   0.48358
   0.48050
   0.47754
   0.47445
   0.47150
   0.46860
   0.46573
   0.46281
   0.45989
   0.45700
   0.45429
   0.45157
   0.44895
   0.44629
   0.44383
   0.44278
   0.44159
   0.43873
   0.43625
   0.43348
   0.43105
   0.42836
   0.42631
   0.42392
   0.42220
   0.42133
   0.42072
   0.41921
   0.41848
   0.41708
   0.41603
   0.41448
   0.41357
   0.41216
   0.41119
   0.41008
   0.40941
   0.40780
   0.40651
   0.40495
   0.40384
   0.40169
   0.39969
   0.39770
   0.39544
   0.39299
   0.39041
   0.38764
   0.38511
   0.38234
   0.37953
   0.37661
   0.37394
   0.37099
   0.36812
   0.36532
   0.36232
   0.35958
   0.35687
   0.35369
   0.35115
   0.34843
   0.34600
   0.34263
   0.34050
   0.33713
   0.33490
   0.33146
   0.32921
   0.32589
   0.32351
   0.32069
   0.31808
   0.31521
   0.31223
   0.30978
   0.30678
   0.30437
   0.30152
   0.29874
   0.29625
   0.29343
   0.29072
   0.28831
   0.28564
   0.28296
   0.28021
   0.27750
   0.27509
   0.27233
   0.26936
   0.26704
   0.26414
   0.26175
   0.25896
   0.25657
   0.25408
   0.25138
   0.24901
   0.24628
   0.24391
   0.24139
   0.23897
   0.23646
   0.23394
   0.23133
   0.22893
   0.22681
   0.22432
   0.22183
   0.21924
   0.21723
   0.21456
   0.21256
   0.20990
   0.20776
   0.20544
   0.20326
   0.20076
   0.19890
   0.19627
   0.19452
   0.19176
   0.18975
   0.18755
   0.18552
   0.18306
   0.18106
   0.17935
   0.17648
   0.17526
   0.17229
   0.17099
   0.16813
   0.16687
   0.16403
   0.16265
   0.16021
   0.15840
   0.15645
   0.15423
   0.15255
   0.15045
   0.14863
   0.14662
   0.14478
   0.14287
   0.14113
   0.13897
   0.13732
   0.13557
   0.13373
   0.13190
   0.13006
   0.12831
   0.12652
   0.12476
   0.12302
   0.12128
   0.11954
   0.11786
   0.11618
   0.11448
   0.11283
   0.11117
   0.10950
   0.10791
   0.10625
   0.10473
   0.10307
   0.10156
   0.09998
   0.09841
   0.09691
   0.09538
   0.09390
   0.09242
   0.09096
   0.08948
   0.08800
   0.08665
   0.08526
   0.08389
   0.08251
   0.08120
   0.07981
   0.07851
   0.07715
   0.07574
   0.07464
   0.07344
   0.07203
   0.07074
   0.06954
   0.06860
   0.06738
   0.06608
   0.06494
   0.06376
   0.06280
   0.06176
   0.06055
   0.05968
   0.05867
   0.05755
   0.05666
   0.05577
   0.05463
   0.05391
   0.05298
   0.05202
   0.05114
   0.05029
   0.04946
   0.04866
   0.04788
   0.04713
   0.04637
   0.04564
   0.04493
   0.04423
   0.04355
   0.04289
   0.04226
   0.04164
   0.04093
   0.04042
   0.03984
   0.03927
   0.03873
   0.03809
   0.03756
   0.03711
   0.03666
   0.03607
   0.03555
   0.03511
   0.03473
   0.03431
   0.03379
   0.03332
   0.03292
   0.03260
   0.03223
   0.03186
   0.03137
   0.03093
   0.03057
   0.03029
   0.02999
   0.02968
   0.02936
   0.02905
   0.02875
   0.02845
   0.02815
   0.02788
   0.02761
   0.02736
   0.02712
   0.02689
   0.02668
   0.02649
   0.02608
   0.02583
   0.02584
   0.02585
   0.02549
   0.02527
   0.02542
   0.02550
   0.02526
   0.02522
   0.02541
   0.02563
   0.02541
   0.02562
   0.02602
   0.02584
   0.02627
   0.02676
   0.02697
   0.02743
   0.02790
   0.02844
   0.02896
   0.02987
   0.02981
   0.03126
   0.03159
   0.03303
   0.03341
   0.03484
   0.03529
   0.03656
   0.03681
   0.03772
   0.03741
   0.03761
   0.03652
   0.03553
   0.03359
   0.03126
   0.02711
   0.02042
   0.01348
   0.01285
   0.01313
   0.01268
   0.01257
   0.01248
   0.01234
   0.01222
   0.01210
   0.01198
   0.01186
   0.01175
   0.01163
   0.01151
   0.01140
   0.01128
   0.01117
   0.01106
   0.01095
   0.01083
   0.01073
   0.01062
   0.01051
   0.01039
   0.01029
   0.01019
   0.01009
   0.00997
   0.00987
   0.00977
   0.00967
   0.00956
   0.00946
   0.00937
   0.00926
   0.00916
   0.00906
   0.00897
   0.00887
   0.00877
   0.00868
   0.00858
   0.00849
   0.00839
   0.00830
   0.00820
   0.00811
   0.00802
   0.00793
   0.00784
   0.00775
   0.00766
   0.00757
   0.00748
   0.00740
   0.00731
   0.00723
