   0.70900
   0.71064
   0.71018
   0.71055
   0.70990
   0.70970
   0.70955
   0.70986
   0.70956
   0.70923
   0.70859
   0.70778
   0.70705
   0.70699
   0.70571
   0.70300
   0.70908
   0.70591
   0.70505
   0.70582
   0.70571
   0.70442
   0.70399
   0.70403
   0.70432
   0.70430
   0.70404
   0.70408
   0.70449
   0.70426
   0.70292
   0.70086
   0.69857
   0.69653
   0.69486
   0.69343
   0.69175
   0.68926
   0.68589
   0.68124
   0.67639
   0.66938
   0.65873
   0.65217
   0.64359
   0.63512
   0.62661
   0.61804
   0.60942
   0.60147
   0.59401
   0.58679
   0.58149
   0.57843
   0.57019
   0.56368
   0.55704
   0.55041
   0.54325
   0.53749
   0.53126
   0.52562
   0.51959
   0.51462
   0.50933
   0.50535
   0.50125
   0.49704
   0.49299
   0.49208
   0.49076
   0.48900
   0.48766
   0.48631
   0.48378
   0.47964
   0.47284
   0.46429
   0.45352
   0.44770
   0.45152
   0.46508
   0.50468
   0.56171
   0.62211
   0.65328
   0.65731
   0.63943
   0.61885
   0.59819
   0.57229
   0.53352
   0.46681
   0.38924
   0.50541
   0.53000
   0.39927
   0.17292
   0.76680
   0.68687
   0.16411
   0.20365
   0.05208
   0.11616
   0.09333
   0.07009
   0.08262
   0.07765
   0.10789
   0.08901
   0.07102
   0.05890
   0.08550
   0.03628
   0.76331
   0.07304
   0.50537
   0.07060
   0.16348
   0.09663
   0.02790
   0.55309
   0.04295
   0.28501
   0.06686
   0.29591
   0.19769
   0.12083
   0.02520
   0.01627
   0.04000
   0.15361
   0.03601
   0.02832
   0.01618
   0.02402
   0.01480
   0.01286
   0.06456
   0.04608
   0.03756
   0.03111
   0.02565
   0.31403
   0.14927
   0.08230
   0.05679
   0.20270
   0.01677
   0.01369
   0.04992
   0.13279
   0.05699
   0.04773
   0.14992
   0.05654
   0.05611
   0.02080
   0.19733
   0.01899
   0.02534
   0.01919
   0.01745
   0.02834
   0.09241
   0.06326
   0.02329
   0.02079
   0.01367
   0.03841
   0.09134
   0.01692
   0.01555
   0.01789
   0.01252
   0.01230
   0.01851
   0.09760
   0.02719
   0.00993
   0.01353
   0.01282
   0.00875
   0.05009
   0.01640
   0.01127
   0.08902
   0.01373
   0.00781
   0.06102
   0.06757
   0.02412
   0.01810
   0.03657
   0.07424
   0.02407
   0.02146
   0.01918
   0.04630
   0.27965
   0.02055
   0.01780
   0.15757
   0.03175
   0.01223
   0.07585
   0.13993
   0.01876
   0.01141
   0.02993
   0.06605
   0.19655
   0.17332
   0.03851
   0.04724
   0.01026
   0.01630
   0.01159
   0.07968
   0.01148
   0.01409
   0.02150
   0.02720
   0.03229
   0.04127
   0.44539
   0.00736
   0.01086
   0.01391
   0.01524
   0.13428
   0.04595
   0.02590
   0.05677
   0.03118
   0.02263
   0.08371
   0.01979
   0.02774
   0.06028
   0.01789
   0.01636
   0.01739
   0.12743
   0.01806
   0.01643
   0.01985
   0.14921
   0.01312
   0.01161
   0.13450
   0.01151
   0.13945
   0.01047
   0.01458
   0.11334
   0.02751
   0.02708
   0.04194
   0.00852
   0.25494
   0.02641
   0.00681
   0.00601
   0.02227
   0.00544
   0.00908
   0.05004
   0.18946
   0.12927
   0.10995
   0.08045
   0.10268
   0.16297
   0.15449
   0.14657
   0.14113
   0.14544
   0.14912
   0.12752
   0.16866
   0.25811
   0.43014
   0.26015
   0.02704
   0.26310
   0.26857
   0.36643
   0.01648
   0.03780
   0.02325
   0.01881
   0.04703
   0.03973
   0.02973
   0.01648
   0.01223
   0.01566
   0.01494
   0.44160
   0.00879
   0.13583
   0.00786
   0.10228
   0.00729
   0.10195
   0.01305
   0.02954
   0.04697
   0.00818
   0.18183
   0.00490
   0.00740
   0.02636
   0.00782
   0.00704
   0.00416
   0.00465
   0.00436
   0.00410
   0.00353
   0.00442
   0.03171
   0.00512
   0.00446
   0.00416
   0.00405
   0.00376
   0.00375
   0.00412
   0.01239
   0.00236
   0.00396
   0.38543
   0.00292
   0.01529
   0.00361
   0.00186
   0.00181
   0.00178
   0.00174
   0.00172
   0.00175
   0.00182
   0.01649
   0.00806
   0.00634
   0.00508
   0.00405
   0.00334
   0.00313
   0.00436
   0.00283
   0.00336
   0.00312
   0.00271
   0.00258
   0.00248
   0.00239
   0.00336
   0.13796
   0.00194
   0.00324
   0.00295
   0.00267
   0.00231
   0.00486
   0.00402
   0.00336
   0.00289
   0.00253
   0.00229
   0.00215
   0.00208
   0.00175
   0.05008
   0.01168
   0.00877
   0.00725
   0.00618
   0.00511
   0.00500
   0.00388
   0.03518
   0.00339
   0.15426
   0.00340
   0.00309
   0.00282
   0.00258
   0.00235
   0.00224
   0.00298
   0.00167
   0.00179
   0.00245
   0.00138
   0.00171
   0.69870
   0.00332
   0.00274
   0.00231
   0.00199
   0.00174
   0.00151
   0.00134
   0.00143
   0.00168
   0.00101
   0.00249
   0.09319
   0.00254
   0.00215
   0.00187
   0.00164
   0.00145
   0.00127
   0.00112
   3.70817
   0.00255
   0.00222
   0.00192
   0.00169
   0.00149
   0.00131
   0.00115
   0.00099
   0.00091
   0.07633
   0.00153
   0.00138
   0.00125
   0.00111
   0.00100
   0.00088
   0.00077
   0.00072
   0.00110
   0.00101
   0.00091
   0.00082
   0.00073
   0.00065
   0.00065
   0.00060
   0.00130
   0.00709
   0.00483
   0.00381
   0.00326
   0.00293
   0.00267
   0.00245
   0.00220
   0.00229
   0.00209
   0.00176
   0.00204
   0.00534
   0.00392
   0.00314
   0.00267
   0.00240
   0.00220
   0.00205
   0.00194
   0.00700
   0.00409
   0.00313
   0.00256
   0.00223
   0.00201
   0.00183
   0.00169
   0.00161
   0.00152
   0.00124
   0.06080
   0.05138
   0.05263
   0.05748
   0.06293
   0.06558
   0.06363
   0.06817
   0.06780
   0.06399
   0.05947
   0.05658
   0.05315
   0.05017
   0.04725
   0.04751
   0.04454
   0.06532
   0.06213
   0.02479
   0.03173
   0.03207
   0.02736
