   0.57005
   0.45621
   0.50374
   0.48634
   0.46479
   0.46315
   0.46215
   0.45838
   0.45955
   0.45856
   0.46092
   0.45863
   0.45939
   0.46038
   0.45875
   0.45800
   0.44886
   0.47229
   0.46896
   0.46750
   0.47350
   0.48573
   0.49617
   0.50389
   0.51343
   0.52408
   0.53512
   0.54482
   0.55283
   0.55850
   0.55950
   0.55534
   0.54366
   0.52739
   0.51262
   0.48986
   0.46427
   0.43703
   0.40835
   0.37927
   0.35056
   0.32307
   0.29752
   0.27386
   0.25261
   0.23382
   0.21724
   0.20273
   0.19013
   0.17912
   0.16953
   0.16114
   0.15384
   0.14853
   0.14288
   0.13782
   0.13338
   0.12953
   0.12614
   0.12313
   0.12046
   0.11807
   0.11596
   0.11421
   0.11270
   0.11135
   0.11022
   0.10928
   0.10890
   0.10825
   0.10754
   0.10578
   0.10397
   0.10403
   0.10384
   0.10296
   0.10326
   0.10339
   0.10355
   0.10387
   0.10302
   0.10358
   0.10383
   0.10444
   0.10409
   0.10389
   0.10368
   0.10332
   0.10246
   0.10115
   0.10047
   0.09962
   0.09871
   0.09636
   0.09505
   0.09342
   0.09204
   0.09024
   0.08871
   0.08706
   0.08535
   0.08361
   0.08172
   0.07977
   0.07773
   0.07562
   0.07344
   0.07116
   0.06924
   0.06685
   0.06471
   0.06233
   0.06001
   0.05744
   0.05503
   0.05265
   0.05028
   0.04791
   0.04561
   0.04322
   0.04081
   0.03843
   0.03597
   0.03367
   0.03141
   0.02911
   0.02688
   0.02465
   0.02259
   0.02061
   0.01877
   0.01730
   0.01597
   0.01477
   0.01368
   0.01265
   0.01160
   0.01043
   0.00928
   0.00865
   0.00910
   0.01144
   0.01451
   0.01345
   0.01259
   0.01127
   0.01057
   0.01085
   0.01073
   0.01074
   0.01062
   0.01067
   0.01100
   0.01216
   0.01009
   0.01141
   0.01078
   0.01030
   0.00997
   0.00929
   0.00990
   0.00784
   0.00239
   0.00166
   0.00210
   0.00139
   0.00106
   0.00064
   0.00070
   0.00051
   0.00049
   0.00053
   0.00090
   0.00054
   0.00071
   0.00036
   0.00059
   0.00272
   0.00358
   0.00083
   0.00014
   0.00017
   0.00015
   0.00175
   0.00015
   0.00015
   0.00013
   0.00022
   0.00191
   0.00018
   0.00021
   0.00017
   0.00020
   0.00015
   0.00020
   0.00015
   0.00034
   0.00017
   0.00013
   0.00011
   0.00113
   0.00014
   0.00015
   0.00029
   0.00064
   0.00018
   0.00179
   0.00033
   0.00032
   0.00107
   0.00011
   0.00024
   0.00015
   0.00182
   0.00031
   0.00129
   0.00113
   0.00057
   0.00026
   0.00086
   0.01653
   0.00294
   0.01438
   0.01216
   0.00094
   0.00662
   0.01065
   0.00042
   0.00431
   0.00044
   0.00227
   0.00066
   0.00183
   0.00003
   0.00060
   0.00050
   0.00660
   0.00379
   0.00552
   0.00147
   0.00060
   0.00029
   0.00509
   0.00386
   0.00411
   0.00731
   0.00062
   0.00144
   3.70510
   1.51460
   0.81940
   0.60306
   0.53643
   0.51409
   0.50654
   0.50400
   0.50313
   0.50284
   0.50274
   0.50271
   0.50270
   0.50270
   0.50270
   0.50270
   0.50270
   0.50270
   0.50271
   0.50271
   0.50271
   0.50271
   0.50271
   0.50272
   0.50272
   0.50272
   0.50272
   0.50273
   0.50273
   0.50273
   0.50273
   0.50273
   0.50274
   0.50274
   0.50274
   0.50274
   0.50274
   0.50275
   0.50275
   0.50275
   0.50275
   0.50276
   0.50276
   0.50276
   0.50276
   0.50277
   0.50277
   0.50277
   0.50278
   0.50278
   0.50278
   0.50279
   0.50279
   0.50279
   0.50280
   0.50280
   0.50280
   0.50280
   0.50281
   0.50281
   0.50281
   0.50281
   0.50281
   0.50282
   0.50282
   0.50282
   0.50282
   0.50282
   0.50283
   0.50283
   0.50283
   0.50283
   0.50283
   0.50284
   0.50284
   0.50284
   0.50284
   0.50284
   0.50285
   0.50285
   0.50285
   0.50285
   0.50285
   0.50286
   0.50286
   0.50286
   0.50286
   0.50286
   0.50287
   0.50287
   0.50287
   0.50287
   0.50287
   0.50288
   0.50288
   0.50288
   0.50288
   0.50288
   0.50289
   0.50289
   0.50289
   0.50289
   0.50289
   0.50290
   0.50290
   0.50290
   0.50290
   0.50290
   0.50291
   0.50291
   0.50291
   0.50291
   0.50292
   0.50292
   0.50292
   0.50292
   0.50292
   0.50293
   0.50293
   0.50293
   0.50293
   0.50293
   0.50294
   0.50294
   0.50294
   0.50294
   0.50294
   0.50295
   0.50295
   0.50295
   0.50295
   0.50296
   0.50296
   0.50296
   0.50296
   0.50296
   0.50297
   0.50297
   0.50297
   0.50297
   0.50298
   0.50298
   0.50298
   0.50298
   0.50298
   0.50299
   0.50299
   0.50299
   0.50299
   0.50300
   0.50300
   0.50300
   0.50300
   0.50301
   0.50301
   0.50301
   0.50301
   0.50302
   0.50302
   0.50302
   0.50302
   0.50303
   0.50303
   0.50303
   0.50303
   0.50305
   0.50305
   0.50306
   0.50306
   0.50306
   0.50306
   0.50306
   0.50307
   0.50307
   0.50307
   0.50307
   0.50307
   0.50308
   0.50308
   0.50308
   0.50308
   0.50308
   0.50309
   0.50309
   0.50309
   0.50309
   0.50310
   0.50310
   0.50310
   0.50310
   0.50310
   0.50310
   0.50310
   0.50311
   0.50311
   0.50311
   0.50311
   0.50311
   0.50311
   0.50311
   0.50312
   0.50312
   0.50312
   0.50312
   0.50312
   0.50312
   0.50312
   0.50313
   0.50313
   0.50313
   0.50313
   0.50313
   0.50313
   0.50314
   0.50314
   0.50314
   0.50314
   0.50314
   0.50314
   0.50315
   0.50315
   0.50315
   0.50315
   0.50315
   0.50315
   0.50316
   0.50316
   0.50316
   0.50316
   0.50316
   0.50316
   0.50317
   0.50317
   0.50317
   0.50317
   0.50317
   0.50317
   0.50318
   0.50318
   0.50318
   0.50318
   0.50318
   0.50318
   0.50318
   0.50319
   0.50319
   0.50319
   0.50319
   0.50319
   0.50319
   0.50320
   0.50320
   0.50320
   0.50320
   0.50320
   0.50320
   0.50321
   0.50321
   0.50321
   0.50321
   0.50321
   0.50322
   0.50322
   0.50322
   0.50322
   0.50322
   0.50322
   0.50323
   0.50323
   0.50323
   0.50323
   0.50323
   0.50323
   0.50323
   0.50324
   0.50324
   0.50324
   0.50324
   0.50324
   0.50325
   0.50325
   0.50325
   0.50325
   0.50325
   0.50325
   0.50326
   0.50326
   0.50326
   0.50326
   0.50326
   0.50326
   0.50327
   0.50327
   0.50327
   0.50327
   0.50327
   0.50327
   0.50328
   0.50328
   0.50328
   0.50328
   0.50328
   0.50328
   0.50329
   0.50329
   0.50329
   0.50329
   0.50329
   0.50329
   0.50330
   0.50330
   0.50330
   0.50315
   0.50331
   0.50337
   0.50340
   0.50341
   0.50342
   0.50342
   0.50342
   0.50342
   0.50343
   0.50343
   0.50343
   0.50343
   0.50343
   0.50343
   0.50343
   0.50343
   0.50343
   0.50344
   0.50344
   0.50344
   0.50344
   0.50344
   0.50344
   0.50344
   0.50344
   0.50344
   0.50344
   0.50345
   0.50345
   0.50345
   0.50345
   0.50345
   0.50345
   0.50345
   0.50345
   0.50345
   0.50345
   0.50346
   0.50346
   0.50346
   0.50346
   0.50346
   0.50346
   0.50346
   0.50346
   0.50346
   0.50346
   0.50347
   0.50347
   0.50347
   0.50347
   0.50347
   0.50347
   0.50347
   0.50347
   0.50347
   0.50347
   0.50348
   0.50348
   0.50348
   0.50348
   0.50348
   0.50348
   0.50348
   0.50348
   0.50348
   0.50348
   0.50349
   0.50349
   0.50349
   0.50349
   0.50349
   0.50349
   0.50349
   0.50349
   0.50349
   0.50350
   0.50350
   0.50350
   0.50350
   0.50350
   0.50350
   0.50350
   0.50350
   0.50350
   0.50350
   0.50351
   0.50351
   0.50351
   0.50351
   0.50351
   0.50351
   0.50351
   0.50351
   0.50351
   0.50351
   0.50352
   0.50352
   0.50352
   0.50352
   0.50352
   0.50352
   0.50352
   0.50352
   0.50352
   0.50353
   0.50353
   0.50353
   0.50353
   0.50353
   0.50353
   0.50353
   0.50353
   0.50353
   0.50354
   0.50354
   0.50354
   0.50354
   0.50354
   0.50354
   0.50354
   0.50354
   0.50354
   0.50354
   0.50355
   0.50355
   0.50355
   0.50355
   0.50355
   0.50355
   0.50355
   0.50355
   0.50355
   0.50355
   0.50356
   0.50356
   0.50356
   0.50356
   0.50356
   0.50356
   0.50356
   0.50356
   0.50356
   0.50357
   0.50357
   0.50357
   0.50357
   0.50357
   0.50357
   0.50357
   0.50357
   0.50357
   0.50357
   0.50358
   0.50358
   0.50358
   0.50358
   0.50358
   0.50358
   0.50358
   0.50358
   0.50358
   0.50359
   0.50359
   0.50359
   0.50359
   0.50359
   0.50359
   0.50359
   0.50359
   0.50359
   0.50360
   0.50360
   0.50360
   0.50360
   0.50360
   0.50360
   0.50360
   0.50360
   0.50360
   0.50361
   0.50361
   0.50361
   0.50361
   0.50361
   0.50361
   0.50361
   0.50361
   0.50361
   0.50362
   0.50362
   0.50362
   0.50362
   0.50362
   0.50362
   0.50362
   0.50362
   0.50362
   0.50363
   0.50363
   0.50363
   0.50363
   0.50363
   0.50363
   0.50363
   0.50363
   0.50363
   0.50364
   0.50364
   0.50364
   0.50364
   0.50364
   0.50364
   0.50364
   0.50364
   0.50364
   0.50365
   0.50365
   0.50365
   0.50365
   0.50365
   0.50365
   0.50365
   0.50365
   0.50365
   0.50366
   0.50366
   0.50366
   0.50366
   0.50366
   0.50366
   0.50366
   0.50366
   0.50367
   0.50367
   0.50367
   0.50367
   0.50367
   0.50367
   0.50367
   0.50367
   0.50367
   0.50368
   0.50368
   0.50368
   0.50368
   0.50368
   0.50368
   0.50368
   0.50368
   0.50369
   0.50369
   0.50369
   0.50369
   0.50369
   0.50369
   0.50369
   0.50370
   0.50370
   0.50370
   0.50370
   0.50370
   0.50370
   0.50370
   0.50370
   0.50370
   0.50370
   0.50370
   0.50370
   0.50370
   0.50370
   0.50371
   0.50371
   0.50371
   0.50371
   0.50371
   0.50371
   0.50371
   0.50371
   0.50371
   0.50371
   0.50371
   0.50372
   0.50372
   0.50372
   0.50372
   0.50372
   0.50372
   0.50372
   0.50372
   0.50372
   0.50372
   0.50373
   0.50373
   0.50373
   0.50373
   0.50373
   0.50373
   0.50373
   0.50373
   0.50373
   0.50373
   0.50373
   0.50374
   0.50374
   0.50374
   0.50374
   0.50374
   0.50374
   0.50374
   0.50374
   0.50374
   0.50375
   0.50375
   0.50375
   0.50375
   0.50375
   0.50375
   0.50375
   0.50375
   0.50375
   0.50375
   0.50375
   0.50376
   0.50376
   0.50376
   0.50376
   0.50376
   0.50376
   0.50376
   0.50376
   0.50376
   0.50376
   0.50377
   0.50377
   0.50377
   0.50377
   0.50377
   0.50377
   0.50377
   0.50377
   0.50377
   0.50377
   0.50378
   0.50378
   0.50378
   0.50378
   0.50378
   0.50378
   0.50378
   0.50378
   0.50378
   0.50378
   0.50379
   0.50379
   0.50379
   0.50379
   0.50379
   0.50379
   0.50379
   0.50379
   0.50379
   0.50379
   0.50380
   0.50380
   0.50380
   0.50380
   0.50380
   0.50380
   0.50380
   0.50380
   0.50380
   0.50380
   0.50381
   0.50381
   0.50381
   0.50381
   0.50381
   0.50381
   0.50381
   0.50381
   0.50381
   0.50381
   0.50382
   0.50382
   0.50382
   0.50382
   0.50382
   0.50382
   0.50382
   0.50382
   0.50382
   0.50382
   0.50383
   0.50383
   0.50383
   0.50383
   0.50383
   0.50383
   0.50383
   0.50383
   0.50383
   0.50384
   0.50384
   0.50384
   0.50384
   0.50384
   0.50384
   0.50384
   0.50384
   0.50384
   0.50384
   0.50385
   0.50385
   0.50385
   0.50385
   0.50385
   0.50385
   0.50385
   0.50385
   0.50385
   0.50385
   0.50386
   0.50386
   0.50386
   0.50386
   0.50386
   0.50386
   0.50386
   0.50386
   0.50386
   0.50387
   0.50387
   0.50387
   0.50387
   0.50387
   0.50387
   0.50387
   0.50387
