   0.71496
   0.72130
   0.72307
   0.74079
   0.74534
   0.75379
   0.74074
   0.74611
   0.74727
   0.74482
   0.73517
   0.74209
   0.73920
   0.73668
   0.74340
   0.74653
   0.74603
   0.74567
   0.74845
   0.74842
   0.74624
   0.74623
   0.75022
   0.75312
   0.75074
   0.74990
   0.75132
   0.74655
   0.74000
   0.73573
   0.72879
   0.71588
   0.70646
   0.70333
   0.70296
   0.70476
   0.70648
   0.70772
   0.70907
   0.71065
   0.71243
   0.71442
   0.71674
   0.71950
   0.72277
   0.72659
   0.73086
   0.73542
   0.74002
   0.74451
   0.74869
   0.75246
   0.75566
   0.75829
   0.76021
   0.76141
   0.76188
   0.76164
   0.76070
   0.75911
   0.75697
   0.75430
   0.75125
   0.74779
   0.74402
   0.73988
   0.73543
   0.73074
   0.72586
   0.72077
   0.71554
   0.71016
   0.70467
   0.69908
   0.69341
   0.68765
   0.68179
   0.67590
   0.66996
   0.66397
   0.65793
   0.65184
   0.64573
   0.63956
   0.63337
   0.62712
   0.62085
   0.61453
   0.60830
   0.60218
   0.59575
   0.58928
   0.58276
   0.57620
   0.56960
   0.56297
   0.55631
   0.54962
   0.54293
   0.53622
   0.52947
   0.52269
   0.51589
   0.50908
   0.50226
   0.49542
   0.48856
   0.48168
   0.47481
   0.46794
   0.46105
   0.45412
   0.44717
   0.44016
   0.43313
   0.42604
   0.41889
   0.41167
   0.40437
   0.39698
   0.38952
   0.38197
   0.37435
   0.36665
   0.35887
   0.35106
   0.34324
   0.33540
   0.32757
   0.31978
   0.31205
   0.30439
   0.29683
   0.28937
   0.28204
   0.27483
   0.26775
   0.26080
   0.25398
   0.24729
   0.24072
   0.23427
   0.22794
   0.22174
   0.21565
   0.20969
   0.20385
   0.19812
   0.19251
   0.18701
   0.18160
   0.17629
   0.17105
   0.16586
   0.16072
   0.15559
   0.15047
   0.14532
   0.14015
   0.13492
   0.12968
   0.12448
   0.11945
   0.11474
   0.11047
   0.10664
   0.10314
   0.09981
   0.09654
   0.09327
   0.09001
   0.08674
   0.08350
   0.08029
   0.07716
   0.07413
   0.07127
   0.06872
   0.06661
   0.06511
   0.06431
   0.06417
   0.06453
   0.06507
   0.06552
   0.06574
   0.06573
   0.06551
   0.06511
   0.06456
   0.06391
   0.06323
   0.06269
   0.06226
   0.06160
   0.05997
   0.05718
   0.05398
   0.05100
   0.04724
   0.04007
   0.03124
   0.02798
   0.02886
   0.03471
   0.03829
   0.03647
   0.03260
   0.02987
   0.02716
   0.02335
   0.02401
   0.03567
   0.02360
   0.35025
   0.11236
   0.10669
   0.11384
   0.11789
   0.11920
   0.12022
   0.12731
   0.14860
   0.17708
   0.20156
   0.23220
   0.24770
   0.22316
   0.15435
   0.06531
   0.02149
   0.01289
   0.03907
   0.02993
   0.03813
   0.02106
   0.03756
   0.02689
   0.03652
   0.10158
   0.08473
   0.06638
   0.01779
   0.00809
   0.00926
   0.00754
   0.00680
   0.00645
   0.00610
   0.00582
   0.00548
   0.00528
   0.00507
   0.00478
   0.00450
   0.00426
   0.00403
   0.01269
   0.01075
   0.00845
   0.00696
   0.00577
   0.00539
   0.00489
   0.00504
   0.00472
   0.09176
   0.00446
   0.00405
   0.00386
   0.00434
   0.00375
   0.00391
   0.00347
   0.00337
   0.00325
   0.00407
   0.00360
   0.00343
   0.00315
   0.01087
   0.00681
   0.00617
   0.00476
   0.00414
   0.00356
   0.00321
   0.00309
   0.00282
   0.00282
   0.00269
   0.00272
   0.00561
   0.00502
   0.00441
   0.00346
   0.00307
   0.00263
   0.00245
   0.00237
   0.00234
   0.00244
   0.00257
   0.04684
   0.00585
   0.00473
   0.00440
   0.00423
   0.00353
   0.00753
   0.00414
   0.00379
   0.00324
   0.00274
   0.06370
   0.00532
   0.00448
   0.00386
   0.00352
   0.00328
   0.00273
   0.00227
   0.00195
   0.00197
   0.06764
   0.00428
   0.00361
   0.00325
   0.00298
   0.00266
   0.00214
   0.00196
   0.00196
   0.05171
   0.00389
   0.00333
   0.00286
   0.00260
   0.00241
   0.00217
   0.00181
   0.00176
   0.00192
   0.00201
   0.00177
   0.00224
   0.00422
   0.00394
   0.00338
   0.00290
   0.00247
   0.00228
   0.00207
   0.00185
   0.00161
   0.00143
   0.00139
   0.00141
   0.00137
   0.00151
   0.00217
   0.00168
   0.00169
   0.00133
   0.00358
   0.00327
   0.00290
   0.00251
   0.00214
   0.00181
   0.00164
   0.00158
   0.00126
   0.00123
   0.00105
   0.00096
   0.00094
   0.00091
   0.00091
   0.00100
   0.00108
   0.00106
   0.00438
   0.00411
   0.00365
   0.00319
   0.00280
   0.00242
   0.00208
   0.00178
   0.00153
   0.00143
   0.00125
   0.00100
   0.00092
   0.00084
   0.00075
   0.00071
   0.00071
   0.00072
   0.00074
   0.00079
   0.00074
   0.00069
   0.00061
   1.32233
   0.00379
   0.00334
   0.00288
   0.00251
   0.00219
   0.00190
   0.00164
   0.00140
   0.00119
   0.00110
   0.00096
   0.00077
   0.00072
   0.00371
   0.00326
   0.00271
   0.00224
   0.00189
   0.00160
   0.00136
   0.00119
   0.00107
   0.00094
   0.00083
   0.00068
   0.00059
   0.14167
   0.00217
   0.00217
   0.00211
   0.00201
   0.00184
   0.00165
   0.00144
   0.00122
   0.00104
   0.00090
   0.00087
   0.00081
   0.00067
   0.00053
   0.00057
   0.00041
   0.00035
   0.00033
   0.00031
   0.00030
   0.00029
   0.00029
   0.00026
   0.00025
   0.00057
   0.00296
   0.00247
   0.00224
   0.00203
   0.00182
   0.00160
   0.00142
   0.00125
   0.00110
   0.00095
   0.00080
   0.00067
   0.00057
   0.00053
   0.00050
   0.00037
   0.00036
   0.40365
   0.00348
   0.00316
   0.00283
   0.00252
   0.00227
   0.00202
   0.00180
   0.00158
   0.00140
   0.00122
   0.00106
   0.00092
   0.00079
   0.00067
   0.00055
   0.00049
   0.00048
   0.00043
   0.00033
   0.00029
   0.00052
   0.00078
   0.00084
   0.00089
   0.00094
   0.00096
   0.00096
   0.00092
   0.00086
   0.00077
   0.00067
   0.00057
   0.00048
   0.00042
   0.00042
   0.00038
   0.00031
   0.00024
   0.79537
   0.70830
   0.71550
   0.71626
   0.71627
   0.71621
   0.71616
   0.71612
   0.71610
   0.71608
   0.71606
   0.71605
   0.71604
   0.71604
   0.71603
   0.71603
   0.71603
   0.71602
   0.71602
   0.71602
   0.71602
   0.71602
   0.71602
   0.71602
   0.71602
   0.71602
   0.71602
   0.71602
   0.71602
   0.71602
   0.71602
   0.71602
   0.71602
   0.71602
   0.71601
   0.71601
   0.71601
   0.71601
   0.71601
   0.71601
   0.71601
   0.71601
   0.71601
   0.71601
   0.71601
   0.71601
   0.71601
   0.71601
   0.71601
   0.71601
   0.71601
   0.71601
   0.71601
   0.71601
   0.71601
   0.71601
   0.71601
   0.71601
   0.71601
   0.71601
   0.71601
   0.71601
   0.71601
   0.71601
   0.71601
   0.71601
   0.71601
   0.71601
   0.71601
   0.71601
   0.71601
   0.71601
   0.71601
   0.71601
   0.71600
   0.71600
   0.71600
   0.71600
   0.71600
   0.71600
   0.71600
   0.71600
   0.71600
   0.71600
   0.71600
   0.71600
   0.71600
   0.71600
   0.71600
   0.71600
   0.71600
   0.71600
   0.71600
   0.71600
   0.71600
   0.71600
   0.71600
   0.71600
   0.71600
   0.71600
   0.71600
   0.71600
   0.71600
   0.71600
   0.71600
   0.71600
   0.71600
   0.71600
   0.71600
   0.71600
   0.71600
   0.71600
   0.71600
   0.71600
   0.71600
   0.71600
   0.71600
   0.71600
   0.71600
   0.71600
   0.71600
   0.71600
   0.71600
   0.71600
   0.71600
   0.71600
   0.71600
   0.71600
   0.71600
   0.71599
   0.71599
   0.71599
   0.71599
   0.71599
   0.71599
   0.71599
   0.71599
   0.71599
   0.71599
   0.71599
   0.71599
   0.71599
   0.71599
   0.71599
   0.71599
   0.71599
   0.71599
   0.71599
   0.71599
   0.71599
   0.71599
   0.71599
   0.71599
   0.71599
   0.71599
   0.71599
   0.71599
   0.71599
   0.71599
   0.71599
   0.71599
   0.71599
   0.71599
   0.71599
   0.71599
   0.71599
   0.71599
   0.71599
   0.71599
   0.71599
   0.71599
   0.71599
   0.71599
   0.71599
   0.71599
   0.71599
   0.71599
   0.71599
   0.71599
   0.71599
   0.71599
   0.71599
   0.71599
   0.71599
   0.71598
   0.71598
   0.71598
   0.71598
   0.71598
   0.71598
   0.71598
   0.71598
   0.71598
   0.71598
   0.71598
   0.71598
   0.71598
   0.71598
   0.71598
   0.71598
   0.71598
   0.71598
   0.71598
   0.71598
   0.71598
   0.71598
   0.71598
   0.71598
   0.71598
   0.71598
   0.71598
   0.71598
   0.71598
   0.71598
   0.71598
   0.71598
   0.71598
   0.71598
   0.71598
   0.71598
   0.71598
   0.71598
   0.71598
   0.71598
   0.71598
   0.71598
   0.71598
   0.71598
   0.71598
   0.71598
   0.71598
   0.71598
   0.71598
   0.71598
   0.71598
   0.71598
   0.71598
   0.71598
   0.71597
   0.71597
   0.71597
   0.71597
   0.71597
   0.71597
   0.71597
   0.71597
   0.71597
   0.71597
   0.71597
   0.71597
   0.71597
   0.71597
   0.71597
   0.71597
   0.71597
   0.71597
   0.71597
   0.71597
   0.71597
   0.71597
   0.71597
   0.71597
   0.71597
   0.71597
   0.71597
   0.71597
   0.71597
   0.71597
   0.71597
   0.71597
   0.71597
   0.71597
   0.71597
   0.71597
   0.71597
   0.71597
   0.71597
   0.71597
   0.71597
   0.71597
   0.71597
   0.71597
   0.71597
   0.71597
   0.71597
   0.71597
   0.71597
   0.71597
   0.71597
   0.71597
   0.71597
   0.71597
   0.71596
   0.71596
   0.71596
   0.71596
   0.71596
   0.71596
   0.71596
   0.71596
   0.71596
   0.71596
   0.71596
   0.71596
   0.71596
   0.71596
   0.71596
   0.71596
   0.71596
   0.71596
   0.71596
   0.71596
   0.71596
   0.71596
   0.71596
   0.71596
   0.71596
   0.71596
   0.71596
   0.71596
   0.71596
   0.71596
   0.71596
   0.71596
   0.71596
   0.71596
   0.71596
   0.71596
   0.71596
   0.71596
   0.71596
   0.71596
   0.71596
   0.71596
   0.71596
   0.71596
   0.71596
   0.71596
   0.71596
   0.71596
   0.71596
   0.71596
   0.71596
   0.71596
   0.71596
   0.71596
   0.71595
   0.71595
   0.71595
   0.71595
   0.71595
   0.71595
   0.71595
   0.71595
   0.71595
   0.71595
   0.71595
   0.71595
   0.71595
   0.71595
   0.71595
   0.71595
   0.71595
   0.71595
   0.71595
   0.71595
   0.71595
   0.71595
   0.71595
   0.71595
   0.71595
   0.71595
   0.71595
   0.71595
   0.71595
   0.71595
   0.71595
   0.71595
   0.71595
   0.71595
   0.71595
   0.71595
   0.71595
   0.71595
   0.71595
   0.71595
   0.71595
   0.71595
   0.71595
   0.71595
   0.71595
   0.71595
   0.71595
   0.71595
   0.71595
   0.71595
   0.71595
   0.71595
   0.71594
   0.71594
   0.71594
   0.71594
   0.71594
   0.71594
   0.71594
   0.71594
   0.71594
   0.71594
   0.71594
   0.71594
   0.71594
   0.71594
   0.71594
   0.71594
   0.71594
   0.71594
   0.71594
   0.71594
   0.71594
   0.71594
   0.71594
   0.71594
   0.71594
   0.71594
   0.71594
   0.71594
   0.71594
   0.71594
   0.71594
   0.71594
   0.71594
   0.71594
   0.71594
   0.71594
   0.71594
   0.71594
   0.71594
   0.71594
   0.71594
   0.71594
   0.71594
   0.71594
   0.71594
   0.71594
   0.71594
   0.71594
   0.71594
   0.71594
   0.71594
   0.71594
   0.71593
   0.71593
   0.71593
   0.71593
   0.71593
   0.71593
   0.71593
   0.71593
   0.71593
   0.71593
   0.71593
   0.71593
   0.71593
   0.71593
   0.71593
   0.71593
   0.71593
   0.71593
   0.71593
   0.71593
   0.71593
   0.71593
   0.71593
   0.71593
   0.71593
   0.71593
   0.71593
   0.71593
   0.71593
   0.71593
   0.71593
   0.71593
   0.71593
   0.71593
   0.71593
   0.71593
