   0.71231
   0.70466
   0.70403
   0.70305
   0.70217
   0.70133
   0.70210
   0.70006
   0.69915
   0.69834
   0.69761
   0.69693
   0.69635
   0.69577
   0.72213
   0.69428
   0.69426
   0.69358
   0.69258
   0.69225
   0.69159
   0.69163
   0.69130
   0.69093
   0.70716
   0.68946
   0.70323
   0.69222
   0.69124
   0.69031
   0.68960
   0.68894
   0.69917
   0.68767
   0.68742
   0.68700
   0.68659
   0.71641
   0.71707
   0.70738
   0.71011
   0.70819
   0.70565
   0.70608
   0.70876
   0.71152
   0.71592
   0.72507
   0.73001
   0.73329
   0.72758
   0.72928
   0.72465
   0.71929
   0.71492
   0.70928
   0.70116
   0.69525
   0.68759
   0.67885
   0.67016
   0.66125
   0.65203
   0.64260
   0.63358
   0.62476
   0.61656
   0.60922
   0.60235
   0.59601
   0.59011
   0.58436
   0.57847
   0.57251
   0.56609
   0.55930
   0.55239
   0.54529
   0.53816
   0.53080
   0.52368
   0.51680
   0.51023
   0.50410
   0.49843
   0.49314
   0.48806
   0.48299
   0.47780
   0.47241
   0.46690
   0.46127
   0.45564
   0.45002
   0.44443
   0.43889
   0.43339
   0.42796
   0.42249
   0.41725
   0.41199
   0.40676
   0.40149
   0.39648
   0.39133
   0.38642
   0.38139
   0.37665
   0.37174
   0.36713
   0.36236
   0.35790
   0.35326
   0.34894
   0.34441
   0.34012
   0.33594
   0.33158
   0.32752
   0.32342
   0.31937
   0.31540
   0.31156
   0.30759
   0.30379
   0.30000
   0.29636
   0.29265
   0.28907
   0.28546
   0.28190
   0.27845
   0.27492
   0.27152
   0.26828
   0.26504
   0.26148
   0.25840
   0.25498
   0.25180
   0.24862
   0.24545
   0.24232
   0.23921
   0.23611
   0.23306
   0.22998
   0.22690
   0.22389
   0.22087
   0.21784
   0.21481
   0.21182
   0.20880
   0.20587
   0.20288
   0.19995
   0.19699
   0.19414
   0.19126
   0.18846
   0.18565
   0.18292
   0.18021
   0.17761
   0.17491
   0.17246
   0.16999
   0.16751
   0.16517
   0.16278
   0.16052
   0.15830
   0.15611
   0.15395
   0.15183
   0.14970
   0.14768
   0.14575
   0.14378
   0.14166
   0.13991
   0.13784
   0.13600
   0.13417
   0.13241
   0.13060
   0.12879
   0.12696
   0.12556
   0.12367
   0.12282
   0.12117
   0.11939
   0.11763
   0.11583
   0.11427
   0.11224
   0.11065
   0.10863
   0.10714
   0.10531
   0.10382
   0.10070
   0.10144
   0.09887
   0.09576
   0.09641
   0.09597
   0.09407
   0.09262
   0.09168
   0.09058
   0.08854
   0.08645
   0.08502
   0.08151
   0.07993
   0.07800
   0.07644
   0.07435
   0.07255
   0.07076
   0.06903
   0.06727
   0.06547
   0.06381
   0.06217
   0.06032
   0.05884
   0.05705
   0.05553
   0.05393
   0.05261
   0.05113
   0.04959
   0.04808
   0.04798
   0.04520
   0.04345
   0.04336
   0.04115
   0.04034
   0.03855
   0.03759
   0.03616
   0.03509
   0.03392
   0.03267
   0.03249
   0.03115
   0.03000
   0.02900
   0.02799
   0.02718
   0.02630
   0.02547
   0.02464
   0.02386
   0.02311
   0.02236
   0.02165
   0.02096
   0.02030
   0.01965
   0.01903
   0.01844
   0.01786
   0.01728
   0.01682
   0.01629
   0.01581
   0.01538
   0.01493
   0.01454
   0.01414
   0.01375
   0.01341
   0.01304
   0.01271
   0.01237
   0.01204
   0.01169
   0.01131
   0.01093
   0.01062
   0.01031
   0.01000
   0.00971
   0.00942
   0.00915
   0.00888
   0.00863
   0.00838
   0.00814
   0.00790
   0.00767
   0.00745
   0.00724
   0.00702
   0.00682
   0.00662
   0.00643
   0.00624
   0.00606
   0.00588
   0.00571
   0.00555
   0.00539
   0.00523
   0.00508
   0.00494
   0.00480
   0.00467
   0.00455
   0.00444
   0.00433
   0.00424
   0.00415
   0.00410
   0.00401
   0.00396
   0.00394
   0.00392
   0.00388
   0.00387
   0.00376
   0.00536
   0.05805
   0.01281
   0.01209
   0.01060
   0.00976
   0.00907
   0.00838
   0.00771
   0.00727
   0.00653
   0.00630
   0.00550
   0.00589
   0.00530
   0.00571
   0.01626
   0.02069
   0.00934
   0.01250
   0.01113
   0.01190
   0.00903
   0.00767
   0.00697
   0.00668
   0.00555
   0.00587
   0.00489
   0.00505
   0.00448
   0.00378
   0.00394
   0.00365
   0.00340
   0.00326
   0.00312
   0.00304
   0.00301
   0.00300
   0.00295
   0.00302
   0.00307
   0.00303
   0.00316
   0.00319
   0.00345
   0.00365
   0.00728
   0.00305
   0.00331
   0.00722
   0.00548
   0.00599
   0.00315
   0.00548
   0.00300
   0.00486
   0.00251
   0.00591
   0.00274
   0.00479
   0.00257
   0.00452
   0.00249
   0.00409
   0.00441
   0.00242
   0.00412
   0.00236
   0.00402
   0.00232
   0.00389
   0.00224
   0.00378
   0.00220
   0.00367
   0.00214
   0.00358
   0.00211
   0.00346
   0.00206
   0.00336
   0.00201
   0.00326
   0.00197
   0.00314
   0.00192
   0.00300
   0.00191
   0.00273
   0.00188
   0.00325
   0.00165
   0.07837
   0.06037
   0.01777
   0.01814
   0.01581
   0.01585
   0.01613
   0.01693
   0.01855
   0.02045
   0.02061
   0.01677
   0.01509
   0.01632
   0.01978
   0.02712
   0.02590
   0.02312
   0.02169
   0.02089
   0.01829
   0.02031
   0.01573
   0.02025
   0.01421
   0.01994
   0.01279
   0.01934
   0.01167
   0.01835
   0.01105
   0.01704
   0.01116
   0.01558
   0.01148
   0.01378
   0.01147
   0.01174
   0.01062
   0.00989
   0.00897
   0.00811
   0.00732
   0.00667
   0.00615
   0.00580
   0.00556
   0.00539
   0.00524
   0.00513
   0.00500
   0.00484
   0.00467
   0.00454
   0.00455
   0.00443
   0.00424
   0.00375
   0.00341
   0.00330
   0.00318
   0.00321
   0.00309
   0.00253
   0.00247
   0.00230
   0.00226
   0.00217
   0.00214
   0.00211
   0.00207
   0.00203
   0.00199
   0.00194
   0.00187
   0.00182
   0.00176
   0.00169
   0.00163
   0.00158
   0.00153
   0.00148
   0.00144
   0.00141
   0.00137
   0.00133
   0.00128
   0.00122
   0.00116
   0.00109
   0.00105
   0.00094
   0.00099
   0.00088
   0.00095
   0.00084
   0.00091
   0.00081
   0.00083
   0.00080
   0.00078
   0.00077
   0.00077
   0.00076
   0.00075
   0.00074
   0.00077
   0.00074
   0.00074
   0.00071
   0.00070
   0.00069
   0.00068
   0.00067
   0.00066
   0.00065
   0.00065
   0.00064
   0.00063
   0.00063
   0.00062
   0.00063
   0.00067
   0.00097
   0.01940
   0.02185
   0.01106
   0.00824
   0.00767
   0.00720
   0.00678
   0.00634
   0.00600
   0.00570
   0.00543
   0.00516
   0.00493
   0.00472
   0.00455
   0.00428
   0.00414
   0.00397
   0.00388
   0.00385
   0.00374
   0.00375
   0.00391
   0.00404
   0.00417
   0.00416
   0.00401
   0.00393
   0.00375
   0.00376
   0.00344
   0.00237
   0.00317
   0.00173
   0.00216
   0.00325
   0.00457
   0.00545
   0.00461
   0.00285
   0.00269
   0.00257
   0.00248
   0.00238
   0.00231
   0.00225
   0.00219
   0.00220
   0.00214
   0.00211
   0.00210
   0.00211
   0.00210
   0.00210
   0.00210
   0.00209
   0.00208
   0.00207
   0.00205
   0.00203
   0.00204
   0.00204
   0.00206
   0.00210
   0.00215
   0.00227
   0.00247
   0.00248
   0.00218
   0.00239
   0.00149
   0.00244
   0.00496
   0.02563
   0.00268
   0.00246
   0.00231
   0.00218
   0.00207
   0.00197
   0.00190
   0.00186
   0.00181
   0.00177
   0.00174
   0.00172
   0.00171
   0.00170
   0.00170
   0.00171
   0.00170
   0.00170
   0.00170
   0.00170
   0.00170
   0.00171
   0.00172
   0.00173
   0.00174
   0.00177
   0.00180
   0.00186
   0.00193
   0.00202
   0.00209
   0.00203
   0.00189
   0.00181
   0.00167
   0.00158
   0.00142
   0.00135
   0.00119
   0.00127
   0.00549
   0.00886
   0.00094
   0.00092
   0.00092
   0.00092
   0.00093
   0.00093
   0.00094
   0.00095
   0.00096
   0.00098
   0.00099
   0.00101
   0.00104
   0.00107
   0.00110
   0.00113
   0.00116
   0.00119
   0.00123
   0.00125
   0.00128
   0.00131
   0.00133
   0.00135
   0.00137
   0.00139
   0.00141
   0.00143
   0.00146
   0.00149
   0.00154
   0.00159
   0.00165
   0.00171
   0.00172
   0.00166
   0.00157
   0.00147
   0.00137
   0.00127
   0.00118
   0.00108
   0.00103
   0.00099
   0.00118
   0.00268
   0.00150
   1.05305
   0.00071
   0.00071
   0.00071
   0.00071
   0.00070
   0.00070
   0.00070
   0.00069
   0.00069
   0.00069
   0.00069
   0.00068
   0.00068
   0.00068
   0.00068
   0.00068
   0.00068
   0.00068
   0.00068
   0.00069
   0.00069
   0.00070
   0.00070
   0.00071
   0.00072
   0.00074
   0.00075
   0.00077
   0.00079
   0.00081
   0.00083
   0.00086
   0.00088
   0.00091
   0.00093
   0.00095
   0.00097
   0.00099
   0.00101
   0.00102
   0.00104
   0.00105
   0.00107
   0.00109
   0.00110
   0.00112
   0.00115
   0.00117
   0.00120
   0.00122
   0.00123
   0.00122
   0.00117
   0.00111
   0.00104
   0.00096
   0.00089
   0.00083
   0.00078
   0.00076
   0.00082
   0.00146
   0.00083
   0.00197
   0.00092
   0.00111
   0.00126
   0.00056
   0.00080
   0.00112
   0.00318
   0.01775
   0.00103
   0.00092
   0.00090
   0.00088
   0.00087
   0.00086
   0.00084
   0.00083
   0.00081
   0.00080
   0.00079
   0.00077
   0.00076
   0.00074
   0.00073
   0.00072
   0.00071
   0.00070
   0.00068
   0.00067
   0.00066
   0.00065
   0.00064
   0.00063
   0.00062
   0.00061
   0.00060
   0.00059
   0.00058
   0.00057
   0.00056
   0.00056
   0.00055
   0.00054
   0.00054
   0.00053
   0.00053
   0.00053
   0.00053
   0.00053
   0.00053
   0.00053
   0.00054
   0.00054
   0.00055
   0.00056
   0.00058
   0.00059
   0.00061
   0.00062
   0.00064
   0.00066
   0.00067
   0.00069
   0.00070
   0.00071
   0.00072
   0.00073
   0.00075
   0.00076
   0.00077
   0.00078
   0.00080
   0.00082
   0.00084
   0.00086
   0.00088
   0.00090
   0.00091
   0.00090
   0.00087
   0.00083
   0.00078
   0.00073
   0.00067
   0.00062
   0.00058
   0.00055
   0.00054
   0.00068
   0.00217
   0.00936
   0.00044
   0.00049
   0.00049
   0.00049
   0.00049
   0.00049
   0.00048
   0.00048
   0.00048
   0.00047
   0.00047
   0.00047
   0.00046
   0.00046
   0.00046
   0.00045
   0.00045
   0.00044
   0.00044
   0.00044
   0.00043
   0.00043
   0.00043
   0.00042
   0.00042
   0.00042
   0.00042
   0.00041
   0.00041
   0.00041
   0.00041
   0.00041
   0.00041
   0.00041
   0.00041
   0.00041
   0.00041
   0.00041
   0.00042
   0.00042
   0.00043
   0.00044
   0.00045
   0.00046
   0.00047
   0.00048
   0.00049
   0.00051
   0.00052
   0.00053
   0.00054
   0.00055
   0.00057
   0.00058
   0.00058
   0.00059
   0.00060
   0.00061
   0.00062
   0.00063
   0.00065
   0.00066
   0.00068
   0.00069
   0.00071
   0.00072
   0.00071
   0.00070
   0.00067
   0.00063
   0.00060
   0.00056
   0.00052
   0.00049
   0.00046
   0.00044
   0.00043
   0.00049
   0.00151
   0.00087
   0.00043
   0.00147
   0.00044
   0.00156
   0.00107
   0.00042
   0.00169
   0.00161
   0.00201
   0.00088
   0.00132
   0.00124
   0.00154
   0.00167
   0.00145
   0.00155
   0.00141
   0.00142
   0.00137
   0.00132
   0.00128
   0.00123
   0.00119
   0.00114
   0.00110
   0.00106
   0.00102
   0.00098
   0.00095
   0.00091
   0.00088
   0.00084
   0.00081
   0.00078
   0.00075
   0.00072
   0.00069
   0.00066
   0.00063
   0.00060
   0.00057
   0.00054
   0.00051
   0.00049
   0.00046
   0.00042
   0.00038
   0.00032
   0.00023
   0.00016
   0.00021
   0.00016
   0.00022
   0.00015
   0.00020
   0.00016
   0.00018
