   0.69955
   0.69522
   0.69414
   0.69175
   0.69093
   0.69050
   0.68988
   0.68932
   0.68863
   0.68797
   0.68743
   0.68683
   0.68620
   0.68557
   0.68526
   0.68488
   0.68415
   0.68376
   0.68352
   0.68304
   0.68330
   0.68322
   0.68402
   0.69583
   0.67951
   0.68772
   0.68799
   0.68382
   0.68415
   0.68341
   0.68246
   0.68174
   0.68049
   0.67928
   0.67804
   0.67666
   0.67530
   0.67354
   0.67311
   0.67713
   0.66313
   0.66409
   0.66336
   0.66083
   0.65971
   0.65857
   0.65717
   0.65559
   0.65390
   0.65215
   0.65083
   0.64928
   0.64783
   0.64628
   0.64472
   0.64311
   0.64176
   0.64032
   0.63885
   0.63765
   0.63635
   0.63530
   0.63441
   0.63449
   0.63343
   0.63338
   0.63246
   0.63253
   0.63219
   0.63379
   0.63406
   0.64416
   0.64949
   0.65277
   0.65511
   0.65862
   0.66245
   0.66680
   0.67103
   0.67414
   0.67671
   0.67785
   0.67777
   0.67692
   0.67579
   0.67552
   0.67370
   0.67316
   0.67119
   0.66937
   0.66750
   0.66554
   0.66285
   0.66020
   0.65658
   0.65406
   0.65077
   0.64710
   0.64323
   0.63929
   0.63541
   0.63048
   0.62698
   0.62303
   0.61904
   0.61521
   0.61117
   0.60737
   0.60305
   0.59941
   0.59535
   0.59113
   0.58558
   0.58205
   0.57903
   0.57497
   0.57101
   0.56715
   0.56313
   0.55931
   0.55560
   0.55205
   0.54792
   0.54454
   0.54101
   0.53739
   0.53360
   0.52952
   0.52408
   0.52048
   0.51754
   0.51343
   0.51036
   0.50726
   0.50333
   0.49933
   0.49595
   0.49201
   0.48935
   0.48554
   0.48207
   0.47859
   0.47499
   0.47160
   0.46797
   0.46451
   0.46093
   0.45749
   0.45421
   0.45069
   0.44753
   0.44443
   0.44088
   0.43735
   0.43383
   0.43038
   0.42677
   0.42340
   0.42006
   0.41678
   0.41353
   0.41044
   0.40722
   0.40390
   0.40051
   0.39681
   0.39385
   0.39025
   0.38721
   0.38363
   0.38084
   0.37722
   0.37450
   0.37135
   0.36827
   0.36519
   0.36217
   0.35876
   0.35660
   0.35295
   0.35099
   0.34835
   0.34512
   0.34213
   0.34020
   0.33743
   0.33531
   0.33303
   0.32957
   0.32798
   0.32573
   0.32299
   0.32115
   0.31908
   0.31637
   0.31475
   0.31219
   0.31044
   0.30783
   0.30621
   0.30368
   0.30208
   0.29932
   0.29844
   0.29621
   0.29353
   0.29321
   0.29140
   0.28979
   0.28821
   0.28653
   0.28497
   0.28374
   0.28187
   0.28027
   0.27916
   0.27787
   0.27661
   0.27563
   0.27425
   0.27201
   0.27211
   0.26973
   0.27001
   0.26914
   0.26594
   0.26458
   0.26508
   0.26313
   0.25958
   0.26065
   0.25911
   0.25597
   0.25240
   0.25364
   0.25344
   0.24753
   0.24771
   0.24552
   0.23956
   0.24204
   0.24184
   0.23619
   0.23190
   0.23559
   0.23087
   0.23149
   0.22866
   0.22344
   0.22156
   0.21905
   0.21617
   0.22027
   0.21780
   0.21320
   0.20931
   0.21173
   0.20938
   0.20488
   0.20180
   0.20224
   0.19989
   0.19660
   0.19413
   0.19358
   0.19562
   0.19133
   0.18730
   0.18517
   0.18472
   0.18139
   0.18001
   0.17775
   0.17672
   0.17618
   0.17776
   0.17282
   0.16683
   0.16989
   0.16627
   0.16288
   0.15963
   0.15780
   0.15728
   0.15609
   0.15462
   0.15328
   0.15430
   0.15097
   0.14790
   0.14486
   0.14206
   0.14017
   0.13900
   0.13684
   0.13539
   0.13458
   0.13277
   0.13150
   0.12895
   0.12771
   0.12629
   0.12463
   0.12294
   0.12122
   0.11941
   0.11778
   0.11627
   0.11459
   0.11292
   0.11121
   0.10969
   0.10820
   0.10663
   0.10521
   0.10373
   0.10215
   0.10037
   0.09892
   0.09742
   0.09612
   0.09482
   0.09355
   0.09228
   0.09095
   0.08966
   0.08839
   0.08713
   0.08592
   0.08470
   0.08342
   0.08224
   0.08107
   0.07990
   0.07873
   0.07757
   0.07646
   0.07551
   0.07490
   0.07367
   0.07284
   0.07161
   0.07157
   0.07079
   0.06879
   0.06790
   0.06753
   0.06599
   0.06567
   0.06440
   0.06370
   0.06327
   0.06243
   0.06235
   0.06168
   0.06128
   0.06044
   0.06040
   0.06047
   0.06025
   0.06025
   0.06035
   0.06067
   0.06102
   0.06176
   0.06233
   0.06314
   0.06422
   0.06514
   0.06621
   0.06719
   0.06822
   0.06882
   0.06905
   0.06898
   0.06869
   0.06816
   0.06746
   0.06671
   0.06594
   0.06502
   0.06417
   0.06327
   0.06234
   0.06141
   0.06046
   0.05951
   0.05856
   0.05761
   0.05680
   0.05580
   0.05479
   0.05389
   0.05299
   0.05210
   0.05122
   0.05035
   0.04949
   0.04841
   0.04746
   0.04667
   0.04586
   0.04504
   0.04424
   0.04348
   0.04273
   0.04207
   0.04125
   0.04048
   0.03981
   0.03913
   0.03842
   0.03777
   0.03716
   0.03650
   0.03589
   0.03527
   0.03457
   0.03408
   0.03350
   0.03294
   0.03239
   0.03194
   0.03131
   0.03080
   0.03030
   0.02980
   0.02933
   0.02887
   0.02837
   0.02795
   0.02753
   0.02708
   0.02666
   0.02625
   0.02589
   0.02552
   0.02517
   0.02475
   0.02435
   0.02401
   0.02364
   0.02331
   0.02294
   0.02263
   0.02229
   0.02200
   0.02165
   0.02137
   0.02105
   0.02084
   0.02045
   0.02022
   0.01990
   0.01969
   0.01940
   0.01920
   0.01894
   0.01867
   0.01850
   0.01821
   0.01802
   0.01777
   0.01758
   0.01730
   0.01697
   0.01716
   0.01608
   0.01584
   0.01418
   0.01181
   0.01161
   0.01112
   0.01101
   0.01067
   0.01056
   0.00985
   0.00987
   0.01039
   0.01004
   0.00977
   0.00936
   0.00934
   0.00890
   0.01133
   0.00989
   0.00857
   0.00819
   0.01078
   0.01616
   0.01089
   0.00885
   0.00760
   0.00892
   0.01658
   0.01014
   0.00794
   0.00769
   0.00751
   0.01594
