   0.74206
   0.72211
   0.72673
   0.73197
   0.73239
   0.73056
   0.72933
   0.72796
   0.72676
   0.72562
   0.72454
   0.72345
   0.72237
   0.72136
   0.72023
   0.71917
   0.71805
   0.71700
   0.71583
   0.71478
   0.71352
   0.71237
   0.71091
   0.70975
   0.70839
   0.70704
   0.70544
   0.70414
   0.70249
   0.70108
   0.69931
   0.69779
   0.69580
   0.69419
   0.69230
   0.69052
   0.68851
   0.68635
   0.68398
   0.68185
   0.67966
   0.67685
   0.67459
   0.67012
   0.67162
   0.66768
   0.66609
   0.66339
   0.66119
   0.65870
   0.65628
   0.65375
   0.65126
   0.64875
   0.64614
   0.64350
   0.64092
   0.63822
   0.63563
   0.63280
   0.63019
   0.62747
   0.62473
   0.62203
   0.61931
   0.61660
   0.61387
   0.61117
   0.60848
   0.60574
   0.60300
   0.60031
   0.59763
   0.59492
   0.59222
   0.58954
   0.58682
   0.58415
   0.58148
   0.57882
   0.57616
   0.57349
   0.57084
   0.56823
   0.56561
   0.56298
   0.56035
   0.55777
   0.55523
   0.55267
   0.55015
   0.54761
   0.54511
   0.54266
   0.54023
   0.53778
   0.53544
   0.53309
   0.53080
   0.52856
   0.52634
   0.52415
   0.52201
   0.52020
   0.51821
   0.51661
   0.51501
   0.51351
   0.51199
   0.51058
   0.50932
   0.50819
   0.50719
   0.50640
   0.50579
   0.50535
   0.50512
   0.50511
   0.50530
   0.50551
   0.50601
   0.50642
   0.50700
   0.50730
   0.50746
   0.50728
   0.50652
   0.50526
   0.50348
   0.50135
   0.49865
   0.49539
   0.49231
   0.48921
   0.48595
   0.48273
   0.47954
   0.47642
   0.47328
   0.47016
   0.46730
   0.46425
   0.46126
   0.45842
   0.45522
   0.45265
   0.44955
   0.44683
   0.44373
   0.44097
   0.43804
   0.43505
   0.43218
   0.42936
   0.42611
   0.42327
   0.42029
   0.41721
   0.41415
   0.41120
   0.40807
   0.40500
   0.40199
   0.39872
   0.39588
   0.39263
   0.38953
   0.38647
   0.38334
   0.38023
   0.37708
   0.37399
   0.37067
   0.36763
   0.36469
   0.36151
   0.35821
   0.35566
   0.35211
   0.34942
   0.34606
   0.34305
   0.34021
   0.33689
   0.33391
   0.33101
   0.32789
   0.32490
   0.32193
   0.31896
   0.31600
   0.31304
   0.31015
   0.30713
   0.30432
   0.30131
   0.29848
   0.29543
   0.29274
   0.28978
   0.28690
   0.28409
   0.28127
   0.27843
   0.27557
   0.27273
   0.27005
   0.26708
   0.26448
   0.26160
   0.25878
   0.25629
   0.25344
   0.25071
   0.24798
   0.24530
   0.24248
   0.23984
   0.23718
   0.23446
   0.23177
   0.22907
   0.22638
   0.22382
   0.22114
   0.21850
   0.21583
   0.21335
   0.21065
   0.20812
   0.20544
   0.20285
   0.20038
   0.19774
   0.19517
   0.19285
   0.19023
   0.18761
   0.18517
   0.18258
   0.18008
   0.17756
   0.17512
   0.17253
   0.17002
   0.16761
   0.16520
   0.16283
   0.16035
   0.15784
   0.15537
   0.15297
   0.15053
   0.14813
   0.14560
   0.14326
   0.14078
   0.13844
   0.13602
   0.13364
   0.13131
   0.12900
   0.12665
   0.12432
   0.12185
   0.11949
   0.11720
   0.11495
   0.11262
   0.11038
   0.10805
   0.10573
   0.10350
   0.10128
   0.09908
   0.09686
   0.09466
   0.09250
   0.09038
   0.08828
   0.08624
   0.08419
   0.08222
   0.08027
   0.07843
   0.07660
   0.07487
   0.07320
   0.07158
   0.07006
   0.06864
   0.06728
   0.06603
   0.06486
   0.06378
   0.06278
   0.06186
   0.06102
   0.06023
   0.05947
   0.05876
   0.05806
   0.05739
   0.05675
   0.05607
   0.05539
   0.05469
   0.05401
   0.05333
   0.05262
   0.05193
   0.05121
   0.05049
   0.04979
   0.04909
   0.04845
   0.04776
   0.04704
   0.04638
   0.04574
   0.04504
   0.04442
   0.04376
   0.04315
   0.04252
   0.04190
   0.04130
   0.04069
   0.04011
   0.03955
   0.03896
   0.03840
   0.03787
   0.03730
   0.03677
   0.03623
   0.03573
   0.03518
   0.03471
   0.03418
   0.03373
   0.03322
   0.03275
   0.03228
   0.03182
   0.03137
   0.03093
   0.03048
   0.03005
   0.02963
   0.02920
   0.02880
   0.02839
   0.02798
   0.02760
   0.02720
   0.02684
   0.02645
   0.02610
   0.02572
   0.02539
   0.02502
   0.02470
   0.02433
   0.02402
   0.02368
   0.02337
   0.02305
   0.02273
   0.02243
   0.02213
   0.02184
   0.02155
   0.02126
   0.02098
   0.02070
   0.02043
   0.02017
   0.01991
   0.01965
   0.01940
   0.01915
   0.01890
   0.01867
   0.01842
   0.01820
   0.01796
   0.01775
   0.01752
   0.01730
   0.01710
   0.01688
   0.01669
   0.01647
   0.01629
   0.01608
   0.01590
   0.01571
   0.01554
   0.01535
   0.01520
   0.01501
   0.01485
   0.01469
   0.01452
   0.01438
   0.01421
   0.01407
   0.01390
   0.01379
   0.01363
   0.01351
   0.01336
   0.01323
   0.01312
   0.01297
   0.01288
   0.01273
   0.01264
   0.01251
   0.01241
   0.01229
   0.01220
   0.01207
   0.01200
   0.01186
   0.01180
   0.01166
   0.01160
   0.01148
   0.01140
   0.01127
   0.01121
   0.01109
   0.01099
   0.01089
   0.01079
   0.01066
   0.01056
   0.01053
   0.01024
   0.01048
   0.00967
   0.01114
   0.00821
   0.01275
   0.00706
   0.00756
   0.02511
   1.65248
   0.36129
   0.03054
   0.04309
   0.02490
   0.02398
   0.02542
   0.02477
   0.02443
   0.02437
   0.02418
   0.02401
   0.02386
   0.02370
   0.02353
   0.02337
   0.02320
   0.02305
   0.02295
   0.02273
   0.02217
   0.02077
   0.01981
   0.01969
   0.01956
   0.01941
   0.01927
   0.01915
   0.01903
   0.01890
   0.01878
   0.01867
   0.01856
   0.01845
   0.01834
   0.01824
   0.01814
   0.01805
   0.01796
   0.01787
   0.01779
   0.01771
   0.01764
   0.01757
   0.01751
   0.01746
   0.01741
   0.01737
   0.01733
   0.01731
   0.01729
   0.01728
   0.01727
   0.01727
   0.01729
   0.01731
   0.01734
   0.01738
   0.01743
   0.01749
   0.01756
   0.01764
   0.01772
   0.01781
   0.01790
   0.01799
   0.01809
   0.01819
   0.01827
   0.01834
   0.01840
   0.01846
   0.01850
   0.01853
   0.01854
   0.01854
   0.01853
   0.01850
   0.01846
   0.01841
   0.01834
   0.01827
   0.01819
   0.01810
   0.01800
   0.01789
   0.01778
   0.01765
   0.01754
   0.01741
   0.01728
   0.01714
   0.01701
   0.01687
   0.01673
   0.01658
   0.01644
   0.01629
   0.01614
   0.01600
   0.01584
   0.01570
   0.01555
   0.01540
   0.01525
   0.01510
   0.01495
   0.01480
   0.01465
   0.01451
   0.01436
   0.01421
   0.01407
   0.01393
   0.01379
   0.01364
   0.01350
   0.01337
   0.01323
   0.01309
   0.01295
   0.01282
   0.01268
   0.01255
   0.01242
   0.01229
   0.01216
   0.01203
   0.01190
   0.01178
   0.01165
   0.01153
   0.01141
   0.01129
   0.01117
   0.01105
   0.01093
   0.01083
   0.01071
   0.01059
   0.01048
   0.01037
   0.01026
   0.01015
   0.01005
   0.00994
   0.00984
   0.00974
   0.00963
   0.00953
   0.00943
   0.00933
   0.00924
   0.00914
   0.00904
   0.00895
   0.00886
   0.00877
   0.00867
   0.00859
   0.00849
   0.00841
   0.00832
   0.00824
   0.00814
   0.00806
   0.00798
   0.00789
   0.00781
   0.00773
   0.00765
   0.00758
   0.00750
   0.00742
   0.00734
   0.00727
   0.00719
   0.00712
   0.00705
   0.00698
   0.00689
   0.00682
   0.00657
   0.00647
   0.00627
   0.00633
   0.00615
   0.00619
   0.00605
   0.00607
   0.00595
   0.00596
   0.00584
   0.00585
   0.00574
   0.00574
   0.00564
   0.00564
   0.00554
   0.00555
   0.00544
   0.00546
   0.00534
   0.00536
   0.00524
   0.00528
   0.00514
   0.00519
   0.00504
   0.00511
   0.00494
   0.00503
   0.00485
   0.00496
   0.00475
   0.00488
   0.00465
   0.00482
   0.00456
   0.00475
   0.00446
   0.00469
   0.00436
   0.00464
   0.00426
   0.00457
   0.00417
   0.00451
   0.00409
   0.00445
   0.00400
   0.00438
   0.00393
   0.00431
   0.00387
   0.00422
   0.00381
   0.00414
   0.00376
   0.00405
   0.00372
   0.00395
   0.00368
   0.00386
   0.00364
   0.00377
   0.00361
   0.00369
   0.00356
   0.00361
   0.00352
   0.00354
   0.00347
   0.00347
   0.00343
   0.00341
   0.00337
   0.00335
   0.00332
   0.00329
   0.00327
   0.00324
   0.00322
   0.00319
   0.00317
   0.00314
   0.00312
   0.00309
   0.00307
   0.00304
   0.00302
   0.00300
   0.00297
   0.00295
   0.00293
   0.00290
   0.00288
   0.00286
   0.00284
   0.00282
   0.00279
   0.00277
   0.00275
   0.00273
   0.00271
   0.00269
   0.00267
   0.00265
   0.00263
   0.00261
   0.00259
   0.00257
   0.00255
   0.00254
   0.00252
   0.00250
   0.00248
   0.00247
   0.00245
   0.00243
   0.00241
   0.00240
   0.00238
   0.00236
   0.00235
   0.00233
   0.00232
   0.00230
   0.00228
   0.00227
   0.00225
   0.00224
   0.00222
   0.00221
   0.00219
   0.00218
   0.00217
   0.00215
   0.00214
   0.00212
   0.00211
   0.00210
   0.00208
   0.00207
   0.00206
   0.00205
   0.00203
   0.00202
   0.00201
   0.00200
   0.00198
   0.00197
   0.00196
   0.00195
   0.00194
   0.00192
   0.00191
   0.00190
   0.00189
   0.00188
   0.00187
   0.00186
   0.00184
   0.00183
   0.00182
   0.00181
   0.00180
   0.00179
   0.00178
   0.00177
   0.00176
   0.00175
   0.00174
   0.00173
   0.00172
   0.00171
   0.00170
   0.00169
   0.00168
   0.00167
   0.00166
   0.00165
   0.00164
   0.00163
   0.00162
   0.00161
   0.00160
   0.00159
   0.00158
   0.00157
   0.00156
   0.00155
   0.00154
   0.00153
   0.00152
   0.00151
   0.00150
   0.00149
   0.00148
   0.00147
   0.00146
   0.00145
   0.00144
   0.00143
   0.00142
   0.00142
   0.00141
   0.00140
   0.00139
   0.00138
   0.00137
   0.00136
   0.00135
   0.00134
   0.00134
   0.00133
   0.00132
   0.00131
   0.00131
   0.00130
   0.00129
   0.00128
   0.00127
   0.00126
   0.00126
   0.00125
   0.00124
   0.00123
   0.00122
   0.00122
   0.00121
   0.00120
   0.00119
   0.00119
   0.00117
   0.00117
   0.00115
   0.00117
   0.00113
   0.00118
   0.00110
   0.00126
   0.00114
   0.00176
   0.00015
   0.00028
   0.67453
   0.65935
   0.36023
   0.33331
   0.29149
   0.26824
   0.25420
   0.25043
   0.24591
   0.24096
   0.23627
   0.23224
   0.22883
   0.22586
   0.22317
   0.22065
   0.21820
   0.21580
   0.21343
   0.21104
   0.20874
   0.20639
   0.20413
   0.20187
   0.19964
   0.19744
   0.19530
   0.19316
   0.19109
   0.18903
   0.18701
   0.18502
   0.18306
   0.18115
   0.17928
   0.17738
   0.17554
   0.17371
   0.17195
   0.17021
   0.16846
   0.16675
   0.16506
   0.16339
   0.16176
   0.16014
   0.15854
   0.15695
   0.15540
   0.15385
   0.15233
   0.15086
   0.14936
   0.14791
   0.14647
   0.14505
   0.14366
   0.14227
   0.14092
   0.13958
   0.13824
   0.13691
   0.13560
   0.13430
   0.13305
   0.13177
   0.13052
   0.12926
   0.12807
   0.12685
   0.12566
   0.12445
   0.12326
   0.12210
   0.12096
   0.11980
   0.11869
   0.11759
   0.11644
   0.11537
   0.11430
   0.11320
   0.11216
   0.11112
   0.11007
   0.10907
   0.10803
   0.10704
   0.10604
   0.10505
   0.10410
   0.10314
   0.10220
   0.10124
   0.10031
   0.09938
   0.09846
   0.09755
   0.09666
   0.09576
   0.09490
   0.09400
   0.09313
   0.09227
   0.09142
   0.09058
   0.08974
   0.08891
   0.08812
   0.08730
   0.08646
   0.08566
   0.08487
   0.08410
   0.08333
   0.08256
   0.08178
   0.08105
   0.08028
   0.07953
   0.07879
   0.07806
   0.07734
   0.07664
   0.07592
