   0.69644
   0.70105
   0.70090
   0.69973
   0.69897
   0.69834
   0.69774
   0.69714
   0.69655
   0.69624
   0.69531
   0.69466
   0.69437
   0.69351
   0.69295
   0.69229
   0.69160
   0.69100
   0.69014
   0.68950
   0.68876
   0.68794
   0.68716
   0.68630
   0.68544
   0.68447
   0.68349
   0.68231
   0.68132
   0.68014
   0.67904
   0.67785
   0.67651
   0.67532
   0.67393
   0.67271
   0.67119
   0.66969
   0.66830
   0.66664
   0.66547
   0.66397
   0.66259
   0.66115
   0.65985
   0.65830
   0.65691
   0.66260
   0.65812
   0.65369
   0.65168
   0.65046
   0.64935
   0.64828
   0.64731
   0.64631
   0.64552
   0.64489
   0.64432
   0.64385
   0.64421
   0.64443
   0.64434
   0.64560
   0.64694
   0.64860
   0.65119
   0.65417
   0.65890
   0.66280
   0.66922
   0.67553
   0.68236
   0.69007
   0.69577
   0.70263
   0.70561
   0.71111
   0.71887
   0.71867
   0.71742
   0.71565
   0.71333
   0.71019
   0.70620
   0.70219
   0.69807
   0.69365
   0.68908
   0.68385
   0.67900
   0.67416
   0.66935
   0.66427
   0.65931
   0.65432
   0.64937
   0.64439
   0.63922
   0.63456
   0.62989
   0.62491
   0.61994
   0.61485
   0.60983
   0.60500
   0.59999
   0.59492
   0.58979
   0.58470
   0.57965
   0.57546
   0.56803
   0.56337
   0.55679
   0.55250
   0.54629
   0.54327
   0.53521
   0.52996
   0.52586
   0.52180
   0.51743
   0.51343
   0.50938
   0.50481
   0.49978
   0.49528
   0.49065
   0.48614
   0.48121
   0.47634
   0.47157
   0.46704
   0.46235
   0.45755
   0.45258
   0.44800
   0.44309
   0.43846
   0.43340
   0.42873
   0.42389
   0.41971
   0.41529
   0.41093
   0.40662
   0.40240
   0.39813
   0.39376
   0.38963
   0.38562
   0.38175
   0.37807
   0.37465
   0.37124
   0.36821
   0.36492
   0.36268
   0.35945
   0.35673
   0.35397
   0.35122
   0.34829
   0.34567
   0.34265
   0.33982
   0.33685
   0.33396
   0.33167
   0.32862
   0.32626
   0.32361
   0.32144
   0.31902
   0.31709
   0.31525
   0.31366
   0.31236
   0.31085
   0.31025
   0.30911
   0.30765
   0.30730
   0.30657
   0.30513
   0.30357
   0.30286
   0.30127
   0.29903
   0.29683
   0.29458
   0.29207
   0.28973
   0.28743
   0.28531
   0.28267
   0.28058
   0.27740
   0.27442
   0.27205
   0.26899
   0.26587
   0.26327
   0.26044
   0.25754
   0.25481
   0.25235
   0.24950
   0.24732
   0.24393
   0.24114
   0.23832
   0.23534
   0.23290
   0.23000
   0.22680
   0.22402
   0.22144
   0.21878
   0.21593
   0.21354
   0.21118
   0.20851
   0.20573
   0.20312
   0.20034
   0.19756
   0.19483
   0.19223
   0.18950
   0.18691
   0.18432
   0.18157
   0.17889
   0.17618
   0.17365
   0.17091
   0.16836
   0.16555
   0.16300
   0.15978
   0.15689
   0.15505
   0.15229
   0.14967
   0.14748
   0.14502
   0.14262
   0.14019
   0.13819
   0.13614
   0.13435
   0.13162
   0.12927
   0.12747
   0.12486
   0.12287
   0.12041
   0.11789
   0.11547
   0.11345
   0.11120
   0.10946
   0.10735
   0.10545
   0.10376
   0.10176
   0.09994
   0.09820
   0.09640
   0.09464
   0.09329
   0.09189
   0.09020
   0.08878
   0.08679
   0.08481
   0.08338
   0.08172
   0.08072
   0.07889
   0.07735
   0.07591
   0.07488
   0.07296
   0.07213
   0.07036
   0.06930
   0.06813
   0.06637
   0.06529
   0.06418
   0.06312
   0.06158
   0.06045
   0.05959
   0.05819
   0.05719
   0.05632
   0.05493
   0.05388
   0.05297
   0.05186
   0.05107
   0.04999
   0.04920
   0.04827
   0.04718
   0.04644
   0.04556
   0.04484
   0.04391
   0.04316
   0.04248
   0.04192
   0.04163
   0.04174
   0.04208
   0.04377
   0.04639
   0.05100
   0.05738
   0.06643
   0.07519
   0.08263
   0.09147
   0.10113
   0.11021
   0.09760
   0.05914
   0.05168
   0.05515
   0.05275
   0.05359
   0.05195
   0.05264
   0.05094
   0.05145
   0.05001
   0.05045
   0.04879
   0.04891
   0.04742
   0.04762
   0.04601
   0.04629
   0.04449
   0.04453
   0.04371
   0.04281
   0.04199
   0.04126
   0.04051
   0.03970
   0.03891
   0.03802
   0.03712
   0.03622
   0.03537
   0.03464
   0.03382
   0.03229
   0.03194
   0.03130
   0.03056
   0.02994
   0.02925
   0.02859
   0.02794
   0.02726
   0.02665
   0.02602
   0.02544
   0.02481
   0.02422
   0.02374
   0.02317
   0.02266
   0.02215
   0.02168
   0.02117
   0.02077
   0.02030
   0.01978
   0.01945
   0.01899
   0.01855
   0.01816
   0.01790
   0.01755
   0.01721
   0.01666
   0.01654
   0.01603
   0.01591
   0.01549
   0.01517
   0.01505
   0.01470
   0.01429
   0.01410
   0.01378
   0.01362
   0.01318
   0.01314
   0.01269
   0.01261
   0.01214
   0.01217
   0.01166
   0.01173
   0.01130
   0.01133
   0.01077
   0.01104
   0.01036
   0.01046
   0.01008
   0.01000
   0.01003
   0.00938
   0.00963
   0.00918
   0.00913
   0.00885
   0.00873
   0.00852
   0.00850
   0.00821
   0.00801
   0.00788
   0.00784
   0.00757
   0.00748
   0.00740
   0.00722
   0.00705
   0.00695
   0.00682
   0.00671
   0.00664
   0.00662
   0.00661
   0.00659
   0.00665
   0.00698
   0.00861
   0.01090
   0.00726
   0.00622
   0.00764
   0.00804
   0.01159
   0.01293
   0.00516
   0.55173
   0.00707
   0.01110
   0.01167
   0.00839
   0.00845
   0.00860
   0.00865
   0.00872
   0.00880
   0.00893
   0.00909
   0.00921
   0.00939
   0.00954
   0.00969
   0.00988
   0.01001
   0.01013
   0.01020
   0.01024
   0.01026
   0.01022
   0.01014
   0.01005
   0.00992
   0.00977
   0.00961
   0.00945
   0.00928
   0.00905
   0.00887
   0.00869
   0.00847
   0.00829
   0.00808
   0.00792
   0.00773
   0.00754
   0.00737
   0.00720
   0.00706
   0.00691
   0.00676
   0.00663
   0.00651
   0.00637
   0.00630
   0.00618
   0.00610
   0.00601
   0.00596
   0.00588
   0.00583
   0.00580
   0.00575
   0.00574
   0.00573
   0.00572
   0.00574
   0.00576
   0.00582
   0.00590
   0.00603
   0.00623
   0.00661
   0.00752
   0.01249
   0.01350
   0.01012
   0.01452
   0.00300
   0.00993
   0.01094
   0.01206
   0.00326
   0.01154
   0.02374
   0.01292
   0.00294
   0.01226
   0.00664
   0.00260
   0.01349
   0.00753
   0.00233
   0.01326
   0.00969
   0.00334
   0.01241
   0.00308
   0.01332
   0.00193
   0.00381
   0.00192
   0.00524
   0.00214
   0.02559
   0.00282
   0.00791
   0.00209
   0.00487
   0.00215
   0.01509
   0.00835
   0.00182
   0.00468
   0.00219
   0.00823
   0.00149
   0.00577
   0.00271
   0.00192
   0.00203
   0.00147
   0.67205
   0.20733
   0.12827
   0.12463
   0.10842
   0.10099
   0.09642
   0.09238
   0.08932
   0.08660
   0.08761
   0.08609
   0.08182
   0.07537
   0.07591
   0.07117
   0.06920
   0.06678
   0.06487
   0.06286
   0.06070
   0.05898
   0.05703
   0.05435
   0.05330
   0.05109
   0.04984
   0.04847
   0.04710
   0.04590
   0.04466
   0.04348
   0.04234
   0.04120
   0.04015
   0.03914
   0.03817
   0.03722
   0.03628
   0.03543
   0.03458
   0.03374
   0.03301
   0.03220
   0.03149
   0.03077
   0.03010
   0.02945
   0.02880
   0.02819
   0.02757
   0.02703
   0.02646
   0.02594
   0.02541
   0.02491
   0.02444
   0.02396
   0.02352
   0.02306
   0.02264
   0.02223
   0.02183
   0.02142
   0.02104
   0.02068
   0.02030
   0.01994
   0.01960
   0.01928
   0.01895
   0.01863
   0.01831
   0.01800
   0.01771
   0.01741
   0.01713
   0.01685
   0.01658
   0.01631
   0.01605
   0.01578
   0.01554
   0.01529
   0.01505
   0.01481
   0.01458
   0.01435
   0.01413
   0.01391
   0.01369
   0.01348
   0.01327
   0.01307
   0.01287
   0.01267
   0.01247
   0.01228
   0.01210
   0.01191
   0.01173
   0.01155
   0.01137
   0.01120
   0.01102
   0.01086
   0.01069
   0.01053
   0.01037
   0.01021
   0.01006
   0.00990
   0.00975
   0.00961
   0.00946
   0.00931
   0.00917
   0.00903
   0.00890
   0.00876
   0.00863
   0.00849
   0.00836
   0.00824
   0.00811
   0.00798
   0.00786
   0.00774
   0.00762
   0.00750
   0.00739
   0.00727
   0.00716
   0.00704
   0.00693
   0.00682
   0.00672
   0.00661
   0.00652
   0.00641
   0.00630
   0.00620
   0.00610
   0.00602
   0.00591
   0.00581
   0.00571
   0.00564
   0.00553
   0.00544
   0.00537
   0.00527
   0.00518
   0.00510
   0.00501
   0.00492
   0.00485
   0.00476
   0.00468
   0.00461
   0.00453
   0.00444
   0.00438
   0.00430
   0.00422
   0.00416
   0.00408
   0.00401
   0.00395
   0.00387
   0.00381
   0.00375
   0.00368
   0.00362
   0.00355
   0.00349
   0.00343
   0.00337
   0.00332
   0.00325
   0.00319
   0.00314
   0.00308
   0.00304
   0.00297
   0.00293
   0.00287
   0.00283
   0.00277
   0.00273
   0.00267
   0.00263
   0.00258
   0.00254
   0.00248
   0.00245
   0.00240
   0.00236
   0.00231
   0.00228
   0.00223
   0.00219
   0.00215
   0.00212
   0.00207
   0.00204
   0.00200
   0.00197
   0.00193
   0.00190
   0.00186
   0.00183
   0.00179
   0.00176
   0.00173
   0.00170
   0.00167
   0.00164
   0.00161
   0.00158
   0.00156
   0.00153
   0.00150
   0.00148
   0.00145
   0.00142
   0.00140
   0.00138
   0.00135
   0.00133
   0.00131
   0.00128
   0.00126
   0.00124
   0.00122
   0.00120
   0.00118
   0.00116
   0.00114
   0.00112
   0.00110
   0.00108
   0.00107
   0.00105
   0.00103
   0.00102
   0.00100
   0.00098
   0.00097
   0.00095
   0.00093
   0.00092
   0.00091
   0.00089
   0.00088
   0.00086
   0.00085
   0.00084
   0.00082
   0.00081
   0.00080
   0.00078
   0.00077
   0.00076
   0.00074
   0.00073
   0.00072
   0.00071
   0.00069
   0.00068
   0.00067
   0.00066
   0.00065
   0.00064
   0.00062
   0.00061
   0.00060
   0.00059
   0.00058
   0.00057
   0.00056
   0.00055
   0.00054
   0.00053
   0.00052
   0.00052
   0.00051
   0.00049
   0.00048
   0.00045
   0.00318
   0.65529
   0.17936
   0.12757
   0.10685
   0.08377
   0.01481
   0.01697
   0.01578
   0.01510
   0.01381
   0.01223
   0.01085
   0.00967
   0.00894
   0.00852
   0.00831
   0.00821
   0.00827
   0.00840
   0.00856
   0.00873
   0.00892
   0.00912
   0.00933
   0.00952
   0.00965
   0.00978
   0.00986
   0.00994
   0.00997
   0.00995
   0.00997
   0.00993
   0.00973
   0.00954
   0.00938
   0.00921
   0.00914
   0.00907
   0.00909
   0.00903
   0.00903
   0.00901
   0.00900
   0.00896
   0.00894
   0.00894
   0.00892
   0.00893
   0.00897
   0.00901
   0.00908
   0.00918
   0.00933
   0.00955
   0.00987
   0.01041
   0.01155
   0.01530
   0.01922
   0.01421
   0.00698
   0.00423
   0.00755
   0.02754
   0.02354
   0.02627
   0.02304
   0.00659
   0.00549
   0.00419
   0.00471
   0.00371
   0.00752
   0.00358
   0.00663
   0.00545
   0.00456
   0.00513
   0.00483
   0.00601
   0.00509
   0.00714
   0.00560
   0.00777
   0.00655
   0.00779
   0.00745
   0.00802
   0.00831
   0.00860
   0.00886
   0.00895
   0.00850
   0.00686
   0.00538
   0.00505
   0.00483
   0.00462
   0.00442
   0.00426
   0.00412
   0.00399
   0.00390
   0.00381
   0.00374
   0.00369
   0.00366
   0.00364
   0.00366
   0.00372
   0.00388
   0.00424
   0.00508
   0.00605
   0.00658
   0.00698
   0.00740
   0.00789
   0.00853
   0.00936
   0.01040
   0.01160
   0.01298
   0.01455
   0.01713
   0.03043
   0.11006
   0.03884
   0.04265
   0.04053
   0.04006
   0.05055
   0.04572
   0.07265
   0.07364
   0.15105
   0.00947
