   0.74352
   0.74464
   0.73870
   0.73495
   0.74010
   0.73095
   0.72483
   0.72553
   0.72242
   0.72607
   0.72112
   0.71991
   0.71996
   0.72005
   0.72032
   0.72358
   0.73266
   0.72440
   0.72270
   0.72175
   0.72214
   0.72131
   0.72305
   0.72253
   0.72397
   0.72498
   0.72428
   0.72374
   0.72481
   0.72348
   0.72347
   0.73253
   0.73024
   0.73266
   0.73220
   0.73163
   0.74187
   0.73857
   0.74254
   0.74478
   0.74354
   0.74456
   0.74429
   0.74367
   0.74523
   0.74343
   0.74070
   0.73779
   0.73554
   0.72994
   0.72785
   0.72550
   0.72236
   0.71773
   0.71309
   0.70856
   0.70434
   0.70050
   0.69707
   0.69433
   0.69218
   0.69069
   0.68977
   0.68929
   0.68918
   0.68935
   0.68969
   0.69015
   0.69065
   0.69123
   0.69192
   0.69274
   0.69374
   0.69481
   0.69592
   0.69694
   0.69791
   0.69864
   0.69906
   0.69918
   0.69898
   0.69845
   0.69738
   0.69622
   0.69457
   0.69256
   0.69009
   0.68735
   0.68432
   0.68104
   0.67748
   0.67368
   0.66966
   0.66544
   0.66103
   0.65646
   0.65175
   0.64693
   0.64203
   0.63706
   0.63204
   0.62698
   0.62191
   0.61683
   0.61177
   0.60674
   0.60174
   0.59680
   0.59191
   0.58710
   0.58234
   0.57766
   0.57304
   0.56850
   0.56403
   0.55962
   0.55527
   0.55088
   0.54671
   0.54237
   0.53823
   0.53390
   0.52977
   0.52551
   0.52107
   0.51669
   0.51224
   0.50770
   0.50306
   0.49831
   0.49343
   0.48839
   0.48322
   0.47786
   0.47235
   0.46664
   0.46076
   0.45470
   0.44845
   0.44198
   0.43534
   0.42852
   0.42150
   0.41433
   0.40730
   0.39983
   0.39221
   0.38449
   0.37668
   0.36879
   0.36094
   0.35298
   0.34503
   0.33710
   0.32921
   0.32136
   0.31359
   0.30606
   0.29846
   0.29099
   0.28366
   0.27646
   0.26942
   0.26251
   0.25577
   0.24918
   0.24273
   0.23646
   0.23031
   0.22434
   0.21848
   0.21278
   0.20717
   0.20172
   0.19635
   0.19114
   0.18603
   0.18100
   0.17608
   0.17127
   0.16657
   0.16195
   0.15744
   0.15302
   0.14870
   0.14447
   0.14033
   0.13625
   0.13225
   0.12830
   0.12437
   0.12045
   0.11650
   0.11249
   0.10838
   0.10422
   0.09992
   0.09554
   0.09103
   0.08655
   0.08215
   0.07795
   0.07393
   0.07048
   0.06750
   0.06504
   0.06322
   0.06215
   0.06212
   0.06349
   0.06652
   0.07112
   0.07618
   0.08018
   0.08213
   0.08157
   0.08049
   0.07768
   0.07358
   0.07607
   0.10979
   0.06025
   0.06998
   0.07837
   0.09221
   0.27553
   0.06788
   0.09120
   0.12798
   0.17638
   0.20326
   0.20215
   0.19993
   0.19657
   0.19167
   0.18530
   0.17755
   0.16904
   0.16059
   0.15200
   0.14421
   0.13772
   0.13304
   0.12883
   0.12501
   0.12131
   0.11751
   0.11308
   0.10854
   0.10537
   0.10323
   0.10019
   0.09802
   0.09556
   0.09051
   0.08483
   0.07636
   0.06995
   0.09002
   0.08773
   0.08536
   0.07544
   0.06928
   0.00754
   0.06899
   0.06645
   0.03372
   0.03666
   0.03874
   0.04369
   0.00813
   0.00609
   0.00312
   0.00402
   0.00925
   0.02242
   0.02076
   0.01271
   0.02017
   0.01103
   0.01222
   0.00497
   0.01196
   0.01588
   0.02053
   0.01998
   0.02110
   0.02129
   0.01363
   0.01700
   0.00741
   0.01932
   0.02528
   0.00933
   0.00551
   0.01776
   0.00193
   0.00271
   0.01143
   0.01086
   0.01583
   0.00182
   0.00248
   0.01148
   0.01042
   0.00463
   0.00153
   0.00513
   0.00127
   0.00137
   0.00317
   0.00795
   0.00364
   0.00117
   0.00106
   0.00107
   0.00097
   0.00102
   0.00310
   0.00108
   0.00096
   0.00090
   0.00105
   0.00371
   0.00087
   0.00085
   0.00115
   0.00339
   0.00092
   0.00084
   0.00742
   0.00324
   0.00115
   0.00078
   0.00072
   0.00083
   0.00148
   0.00472
   0.00103
   0.00103
   0.00094
   0.00082
   0.00119
   0.00065
   0.00085
   0.00062
   0.00164
   0.00065
   0.00056
   0.00059
   0.00077
   0.00123
   0.00116
   0.00093
   0.00062
   0.00066
   0.00086
   0.00048
   0.00060
   0.00047
   0.00051
   0.00043
   0.00039
   0.00041
   0.00051
   0.00164
   0.00053
   0.00071
   0.00033
   0.00045
   0.00032
   0.00033
   0.00029
   0.00028
   0.00030
   0.00039
   0.00095
   0.08240
   0.08382
   0.08486
   0.08562
   0.08611
   0.08640
   0.08650
   0.08643
   0.08616
   0.08578
   0.08528
   0.08465
   0.08391
   0.08305
   0.08209
   0.08103
   0.07988
   0.07865
   0.07734
   0.07596
   0.07455
   0.07305
   0.07150
   0.06993
   0.06830
   0.06663
   0.06494
   0.06324
   0.06152
   0.05979
   0.05805
   0.05631
   0.05457
   0.05283
   0.05110
   0.04938
   0.04767
   0.04597
   0.04428
   0.04260
   0.04094
   0.03931
   0.03770
   0.03611
   0.03455
   0.03303
   0.03154
   0.03009
   0.02867
   0.02730
   0.02596
   0.02466
   0.02338
   0.02213
   0.02083
   0.01899
   0.01684
   0.01630
   0.01591
   0.01987
   0.02181
   0.02097
   0.02017
   0.01940
   0.01865
   0.01792
   0.01722
   0.01655
   0.01588
   0.01524
   0.01461
   0.01402
   0.01344
   0.01288
   0.01234
   0.01183
   0.01134
   0.01089
   0.01047
   0.01010
   0.00976
   0.00945
   0.00912
   0.00878
   0.00842
   0.00808
   0.00783
   0.00765
   0.00667
   0.00899
   0.00844
   0.00914
   0.00832
   0.01029
   0.01743
   0.00526
   0.00771
   0.06043
   0.02183
   0.01877
   0.01894
   0.01911
   0.01837
   0.01719
   0.01566
   0.01404
   0.01311
   0.01589
   0.02532
   0.00480
   0.00412
   0.00390
   0.00387
   0.00627
   0.00685
   0.00789
   0.01082
   0.00974
   0.00878
   0.01451
   0.00652
   0.00489
   0.00289
   0.05526
   0.02191
   0.04793
   0.03015
   0.00306
   0.00289
   0.00281
   0.00284
   0.00272
   0.00234
   0.00228
   0.00235
   0.00332
   0.00530
   0.00264
   0.00685
   0.00286
   0.00417
   0.00352
   0.00443
   0.00236
   0.00239
   0.00203
   0.00178
   0.00170
   0.00184
   0.00258
   0.00381
   0.00324
   0.00242
   0.00252
   0.00182
   0.00141
   0.00147
   0.00137
   0.00911
   0.00261
   0.00267
   0.00267
   0.00256
   0.00239
   0.00218
   0.00200
   0.00189
   0.00191
   0.00205
   0.00181
   0.00147
   0.00140
   0.00135
   0.00152
   0.00198
   0.00252
   0.00262
   0.00224
   0.00188
   0.00129
   0.00116
   0.00112
   0.00117
   0.00519
   0.70649
   0.71099
   0.71292
   0.71388
   0.71439
   0.71468
   0.71485
   0.71495
   0.71500
   0.71504
   0.71506
   0.71507
   0.71508
   0.71508
   0.71509
   0.71509
   0.71509
   0.71509
   0.71509
   0.71509
   0.71509
   0.71509
   0.71509
   0.71509
   0.71509
   0.71509
   0.71509
   0.71509
   0.71509
   0.71509
   0.71509
   0.71509
   0.71509
   0.71509
   0.71509
   0.71509
   0.71509
   0.71509
   0.71509
   0.71509
   0.71509
   0.71509
   0.71509
   0.71509
   0.71509
   0.71509
   0.71509
   0.71509
   0.71509
   0.71509
   0.71509
   0.71509
   0.71509
   0.71509
   0.71509
   0.71509
   0.71509
   0.71509
   0.71509
   0.71509
   0.71509
   0.71509
   0.71509
   0.71509
   0.71509
   0.71509
   0.71509
   0.71509
   0.71509
   0.71509
   0.71509
   0.71509
   0.71509
   0.71509
   0.71509
   0.71509
   0.71509
   0.71509
   0.71509
   0.71509
   0.71509
   0.71509
   0.71509
   0.71509
   0.71509
   0.71509
   0.71509
   0.71509
   0.71509
   0.71509
   0.71509
   0.71509
   0.71509
   0.71509
   0.71509
   0.71509
   0.71509
   0.71509
   0.71509
   0.71509
   0.71509
   0.71509
   0.71509
   0.71509
   0.71509
   0.71509
   0.71509
   0.71509
   0.71509
   0.71509
   0.71509
   0.71509
   0.71509
   0.71509
   0.71509
   0.71509
   0.71509
   0.71509
   0.71509
   0.71509
   0.71509
   0.71509
   0.71509
   0.71509
   0.71509
   0.71509
   0.71509
   0.71509
   0.71509
   0.71509
   0.71509
   0.71509
   0.71509
   0.71509
   0.71509
   0.71509
   0.71509
   0.71509
   0.71509
   0.71509
   0.71509
   0.71509
   0.71509
   0.71509
   0.71509
   0.71509
   0.71509
   0.71509
   0.71509
   0.71509
   0.71509
   0.71509
   0.71509
   0.71509
   0.71509
   0.71509
   0.71509
   0.71509
   0.71509
   0.71509
   0.71509
   0.71509
   0.71509
   0.71509
   0.71509
   0.71509
   0.71509
   0.71509
   0.71509
   0.71509
   0.71509
   0.71509
   0.71509
   0.71509
   0.71509
   0.71509
   0.71509
   0.71509
   0.71509
   0.71509
   0.71509
   0.71509
   0.71509
   0.71509
   0.71509
   0.71509
   0.71509
   0.71509
   0.71509
   0.71509
   0.71509
   0.71509
   0.71509
   0.71509
   0.71509
   0.71509
   0.71509
   0.71509
   0.71509
   0.71509
   0.71509
   0.71509
   0.71509
   0.71509
   0.71509
   0.71509
   0.71509
   0.71509
   0.71509
   0.71509
   0.71509
   0.71509
   0.71509
   0.71509
   0.71509
   0.71509
   0.71509
   0.71509
   0.71509
   0.71509
   0.71509
   0.71509
   0.71509
   0.71509
   0.71509
   0.71509
   0.71509
   0.71509
   0.71509
   0.71509
   0.71509
   0.71509
   0.71509
   0.71509
   0.71509
   0.71509
   0.71509
   0.71509
   0.71509
   0.71508
   0.71508
   0.71508
   0.71508
   0.71508
   0.71508
   0.71508
   0.71508
   0.71508
   0.71508
   0.71508
   0.71508
   0.71508
   0.71508
   0.71508
   0.71508
   0.71508
   0.71508
   0.71508
   0.71508
   0.71508
   0.71508
   0.71508
   0.71508
   0.71508
   0.71508
   0.71508
   0.71508
   0.71508
   0.71508
   0.71508
   0.71508
   0.71508
   0.71508
   0.71508
   0.71508
   0.71508
   0.71508
   0.71508
   0.71508
   0.71508
   0.71508
   0.71508
   0.71508
   0.71508
   0.71508
   0.71508
   0.71508
   0.71508
   0.71508
   0.71508
   0.71508
   0.71508
   0.71508
   0.71508
   0.71508
   0.71508
   0.71508
   0.71508
   0.71508
   0.71508
   0.71508
   0.71508
   0.71508
   0.71508
   0.71508
   0.71508
   0.71508
   0.71508
   0.71508
   0.71508
   0.71508
   0.71508
   0.71508
   0.71508
   0.71508
   0.71508
   0.71508
   0.71508
   0.71508
   0.71508
   0.71508
   0.71508
   0.71508
   0.71508
   0.71508
   0.71508
   0.71508
   0.71508
   0.71508
   0.71508
   0.71508
   0.71508
   0.71508
   0.71508
   0.71508
   0.71508
   0.71508
   0.71508
   0.71508
   0.71508
   0.71508
   0.71508
   0.71508
   0.71508
   0.71508
   0.71508
   0.71508
   0.71508
   0.71508
   0.71508
   0.71508
   0.71508
   0.71508
   0.71508
   0.71508
   0.71508
   0.71508
   0.71508
   0.71508
   0.71508
   0.71508
   0.71508
   0.71508
   0.71508
   0.71508
   0.71508
   0.71508
   0.71508
   0.71508
   0.71508
   0.71508
   0.71508
   0.71508
   0.71508
   0.71508
   0.71508
   0.71508
   0.71508
   0.71508
   0.71508
   0.71508
   0.71508
   0.71508
   0.71508
   0.71508
   0.71508
   0.71508
   0.71508
   0.71508
   0.71508
   0.71508
   0.71508
   0.71508
   0.71508
   0.71508
   0.71508
   0.71508
   0.71508
   0.71508
   0.71508
   0.71508
   0.71508
   0.71508
   0.71508
   0.71508
   0.71508
   0.71508
   0.71508
   0.71508
   0.71508
   0.71508
   0.71508
   0.71508
   0.71508
   0.71508
   0.71508
   0.71508
   0.71508
   0.71508
   0.71508
   0.71508
   0.71508
   0.71508
   0.71508
   0.71508
   0.71508
   0.71508
   0.71508
   0.71508
   0.71508
   0.71508
   0.71508
   0.71508
   0.71508
   0.71508
   0.71508
   0.71508
   0.71508
   0.71508
