   0.56956
   0.54987
   0.47804
   0.46848
   0.46363
   0.46073
   0.46076
   0.46755
   0.45937
   0.45403
   0.45804
   0.45716
   0.46642
   0.44849
   0.44626
   0.45022
   0.46440
   0.46033
   0.45961
   0.45697
   0.47810
   0.47723
   0.47952
   0.48383
   0.51810
   0.51614
   0.51381
   0.50452
   0.48817
   0.47774
   0.45934
   0.43532
   0.40797
   0.37818
   0.34682
   0.31534
   0.28510
   0.25684
   0.23148
   0.20964
   0.19080
   0.17470
   0.16104
   0.14930
   0.13847
   0.13021
   0.12312
   0.11713
   0.11223
   0.10834
   0.10463
   0.10137
   0.09863
   0.09622
   0.09423
   0.09241
   0.09100
   0.08938
   0.08782
   0.08714
   0.08652
   0.08634
   0.08522
   0.08445
   0.08394
   0.08348
   0.08346
   0.08356
   0.08321
   0.08223
   0.08209
   0.08147
   0.08113
   0.08072
   0.08064
   0.08043
   0.07969
   0.07885
   0.07774
   0.07664
   0.07570
   0.07458
   0.07373
   0.07247
   0.07168
   0.07036
   0.06925
   0.06799
   0.06674
   0.06526
   0.06404
   0.06208
   0.06034
   0.05797
   0.05570
   0.05372
   0.05138
   0.04941
   0.04715
   0.04562
   0.04338
   0.04133
   0.03939
   0.03801
   0.03642
   0.03508
   0.03358
   0.03204
   0.03092
   0.02989
   0.02882
   0.02731
   0.02657
   0.02593
   0.02532
   0.02466
   0.02428
   0.02324
   0.02246
   0.02190
   0.02119
   0.02078
   0.02045
   0.02008
   0.01934
   0.01899
   0.01877
   0.01859
   0.01940
   0.01869
   0.01814
   0.01734
   0.01658
   0.01560
   0.01406
   0.01303
   0.01224
   0.01122
   0.01029
   0.00875
   0.00827
   0.00776
   0.00546
   0.00375
   0.00292
   0.00262
   0.00533
   0.00473
   0.00430
   0.00319
   0.00302
   0.00279
   0.00322
   0.00131
   0.00148
   0.00065
   0.00240
   0.00063
   0.00264
   0.00286
   0.00198
   0.00023
   0.00035
   0.00025
   0.00097
   0.00023
   0.00400
   0.00186
   0.00199
   0.00153
   0.00171
   0.00133
   0.00242
   0.00279
   0.00004
   0.00187
   0.00023
   0.00042
   0.00001
   0.00015
   0.00009
   0.00010
   0.00009
   0.00010
   0.00004
   0.00010
   0.00015
   0.00005
   0.00006
   0.00011
   0.00040
   0.00022
   0.00837
   0.00410
   0.00235
   0.00146
   0.00089
   0.00047
   0.00026
   0.00016
   0.00012
   0.00009
   0.00007
   0.00005
   0.00004
   0.00003
   0.00002
   0.00002
   0.00002
   0.00001
   0.00001
   0.00001
   0.00001
   0.00001
   0.00000
   0.00000
   0.00000
   0.00000
   0.00000
   0.00000
   0.00000
   0.00000
   0.00000
   0.00001
   0.00000
   0.00000
   0.00000
   0.00000
   0.00000
   0.00000
   0.00002
   0.00000
   0.00000
   0.00000
   0.00000
   0.00001
   0.00000
   0.00000
   0.00000
   0.00000
   0.00000
   0.00000
   0.00001
   0.00001
   0.00001
   0.00000
   0.00000
   0.00000
   0.00000
   0.00001
   0.00001
   0.00001
   0.00000
   0.00001
   0.00000
   3.36312
   1.27876
   0.73227
   0.59399
   0.53953
   0.51787
   0.50956
   0.50592
   0.50493
   0.50445
   0.50422
   0.50410
   0.50405
   0.50402
   0.50401
   0.50400
   0.50400
   0.50400
   0.50400
   0.50400
   0.50400
   0.50400
   0.50400
   0.50400
   0.50400
   0.50400
   0.50400
   0.50400
   0.50401
   0.50401
   0.50401
   0.50401
   0.50401
   0.50401
   0.50401
   0.50401
   0.50401
   0.50401
   0.50401
   0.50402
   0.50402
   0.50402
   0.50402
   0.50402
   0.50402
   0.50402
   0.50402
   0.50402
   0.50402
   0.50402
   0.50403
   0.50403
   0.50403
   0.50403
   0.50403
   0.50403
   0.50403
   0.50403
   0.50403
   0.50403
   0.50403
   0.50404
   0.50404
   0.50404
   0.50404
   0.50404
   0.50404
   0.50404
   0.50404
   0.50404
   0.50404
   0.50404
   0.50405
   0.50405
   0.50405
   0.50405
   0.50405
   0.50405
   0.50405
   0.50405
   0.50405
   0.50405
   0.50405
   0.50405
   0.50406
   0.50406
   0.50406
   0.50406
   0.50406
   0.50406
   0.50406
   0.50406
   0.50406
   0.50406
   0.50406
   0.50407
   0.50407
   0.50407
   0.50407
   0.50407
   0.50407
   0.50407
   0.50407
   0.50407
   0.50407
   0.50407
   0.50407
   0.50408
   0.50408
   0.50408
   0.50408
   0.50408
   0.50408
   0.50408
   0.50408
   0.50408
   0.50408
   0.50408
   0.50408
   0.50409
   0.50409
   0.50409
   0.50409
   0.50409
   0.50409
   0.50409
   0.50409
   0.50409
   0.50409
   0.50409
   0.50409
   0.50410
   0.50410
   0.50410
   0.50410
   0.50410
   0.50410
   0.50410
   0.50410
   0.50410
   0.50410
   0.50410
   0.50410
   0.50411
   0.50411
   0.50411
   0.50411
   0.50411
   0.50411
   0.50411
   0.50411
   0.50411
   0.50411
   0.50411
   0.50411
   0.50412
   0.50412
   0.50412
   0.50412
   0.50412
   0.50412
   0.50412
   0.50412
   0.50412
   0.50412
   0.50412
   0.50412
   0.50413
   0.50413
   0.50413
   0.50413
   0.50413
   0.50413
   0.50413
   0.50413
   0.50413
   0.50413
   0.50413
   0.50413
   0.50414
   0.50414
   0.50414
   0.50414
   0.50414
   0.50414
   0.50414
   0.50414
   0.50414
   0.50414
   0.50414
   0.50414
   0.50415
   0.50415
   0.50415
   0.50415
   0.50415
   0.50415
   0.50415
   0.50415
   0.50415
   0.50415
   0.50415
   0.50415
   0.50416
   0.50416
   0.50416
   0.50416
   0.50416
   0.50416
   0.50416
   0.50416
   0.50416
   0.50416
   0.50416
   0.50416
   0.50416
   0.50416
   0.50417
   0.50417
   0.50417
   0.50417
   0.50417
   0.50417
   0.50417
   0.50417
   0.50417
   0.50417
   0.50417
   0.50417
   0.50417
   0.50418
   0.50418
   0.50418
   0.50418
   0.50418
   0.50418
   0.50418
   0.50418
   0.50418
   0.50418
   0.50418
   0.50418
   0.50418
   0.50419
   0.50419
