   0.70627
   0.69407
   0.69061
   0.69109
   0.69014
   0.68928
   0.68854
   0.68823
   0.68757
   0.68714
   0.68664
   0.68609
   0.68541
   0.68485
   0.68430
   0.68381
   0.68329
   0.68274
   0.68214
   0.68163
   0.68108
   0.68053
   0.67997
   0.67941
   0.67883
   0.67828
   0.67768
   0.67714
   0.67660
   0.67602
   0.67541
   0.67484
   0.67426
   0.67366
   0.67310
   0.67250
   0.67190
   0.67128
   0.67066
   0.67003
   0.66940
   0.66876
   0.66811
   0.66746
   0.66680
   0.66613
   0.66546
   0.66478
   0.66413
   0.66343
   0.66273
   0.66206
   0.66137
   0.66066
   0.65999
   0.65927
   0.65861
   0.65789
   0.65731
   0.65667
   0.65595
   0.65541
   0.65472
   0.65424
   0.65365
   0.65317
   0.65284
   0.65240
   0.65196
   0.65186
   0.65157
   0.65170
   0.65171
   0.65205
   0.65223
   0.65290
   0.65343
   0.65474
   0.65515
   0.65667
   0.65753
   0.65771
   0.65906
   0.65972
   0.65942
   0.65824
   0.65643
   0.65400
   0.65107
   0.64784
   0.64438
   0.64080
   0.63721
   0.63355
   0.62984
   0.62619
   0.62254
   0.61871
   0.61503
   0.61107
   0.60714
   0.60333
   0.59929
   0.59525
   0.59122
   0.58724
   0.58323
   0.57920
   0.57526
   0.57140
   0.56762
   0.56392
   0.56029
   0.55675
   0.55322
   0.54982
   0.54647
   0.54314
   0.53989
   0.53670
   0.53357
   0.53050
   0.52747
   0.52449
   0.52157
   0.51872
   0.51591
   0.51324
   0.51057
   0.50791
   0.50540
   0.50297
   0.50061
   0.49832
   0.49613
   0.49404
   0.49204
   0.49018
   0.48843
   0.48683
   0.48531
   0.48391
   0.48268
   0.48157
   0.48065
   0.48001
   0.47947
   0.47907
   0.47874
   0.47852
   0.47833
   0.47826
   0.47808
   0.47782
   0.47725
   0.47651
   0.47544
   0.47400
   0.47212
   0.46996
   0.46752
   0.46471
   0.46198
   0.45893
   0.45586
   0.45287
   0.44976
   0.44677
   0.44365
   0.44073
   0.43769
   0.43473
   0.43180
   0.42892
   0.42594
   0.42312
   0.42012
   0.41732
   0.41439
   0.41155
   0.40862
   0.40585
   0.40288
   0.40008
   0.39719
   0.39433
   0.39145
   0.38862
   0.38584
   0.38275
   0.38011
   0.37720
   0.37428
   0.37144
   0.36858
   0.36575
   0.36291
   0.36006
   0.35724
   0.35442
   0.35157
   0.34877
   0.34596
   0.34314
   0.34036
   0.33756
   0.33480
   0.33200
   0.32928
   0.32646
   0.32376
   0.32095
   0.31830
   0.31545
   0.31286
   0.31012
   0.30731
   0.30470
   0.30185
   0.29895
   0.29552
   0.29340
   0.29059
   0.28811
   0.28532
   0.28286
   0.28010
   0.27767
   0.27492
   0.27250
   0.26977
   0.26726
   0.26470
   0.26216
   0.25958
   0.25706
   0.25452
   0.25199
   0.24940
   0.24700
   0.24435
   0.24196
   0.23952
   0.23687
   0.23445
   0.23195
   0.22953
   0.22706
   0.22456
   0.22222
   0.21976
   0.21779
   0.21482
   0.21234
   0.21061
   0.20798
   0.20521
   0.20268
   0.20104
   0.19839
   0.19617
   0.19373
   0.19140
   0.18905
   0.18672
   0.18440
   0.18205
   0.17975
   0.17743
   0.17512
   0.17277
   0.17047
   0.16840
   0.16577
   0.16390
   0.16134
   0.15940
   0.15688
   0.15504
   0.15255
   0.15051
   0.14823
   0.14625
   0.14383
   0.14206
   0.13955
   0.13771
   0.13534
   0.13353
   0.13115
   0.12936
   0.12705
   0.12523
   0.12297
   0.12121
   0.11901
   0.11720
   0.11497
   0.11325
   0.11113
   0.10941
   0.10735
   0.10539
   0.10372
   0.10164
   0.09997
   0.09833
   0.09616
   0.09446
   0.09297
   0.09083
   0.08939
   0.08743
   0.08599
   0.08403
   0.08262
   0.08082
   0.07917
   0.07785
   0.07613
   0.07463
   0.07331
   0.07181
   0.07039
   0.06879
   0.06736
   0.06608
   0.06483
   0.06341
   0.06208
   0.06091
   0.05976
   0.05858
   0.05742
   0.05630
   0.05518
   0.05411
   0.05308
   0.05206
   0.05109
   0.05014
   0.04919
   0.04830
   0.04746
   0.04659
   0.04580
   0.04501
   0.04428
   0.04351
   0.04283
   0.04213
   0.04145
   0.04081
   0.04018
   0.03957
   0.03898
   0.03840
   0.03785
   0.03729
   0.03677
   0.03624
   0.03574
   0.03524
   0.03475
   0.03428
   0.03382
   0.03337
   0.03292
   0.03248
   0.03206
   0.03164
   0.03123
   0.03083
   0.03044
   0.03005
   0.02967
   0.02930
   0.02894
   0.02859
   0.02824
   0.02792
   0.02759
   0.02728
   0.02695
   0.02667
   0.02640
   0.02611
   0.02588
   0.02558
   0.02538
   0.02512
   0.02494
   0.02469
   0.02456
   0.02435
   0.02423
   0.02397
   0.02396
   0.02383
   0.02376
   0.02375
   0.02370
   0.02374
   0.02373
   0.02385
   0.02387
   0.02408
   0.02424
   0.02454
   0.02473
   0.02518
   0.02548
   0.02601
   0.02644
   0.02733
   0.02773
   0.02868
   0.02952
   0.03032
   0.03185
   0.03240
   0.03494
   0.03502
   0.03856
   0.03838
   0.04290
   0.04313
   0.04745
   0.04938
   0.05303
   0.05639
   0.05927
   0.06173
   0.05928
   0.04924
   0.04283
   0.03151
   0.01348
   0.01104
   0.00999
   0.00956
   0.00947
   0.00943
   0.00932
   0.00925
   0.00917
   0.00908
   0.00901
   0.00892
   0.00885
   0.00877
   0.00867
   0.00860
   0.00853
   0.00845
   0.00838
   0.00830
   0.00822
   0.00814
   0.00806
   0.00800
   0.00790
   0.00784
   0.00777
   0.00768
   0.00762
   0.00755
   0.00747
   0.00741
   0.00732
   0.00726
   0.00719
   0.00712
   0.00705
   0.00697
   0.00690
   0.00685
   0.00677
   0.00671
   0.00664
   0.00658
   0.00650
   0.00644
   0.00638
   0.00631
   0.00625
   0.00618
   0.00613
   0.00605
   0.00599
   0.00594
   0.00587
   0.00581
   0.00576
   0.00568
   0.00561
   0.00555
   0.00549
   0.00544
   0.00538
