   0.85811
   0.80595
   0.75737
   0.70241
   0.69084
   0.69099
   0.69051
   0.69074
   0.68949
   0.68636
   0.68972
   0.68571
   0.68286
   0.68219
   0.68247
   0.68067
   0.68000
   0.67928
   0.67846
   0.67796
   0.67642
   0.67588
   0.67503
   0.67407
   0.67326
   0.67252
   0.67858
   0.67827
   0.67048
   0.67012
   0.66866
   0.66741
   0.66533
   0.66436
   0.67173
   0.66820
   0.66590
   0.66391
   0.66140
   0.66026
   0.66271
   0.66175
   0.66200
   0.66384
   0.66407
   0.66103
   0.66646
   0.66130
   0.66223
   0.67720
   0.68665
   0.68879
   0.68912
   0.68778
   0.69317
   0.70035
   0.72007
   0.73775
   0.73984
   0.74306
   0.74778
   0.74620
   0.75702
   0.76449
   0.76247
   0.76285
   0.76104
   0.75804
   0.75601
   0.75319
   0.72978
   0.74258
   0.72810
   0.73526
   0.72876
   0.72265
   0.71701
   0.71165
   0.70779
   0.70053
   0.69544
   0.68979
   0.68502
   0.67901
   0.67217
   0.66715
   0.65986
   0.65339
   0.64771
   0.63979
   0.63383
   0.62385
   0.61808
   0.60835
   0.60207
   0.59366
   0.58648
   0.57915
   0.57156
   0.56297
   0.55456
   0.54743
   0.53895
   0.53083
   0.52179
   0.51328
   0.50163
   0.49219
   0.48248
   0.47506
   0.46911
   0.46316
   0.45886
   0.45447
   0.45149
   0.44842
   0.44642
   0.44398
   0.44290
   0.44186
   0.44129
   0.44108
   0.44146
   0.44115
   0.43990
   0.43987
   0.43759
   0.43485
   0.43126
   0.42831
   0.42327
   0.41761
   0.41129
   0.40467
   0.39768
   0.39005
   0.38206
   0.37419
   0.36657
   0.35910
   0.35249
   0.34651
   0.34101
   0.33601
   0.33111
   0.32646
   0.32232
   0.31770
   0.31343
   0.30852
   0.30424
   0.29940
   0.29452
   0.28981
   0.28454
   0.27968
   0.27417
   0.26927
   0.26387
   0.25888
   0.25396
   0.24933
   0.24489
   0.24038
   0.23602
   0.23149
   0.22709
   0.22316
   0.21876
   0.21466
   0.21035
   0.20630
   0.20196
   0.19796
   0.19378
   0.18960
   0.18565
   0.18166
   0.17792
   0.17377
   0.17011
   0.16635
   0.16286
   0.15921
   0.15587
   0.15237
   0.14906
   0.14575
   0.14254
   0.13939
   0.13609
   0.13326
   0.13049
   0.12777
   0.12462
   0.12203
   0.11915
   0.11630
   0.11378
   0.11095
   0.10827
   0.10585
   0.10335
   0.10093
   0.09855
   0.09619
   0.09404
   0.09178
   0.08932
   0.08742
   0.08516
   0.08319
   0.08124
   0.07895
   0.07728
   0.07511
   0.07348
   0.07158
   0.06956
   0.06777
   0.06610
   0.06448
   0.06285
   0.06123
   0.05965
   0.05811
   0.05651
   0.05508
   0.05355
   0.05222
   0.05079
   0.04950
   0.04819
   0.04696
   0.04572
   0.04453
   0.04340
   0.04235
   0.04127
   0.04026
   0.03926
   0.03829
   0.03734
   0.03637
   0.03539
   0.03449
   0.03351
   0.03260
   0.03167
   0.03072
   0.02979
   0.02892
   0.02805
   0.02721
   0.02640
   0.02562
   0.02488
   0.02419
   0.02352
   0.02288
   0.02230
   0.02173
   0.02115
   0.02064
   0.02013
   0.01962
   0.01914
   0.01867
   0.01820
   0.01776
   0.01731
   0.01689
   0.01649
   0.01608
   0.01574
   0.01531
   0.01523
   0.01450
   0.01644
   0.01624
   0.03098
   0.01528
   0.01262
   0.03430
   0.03460
   0.25740
   0.05852
   0.11190
   0.05870
   0.01148
   0.03166
   0.02021
   0.28046
   0.02067
   0.05467
   0.02728
   0.07421
   0.19521
   0.01646
   0.02026
   0.03100
   0.08920
   0.34514
   0.01376
   0.01840
   0.01619
   0.01725
   0.01771
   0.01862
   0.02000
   0.02293
   0.03249
   0.09633
   0.10065
   0.03011
   0.05935
   0.00751
   0.05930
   0.00847
   0.05099
   0.00775
   0.07417
   0.10348
   0.00764
   0.06350
   0.00774
   0.01155
   0.01081
   0.01101
   0.01159
   0.01245
   0.01405
   0.01876
   0.06437
   0.00682
   0.01037
   0.00843
   0.00832
   0.00850
   0.00850
   0.00853
   0.00857
   0.00860
   0.00865
   0.00870
   0.00880
   0.00884
   0.00897
   0.00908
   0.00924
   0.00942
   0.00968
   0.01003
   0.01054
   0.01136
   0.01321
   0.02003
   0.06107
   1.12561
   0.01863
   0.00542
   0.00529
   0.00518
   0.00513
   0.00510
   0.00509
   0.00509
   0.00511
   0.00514
   0.00519
   0.00526
   0.00533
   0.00541
   0.00549
   0.00559
   0.00567
   0.00575
   0.00583
   0.00592
   0.00598
   0.00605
   0.00612
   0.00617
   0.00624
   0.00627
   0.00631
   0.00634
   0.00637
   0.00640
   0.00642
   0.00645
   0.00647
   0.00648
   0.00651
   0.00652
   0.00654
   0.00657
   0.00659
   0.00662
   0.00666
   0.00669
   0.00674
   0.00682
   0.00687
   0.00697
   0.00709
   0.00724
   0.00744
   0.00773
   0.00817
   0.00902
   0.01108
   0.02279
   3.69633
   0.32096
   0.04007
   0.02904
   0.01211
   0.00903
   0.00758
   0.00680
   0.00619
   0.00569
   0.00527
   0.00497
   0.00475
   0.00457
   0.00440
   0.00429
   0.00420
   0.00413
   0.00404
   0.00395
   0.00387
   0.00378
   0.00371
   0.00364
   0.00357
   0.00351
   0.00347
   0.00343
   0.00339
   0.00337
   0.00336
   0.00336
   0.00338
   0.00340
   0.00343
   0.00348
   0.00353
   0.00358
   0.00363
   0.00368
   0.00373
   0.00378
   0.00383
   0.00386
   0.00391
   0.00395
   0.00398
   0.00402
   0.00405
   0.00409
   0.00410
   0.00414
   0.00415
   0.00417
   0.00420
   0.00421
   0.00423
   0.00425
   0.00426
   0.00428
   0.00430
   0.00430
   0.00432
   0.00434
   0.00434
   0.00437
   0.00438
   0.00440
   0.00443
   0.00446
   0.00449
   0.00453
   0.00458
   0.00464
   0.00471
   0.00481
   0.00493
   0.00510
   0.00533
   0.00572
   0.00647
   0.00854
   0.01903
   0.14028
   0.32282
   0.04272
   0.06543
