   0.54824
   0.47079
   0.47032
   0.51274
   0.48523
   0.47226
   0.47520
   0.46878
   0.47444
   0.47618
   0.47448
   0.47399
   0.47245
   0.46802
   0.46694
   0.46420
   0.48939
   0.45477
   0.45945
   0.46131
   0.58361
   0.55042
   0.53090
   0.51960
   0.51313
   0.50945
   0.50737
   0.50618
   0.50551
   0.50512
   0.50491
   0.50478
   0.50471
   0.50467
   0.50465
   0.50464
   0.50463
   0.50463
   0.50463
   0.50463
   0.50463
   0.50463
   0.50463
   0.50463
   0.50463
   0.50463
   0.50463
   0.50464
   0.50464
   0.50464
   0.50464
   0.50464
   0.50464
   0.50464
   0.50464
   0.50465
   0.50465
   0.50465
   0.50465
   0.50465
   0.50465
   0.50465
   0.50466
   0.50466
   0.50466
   0.50466
   0.50466
   0.50466
   0.50467
   0.50467
   0.50467
   0.50467
   0.50467
   0.50468
   0.50468
   0.50468
   0.50468
   0.50469
   0.50469
   0.50470
   0.50470
   0.50471
   0.50471
   0.50472
   0.50472
   0.50472
   0.50472
   0.50472
   0.50472
   0.50472
   0.50472
   0.50473
   0.50473
   0.50473
   0.50473
   0.50473
   0.50473
   0.50473
   0.50473
   0.50473
   0.50473
   0.50474
   0.50474
   0.50474
   0.50474
   0.50474
   0.50474
   0.50474
   0.50474
   0.50474
   0.50474
   0.50474
   0.50475
   0.50475
   0.50475
   0.50475
   0.50475
   0.50475
   0.50475
   0.50475
   0.50475
   0.50475
   0.50476
   0.50476
   0.50476
   0.50476
   0.50476
   0.50476
   0.50476
   0.50476
   0.50476
   0.50476
   0.50477
   0.50477
   0.50477
   0.50477
   0.50477
   0.50477
   0.50477
   0.50477
   0.50477
   0.50477
   0.50478
   0.50478
   0.50478
   0.50478
   0.50478
   0.50478
   0.50478
   0.50478
   0.50478
   0.50479
   0.50479
   0.50479
   0.50479
   0.50479
   0.50479
   0.50479
   0.50479
   0.50479
   0.50480
   0.50480
   0.50480
   0.50480
   0.50480
   0.50480
   0.50480
   0.50480
   0.50480
   0.50481
   0.50481
   0.50481
   0.50481
   0.50481
   0.50481
   0.50481
   0.50481
   0.50482
   0.50482
   0.50482
   0.50482
   0.50482
   0.50482
   0.50482
   0.50483
   0.50483
   0.50483
   0.50483
   0.50483
   0.50483
   0.50483
   0.50484
   0.50484
   0.50484
   0.50484
   0.50484
   0.50484
   0.50485
   0.50485
   0.50485
   0.50485
   0.50485
   0.50485
   0.50485
   0.50486
   0.50486
   0.50486
   0.50486
   0.50487
   0.50487
   0.50487
   0.50487
   0.50487
   0.50487
   0.50488
   0.50488
   0.50488
   0.50488
   0.50489
   0.50489
   0.50489
   0.50490
   0.50490
   0.50490
   0.50490
   0.50490
   0.50490
   0.50490
   0.50491
   0.50491
   0.50491
   0.50491
   0.50491
   0.50491
   0.50492
   0.50492
   0.50493
   0.50493
   0.50493
   0.50493
   0.50493
   0.50493
   0.50493
   0.50493
   0.50493
   0.50493
   0.50494
   0.50494
   0.50494
   0.50494
   0.50494
   0.50494
   0.50494
   0.50494
   0.50494
   0.50494
   0.50494
   0.50494
   0.50494
   0.50494
   0.50495
   0.50495
   0.50495
   0.50495
   0.50495
   0.50495
   0.50495
   0.50495
   0.50495
   0.50495
   0.50495
   0.50496
   0.50496
   0.50496
   0.50496
   0.50496
   0.50497
   0.50497
   0.50497
   0.50497
   0.50498
   0.50498
   0.50498
   0.50498
   0.50498
   0.50498
   0.50498
   0.50498
   0.50498
   0.50498
   0.50498
   0.50498
   0.50498
   0.50498
   0.50498
   0.50498
   0.50498
   0.50498
   0.50499
   0.50499
   0.50499
   0.50499
   0.50499
   0.50499
   0.50499
   0.50499
   0.50499
   0.50499
   0.50499
   0.50499
   0.50499
   0.50499
   0.50499
   0.50499
   0.50499
   0.50499
   0.50499
   0.50499
   0.50500
   0.50500
   0.50500
   0.50500
   0.50500
   0.50500
   0.50500
   0.50500
   0.50500
   0.50500
   0.50500
   0.50500
   0.50500
   0.50500
   0.50500
   0.50500
   0.50500
   0.50500
   0.50501
   0.50501
   0.50501
   0.50501
   0.50501
   0.50501
   0.50501
   0.50501
   0.50501
   0.50501
   0.50501
   0.50501
   0.50501
   0.50501
   0.50501
   0.50502
   0.50502
   0.50502
   0.50502
   0.50502
   0.50502
   0.50502
   0.50502
   0.50502
   0.50502
   0.50502
   0.50502
   0.50503
   0.50503
   0.50503
   0.50503
   0.50503
   0.50504
   0.50504
   0.50504
   0.50504
   0.50505
   0.50505
   0.50505
   0.50505
   0.50505
   0.50505
   0.50505
   0.50505
   0.50505
   0.50505
   0.50505
   0.50505
   0.50505
   0.50505
   0.50506
   0.50506
   0.50506
   0.50506
   0.50506
   0.50506
   0.50506
   0.50506
   0.50506
   0.50506
   0.50506
   0.50506
   0.50506
   0.50506
   0.50506
   0.50505
   0.50505
   0.50505
   0.50505
   0.50505
   0.50505
   0.50505
   0.50505
   0.50505
   0.50505
   0.50505
   0.50505
   0.50505
   0.50505
   0.50505
   0.50505
   0.50505
   0.50505
   0.50506
   0.50506
   0.50506
   0.50506
   0.50506
   0.50506
   0.50506
   0.50506
   0.50506
   0.50506
   0.50506
   0.50506
   0.50506
   0.50506
   0.50506
   0.50506
   0.50506
   0.50506
   0.50506
   0.50506
   0.50506
   0.50506
   0.50506
   0.50506
   0.50506
   0.50506
   0.50507
   0.50507
   0.50507
   0.50507
   0.50507
   0.50507
   0.50507
   0.50507
   0.50507
   0.50507
   0.50507
   0.50507
   0.50507
   0.50507
   0.50507
   0.50507
   0.50507
   0.50507
   0.50507
   0.50507
   0.50507
   0.50508
   0.50508
   0.50508
   0.50508
   0.50508
   0.50508
   0.50508
   0.50508
   0.50508
   0.50508
   0.50508
   0.50508
   0.50508
   0.50508
   0.50508
   0.50508
   0.50508
   0.50508
   0.50508
   0.50507
   0.50507
   0.50507
   0.50507
   0.50507
   0.50507
   0.50507
   0.50507
   0.50507
   0.50507
   0.50507
   0.50507
   0.50507
   0.50507
   0.50508
   0.50508
   0.50508
   0.50508
   0.50508
   0.50508
   0.50508
   0.50508
   0.50508
   0.50508
   0.50508
   0.50508
   0.50508
   0.50508
   0.50508
   0.50508
   0.50508
   0.50508
   0.50508
   0.50508
   0.50507
   0.50507
   0.50507
   0.50507
   0.50507
   0.50507
   0.50507
   0.50507
   0.50507
   0.50507
   0.50507
   0.50507
   0.50507
   0.50507
   0.50507
   0.50506
   0.50506
   0.50506
   0.50506
   0.50506
   0.50506
   0.50506
   0.50506
   0.50506
   0.50506
   0.50506
   0.50506
   0.50506
   0.50506
   0.50506
   0.50506
   0.50506
   0.50506
   0.50506
   0.50506
   0.50506
   0.50506
   0.50506
   0.50506
   0.50506
   0.50506
   0.50506
   0.50506
   0.50506
   0.50506
   0.50506
   0.50506
   0.50506
   0.50506
   0.50506
   0.50506
   0.50506
   0.50507
   0.50507
   0.50507
   0.50507
   0.50507
   0.50507
   0.50507
   0.50507
   0.50507
   0.50507
   0.50507
   0.50507
   0.50507
   0.50507
   0.50507
   0.50507
   0.50507
   0.50507
   0.50507
   0.50507
   0.50507
   0.50507
   0.50507
   0.50507
   0.50507
   0.50507
   0.50507
   0.50507
   0.50507
   0.50507
   0.50507
   0.50507
   0.50507
   0.50507
   0.50507
   0.50507
   0.50507
   0.50507
   0.50507
   0.50507
   0.50507
   0.50507
   0.50507
   0.50507
   0.50507
   0.50507
   0.50508
   0.50508
   0.50508
   0.50508
   0.50508
   0.50508
   0.50508
   0.50508
   0.50508
   0.50508
   0.50508
   0.50508
   0.50508
   0.50508
   0.50508
   0.50508
   0.50508
   0.50508
   0.50508
   0.50508
   0.50508
   0.50508
   0.50508
   0.50508
   0.50508
   0.50508
   0.50508
   0.50508
   0.50508
   0.50508
   0.50508
   0.50508
   0.50508
   0.50508
   0.50508
   0.50508
   0.50508
   0.50508
   0.50508
   0.50508
   0.50508
   0.50508
   0.50509
   0.50509
   0.50509
   0.50509
   0.50509
   0.50509
   0.50509
   0.50509
   0.50509
   0.50509
   0.50509
   0.50509
   0.50509
   0.50509
   0.50509
   0.50509
   0.50509
   0.50509
   0.50509
   0.50509
   0.50509
   0.50509
   0.50509
   0.50509
   0.50509
   0.50509
   0.50509
   0.50509
   0.50509
   0.50509
   0.50509
   0.50509
   0.50509
   0.50509
   0.50509
   0.50509
   0.50509
   0.50509
   0.50510
   0.50510
   0.50510
   0.50510
   0.50510
   0.50510
   0.50510
   0.50510
   0.50510
   0.50510
   0.50510
   0.50510
   0.50510
   0.50510
   0.50510
   0.50510
   0.50510
   0.50510
   0.50510
   0.50510
   0.50510
   0.50510
   0.50510
   0.50510
   0.50509
   0.50509
   0.50509
   0.50509
   0.50509
   0.50509
   0.50509
   0.50509
   0.50509
   0.50509
   0.50509
   0.50509
   0.50509
   0.50509
   0.50509
   0.50509
   0.50509
   0.50509
   0.50509
   0.50509
   0.50509
   0.50509
   0.50509
   0.50509
   0.50509
   0.50509
   0.50509
   0.50509
   0.50509
   0.50509
   0.50509
   0.50509
   0.50509
   0.50509
   0.50509
   0.50509
   0.50509
   0.50509
   0.50509
   0.50509
   0.50509
   0.50509
   0.50509
   0.50509
   0.50509
   0.50509
   0.50509
   0.50509
   0.50509
   0.50509
   0.50509
   0.50509
   0.50509
   0.50510
   0.50510
   0.50510
   0.50510
   0.50510
   0.50510
   0.50510
   0.50510
   0.50510
   0.50510
   0.50510
   0.50510
   0.50510
   0.50510
   0.50510
   0.50510
   0.50510
   0.50510
   0.50510
   0.50510
   0.50510
   0.50510
   0.50510
   0.50510
   0.50510
   0.50510
   0.50510
   0.50510
   0.50510
   0.50510
   0.50510
   0.50510
   0.50510
   0.50510
   0.50510
   0.50510
   0.50510
   0.50510
   0.50510
   0.50510
   0.50510
   0.50510
   0.50510
   0.50510
   0.50510
   0.50510
   0.50510
   0.50510
   0.50510
   0.50510
   0.50510
   0.50510
   0.50510
   0.50510
   0.50510
   0.50511
   0.50511
   0.50511
   0.50511
   0.50511
   0.50511
   0.50511
   0.50511
   0.50511
   0.50511
   0.50511
   0.50511
   0.50511
   0.50511
   0.50511
   0.50511
   0.50511
   0.50511
   0.50511
   0.50511
   0.50511
   0.50511
   0.50511
   0.50511
   0.50511
   0.50511
   0.50511
   0.50511
   0.50511
   0.50511
   0.50511
   0.50511
   0.50511
   0.50511
   0.50511
   0.50511
   0.50511
   0.50511
   0.50511
   0.50511
   0.50511
   0.50511
   0.50511
   0.50511
   0.50511
   0.50511
   0.50511
   0.50511
   0.50511
   0.50511
   0.50511
   0.50512
   0.50512
   0.50512
   0.50512
   0.50512
   0.50512
   0.50512
   0.50512
   0.50512
   0.50512
   0.50512
   0.50512
   0.50512
   0.50512
   0.50512
   0.50512
   0.50512
   0.50512
   0.50512
   0.50512
   0.50512
   0.50512
   0.50512
   0.50512
   0.50512
   0.50512
   0.50512
   0.50512
   0.50512
   0.50512
   0.50512
   0.50512
   0.50512
   0.50512
   0.50512
   0.50512
   0.50512
   0.50512
   0.50512
   0.50512
   0.50512
   0.50512
   0.50513
   0.50513
   0.50513
   0.50513
   0.50513
   0.50513
   0.50513
   0.50513
   0.50513
   0.50513
   0.50513
   0.50513
   0.50513
   0.50513
   0.50513
   0.50513
   0.50513
   0.50513
   0.50513
   0.50513
   0.50513
   0.50513
   0.50513
   0.50513
   0.50513
   0.50513
   0.50514
   0.50514
   0.50514
   0.50514
   0.50514
   0.50514
   0.50515
   0.50515
   0.50515
   0.50515
   0.50516
   0.50516
   0.50516
   0.50516
   0.50516
   0.50516
   0.50516
   0.50516
   0.50516
   0.50516
   0.50516
   0.50516
   0.50516
   0.50516
   0.50516
   0.50516
   0.50516
   0.50516
   0.50516
   0.50516
   0.50516
   0.50516
   0.50516
   0.50516
   0.50516
   0.50516
   0.50516
   0.50516
   0.50516
   0.50516
   0.50516
   0.50516
   0.50516
   0.50516
   0.50516
   0.50516
   0.50516
   0.50516
   0.50516
   0.50516
   0.50516
   0.50516
