   0.70486
   0.69958
   0.70006
   0.69912
   0.69746
   0.69658
   0.69570
   0.69552
   0.69411
   0.69458
   0.69308
   0.69268
   0.69237
   0.69250
   0.69081
   0.68962
   0.68992
   0.68968
   0.69027
   0.68804
   0.68784
   0.69611
   0.69283
   0.68522
   0.68393
   0.68438
   0.68306
   0.68254
   0.68277
   0.68060
   0.68258
   0.69519
   0.71051
   0.69990
   0.69183
   0.68615
   0.68178
   0.68038
   0.68031
   0.68064
   0.68180
   0.68303
   0.68443
   0.68821
   0.69133
   0.69694
   0.70336
   0.71116
   0.72014
   0.72348
   0.72477
   0.72527
   0.72390
   0.72169
   0.71792
   0.71292
   0.70664
   0.69900
   0.69093
   0.68106
   0.67064
   0.66127
   0.64991
   0.63921
   0.62828
   0.61728
   0.60648
   0.59569
   0.58540
   0.57543
   0.56668
   0.55858
   0.55150
   0.54521
   0.53949
   0.53358
   0.52854
   0.52411
   0.51899
   0.51388
   0.50873
   0.50362
   0.49811
   0.49267
   0.48716
   0.48183
   0.47639
   0.47105
   0.46578
   0.46061
   0.45556
   0.45060
   0.44575
   0.44106
   0.43662
   0.43242
   0.42850
   0.42485
   0.42144
   0.41823
   0.41507
   0.41187
   0.40845
   0.40468
   0.40063
   0.39621
   0.39179
   0.38711
   0.38236
   0.37541
   0.37325
   0.36744
   0.36387
   0.36029
   0.35488
   0.35056
   0.34788
   0.34244
   0.33916
   0.33507
   0.33118
   0.32555
   0.32259
   0.31842
   0.31496
   0.30899
   0.30867
   0.30105
   0.29960
   0.29315
   0.29336
   0.28512
   0.28197
   0.28192
   0.27343
   0.26952
   0.26759
   0.26705
   0.25842
   0.25435
   0.25090
   0.24717
   0.24368
   0.24316
   0.23626
   0.23273
   0.22909
   0.22599
   0.22252
   0.21896
   0.21515
   0.21195
   0.20840
   0.20525
   0.20161
   0.19852
   0.19751
   0.19183
   0.18850
   0.18822
   0.18209
   0.17843
   0.17747
   0.17322
   0.16890
   0.16529
   0.16201
   0.15873
   0.15545
   0.15225
   0.14909
   0.14598
   0.14292
   0.13991
   0.13695
   0.13397
   0.13104
   0.12818
   0.12532
   0.12253
   0.11976
   0.11707
   0.11441
   0.11192
   0.11011
   0.10681
   0.10436
   0.10191
   0.10003
   0.09718
   0.09498
   0.09271
   0.09047
   0.08837
   0.08624
   0.08452
   0.08217
   0.08023
   0.07829
   0.07637
   0.07450
   0.07297
   0.07122
   0.06942
   0.06750
   0.06589
   0.06455
   0.06254
   0.06107
   0.05938
   0.05785
   0.05647
   0.05500
   0.05318
   0.05189
   0.05064
   0.04887
   0.04774
   0.04642
   0.04494
   0.04387
   0.04253
   0.04126
   0.04012
   0.03884
   0.03769
   0.03639
   0.03565
   0.03465
   0.03339
   0.03263
   0.03152
   0.03097
   0.03005
   0.02938
   0.02855
   0.02790
   0.02715
   0.02666
   0.02614
   0.02558
   0.02499
   0.02463
   0.02413
   0.02354
   0.02314
   0.02289
   0.02177
   0.02165
   0.02154
   0.02090
   0.02059
   0.02016
   0.01984
   0.01948
   0.01913
   0.01874
   0.01826
   0.01792
   0.01764
   0.01732
   0.01666
   0.01553
   0.01530
   0.01395
   0.01290
   0.01169
   0.01187
   0.01089
   0.01325
   0.01119
   0.01184
   0.01083
   0.01010
   0.06442
   0.01633
   0.01495
   0.01627
   0.01481
   0.01578
   0.01459
   0.01525
   0.01429
   0.01481
   0.01391
   0.01444
   0.01350
   0.01408
   0.01311
   0.01364
   0.01306
   0.01311
   0.01280
   0.01263
   0.01251
   0.01226
   0.01212
   0.01195
   0.01179
   0.01162
   0.01145
   0.01130
   0.01112
   0.01095
   0.01081
   0.01063
   0.01049
   0.01031
   0.01017
   0.00998
   0.00984
   0.00966
   0.00950
   0.00927
   0.00904
   0.00890
   0.00870
   0.00858
   0.00840
   0.00827
   0.00809
   0.00794
   0.00776
   0.00762
   0.00744
   0.00727
   0.00714
   0.00697
   0.00681
   0.00664
   0.00652
   0.00640
   0.00625
   0.00607
   0.00593
   0.00585
   0.00568
   0.00555
   0.00545
   0.00529
   0.00517
   0.00502
   0.00493
   0.00481
   0.00466
   0.00456
   0.00450
   0.00436
   0.00427
   0.00409
   0.00394
   0.00391
   0.00373
   0.00380
   0.00328
   0.00388
   0.00242
   0.00381
   0.00249
   0.00329
   0.00227
   0.00353
   0.00216
   0.00330
   0.00209
   0.00303
   0.00206
   0.00269
   0.00192
   0.00232
   0.00202
   0.00202
   0.00190
   0.00180
   0.00172
   0.00171
   0.00169
   0.00178
   0.00191
   0.00223
   0.00279
   1.28211
   0.00384
   0.00204
   0.00207
   0.00210
   0.00213
   0.00217
   0.00220
   0.00224
   0.00228
   0.00232
   0.00237
   0.00243
   0.00248
   0.00254
   0.00261
   0.00268
   0.00276
   0.00283
   0.00291
   0.00299
   0.00308
   0.00315
   0.00323
   0.00330
   0.00337
   0.00344
   0.00351
   0.00359
   0.00368
   0.00379
   0.00392
   0.00411
   0.00442
   0.00501
   0.00667
   0.00425
   0.00720
   0.00223
   0.00557
   0.00386
   0.00533
   0.00245
   0.00667
   0.00378
   0.00491
   0.00249
   0.00671
   0.44268
   0.01693
   0.01954
   0.01721
   0.01446
   0.01294
   0.01213
   0.01127
   0.00972
   0.00907
   0.00890
   0.00870
   0.00853
   0.00840
   0.00823
   0.00807
   0.00789
   0.00775
   0.00761
   0.00746
   0.00732
   0.00717
   0.00704
   0.00696
   0.00683
   0.00672
   0.00668
   0.00672
   0.00670
   0.00672
   0.00674
   0.00677
   0.00675
   0.00680
   0.00681
   0.00670
   0.00645
   0.00611
   0.00584
   0.00553
   0.00525
   0.00494
   0.00473
   0.00450
   0.00431
   0.00413
   0.00402
   0.00386
   0.00381
   0.00373
   0.00372
   0.00375
   0.00385
   0.00416
   0.00480
   0.00651
   0.00176
   0.00689
   0.00165
   0.00408
   0.00457
   0.00633
   0.00661
   0.00287
   0.00451
   0.02861
   0.00452
   0.00552
   0.00553
   0.00554
   0.00555
   0.00554
   0.00555
   0.00556
   0.00559
   0.00563
   0.00569
   0.00580
   0.00592
   0.00608
   0.00631
   0.00663
   0.00709
   0.00780
   0.00899
   0.00958
   0.00681
   0.00844
   0.00554
   0.00766
   0.00454
   0.00725
   0.00399
   0.00757
   0.00548
   0.00590
   0.00454
   0.00543
   0.00544
   0.00402
   0.00403
   0.00426
   0.00435
   0.00502
   0.00638
   0.00716
   0.00932
   0.00764
   0.01113
   0.00525
   0.01126
   0.00718
   0.00705
   0.02009
   0.03073
   0.00271
   0.00251
   0.00246
   0.00245
   0.00246
   0.00249
   0.00250
   0.00253
   0.00256
   0.00259
   0.00263
   0.00266
   0.00272
   0.00277
   0.00281
   0.00285
   0.00288
   0.00292
   0.00294
   0.00296
   0.00298
   0.00300
   0.00302
   0.00304
   0.00306
   0.00307
   0.00311
   0.00314
   0.00319
   0.00325
   0.00334
   0.00344
   0.00359
   0.00381
   0.00414
   0.00469
   0.00526
   0.00368
   0.00484
   0.00288
   0.00468
   0.00231
   0.00467
   0.00230
   0.00470
   0.00455
   0.00252
   0.00373
   0.00403
   0.00337
   0.00221
   0.00242
   0.00232
   0.00214
   0.00224
   0.00235
   0.00282
   0.00409
   0.00657
   0.00436
   0.00594
   0.00521
   0.00370
   0.00458
   0.00393
   0.00344
   0.95021
   0.00448
   0.00072
   0.00076
   0.00077
   0.00078
   0.00079
   0.00080
   0.00081
   0.00082
   0.00083
   0.00084
   0.00085
   0.00086
   0.00087
   0.00088
   0.00089
   0.00091
   0.00092
   0.00093
   0.00095
   0.00097
   0.00098
   0.00100
   0.00102
   0.00105
   0.00107
   0.00109
   0.00112
   0.00115
   0.00117
   0.00120
   0.00123
   0.00126
   0.00128
   0.00131
   0.00133
   0.00135
   0.00137
   0.00138
   0.00140
   0.00141
   0.00142
   0.00143
   0.00144
   0.00145
   0.00146
   0.00147
   0.00149
   0.00151
   0.00154
   0.00158
   0.00163
   0.00169
   0.00179
   0.00193
   0.00216
   0.00246
   0.00193
   0.00226
   0.00151
   0.00227
   0.00111
   0.00226
   0.00103
   0.00221
   0.00138
   0.00175
   0.00109
   0.00175
   0.00174
   0.00135
   0.00103
   0.00109
   0.00104
   0.00104
   0.00108
   0.00117
   0.00153
   0.00202
   0.00192
   0.00155
   0.00278
   0.00180
   0.00127
   0.00131
   0.00066
   0.00234
   3.40698
   0.00469
   0.00385
   0.00337
   0.00300
   0.00275
   0.00254
   0.00236
   0.00222
   0.00210
   0.00199
   0.00188
   0.00179
   0.00171
   0.00164
   0.00157
   0.00152
   0.00146
   0.00141
   0.00136
   0.00131
   0.00126
   0.00122
   0.00118
   0.00114
   0.00111
   0.00107
   0.00104
   0.00101
   0.00098
   0.00095
   0.00092
   0.00090
   0.00087
   0.00085
   0.00083
   0.00081
   0.00079
   0.00077
   0.00075
   0.00073
   0.00072
   0.00070
   0.00069
   0.00068
   0.00068
   0.00067
   0.00066
   0.00065
   0.00064
   0.00063
   0.00062
   0.00062
   0.00061
   0.00060
   0.00060
   0.00059
   0.00059
   0.00058
   0.00057
   0.00057
   0.00057
   0.00056
   0.00055
   0.00055
   0.00054
   0.00053
   0.00053
   0.00052
   0.00051
   0.00051
   0.00050
   0.00050
   0.00049
   0.00049
   0.00049
   0.00049
   0.00049
   0.00050
   0.00050
   0.00051
   0.00052
   0.00053
   0.00054
   0.00055
   0.00056
   0.00056
   0.00055
   0.00053
   0.00051
   0.00050
   0.00048
   0.00045
   0.00044
   0.00042
   0.00041
   0.00039
   0.00038
   0.00036
   0.00036
   0.00034
   0.00033
   0.00032
   0.00032
   0.00031
   0.00031
   0.00031
   0.00033
   0.00044
   0.00016
   0.00059
   0.00067
   0.00065
   0.00063
   0.00062
   0.00060
   0.00058
   0.00056
   0.00054
   0.00051
   0.00049
   0.00046
   0.00044
   0.00041
   0.00038
   0.00036
   0.00034
   0.00031
   0.00025
   0.15466
   0.00009
   0.00010
   0.00010
   0.00009
   0.00009
   0.00009
   0.00009
   0.00009
   0.00009
   0.00009
   0.00009
   0.00009
   0.00009
   0.00009
   0.00009
   0.00009
   0.00009
   0.00009
   0.00008
   0.00008
   0.00008
   0.00008
   0.00008
   0.00008
   0.00008
   0.00008
   0.00008
   0.00008
   0.00008
   0.00008
   0.00008
   0.00008
   0.00008
   0.00008
   0.00008
   0.00008
   0.00008
   0.00008
   0.00008
   0.00008
   0.00008
   0.00008
   0.00008
   0.00008
   0.00008
   0.00009
   0.00009
   0.00009
   0.00009
   0.00009
   0.00009
   0.00009
   0.00009
   0.00009
   0.00009
   0.00009
   0.00009
   0.00009
   0.00009
   0.00009
   0.00010
   0.00010
   0.00010
   0.00010
   0.00010
   0.00010
   0.00011
   0.00011
   0.00011
   0.00011
   0.00012
   0.00012
   0.00012
   0.00012
   0.00013
   0.00013
   0.00013
   0.00013
   0.00013
   0.00013
   0.00014
   0.00014
   0.00014
   0.00014
   0.00014
   0.00014
   0.00014
   0.00014
   0.00014
   0.00014
   0.00014
   0.00014
   0.00014
   0.00015
   0.00015
   0.00015
   0.00016
   0.00016
   0.00016
   0.00017
   0.00018
   0.00018
   0.00019
   0.00019
   0.00019
   0.00018
   0.00018
   0.00017
   0.00016
   0.00016
   0.00015
   0.00015
   0.00014
   0.00014
   0.00013
   0.00013
   0.00014
   0.00029
   0.00016
   0.00005
   0.00005
   0.00006
   0.00004
   0.00005
   0.00004
   0.00005
   0.00004
   0.00004
   0.00004
   0.00004
   0.00004
   0.00004
   0.00004
   0.00004
   0.00004
   0.00005
   0.00005
   0.00005
   0.00006
   0.00006
   0.00006
   0.00007
   0.00007
   0.00009
   0.00011
   0.00012
   0.00012
   0.00012
   0.00013
   0.00013
   0.00014
   0.00014
   0.00014
   0.00014
   0.00015
   0.00015
   0.00015
   0.00016
   0.00016
   0.00017
   0.00017
   0.00017
   7.30451
   0.00212
   0.00187
   0.00164
   0.00156
   0.00150
   0.00145
   0.00140
   0.00136
   0.00132
