   0.61019
   0.60762
   0.60517
   0.60446
   0.60197
   0.60009
   0.59761
   0.59570
   0.59396
   0.59141
   0.58956
   0.58695
   0.58443
   0.58247
   0.57972
   0.57743
   0.57512
   0.57269
   0.57024
   0.56762
   0.56506
   0.56256
   0.56006
   0.55741
   0.55459
   0.55208
   0.54900
   0.54645
   0.54372
   0.54077
   0.53790
   0.53464
   0.53154
   0.52836
   0.52509
   0.52187
   0.51847
   0.51505
   0.51165
   0.50812
   0.50456
   0.50092
   0.49731
   0.49358
   0.48988
   0.48603
   0.48226
   0.47848
   0.47459
   0.47075
   0.46687
   0.46300
   0.45908
   0.45527
   0.45126
   0.44749
   0.44356
   0.43968
   0.43583
   0.43195
   0.42823
   0.42439
   0.42078
   0.41714
   0.41356
   0.41004
   0.40648
   0.40326
   0.40000
   0.39673
   0.39385
   0.39068
   0.38820
   0.38571
   0.38349
   0.38112
   0.37929
   0.37725
   0.37602
   0.37469
   0.37330
   0.37253
   0.37121
   0.37070
   0.36916
   0.36689
   0.36370
   0.35941
   0.35389
   0.34767
   0.34109
   0.33485
   0.32894
   0.32324
   0.31786
   0.31265
   0.30775
   0.30296
   0.29832
   0.29381
   0.28939
   0.28487
   0.28013
   0.27638
   0.27103
   0.26735
   0.26195
   0.25800
   0.25261
   0.24886
   0.24346
   0.23914
   0.23520
   0.22961
   0.22635
   0.22185
   0.21783
   0.21274
   0.20911
   0.20531
   0.20032
   0.19643
   0.19243
   0.18864
   0.18446
   0.18067
   0.17674
   0.17327
   0.16947
   0.16605
   0.16240
   0.15911
   0.15613
   0.15245
   0.14903
   0.14595
   0.14296
   0.13967
   0.13693
   0.13332
   0.13117
   0.12761
   0.12537
   0.12301
   0.11969
   0.11789
   0.11457
   0.11273
   0.10964
   0.10757
   0.10552
   0.10265
   0.10100
   0.09892
   0.09626
   0.09469
   0.09291
   0.09078
   0.08894
   0.08721
   0.08514
   0.08333
   0.08157
   0.07985
   0.07822
   0.07654
   0.07496
   0.07343
   0.07196
   0.07044
   0.06869
   0.06751
   0.06595
   0.06450
   0.06349
   0.06219
   0.06089
   0.05966
   0.05849
   0.05729
   0.05613
   0.05502
   0.05394
   0.05286
   0.05187
   0.05059
   0.04992
   0.04886
   0.04766
   0.04705
   0.04605
   0.04492
   0.04435
   0.04339
   0.04235
   0.04165
   0.04104
   0.04031
   0.03954
   0.03872
   0.03799
   0.03720
   0.03651
   0.03600
   0.03543
   0.03489
   0.03418
   0.03373
   0.03275
   0.03229
   0.03174
   0.03116
   0.03070
   0.03040
   0.02960
   0.02920
   0.02876
   0.02859
   0.02807
   0.02740
   0.02711
   0.02681
   0.02608
   0.02576
   0.02541
   0.02489
   0.02464
   0.02428
   0.02360
   0.02338
   0.02283
   0.02261
   0.02215
   0.02179
   0.02154
   0.02096
   0.02088
   0.02050
   0.02029
   0.01961
   0.01946
   0.01866
   0.01856
   0.01830
   0.01768
   0.01729
   0.01695
   0.01666
   0.01624
   0.01583
   0.01552
   0.01499
   0.01470
   0.01437
   0.01400
   0.01363
   0.01333
   0.01301
   0.01264
   0.01236
   0.01204
   0.01168
   0.01144
   0.01108
   0.01087
   0.01052
   0.01034
   0.01002
   0.00982
   0.00948
   0.00930
   0.00899
   0.00882
   0.00854
   0.00824
   0.00802
   0.00787
   0.00760
   0.00742
   0.00728
   0.00700
   0.00688
   0.00668
   0.00654
   0.00641
   0.00626
   0.00610
   0.00595
   0.00581
   0.00566
   0.00553
   0.00540
   0.00528
   0.00517
   0.00506
   0.00493
   0.00482
   0.00470
   0.00459
   0.00447
   0.00436
   0.00423
   0.00413
   0.00407
   0.00398
   0.00388
   0.00384
   0.00393
   0.00404
   0.00402
   0.00395
   0.00387
   0.00375
   0.00363
   0.00350
   0.00339
   0.00326
   0.00313
   0.00300
   0.00290
   0.00279
   0.00275
   0.00289
   0.00284
   0.00285
   0.00279
   0.00277
   0.00275
   0.00275
   0.00273
   0.00274
   0.00286
   0.00270
   0.00276
   0.00304
   0.00311
   0.00209
   0.00387
   0.00184
   0.00228
   0.00192
   0.00202
   0.00188
   0.00190
   0.00181
   0.00180
   0.00174
   0.00173
   0.00166
   0.00164
   0.00159
   0.00156
   0.00153
   0.00150
   0.00148
   0.00143
   0.00141
   0.00137
   0.00135
   0.00131
   0.00129
   0.00126
   0.00123
   0.00121
   0.00118
   0.00118
   0.00112
   0.00114
   0.00109
   0.00108
   0.00104
   0.00105
   0.00100
   0.00102
   0.00098
   0.00098
   0.00094
   0.00095
   0.00091
   0.00092
   0.00088
   0.00089
   0.00085
   0.00086
   0.00082
   0.00084
   0.00080
   0.00082
   0.00079
   0.00080
   0.00078
   0.00076
   0.00077
   0.00076
   0.00073
   0.00074
   0.00073
   0.00073
   0.00071
   0.00073
   0.00074
   0.00073
   0.00072
   0.00074
   0.00070
   0.00070
   0.00067
   0.00068
   0.00066
   0.00063
   0.00066
   0.00064
   0.00064
   0.00064
   0.00066
   0.00067
   0.00066
   0.00071
   0.00071
   0.00069
   0.00074
   0.00062
   0.00064
   0.00072
   0.00067
   0.00072
   0.00091
   0.00104
   0.00121
   0.00099
   0.00079
   0.00047
   0.00079
   0.00055
   0.00036
   0.00042
   0.00039
   0.00038
   0.00038
   0.00037
   0.00037
   0.00037
   0.00037
   0.00036
   0.00036
   0.00036
   0.00035
   0.00035
   0.00035
   0.00035
   0.00034
   0.00034
   0.00034
   0.00033
   0.00033
   0.00033
   0.00032
   0.00032
   0.00032
   0.00031
   0.00031
   0.00031
   0.00030
   0.00030
   0.00030
   0.00030
   0.00029
   0.00029
   0.00029
   0.00028
   0.00028
   0.00028
   0.00027
   0.00027
   0.00027
   0.00027
   0.00026
   0.00026
   0.00025
   0.00025
   0.00025
   0.00024
   0.00024
   0.00024
   0.00023
   0.00023
   0.00023
   0.00023
   0.00022
   0.00022
   0.00022
   0.00021
   0.00021
   0.00021
   0.00021
   0.00020
   0.00020
   0.00020
   0.00020
   0.00019
   0.00019
   0.00019
   0.00018
   0.00018
   0.00018
   0.00018
   0.00017
   0.00017
   0.00017
   0.00017
   0.00016
   0.00016
   0.00016
   0.00016
   0.00015
   0.00015
   0.00015
   0.00015
   0.00014
   0.00014
   0.00014
   0.00014
   0.00014
   0.00013
   0.00013
   0.00013
   0.00013
   0.00013
   0.00012
   0.00012
   0.00012
   0.00012
   0.00012
   0.00011
   0.00011
   0.00011
   0.00011
   0.00011
   0.00011
   0.00010
   0.00010
   0.00010
   0.00010
   0.00010
   0.00010
   0.00009
   0.00009
   0.00009
   0.00009
   0.00009
   0.00009
   0.00008
   0.00008
   0.00008
   0.00008
   0.00008
   0.00008
   0.00008
   0.00007
   0.00007
   0.00007
   0.00007
   0.00007
   0.00007
   0.00007
   0.00007
   0.00006
   0.00006
   0.00006
   0.00006
   0.00006
   0.00006
   0.00006
   0.00006
   0.00006
   0.00005
   0.00005
   0.00005
   0.00005
   0.00005
   0.00005
   0.00005
   0.00005
   0.00005
   0.00005
   0.00005
   0.00005
   0.00004
   0.00004
   0.00004
   0.00004
   0.00004
   0.00004
   0.00004
   0.00004
   0.00004
   0.00004
   0.00004
   0.00004
   0.00004
   0.00004
   0.00003
   0.00003
   0.00003
   0.00003
   0.00003
   0.00003
   0.00003
   0.00003
   0.00003
   0.00003
   0.00003
   0.00003
   0.00003
   0.00003
   0.00003
   0.00003
   0.00003
   0.00003
   0.00003
   0.00002
   0.00002
   0.00002
   0.00002
   0.00002
   0.00002
   0.00002
   0.00002
   0.00002
   0.00002
   0.00002
   0.00002
   0.00002
   0.00002
   0.00002
   0.00002
   0.00002
   0.00002
   0.00002
   0.00002
   0.00002
   0.00002
   0.00002
   0.00002
   0.00002
   0.00002
   0.00002
   0.00002
   0.00002
   0.00002
   0.00001
   0.00001
   0.00001
   0.00001
   0.00001
   0.00001
   0.00001
   0.00001
   0.00001
   0.00001
   0.00001
   0.00001
   0.00001
   0.00001
   0.00001
   0.00001
   0.00001
   0.00001
   0.00001
   0.00001
   0.00001
   0.00001
   0.00001
   0.00001
   0.00001
   0.00001
   0.00001
   0.00001
   0.00001
   0.00001
   0.00001
   0.00001
   0.00001
   0.00001
   0.00001
   0.00001
   0.00001
   0.00001
   0.00001
   0.00001
   0.00001
   0.00001
   0.00001
   0.00001
   0.00001
   0.00001
   0.00001
   0.00001
   0.00001
   0.00001
   0.00001
   0.00001
   0.00001
   0.00001
   0.00001
   0.00001
   0.00001
   0.00001
   0.00001
   0.00001
   0.00001
   0.00001
   0.00001
   0.00000
   0.00000
   0.00000
   0.00000
   0.00000
   0.00000
   0.00000
   0.00000
   0.00000
   0.00000
   0.00000
   0.00000
   0.00000
   0.00000
   0.00000
   0.00000
   0.00000
   0.00000
   0.00000
   0.00000
   0.00000
   0.00000
   0.00000
   0.00000
   0.00000
   0.00000
   0.00000
   0.00000
   0.00000
   0.00000
   0.00000
   0.00000
   0.00000
   0.00000
   0.00000
   0.00000
   0.00000
   0.00000
   0.00000
   0.00000
   0.00000
   0.00000
   0.00000
   0.00000
   0.00000
   0.00000
   0.00000
   0.00000
   0.00000
   0.00000
   0.00000
   0.00000
   0.00000
   0.00000
   0.00000
   0.00000
   0.00000
   0.00000
   0.00000
   0.00000
   0.00000
   0.00000
   0.00000
   0.00000
   0.00000
   0.00000
   0.00000
   0.00000
   0.00000
   0.00000
   0.00000
   0.00000
   0.00000
   0.00000
   0.00000
   0.00000
   0.00000
   0.00000
   0.00000
   0.00000
   0.00000
   0.00000
   0.00000
   0.00000
   0.00000
   0.00000
   0.00000
   0.00000
   0.00000
   0.00000
   0.00000
   0.00000
   0.00000
   0.00000
   0.00000
   0.00000
   0.00000
   0.00000
   0.00000
   0.00000
   0.00000
   0.00000
   0.00000
   0.00000
   0.00000
   0.00000
   0.00000
   0.00000
   0.00000
   0.00000
   0.00000
   0.00000
   0.00000
   0.00000
   0.00000
   0.00000
   0.00000
   0.00000
   0.00000
   0.00000
   0.00000
   0.00000
   0.00000
   0.00000
   0.00000
   0.00000
   0.00000
   0.00000
   0.00000
   0.00000
   0.00000
   0.00000
   0.00000
   0.00000
   0.00000
   0.00000
   0.00000
   0.00000
   0.00000
   0.00000
   0.00000
   0.00000
   0.00000
   0.00000
   0.00000
   0.00000
   0.00000
   0.00000
   0.00000
   0.00000
   0.00000
   0.00000
   0.00000
   0.00000
   0.00000
   0.00000
   0.00000
   0.00000
   0.00000
   0.00000
   0.00000
   0.00000
   0.00000
   0.00000
   0.00000
   0.00000
   0.00000
   0.00000
   0.00000
   0.00000
   0.00000
   0.00000
   0.00000
   0.00000
   0.00000
   0.00000
   0.00000
   0.00000
   0.00000
   0.00000
   0.00000
   0.00000
   0.00000
   0.00000
   0.00000
   0.00000
   0.00000
   0.00000
   0.00000
   0.00000
   0.00000
   0.00000
   0.00000
   0.00000
   0.00000
   0.00000
   0.00000
   0.00000
   0.00000
   0.00000
   0.00000
   0.00000
   0.00000
   0.00000
   0.00000
   0.00000
   0.00000
   0.00000
   0.00000
   0.00000
   0.00000
   0.00000
   0.00000
   0.00000
   0.00000
   0.00000
   0.00000
   0.00000
   0.00000
   0.00000
   0.00000
   0.00000
   0.00000
   0.00000
   0.00000
   0.00000
   0.00000
   0.00000
   0.00000
   0.00000
   0.00000
   0.00000
   0.00000
   0.00000
   0.00000
   0.00000
   0.00000
   0.00000
   0.00000
   0.00000
   0.00000
   0.00000
   0.00000
   0.00000
   0.00000
   0.00000
   0.00000
   0.00000
   0.00000
   0.00000
   0.00000
   0.00000
   0.00000
   0.00000
   0.00000
   0.00000
   0.00000
   0.00000
   0.00000
   0.00000
   0.00000
   0.00000
   0.00000
   0.00000
   0.00000
   0.00000
   0.00000
   0.00000
   0.00000
   0.00000
   0.00000
   0.00000
   0.00000
   0.00000
   0.00000
   0.00000
   0.00000
   0.00000
   0.00000
   0.00000
   0.00000
   0.00000
   0.00000
   0.00000
   0.00000
   0.00000
   0.00000
