   0.70408
   0.72718
   0.73147
   0.73494
   0.73063
   0.73684
   0.73827
   0.73625
   0.73850
   0.73125
   0.73830
   0.73854
   0.74130
   0.74143
   0.74199
   0.74329
   0.74230
   0.73821
   0.74086
   0.73865
   0.74052
   0.74002
   0.73445
   0.73999
   0.73950
   0.73178
   0.73345
   0.73547
   0.73597
   0.72788
   0.72901
   0.73015
   0.73159
   0.73352
   0.73601
   0.73923
   0.74339
   0.74873
   0.75525
   0.76272
   0.77064
   0.77867
   0.78684
   0.79541
   0.80519
   0.81666
   0.82751
   0.84065
   0.85314
   0.86598
   0.88118
   0.89353
   0.90772
   0.92050
   0.93426
   0.94517
   0.95437
   0.96525
   0.97572
   0.98605
   0.99295
   0.99954
   1.00701
   1.01250
   1.01867
   1.02460
   1.02933
   1.03445
   1.03921
   1.04434
   1.04931
   1.05468
   1.05976
   1.06519
   1.06955
   1.07529
   1.08048
   1.08465
   1.08981
   1.09353
   1.09688
   1.09949
   1.10096
   1.10160
   1.10054
   1.09735
   1.09358
   1.08762
   1.08075
   1.07190
   1.06081
   1.04578
   1.02954
   1.01116
   0.99024
   0.96720
   0.93917
   0.91230
   0.88341
   0.85349
   0.82225
   0.78993
   0.75649
   0.72004
   0.68558
   0.65066
   0.61411
   0.57721
   0.53739
   0.49966
   0.46744
   0.43697
   0.40731
   0.38218
   0.36237
   0.34745
   0.33528
   0.32278
   0.31027
   0.29759
   0.28433
   0.27036
   0.25243
   0.23158
   0.20912
   0.18923
   0.17665
   0.17414
   0.16436
   0.12085
   0.08366
   0.06885
   0.06917
   0.08949
   0.12780
   0.15763
   0.15366
   0.13144
   0.11179
   0.11524
   0.05207
   0.03895
   0.12081
   0.17400
   0.17408
   0.18186
   0.18089
   0.17500
   0.12730
   0.05699
   0.01716
   0.04558
   0.03665
   0.03052
   0.01482
   0.01324
   0.01321
   0.01301
   0.01264
   0.20020
   0.01157
   0.03303
   0.02415
   0.08516
   0.01075
   0.00875
   0.00845
   0.00815
   0.36824
   0.00753
   0.00684
   0.42377
   0.70147
   0.00872
   0.46209
   0.00446
   0.11522
   0.00390
   0.15868
   0.13502
   0.00442
   0.00296
   0.00371
   0.00642
   0.06131
   0.03068
   0.04742
   0.00572
   0.00583
   0.18952
   0.00397
   0.00556
   0.00403
   0.00305
   0.05620
   0.22131
   0.27368
   0.24446
   0.27310
   0.22572
   0.26323
   0.20450
   0.24478
   0.18244
   0.25815
   0.21764
   0.13817
   0.11834
   0.10305
   0.09812
   0.06821
   0.05447
   0.00518
   0.00334
   0.00401
   0.00357
   0.00275
   0.00359
   0.00366
   0.00973
   0.00162
   0.00244
   0.01399
   0.00256
   0.00160
   0.00164
   0.00167
   0.00144
   0.00147
   0.00146
   0.00240
   0.00736
   0.00108
   0.00113
   0.12467
   0.00164
   0.00304
   0.00085
   0.00086
   0.00042
   0.00366
   0.00505
   0.00066
   0.00312
   0.00040
   0.00435
   0.00031
   0.00144
   0.06414
   0.02356
   0.01094
   0.00637
   0.01679
   0.00631
   0.00489
   0.01427
   0.01344
   0.00456
   0.00305
   0.01080
   0.01059
   0.00256
   0.01073
   0.00619
   0.00518
   0.01161
   0.00694
   0.00437
   0.01210
   0.00464
   0.00373
   0.00341
   0.01104
   0.00840
   0.00303
   0.00279
   0.00922
   0.00669
   0.00243
   0.00911
   0.00704
   0.00563
   0.00493
   0.00177
   0.00149
   0.00923
   0.00561
   0.00284
   0.00202
   0.00374
   0.00129
   0.00732
   0.00250
   0.00315
   0.00200
   0.00421
   0.00413
   0.00166
   0.00218
   0.00233
   0.00274
   0.00167
   0.00298
   0.00384
   0.00238
   0.00214
   0.00209
   0.00160
   0.00165
   0.00147
   0.00173
   0.00799
   0.00402
   0.00112
   0.00096
   0.00116
   0.00228
   0.00196
   0.00105
   0.00081
   0.00069
   0.00088
   0.00154
   0.00049
   0.00977
   0.00144
   0.00085
   0.00070
   0.00061
   0.00068
   0.00144
   0.00113
   0.01894
   0.00078
   0.00070
   0.00052
   0.00051
   0.00047
   0.00048
   0.00062
   0.00029
   0.00060
   0.00063
   0.00043
   0.00035
   0.00031
   0.00072
   0.00059
   0.03907
   0.00321
   0.00154
   0.00375
   0.00196
   0.00232
   0.00088
   0.00076
   0.00128
   0.00388
   0.00176
   0.00118
   0.00098
   0.00403
   0.00098
   0.00448
   0.00093
   0.00081
   0.00313
   0.00097
   0.00085
   0.00094
   0.00237
   0.00128
   0.00196
   0.04176
   0.04819
   0.03507
   0.01461
   0.02800
   0.00526
   0.06009
   0.00468
   0.05613
   0.00353
   0.01554
   0.00333
   0.00379
   0.01106
   0.00225
   0.00251
   0.00193
   0.00180
   0.00169
   0.00161
   0.00153
   0.00149
   0.00143
   0.00140
   0.00140
   0.00139
   0.25072
   0.20354
   0.18451
   0.17082
   0.15895
   0.14860
   0.13933
   0.13092
   0.12313
   0.11593
   0.10913
   0.10266
   0.09656
   0.09077
   0.08524
   0.08000
   0.07502
   0.07034
   0.06589
   0.06169
   0.05773
   0.05401
   0.05051
   0.04723
   0.04415
   0.04125
   0.03856
   0.03602
   0.03365
   0.03141
   0.02932
   0.02736
   0.02554
   0.02385
   0.02226
   0.02078
   0.01940
   0.01812
   0.01693
   0.01583
   0.01479
   0.01384
   0.01295
   0.01212
   0.01136
   0.01066
   0.01000
   0.00940
   0.00885
   0.00834
   0.00787
   0.00744
   0.00704
   0.00667
   0.00632
   0.00600
   0.00569
   0.00541
   0.00514
   0.00489
   0.00465
   0.00443
   0.00422
   0.00402
   0.00382
   0.00362
   0.00344
   0.00327
   0.00310
   0.00293
   0.00261
   0.00249
   0.00237
   0.00224
   0.00211
   0.00198
   0.00184
   0.00169
   0.00152
   0.00139
   0.00135
   0.00137
   0.00141
   0.00144
   0.00629
   0.00579
   0.00882
   0.00620
   0.00550
   0.00514
   0.00485
   0.00496
   0.00488
   0.00661
   0.00780
   0.00603
   0.00521
   0.00381
   0.00331
   0.00279
   0.00296
   0.00392
   0.00415
   0.00720
   0.00585
   0.00470
   0.00332
   0.00369
   0.00394
   0.00674
   0.00429
   0.00350
   0.00378
   0.00410
   0.00598
   0.00329
   0.00334
   0.00371
   0.00664
   0.00541
   0.00406
   0.00169
   0.00485
   0.00545
   0.00398
   0.00237
   0.00083
   0.00108
   0.00144
   0.00202
   0.00273
   0.00306
   0.00585
   0.00475
   0.00338
   0.00146
   0.00268
   0.00503
   0.00469
   0.00325
   0.00190
   0.00125
   0.00091
   0.00124
   0.00177
   0.00231
   0.00277
   0.00466
   0.00357
   0.00241
   0.00138
   0.00096
   0.00078
   0.00107
   0.00153
   0.00201
   0.00244
   0.00463
   0.00379
   0.00271
   0.00104
   0.00059
   0.00043
   0.00057
   0.00077
   0.00109
   0.00153
   0.00032
   0.00040
   0.00052
   0.00070
   0.00098
   0.00137
   0.00167
   0.00301
   0.00331
   0.00284
   0.00178
   0.00090
   0.00063
   0.00042
   0.00030
   0.00039
   0.00053
   0.00073
   0.00105
   0.00134
   0.00227
   0.00018
   0.00022
   0.00028
   0.00037
   0.00050
   0.00069
   0.00099
   0.00126
   0.00218
   0.00018
   0.00022
   0.00028
   0.00037
   0.00050
   0.00070
   0.00097
   0.00015
   0.00017
   0.00021
   0.00027
   0.00035
   0.00046
   0.00064
   0.00086
   0.00110
   0.00216
   0.00167
   0.00073
   0.00047
   0.00049
   0.00014
   0.00018
   0.00023
   0.00030
   0.00042
   0.00059
   0.00077
   0.00104
   0.00154
   0.00128
   0.00058
   0.00034
   0.00023
   0.00022
   0.00021
   0.00021
   0.00022
   0.00025
   0.00028
   0.00034
   0.00044
   0.00057
   0.00129
   0.00068
   0.00063
   0.00056
   0.00050
   0.00043
   0.00040
   0.00039
   0.00042
   0.00049
   0.00058
   0.00121
   0.00018
   0.00018
   0.00018
   0.00018
   0.00019
   0.00021
   0.00024
   0.00029
   0.00037
   0.00045
   0.00071
   0.00012
   0.00012
   0.00012
   0.00013
   0.00015
   0.00018
   0.00022
   0.00029
   0.00038
   0.00075
   0.00010
   0.00010
   0.00010
   0.00010
   0.00010
   0.00011
   0.00013
   0.00015
   0.00019
   0.00025
   0.00032
   0.00009
   0.00009
   0.00011
   0.00012
   0.00015
   0.00019
   0.00026
   0.00032
   0.00081
   0.00066
   0.00062
   0.00052
   0.00012
   0.00012
   0.00012
   0.00011
   0.00011
   0.00011
   0.00012
   0.00013
   0.00015
   0.00018
   0.00022
   0.00028
   0.00058
   0.00056
   0.00049
   0.00027
   0.00023
   0.00022
   0.00020
   0.00018
   0.00017
   0.00017
   0.00017
   0.00020
   0.00023
   0.00024
   0.00010
   0.00010
   0.00010
   0.00009
   0.00009
   0.00009
   0.00009
   0.00009
   0.00010
   0.00011
   0.00012
   0.00015
   0.00018
   0.00007
   0.00006
   0.00006
   0.00006
   0.00007
   0.00007
   0.00008
   0.00010
   0.00012
   0.00014
   0.00006
   0.00006
   0.00006
   0.00006
   0.00006
   0.00006
   0.00006
   0.00006
   0.00007
   0.00008
   0.00009
   0.00011
   0.00013
   0.00047
   0.00036
   0.00034
   0.00033
   0.00031
   0.00029
   0.00026
   0.00023
   0.00020
   0.00017
   0.00015
   0.00014
   0.00014
   0.00014
   0.00025
   0.00068
   0.00043
   0.00041
   0.00039
   0.00036
   0.00033
   0.00029
   0.00025
   0.00020
   0.00017
   0.00015
   0.00013
   0.00013
   0.00014
   0.00018
   0.00013
   0.00018
   0.00007
   0.00005
   0.00005
   0.00005
   0.00005
   0.00005
   0.00005
   0.00005
   0.00005
   0.00005
   0.00006
   0.00007
   0.00008
   0.00009
   0.00289
   0.00241
   0.00196
   0.00157
   0.00124
   0.00097
   0.00075
   0.00056
   0.00041
   0.00029
   0.00021
   0.00015
   0.00013
   0.00012
   0.00012
   0.00007
   0.00007
   0.00006
   0.00006
   0.00006
   0.00006
   0.00006
   0.00007
   0.00008
   0.00008
   0.00009
   0.00011
   0.00008
   0.00003
   0.00003
   0.00003
   0.00003
   0.00003
   0.00003
   0.00003
   0.00003
   0.00003
   0.00003
   0.00003
   0.00004
   0.00004
   0.00005
   0.00006
   0.00073
   0.00036
   0.00035
   0.00033
   0.00031
   0.00029
   0.00027
   0.00024
   0.00021
   0.00018
   0.00015
   0.00012
   0.00009
   0.00008
   0.00008
   0.00008
   0.00008
   0.00009
   0.00050
   0.00048
   0.00045
   0.00041
   0.00037
   0.00033
   0.00029
   0.00024
   0.00019
   0.00015
   0.00011
   0.00009
   0.00008
   0.00007
   0.00007
   0.00007
   0.00014
   0.00016
   0.00015
   0.00015
   0.00014
   0.00013
   0.00012
   0.00011
   0.00010
   0.00008
   0.00007
   0.00006
   0.00006
   0.00006
   0.00006
   0.00007
   0.00003
   0.00003
   0.00003
   0.00003
   0.00003
   0.00003
   0.00003
   0.00003
   0.00003
   0.00003
   0.00004
   0.00005
   0.00005
   0.00006
   0.00428
   0.00210
   0.00162
   0.00126
   0.00098
   0.00078
   0.00061
   0.00047
   0.00036
   0.00028
   0.00021
   0.00015
   0.00011
   0.00008
   0.00006
   0.00006
   0.00006
   0.00006
   0.00004
   0.00004
   0.00004
   0.00004
   0.00004
   0.00004
   0.00004
   0.00004
   0.00004
   0.00003
   0.00003
   0.00003
   0.00003
   0.00004
   0.00004
   0.00004
   0.00005
   0.00017
   0.00002
   0.00002
   0.00002
   0.00002
   0.00002
   0.00002
   0.00002
   0.00002
   0.00002
   0.00002
   0.00002
   0.00002
   0.00003
   0.00003
   0.00004
   0.00002
   0.00002
   0.00002
   0.00002
   0.00001
   0.00001
   0.00001
   0.00001
   0.00001
   0.00001
   0.00002
   0.00002
   0.00002
   0.00002
   0.00002
   0.00003
   0.00003
   0.00004
   0.00002
   0.00001
   0.00001
   0.00001
   0.00001
   0.00001
   0.00001
   0.00001
   0.00001
   0.00001
   0.00001
   0.00001
   0.00002
   0.00002
   0.00002
   0.00003
   0.00003
   0.00001
   0.00001
   0.00001
   0.00001
