   0.64906
   0.65518
   0.66041
   0.65836
   0.65641
   0.65503
   0.65779
   0.65516
   0.65308
   0.65314
   0.65388
   0.65212
   0.65124
   0.65060
   0.65060
   0.64923
   0.64471
   0.64447
   0.64579
   0.64628
   0.64879
   0.63707
   0.64581
   0.64192
   0.62819
   0.62443
   0.63443
   0.63190
   0.63559
   0.63167
   0.61376
   0.61615
   0.62351
   0.62791
   0.62784
   0.62784
   0.62908
   0.62182
   0.62627
   0.61791
   0.61787
   0.61100
   0.61681
   0.62075
   0.61105
   0.61073
   0.61229
   0.61333
   0.60520
   0.60362
   0.60652
   0.60700
   0.60328
   0.59174
   0.59452
   0.58604
   0.58749
   0.58839
   0.58601
   0.58659
   0.58272
   0.58222
   0.57956
   0.57760
   0.57582
   0.57345
   0.56867
   0.56724
   0.56299
   0.56235
   0.55742
   0.55009
   0.54608
   0.54121
   0.53648
   0.53169
   0.52686
   0.52198
   0.51704
   0.51206
   0.50704
   0.50197
   0.49685
   0.49170
   0.48653
   0.48129
   0.47602
   0.47072
   0.46544
   0.46014
   0.45482
   0.44944
   0.44420
   0.43891
   0.43372
   0.42754
   0.42149
   0.41610
   0.41095
   0.40590
   0.40093
   0.39606
   0.39127
   0.38657
   0.38196
   0.37745
   0.37301
   0.36874
   0.36454
   0.36046
   0.35656
   0.35276
   0.34899
   0.34536
   0.34190
   0.33859
   0.33543
   0.33234
   0.32949
   0.32666
   0.32401
   0.32140
   0.31916
   0.31686
   0.31482
   0.31271
   0.31088
   0.30926
   0.30736
   0.30566
   0.30405
   0.30197
   0.29986
   0.29718
   0.29418
   0.29064
   0.28683
   0.28272
   0.27844
   0.27394
   0.26928
   0.26468
   0.26017
   0.25599
   0.25166
   0.24749
   0.24348
   0.23948
   0.23558
   0.23176
   0.22805
   0.22427
   0.22066
   0.21699
   0.21343
   0.20984
   0.20627
   0.20280
   0.19931
   0.19585
   0.19242
   0.18890
   0.18539
   0.18205
   0.17882
   0.17558
   0.17207
   0.16920
   0.16570
   0.16264
   0.15954
   0.15641
   0.15338
   0.15050
   0.14769
   0.14439
   0.14236
   0.13901
   0.13648
   0.13406
   0.13069
   0.12862
   0.12582
   0.12336
   0.12106
   0.11864
   0.11632
   0.11398
   0.11163
   0.10936
   0.10739
   0.10520
   0.10305
   0.10102
   0.09895
   0.09706
   0.09507
   0.09310
   0.09131
   0.08942
   0.08761
   0.08587
   0.08415
   0.08243
   0.08078
   0.07912
   0.07753
   0.07599
   0.07441
   0.07290
   0.07143
   0.06995
   0.06860
   0.06723
   0.06585
   0.06445
   0.06314
   0.06173
   0.06053
   0.05927
   0.05813
   0.05688
   0.05567
   0.05464
   0.05353
   0.05246
   0.05142
   0.05027
   0.04924
   0.04829
   0.04728
   0.04637
   0.04539
   0.04441
   0.04350
   0.04260
   0.04176
   0.04092
   0.04010
   0.03924
   0.03851
   0.03766
   0.03693
   0.03617
   0.03549
   0.03479
   0.03400
   0.03337
   0.03267
   0.03204
   0.03132
   0.03060
   0.02993
   0.02930
   0.02867
   0.02798
   0.02734
   0.02674
   0.02624
   0.02564
   0.02516
   0.02460
   0.02410
   0.02357
   0.02311
   0.02260
   0.02223
   0.02173
   0.02125
   0.02081
   0.02034
   0.01985
   0.01940
   0.01893
   0.01853
   0.01809
   0.01779
   0.01738
   0.01699
   0.01667
   0.01637
   0.01589
   0.01564
   0.01536
   0.01496
   0.01460
   0.01443
   0.01411
   0.01371
   0.01347
   0.01306
   0.01280
   0.01257
   0.01224
   0.01202
   0.01175
   0.01157
   0.01124
   0.01104
   0.01078
   0.01053
   0.01039
   0.01010
   0.00998
   0.00965
   0.00957
   0.00926
   0.00913
   0.00886
   0.00879
   0.00849
   0.00840
   0.00812
   0.00795
   0.00778
   0.00771
   0.00745
   0.00732
   0.00716
   0.00711
   0.00687
   0.00673
   0.00659
   0.00652
   0.00631
   0.00626
   0.00604
   0.00591
   0.00579
   0.00572
   0.00554
   0.00550
   0.00530
   0.00519
   0.00508
   0.00497
   0.00486
   0.00476
   0.00465
   0.00463
   0.00445
   0.00436
   0.00426
   0.00417
   0.00408
   0.00399
   0.00390
   0.00382
   0.00374
   0.00365
   0.00357
   0.00349
   0.00342
   0.00334
   0.00327
   0.00320
   0.00312
   0.00305
   0.00298
   0.00292
   0.00285
   0.00279
   0.00272
   0.00266
   0.00260
   0.00255
   0.00248
   0.00243
   0.00237
   0.00232
   0.00227
   0.00221
   0.00216
   0.00211
   0.00206
   0.00202
   0.00197
   0.00192
   0.00188
   0.00184
   0.00179
   0.00175
   0.00171
   0.00167
   0.00163
   0.00159
   0.00155
   0.00152
   0.00148
   0.00145
   0.00141
   0.00138
   0.00135
   0.00132
   0.00128
   0.00125
   0.00123
   0.00120
   0.00117
   0.00114
   0.00112
   0.00109
   0.00107
   0.00104
   0.00102
   0.00099
   0.00097
   0.00095
   0.00092
   0.00090
   0.00088
   0.00086
   0.00084
   0.00082
   0.00080
   0.00079
   0.00079
   0.00123
   0.00133
   0.00263
   0.00109
   0.00077
   0.00074
   0.00071
   0.00067
   0.00067
   0.00065
   0.00064
   0.00063
   0.00062
   0.00061
   0.00060
   0.00059
   0.00058
   0.00058
   0.00057
   0.00056
   0.00056
   0.00054
   0.00056
   0.00052
   0.00056
   0.00052
   0.00056
   0.00050
   0.00057
   0.00053
   0.00055
   0.00058
   0.00049
   0.00056
   0.00066
   0.00045
   0.00063
   0.00062
   0.00078
   0.00055
   0.00093
   0.00076
   0.00119
   0.00235
   0.00551
   0.00041
   0.00066
   0.00095
   0.00116
   0.00127
   0.00128
   0.00125
   0.00122
   0.00120
   0.00117
   0.00115
   0.00113
   0.00110
   0.00108
   0.00106
   0.00104
   0.00100
   0.00099
   0.00097
   0.00096
   0.00093
   0.00092
   0.00090
   0.00088
   0.00086
   0.00085
   0.00083
   0.00082
   0.00080
   0.00079
   0.00077
   0.00076
   0.00074
   0.00074
   0.00072
   0.00071
   0.00070
   0.00069
