   0.64111
   0.63963
   0.63875
   0.63736
   0.63577
   0.63388
   0.63237
   0.63162
   0.63039
   0.62958
   0.62887
   0.62831
   0.62770
   0.62735
   0.62685
   0.62661
   0.62619
   0.62584
   0.62546
   0.62517
   0.62509
   0.62445
   0.62406
   0.62402
   0.62323
   0.62263
   0.62248
   0.62202
   0.62186
   0.62143
   0.62278
   0.62693
   0.62108
   0.62069
   0.62542
   0.62264
   0.62255
   0.62139
   0.62013
   0.61817
   0.61717
   0.61442
   0.61256
   0.60970
   0.60814
   0.60542
   0.60213
   0.59849
   0.59474
   0.59085
   0.58697
   0.58292
   0.57980
   0.57846
   0.57213
   0.56532
   0.55853
   0.55249
   0.54754
   0.54369
   0.54057
   0.53750
   0.53389
   0.52866
   0.52159
   0.51253
   0.50343
   0.49273
   0.48342
   0.47316
   0.46346
   0.45434
   0.44589
   0.43803
   0.43069
   0.42375
   0.41708
   0.41065
   0.40446
   0.39845
   0.39260
   0.38689
   0.38129
   0.37578
   0.37036
   0.36500
   0.35970
   0.35446
   0.34925
   0.34409
   0.33896
   0.33386
   0.32878
   0.32372
   0.31865
   0.31359
   0.30852
   0.30343
   0.29834
   0.29321
   0.28804
   0.28286
   0.27767
   0.27245
   0.26757
   0.26226
   0.25729
   0.25204
   0.24674
   0.24143
   0.23614
   0.23084
   0.22556
   0.22029
   0.21509
   0.20987
   0.20472
   0.19964
   0.19465
   0.18973
   0.18495
   0.18028
   0.17574
   0.17133
   0.16706
   0.16295
   0.15899
   0.15521
   0.15160
   0.14812
   0.14487
   0.14175
   0.13883
   0.13607
   0.13345
   0.13097
   0.12863
   0.12635
   0.12419
   0.12203
   0.11993
   0.11779
   0.11563
   0.11341
   0.11105
   0.10860
   0.10599
   0.10327
   0.10038
   0.09727
   0.09409
   0.09070
   0.08731
   0.08375
   0.08016
   0.07650
   0.07289
   0.06930
   0.06578
   0.06234
   0.05903
   0.05587
   0.05290
   0.05010
   0.04752
   0.04514
   0.04297
   0.04097
   0.03915
   0.03748
   0.03596
   0.03454
   0.03324
   0.03200
   0.03086
   0.02976
   0.02869
   0.02764
   0.02659
   0.02556
   0.02455
   0.02355
   0.02263
   0.02165
   0.02068
   0.01971
   0.01878
   0.01787
   0.01701
   0.01618
   0.01539
   0.01465
   0.01396
   0.01331
   0.01271
   0.01217
   0.01167
   0.01134
   0.01088
   0.01060
   0.01037
   0.01042
   0.01030
   0.01050
   0.01031
   0.01122
   0.01183
   0.01296
   0.01480
   0.01770
   0.02192
   0.02809
   0.03317
   0.03641
   0.03558
   0.03058
   0.02239
   0.01201
   0.00898
   0.00604
   0.00509
   0.00786
   0.00988
   0.00643
   0.00422
   0.00254
   0.00280
   0.00285
   0.00236
   0.00333
   0.00899
   0.00788
   0.00495
   0.00227
   0.00187
   0.00386
   0.00395
   0.00200
   0.01002
   0.00312
   0.00236
   0.00253
   0.00275
   0.00229
   0.00250
   0.00227
   0.00236
   0.00222
   0.00220
   0.00222
   0.00258
   0.00313
   0.00204
   0.00306
   0.00184
   0.00189
   0.13219
   0.00135
   0.00133
   0.00140
   0.00142
   0.00068
   0.00157
   0.00082
   0.00071
   0.00183
   0.00146
   0.00113
   0.00152
   0.00098
   0.00138
   0.00089
   0.00129
   0.00098
   0.00128
   0.00093
   0.00125
   0.00111
   0.00118
   0.00111
   0.00109
   0.00111
   0.00092
   0.00100
   0.00048
   0.00077
   0.00106
   0.00105
   0.00106
   0.00070
   0.00094
   0.00091
   0.00083
   0.00079
   0.00074
   0.00069
   0.00043
   0.00045
   0.00251
   0.00051
   0.00079
   0.00077
   0.00077
   0.00077
   0.00077
   0.00077
   0.00077
   0.00076
   0.00071
   0.00067
   0.00062
   0.00069
   0.00061
   0.00051
   0.00050
   0.00057
   0.00037
   0.00050
   0.00045
   0.00044
   0.00041
   0.00039
   0.00036
   0.00033
   0.00028
   0.00029
   0.09613
   0.02363
   0.01336
   0.01121
   0.00999
   0.00974
   0.00946
   0.00921
   0.00898
   0.00873
   0.00848
   0.00821
   0.00793
   0.00760
   0.00730
   0.00702
   0.00675
   0.00648
   0.00622
   0.00597
   0.00573
   0.00550
   0.00528
   0.00507
   0.00486
   0.00465
   0.00446
   0.00426
   0.00407
   0.00389
   0.00372
   0.00355
   0.00339
   0.00323
   0.00308
   0.00294
   0.00280
   0.00267
   0.00255
   0.00243
   0.00231
   0.00221
   0.00211
   0.00202
   0.00193
   0.00185
   0.00177
   0.00170
   0.00164
   0.00158
   0.00151
   0.00145
   0.00138
   0.00130
   0.00123
   0.00115
   0.00108
   0.00102
   0.00097
   0.00092
   0.00088
   0.00084
   0.00080
   0.00076
   0.00072
   0.00068
   0.00064
   0.00061
   0.00057
   0.00053
   0.00050
   0.00046
   0.00043
   0.00040
   0.00037
   0.00034
   0.00031
   0.00028
   0.00026
   0.00024
   0.00022
   0.00020
   0.00019
   0.00018
   0.00016
   0.00016
   0.00015
   0.00014
   0.00014
   0.00013
   0.00012
   0.00109
   0.00021
   0.00572
   0.00280
   0.00189
   0.00144
   0.00119
   0.00101
   0.00088
   0.00081
   0.00075
   0.00065
   0.00060
   0.00058
   0.00057
   0.00054
   0.00051
   0.00049
   0.00047
   0.00046
   0.00050
   0.00047
   0.00042
   0.00040
   0.00342
   0.00038
   0.00112
   0.00040
   0.00036
   0.00034
   0.00033
   0.00032
   0.00033
   0.00032
   0.00154
   0.00042
   0.00044
   0.00044
   0.00044
   0.00044
   0.00043
   0.00042
   0.00042
   0.00041
   0.00040
   0.00040
   0.00040
   0.00039
   0.00039
   0.00039
   0.00039
   0.00038
   0.00037
   0.00036
   0.00034
   0.00032
   0.00031
   0.00030
   0.00029
   0.00029
   0.00029
   0.00029
   0.00263
   0.00027
   0.26739
   0.00030
   0.00028
   0.00027
   0.00026
   0.00025
   0.00025
   0.00024
   0.00023
   0.00021
   0.00020
   0.00019
   0.00018
   0.00018
   0.00018
   0.00018
   0.00017
   0.00025
   0.00016
   0.00018
   0.00022
   0.00034
   0.00020
   0.00016
   0.00019
   0.49851
   0.00015
   0.00014
   0.00014
   0.00014
   0.00014
   0.00015
   0.00015
   0.00015
   0.00016
   0.00016
   0.00016
   0.00017
   0.00017
   0.00017
   0.00017
   0.00017
   0.00017
   0.00017
   0.00016
   0.00016
   0.00016
   0.00016
   0.00016
   0.00016
   0.00016
   0.00016
   0.00016
   0.00016
   0.00015
   0.00015
   0.00014
   0.00013
   0.00012
   0.00012
   0.00011
   0.00011
   0.00011
   0.00011
   0.00011
   0.00012
   0.00041
   0.15619
   0.05634
   0.03050
   0.02445
   0.02134
   0.01892
   0.01701
   0.01564
   0.01501
   0.01496
   0.01526
   0.01596
   0.01669
   0.01750
   0.01797
   0.01798
   0.01820
   0.01862
   0.01939
   0.02054
   0.02185
   0.02294
   0.02385
   0.02400
   0.02359
   0.02256
   0.02095
   0.01904
   0.01727
   0.01557
   0.01405
   0.01276
   0.01167
   0.01074
   0.00997
   0.00928
   0.00873
   0.00827
   0.00788
   0.00759
   0.00739
   0.00722
   0.00715
   0.00710
   0.00697
   0.00671
   0.00635
   0.00600
   0.00565
   0.00529
   0.00496
   0.00464
   0.00437
   0.00411
   0.00390
   0.00370
   0.00352
   0.00336
   0.00320
   0.00307
   0.00293
   0.00280
   0.00268
   0.00256
   0.00244
   0.00234
   0.00224
   0.00214
   0.00205
   0.00196
   0.00187
   0.00179
   0.00172
   0.00165
   0.00158
   0.00152
   0.00145
   0.00140
   0.00134
   0.00128
   0.00122
   0.00117
   0.00111
   0.00106
   0.00101
   0.00096
   0.00092
   0.00087
   0.00083
   0.00081
   0.00084
   0.00080
   0.00073
   0.00067
   0.00063
   0.00059
   0.00056
   0.00053
   0.00052
   0.00083
   0.00197
   0.00066
   0.00054
   0.00054
   0.00054
   0.00055
   0.00054
   0.00054
   0.00052
   0.00051
   0.00049
   0.00047
   0.00045
   0.00043
   0.00042
   0.00042
   0.00042
   0.00042
   0.00041
   0.00040
   0.00040
   0.00040
   0.00039
   0.00037
   0.31830
   0.00036
   0.00044
   0.00045
   0.00046
   0.00046
   0.00036
   0.00022
   0.00020
   0.00020
   0.00020
   0.00021
   0.00021
   0.00021
   0.00020
   0.00018
   0.00017
   0.00017
   0.00016
   0.00016
   0.00016
   0.00016
   0.00016
   0.00016
   0.00016
   0.00016
   0.00017
   0.00017
   0.00017
   0.00016
   0.00016
   0.00016
   0.00015
   0.00014
   0.00013
   0.00012
   0.00011
   0.00011
   0.00010
   0.00009
   0.00009
   0.00010
   0.00009
   0.00009
   0.00008
   0.00008
   0.00008
   0.00017
   0.00012
   0.00010
   0.00010
   0.00009
   0.00009
   0.00009
   0.00009
   0.00009
   0.00009
   0.00009
   0.00009
   0.00009
   0.00009
   0.00010
   0.00010
   0.00010
   0.00011
   0.00011
   0.00012
   0.00013
   0.00013
   0.00014
   0.00014
   0.00014
   0.00013
   0.00012
   0.00012
   0.00011
   0.00011
   0.00011
   0.00011
   0.00012
   0.00012
   0.00012
   0.00012
   0.00012
   0.00012
   0.00012
   0.00012
   0.00011
   0.00011
   0.00010
   0.00009
   0.00009
   0.00008
   0.00008
   0.00007
   0.00007
   0.00007
   0.00007
   0.00007
   0.00007
   0.00007
   0.00007
   0.00053
   0.00007
   0.00007
   0.00011
   0.00007
   0.00007
   0.00007
   0.00007
   0.00007
   0.00007
   0.00008
   0.00008
   0.00008
   0.00009
   0.00009
   0.00010
   0.00010
   0.00010
   0.00011
   0.00010
   0.00010
   0.00009
   0.00009
   0.00008
   0.00008
   0.00008
   0.00008
   0.00008
   0.00008
   0.00009
   0.00009
   0.00009
   0.00009
   0.00008
   0.00008
   0.00008
   0.00007
   0.00007
   0.00006
   0.00006
   0.00005
   0.00005
   0.00005
   0.00005
   0.00005
   0.00005
   0.00005
   0.00005
   0.00005
   0.00005
   0.00006
   1.30239
   0.00004
   0.00005
   0.00005
   0.00005
   0.00005
   0.00005
   0.00005
   0.00005
   0.00005
   0.00005
   0.00005
   0.00005
   0.00005
   0.00005
   0.00005
   0.00005
   0.00005
   0.00005
   0.00005
   0.00005
   0.00005
   0.00004
   0.00004
   0.00004
   0.00004
   0.00004
   0.00004
   0.00004
   0.00004
   0.00004
   0.00004
   0.00004
   0.00004
   0.00005
   0.00005
   0.00005
   0.00005
   0.00006
   0.00006
   0.00006
   0.00006
   0.00006
   0.00006
   0.00006
   0.00006
   0.00006
   0.00005
   0.00005
   0.00005
   0.00005
   0.00005
   0.00005
   0.00005
   0.00005
   0.00005
   0.00005
   0.00005
   0.00005
   0.00005
   0.00004
   0.00004
   0.00004
   0.00004
   0.00003
   0.00003
   0.00003
   0.00003
   0.00003
   0.00003
   0.00003
   0.00003
   0.00003
   0.00005
   0.00004
   0.00005
   0.00005
   0.00005
   0.00005
   0.00005
   0.00005
   0.00005
   0.00005
   0.00005
   0.00005
   0.00005
   0.00005
   0.00005
   0.00004
   0.00004
   0.00004
   0.00004
   0.00004
   0.00004
   0.00004
   0.00004
   0.00004
   0.00004
   0.00004
   0.00004
   0.00004
   0.00004
   0.00004
   0.00004
   0.00004
   0.00004
   0.00004
   0.00004
   0.00004
   0.00004
   0.00004
   0.00004
   0.00004
   0.00004
   0.00005
   0.00005
   0.00005
   0.00005
   0.00005
   0.00005
   0.00006
   0.00005
   0.00005
   0.00005
   0.00005
   0.00004
   0.00004
   0.00004
   0.00004
   0.00004
   0.00004
   0.00004
   0.00004
   0.00004
   0.00004
   0.00004
   0.00004
   0.00004
   0.00004
   0.00003
   0.00003
   0.00003
   0.00003
   0.00003
   0.00003
   0.00003
   0.00003
   0.00003
   0.00003
   0.00003
   0.00005
   0.00004
   0.00004
   0.00004
   0.00004
   0.00004
   0.00004
   0.00004
   0.00004
   0.00004
   0.00004
   0.00004
   0.00004
   0.00004
   0.00004
   0.00004
   0.00004
   0.00004
   0.00004
   0.00004
   0.00004
   0.00004
   0.00004
   0.00004
   0.00004
