   0.69225
   0.68585
   0.68623
   0.68428
   0.68303
   0.68276
   0.68213
   0.68136
   0.68037
   0.67998
   0.67855
   0.67789
   0.67781
   0.67641
   0.67578
   0.67537
   0.67490
   0.67455
   0.67311
   0.67253
   0.67190
   0.67126
   0.67062
   0.66999
   0.66935
   0.66872
   0.66809
   0.66745
   0.66683
   0.66620
   0.66556
   0.66493
   0.66431
   0.66368
   0.66306
   0.66243
   0.66181
   0.66189
   0.66276
   0.66069
   0.65953
   0.65876
   0.65808
   0.65745
   0.65682
   0.65621
   0.65560
   0.65500
   0.65440
   0.65381
   0.65323
   0.65267
   0.65211
   0.65156
   0.65105
   0.65053
   0.65004
   0.64959
   0.64922
   0.64877
   0.64838
   0.64813
   0.64778
   0.64761
   0.64736
   0.64729
   0.64710
   0.64704
   0.64717
   0.64714
   0.64754
   0.64749
   0.64790
   0.64812
   0.64841
   0.64874
   0.64901
   0.64942
   0.64965
   0.64972
   0.64970
   0.64956
   0.64915
   0.64846
   0.64749
   0.64627
   0.64465
   0.64282
   0.64082
   0.63869
   0.63639
   0.63394
   0.63137
   0.62892
   0.62633
   0.62352
   0.62089
   0.61822
   0.61531
   0.61253
   0.60969
   0.60684
   0.60396
   0.60102
   0.59811
   0.59505
   0.59210
   0.58897
   0.58594
   0.58278
   0.57967
   0.57646
   0.57330
   0.57010
   0.56687
   0.56369
   0.56048
   0.55729
   0.55409
   0.55087
   0.54778
   0.54470
   0.54161
   0.53852
   0.53552
   0.53242
   0.52943
   0.52650
   0.52355
   0.52061
   0.51770
   0.51478
   0.51191
   0.50905
   0.50620
   0.50337
   0.50057
   0.49779
   0.49501
   0.49226
   0.48951
   0.48679
   0.48409
   0.48141
   0.47875
   0.47611
   0.47348
   0.47089
   0.46831
   0.46898
   0.47474
   0.47278
   0.46791
   0.46280
   0.45809
   0.45396
   0.45037
   0.44716
   0.44426
   0.44159
   0.43908
   0.43673
   0.43449
   0.43237
   0.43037
   0.42852
   0.42674
   0.42504
   0.42347
   0.42197
   0.42056
   0.41925
   0.41805
   0.41692
   0.41586
   0.41482
   0.41389
   0.41299
   0.41208
   0.41118
   0.41024
   0.40923
   0.40806
   0.40679
   0.40535
   0.40377
   0.40204
   0.40006
   0.39804
   0.39587
   0.39359
   0.39117
   0.38872
   0.38626
   0.38375
   0.38121
   0.37860
   0.37606
   0.37349
   0.37092
   0.36837
   0.36580
   0.36325
   0.36071
   0.35818
   0.35561
   0.35309
   0.35057
   0.34806
   0.34557
   0.34304
   0.34056
   0.33802
   0.33553
   0.33282
   0.33056
   0.32804
   0.32553
   0.32304
   0.32062
   0.31807
   0.31565
   0.31311
   0.31081
   0.30797
   0.30593
   0.30322
   0.30103
   0.29829
   0.29622
   0.29349
   0.29118
   0.28880
   0.28630
   0.28398
   0.28153
   0.27925
   0.27687
   0.27452
   0.27218
   0.26981
   0.26756
   0.26513
   0.26291
   0.26051
   0.25826
   0.25592
   0.25369
   0.25134
   0.24914
   0.24685
   0.24465
   0.24239
   0.24020
   0.23791
   0.23582
   0.23356
   0.23140
   0.22924
   0.22707
   0.22495
   0.22277
   0.22073
   0.21856
   0.21652
   0.21438
   0.21234
   0.21024
   0.20820
   0.20615
   0.20408
   0.20209
   0.20004
   0.19809
   0.19607
   0.19409
   0.19210
   0.19014
   0.18820
   0.18624
   0.18431
   0.18242
   0.18048
   0.17860
   0.17671
   0.17482
   0.17294
   0.17110
   0.16924
   0.16741
   0.16558
   0.16375
   0.16194
   0.16015
   0.15834
   0.15655
   0.15479
   0.15302
   0.15130
   0.14949
   0.14781
   0.14606
   0.14439
   0.14266
   0.14097
   0.13926
   0.13761
   0.13595
   0.13430
   0.13265
   0.13102
   0.12939
   0.12777
   0.12618
   0.12457
   0.12300
   0.12141
   0.11985
   0.11830
   0.11674
   0.11519
   0.11365
   0.11219
   0.11067
   0.10917
   0.10771
   0.10621
   0.10477
   0.10323
   0.10184
   0.10043
   0.09903
   0.09760
   0.09620
   0.09483
   0.09341
   0.09208
   0.09069
   0.08940
   0.08806
   0.08672
   0.08543
   0.08412
   0.08280
   0.08153
   0.08027
   0.07900
   0.07780
   0.07658
   0.07534
   0.07417
   0.07297
   0.07183
   0.07066
   0.06954
   0.06833
   0.06726
   0.06607
   0.06505
   0.06395
   0.06292
   0.06183
   0.06086
   0.05976
   0.05883
   0.05780
   0.05682
   0.05583
   0.05489
   0.05397
   0.05307
   0.05216
   0.05129
   0.05043
   0.04957
   0.04874
   0.04793
   0.04712
   0.04636
   0.04559
   0.04485
   0.04413
   0.04341
   0.04271
   0.04204
   0.04137
   0.04074
   0.04010
   0.03948
   0.03889
   0.03831
   0.03774
   0.03719
   0.03665
   0.03612
   0.03561
   0.03511
   0.03463
   0.03415
   0.03369
   0.03323
   0.03280
   0.03236
   0.03194
   0.03153
   0.03113
   0.03073
   0.03035
   0.02997
   0.02960
   0.02924
   0.02889
   0.02854
   0.02820
   0.02787
   0.02755
   0.02723
   0.02692
   0.02662
   0.02633
   0.02605
   0.02577
   0.02551
   0.02526
   0.02500
   0.02477
   0.02455
   0.02433
   0.02412
   0.02394
   0.02376
   0.02360
   0.02346
   0.02332
   0.02322
   0.02313
   0.02306
   0.02300
   0.02299
   0.02299
   0.02302
   0.02309
   0.02320
   0.02333
   0.02351
   0.02374
   0.02402
   0.02434
   0.02474
   0.02519
   0.02572
   0.02630
   0.02703
   0.02778
   0.02874
   0.02974
   0.03086
   0.03225
   0.03370
   0.03540
   0.03734
   0.03954
   0.04209
   0.04497
   0.04833
   0.05220
   0.05645
   0.06028
   0.05928
   0.04479
   0.02160
   0.01222
   0.01306
   0.01186
   0.01221
   0.01180
   0.01189
   0.01166
   0.01165
   0.01149
   0.01144
   0.01132
   0.01123
   0.01113
   0.01104
   0.01095
   0.01085
   0.01075
   0.01067
   0.01058
   0.01048
   0.01039
   0.01030
   0.01021
   0.01012
   0.01003
   0.00994
   0.00985
   0.00977
   0.00968
   0.00959
   0.00950
   0.00942
   0.00933
   0.00925
   0.00916
   0.00908
   0.00900
   0.00891
   0.00883
   0.00875
   0.00867
   0.00859
   0.00851
   0.00842
   0.00834
   0.00827
   0.00819
   0.00811
   0.00803
   0.00795
   0.00788
   0.00780
   0.00772
   0.00765
   0.00757
   0.00750
   0.00742
   0.00735
   0.00728
   0.00721
   0.00713
   0.00706
   0.00699
   0.00692
   0.00685
   0.00678
   0.00671
   0.00664
   0.00657
   0.00650
   0.00644
   0.00637
   0.00630
   0.00624
   0.00617
   0.00611
   0.00604
   0.00598
   0.00591
   0.00585
   0.00579
   0.00572
   0.00566
   0.00560
   0.00554
   0.00548
   0.00542
   0.00536
   0.00530
   0.00525
   0.00519
   0.00513
   0.00507
   0.00502
   0.00496
   0.00491
   0.00485
   0.00480
   0.00474
   0.00469
   0.00464
   0.00459
   0.00453
   0.00448
   0.00443
   0.00438
   0.00433
   0.00428
   0.00424
   0.00419
   0.00414
   0.00409
   0.00405
   0.00400
   0.00396
   0.00391
   0.00387
   0.00382
   0.00378
   0.00374
   0.00369
   0.00365
   0.00361
   0.00357
   0.00353
   0.00349
   0.00345
   0.00341
   0.00337
   0.00333
   0.00329
   0.00326
   0.00322
   0.00318
   0.00315
   0.00311
   0.00308
   0.00304
   0.00301
   0.00297
   0.00294
   0.00291
   0.00287
   0.00284
   0.00281
   0.00278
   0.00275
   0.00272
   0.00269
   0.00265
   0.00262
   0.00259
   0.00257
   0.00254
   0.00251
   0.00248
   0.00245
   0.00243
   0.00240
   0.00237
   0.00234
   0.00232
   0.00229
   0.00227
   0.00224
   0.00222
   0.00219
   0.00217
   0.00214
   0.00212
   0.00210
   0.00207
   0.00205
   0.00203
   0.00201
   0.00198
   0.00196
   0.00194
   0.00192
   0.00190
   0.00188
   0.00186
   0.00184
   0.00182
   0.00180
   0.00178
   0.00176
   0.00174
   0.00172
   0.00170
   0.00168
   0.00166
   0.00165
   0.00163
   0.00161
   0.00159
   0.00157
   0.00156
   0.00154
   0.00152
   0.00151
   0.00149
   0.00148
   0.00146
   0.00144
   0.00143
   0.00141
   0.00140
   0.00138
   0.00137
   0.00135
   0.00134
   0.00132
   0.00131
   0.00129
   0.00128
   0.00126
   0.00125
   0.00124
   0.00123
   0.00121
   0.00120
   0.00119
   0.00117
   0.00116
   0.00115
   0.00113
   0.00112
   0.00111
   0.00110
   0.00108
   0.00107
   0.00106
   0.00105
   0.00104
   0.00103
   0.00102
   0.00100
   0.00099
   0.00098
   0.00097
   0.00096
   0.00095
   0.00094
   0.00093
   0.00092
   0.00091
   0.00090
   0.00089
   0.00088
   0.00087
   0.00086
   0.00085
   0.00084
   0.00083
   0.00082
   0.00081
   0.00080
   0.00079
   0.00079
   0.00078
   0.00077
   0.00076
   0.00075
   0.00074
   0.00074
   0.00073
   0.00072
   0.00071
   0.00070
   0.00070
   0.00069
   0.00068
   0.00067
   0.00067
   0.00066
   0.00065
   0.00064
   0.00064
   0.00063
   0.00062
   0.00062
   0.00061
   0.00060
   0.00060
   0.00059
   0.00058
   0.00058
   0.00057
   0.00056
   0.00056
   0.00055
   0.00055
   0.00054
   0.00053
   0.00053
   0.00052
   0.00052
   0.00051
   0.00051
   0.00050
   0.00050
   0.00049
   0.00048
   0.00048
   0.00047
   0.00047
   0.00046
   0.00046
   0.00045
   0.00045
   0.00044
   0.00044
   0.00043
   0.00043
   0.00043
   0.00042
   0.00042
   0.00041
   0.00041
   0.00040
   0.00040
   0.00040
   0.00039
   0.00039
   0.00038
   0.00038
   0.00037
   0.00037
   0.00037
   0.00036
   0.00036
   0.00035
   0.00035
   0.00035
   0.00034
   0.00034
   0.00034
   0.00033
   0.00033
   0.00032
   0.00032
   0.00032
   0.00031
   0.00031
   0.00031
   0.00030
   0.00030
   0.00030
   0.00029
   0.00029
   0.00029
   0.00028
   0.00028
   0.00028
   0.00028
   0.00027
   0.00027
   0.00027
   0.00026
   0.00026
   0.00026
   0.00026
   0.00025
   0.00025
   0.00025
   0.00025
   0.00024
   0.00024
   0.00024
   0.00024
   0.00023
   0.00023
   0.00023
   0.00023
   0.00022
   0.00022
   0.00022
   0.00022
   0.00021
   0.00021
   0.00021
   0.00021
   0.00021
   0.00020
   0.00020
   0.00020
   0.00020
   0.00020
   0.00019
   0.00019
   0.00019
   0.00019
   0.00019
   0.00018
   0.00018
   0.00018
   0.00018
   0.00018
   0.00017
   0.00017
   0.00017
   0.00017
   0.00017
   0.00016
   0.00016
   0.00016
   0.00016
   0.00016
   0.00016
   0.00015
   0.00015
   0.00015
   0.00015
   0.00015
   0.00015
   0.00015
   0.00014
   0.00014
   0.00014
   0.00014
   0.00014
   0.00014
   0.00014
   0.00013
   0.00013
   0.00013
   0.00013
   0.00013
   0.00013
   0.00013
   0.00012
   0.00012
   0.00012
   0.00012
   0.00012
   0.00012
   0.00012
   0.00012
   0.00012
   0.00011
   0.00011
   0.00011
   0.00011
   0.00011
   0.00011
   0.00011
   0.00011
   0.00011
   0.00010
   0.00010
   0.00010
   0.00010
   0.00010
   0.00010
   0.00010
   0.00010
   0.00010
   0.00009
   0.00009
   0.00009
   0.00009
   0.00009
   0.00009
   0.00009
   0.00009
   0.00009
   0.00009
   0.00009
   0.00008
   0.00008
   0.00008
   0.00008
   0.00008
   0.00008
   0.00008
   0.00008
   0.00008
   0.00008
   0.00008
   0.00008
   0.00008
   0.00007
   0.00007
   0.00007
   0.00007
   0.00007
   0.00007
   0.00007
   0.00007
   0.00007
   0.00007
   0.00007
   0.00007
   0.00007
   0.00007
   0.00006
   0.00006
   0.00006
   0.00006
   0.00006
   0.00006
   0.00006
   0.00006
   0.00006
   0.00006
   0.00006
   0.00006
   0.00006
   0.00006
   0.00006
   0.00006
   0.00006
   0.00005
   0.00005
   0.00005
   0.00005
   0.00005
   0.00005
   0.00005
   0.00005
   0.00005
   0.00005
   0.00005
   0.00005
   0.00005
   0.00005
   0.00005
   0.00005
