   0.71309
   0.71840
   0.71862
   0.72732
   0.73099
   0.73247
   0.73367
   0.73531
   0.73566
   0.73593
   0.73582
   0.73635
   0.73673
   0.73680
   0.73630
   0.73266
   0.73706
   0.73674
   0.73702
   0.73612
   0.73598
   0.73471
   0.73271
   0.73152
   0.72976
   0.72738
   0.72505
   0.72263
   0.71556
   0.71999
   0.71487
   0.71715
   0.71812
   0.71914
   0.72070
   0.72281
   0.72578
   0.72946
   0.73372
   0.73826
   0.74295
   0.74780
   0.75303
   0.76214
   0.76965
   0.77843
   0.78842
   0.79933
   0.81218
   0.82568
   0.83860
   0.85082
   0.86474
   0.87707
   0.89105
   0.90380
   0.91652
   0.92858
   0.94350
   0.95394
   0.96476
   0.97770
   0.98803
   0.99678
   1.00807
   1.01665
   1.02743
   1.03820
   1.04747
   1.05623
   1.06639
   1.07463
   1.08260
   1.09049
   1.09311
   1.09836
   1.10448
   1.11037
   1.11563
   1.11997
   1.12327
   1.12546
   1.12636
   1.12581
   1.12374
   1.11975
   1.11401
   1.10657
   1.09712
   1.08471
   1.07082
   1.05478
   1.03705
   1.01657
   0.99416
   0.96942
   0.94373
   0.91610
   0.88631
   0.85555
   0.82388
   0.79123
   0.75809
   0.72309
   0.68818
   0.65306
   0.61767
   0.58202
   0.54669
   0.51180
   0.47782
   0.44496
   0.41390
   0.38507
   0.35907
   0.33729
   0.31937
   0.30553
   0.29595
   0.28933
   0.28468
   0.28084
   0.27655
   0.27059
   0.26298
   0.25327
   0.24360
   0.23408
   0.22722
   0.22537
   0.23050
   0.24430
   0.26677
   0.29340
   0.32720
   0.36246
   0.38415
   0.39825
   0.40520
   0.40341
   0.39447
   0.38088
   0.37102
   0.35647
   0.36260
   0.28221
   0.25311
   0.37306
   0.33365
   0.33029
   0.25966
   0.31313
   0.30451
   0.19927
   0.17128
   0.23540
   0.19895
   0.19371
   0.00849
   0.18446
   0.14029
   0.11870
   0.01252
   0.00572
   0.00734
   0.00641
   0.12188
   0.00678
   0.00412
   0.00485
   0.00549
   0.02764
   0.07423
   0.02847
   0.00322
   0.00266
   0.00295
   0.00361
   0.04803
   0.01598
   0.00234
   0.03732
   0.00232
   0.04901
   0.00893
   0.00892
   0.00946
   0.00988
   0.00961
   0.00876
   0.00912
   0.00815
   0.00569
   0.00746
   0.00833
   0.00788
   0.00867
   0.00734
   0.00563
   0.00608
   0.00535
   0.00394
   0.00597
   0.00253
   0.00312
   0.00480
   0.00359
   0.00329
   0.00459
   0.00165
   0.00310
   0.00282
   0.00198
   0.00234
   0.00113
   0.06123
   0.05142
   0.05284
   0.05431
   0.05498
   0.05584
   0.05675
   0.05742
   0.05774
   0.05728
   0.05540
   0.05252
   0.05064
   0.04788
   0.04552
   0.04351
   0.04352
   0.00858
   0.02809
   0.03337
   0.03570
   0.00785
   0.00874
   0.00574
   0.00590
   0.00588
   0.00581
   0.00570
   0.00543
   0.00498
   0.00447
   0.00403
   0.00370
   0.00350
   0.00341
   0.00316
   0.00238
   0.01275
   0.00214
   0.00260
   0.00228
   0.00194
   0.01518
   0.00200
   0.01875
   0.00206
   0.00216
   0.00296
   0.00184
   0.00296
   0.00148
   0.00148
   0.00137
   0.00181
   0.00156
   0.01441
   0.01421
   0.00111
   0.00313
   0.00295
   0.00257
   0.00227
   0.00219
   0.00187
   0.00169
   0.00224
   0.00374
   0.00206
   0.00217
   0.00190
   0.00103
   0.00099
   0.00096
   0.00147
   0.00090
   0.00086
   0.00169
   0.00154
   0.00159
   0.00128
   0.00150
   0.00210
   0.00132
   0.00101
   0.00137
   0.00160
   0.00176
   0.00133
   0.00073
   0.00105
   0.00121
   0.00147
   0.00069
   0.00125
   0.00130
   0.00056
   0.00074
   0.00090
   0.00085
   0.00080
   0.00079
   0.01603
   0.00064
   0.00062
   0.00063
   0.00065
   0.00060
   0.00068
   0.00082
   0.00107
   0.00089
   0.00078
   0.00075
   0.00064
   0.00343
   0.00285
   0.00222
   0.00169
   0.00129
   0.00103
   0.00086
   0.00081
   0.00065
   0.00076
   0.00070
   0.00063
   0.00058
   0.00055
   0.00160
   0.00137
   0.00115
   0.00095
   0.00081
   0.00071
   0.00062
   0.00058
   0.00051
   0.00091
   0.00047
   0.00066
   0.00059
   0.00053
   0.00046
   0.00042
   0.00041
   0.00039
   0.00054
   0.00047
   0.00041
   0.00038
   0.00037
   0.00036
   0.00039
   0.00391
   0.00044
   0.00038
   0.00034
   0.00032
   0.00031
   0.00034
   0.00836
   0.00045
   0.00039
   0.00034
   0.00031
   0.00030
   0.00028
   0.00035
   0.00323
   0.00092
   0.00086
   0.00076
   0.00065
   0.00054
   0.00046
   0.00040
   0.00037
   0.00037
   0.00291
   0.00043
   0.00031
   0.00063
   0.00059
   0.00053
   0.00045
   0.00039
   0.00035
   0.00032
   0.00029
   0.00045
   0.00033
   0.00044
   0.00043
   0.00041
   0.00036
   0.00031
   0.00026
   0.00023
   0.00021
   0.00027
   0.00197
   0.00019
   0.00020
   0.00380
   0.00300
   0.00236
   0.00179
   0.00133
   0.00094
   0.00066
   0.00048
   0.00046
   0.23494
   0.00058
   0.00052
   0.00044
   0.00038
   0.00032
   0.00028
   0.00025
   0.00026
   0.00348
   0.00032
   0.00032
   0.00030
   0.00026
   0.00022
   0.00019
   0.00017
   0.00016
   0.00021
   0.01518
   0.00020
   0.00027
   0.00027
   0.00026
   0.00024
   0.00020
   0.00017
   0.00014
   0.00012
   0.00013
   0.00027
   0.00016
   0.00031
   0.00030
   0.00029
   0.00026
   0.00023
   0.00020
   0.00018
   0.00016
   0.00015
   0.00016
   0.02916
   0.00025
   0.00026
   0.00026
   0.00026
   0.00025
   0.00023
   0.00020
   0.00017
   0.00014
   0.00012
   0.00014
   0.00014
   0.00014
   0.00015
   0.00012
   0.00009
   0.00018
   0.00019
   0.00018
   0.00017
   0.00015
   0.00013
   0.00011
   0.00010
   0.00009
   0.00013
   0.00272
   0.00017
   0.00017
   0.00017
   0.00016
   0.00014
   0.00012
   0.00010
   0.00008
   0.00008
   0.00012
   0.02249
   0.00016
   0.00016
   0.00017
   0.00017
   0.00016
   0.00014
   0.00012
   0.00010
   0.00008
   0.00008
   0.00009
   0.00266
   0.00017
   0.00018
   0.00018
   0.00018
   0.00018
   0.00017
   0.00015
   0.00013
   0.00011
   0.00009
   0.00008
   0.00011
   0.00316
   0.00027
   0.00027
   0.00027
   0.00027
   0.00026
   0.00024
   0.00021
   0.00017
   0.00014
   0.00012
   0.00009
   0.00008
   0.00010
   0.00009
   0.00016
   0.00015
   0.00013
   0.00010
   0.00008
   0.00007
   0.00006
   0.01132
   0.01262
   0.00018
   0.00018
   0.00018
   0.00017
   0.00017
   0.00016
   0.00014
   0.00012
   0.00011
   0.00009
   0.00007
   0.00007
   0.00007
   0.00008
   0.00006
   0.00030
   0.00029
   0.00029
   0.00028
   0.00027
   0.00026
   0.00023
   0.00021
   0.00018
   0.00015
   0.00012
   0.00010
   0.00008
   0.00008
   0.00387
   0.00714
   0.00559
   0.00431
   0.00321
   0.00233
   0.00161
   0.00106
   0.00071
   0.00052
   0.00036
   0.00021
   0.00017
   0.00014
   0.00062
   0.00060
   0.00059
   0.00057
   0.00053
   0.00047
   0.00040
   0.00034
   0.00027
   0.00022
   0.00015
   0.00013
   0.00012
   0.01242
   0.00028
   0.00029
   0.00030
   0.00030
   0.00028
   0.00024
   0.00021
   0.00017
   0.00014
   0.00011
   0.02653
   0.00025
   0.00026
   0.00027
   0.00028
   0.00027
   0.00025
   0.00022
   0.00018
   0.00015
   0.00012
   0.00008
   0.00008
   0.00009
   0.00028
   0.00029
   0.00030
   0.00030
   0.00030
   0.00028
   0.00025
   0.00021
   0.00018
   0.00014
   0.00011
   0.00008
   0.00008
   0.00008
   0.00031
   0.00031
   0.00032
   0.00033
   0.00033
   0.00031
   0.00028
   0.00024
   0.00020
   0.00016
   0.00013
   0.00008
   0.00010
   0.00009
   0.00009
   0.00133
   0.00127
   0.00118
   0.00109
   0.00097
   0.00085
   0.00069
   0.00053
   0.00040
   0.00031
   0.00023
   0.00018
   0.00014
   0.01250
   0.00026
   0.00027
   0.00028
   0.00029
   0.00030
   0.00029
   0.00027
   0.00024
   0.00020
   0.00016
   0.00012
   0.00011
   0.00008
   0.00025
   0.00026
   0.00027
   0.00028
   0.00029
   0.00027
   0.00024
   0.00021
   0.00017
   0.00013
   0.00011
   0.00006
   0.00009
   0.00031
   0.00032
   0.00033
   0.00033
   0.00033
   0.00031
   0.00027
   0.00022
   0.00018
   0.00014
   0.00012
   0.92066
   0.00019
   0.00019
   0.00020
   0.00021
   0.00021
   0.00021
   0.00019
   0.00016
   0.00013
   0.00011
   0.00009
   0.00008
   0.00013
   0.00016
   0.00017
   0.00017
   0.00018
   0.00019
   0.00020
   0.00019
   0.00018
   0.00016
   0.00013
   0.00011
   0.00009
   0.00007
   0.00146
   0.00015
   0.00016
   0.00017
   0.00017
   0.00017
   0.00015
   0.00013
   0.00011
   0.00009
   0.00007
   5.13455
   0.00011
   0.00011
   0.00011
   0.00011
   0.00010
   0.00009
   0.00008
   0.00007
   0.00006
   0.00005
   0.00008
   0.00018
   0.00019
   0.00019
   0.00019
   0.00019
   0.00019
   0.00018
   0.00018
   0.00016
   0.00015
   0.00013
   0.00011
   0.00009
   0.00007
   0.00005
   0.00008
   0.00094
   0.00090
   0.00085
   0.00080
   0.00073
   0.00065
   0.00056
   0.00047
   0.00038
   0.00029
   0.00022
   0.00016
   0.00012
   0.00009
   0.00050
   0.00011
   0.00012
   0.00012
   0.00013
   0.00013
   0.00013
   0.00013
   0.00012
   0.00011
   0.00010
   0.00008
   0.00007
   9.98766
   0.00485
   0.00393
   0.00317
   0.00252
   0.00198
   0.00152
   0.00116
   0.00087
   0.00065
   0.00045
   0.00031
   0.00022
   0.00016
   0.00012
   1.02235
   0.00022
   0.00021
   0.00021
   0.00020
   0.00019
   0.00017
   0.00016
   0.00013
   0.00011
   0.00010
   0.00008
   0.00006
   0.00020
   0.00128
   0.00005
   0.00007
   0.00008
   0.00008
   0.00008
   0.00008
   0.00008
   0.00008
   0.00008
   0.00008
   0.00007
   0.00007
   0.00006
   0.00005
   0.00004
   0.00004
   0.00102
   0.00006
   0.00007
   0.00007
   0.00007
   0.00007
   0.00007
   0.00007
   0.00007
   0.00007
   0.00007
   0.00007
   0.00006
   0.00005
   0.00004
   0.00004
   0.00003
   0.00038
   0.00003
   5.42824
   0.00006
   0.00006
   0.00006
   0.00006
   0.00006
   0.00005
   0.00005
   0.00005
   0.00004
   0.00004
   0.00003
   0.00003
   0.00002
   0.00003
   0.00002
   0.00005
   0.00005
   0.00005
   0.00005
   0.00005
   0.00005
   0.00005
   0.00004
   0.00004
   0.00004
   0.00003
   0.00003
   0.00003
   0.00002
   0.00002
   0.00002
   0.00002
   0.01212
   0.00008
   0.00009
   0.00009
   0.00008
   0.00008
   0.00008
   0.00008
   0.00007
   0.00007
   0.00006
   0.00005
   0.00005
   0.00004
   0.00003
   0.00002
   0.00003
   0.00014
   0.00014
   0.00013
   0.00013
   0.00012
   0.00012
   0.00011
   0.00010
   0.00009
   0.00007
   0.00006
   0.00005
   0.00004
   0.00003
   0.00002
   0.00002
   0.00002
   0.00002
   0.00002
   0.00002
   0.00002
   0.00002
   0.00002
   0.00002
   0.00002
   0.00002
   0.00002
   0.00002
   0.00002
   0.00002
   0.00002
   0.00001
   0.00001
   0.00002
   0.00001
   0.00016
   0.00016
   0.00015
   0.00015
   0.00014
   0.00014
   0.00013
   0.00012
   0.00011
   0.00010
   0.00009
   0.00008
   0.00006
   0.00005
   0.00004
   0.00003
   0.00002
   0.00002
   0.00001
   0.00002
   0.00002
   0.00002
   0.00002
   0.00002
   0.00002
   0.00002
   0.00002
   0.00002
   0.00002
   0.00002
   0.00002
   0.00002
   0.00002
   0.00001
   0.00001
   0.00001
   0.00001
   0.00007
   0.00006
   0.00006
