   0.80010
   0.81325
   0.81246
   0.80999
   0.80645
   0.80149
   0.79785
   0.79959
   0.79436
   0.78654
   0.78281
   0.77920
   0.77559
   0.77361
   0.76955
   0.76721
   0.76433
   0.76273
   0.76214
   0.75983
   0.75960
   0.75751
   0.75730
   0.75706
   0.75665
   0.75735
   0.75805
   0.75793
   0.75625
   0.75889
   0.76022
   0.76032
   0.75968
   0.75922
   0.75753
   0.75592
   0.74727
   0.75053
   0.69757
   0.69221
   0.71169
   0.72011
   0.71572
   0.70969
   0.70193
   0.69430
   0.68579
   0.67714
   0.66830
   0.65919
   0.65157
   0.64496
   0.63904
   0.63351
   0.62788
   0.62143
   0.61404
   0.60598
   0.59399
   0.58179
   0.57337
   0.56632
   0.56027
   0.55456
   0.54738
   0.53890
   0.53030
   0.52169
   0.51316
   0.50499
   0.49771
   0.49076
   0.48461
   0.47898
   0.47361
   0.46828
   0.46283
   0.45682
   0.45006
   0.44251
   0.43425
   0.42605
   0.41687
   0.40780
   0.39887
   0.39042
   0.38233
   0.37467
   0.36748
   0.36055
   0.35399
   0.34770
   0.34161
   0.33579
   0.33021
   0.32482
   0.31965
   0.31470
   0.30985
   0.30529
   0.30082
   0.29671
   0.29256
   0.28854
   0.28465
   0.28103
   0.27760
   0.27441
   0.27094
   0.26818
   0.26519
   0.26247
   0.25954
   0.25693
   0.25428
   0.25180
   0.24880
   0.24760
   0.24508
   0.24259
   0.24031
   0.23863
   0.23617
   0.23360
   0.23193
   0.22924
   0.22696
   0.22451
   0.22216
   0.21972
   0.21704
   0.21389
   0.21231
   0.20971
   0.20700
   0.20446
   0.20156
   0.19890
   0.19623
   0.19285
   0.18993
   0.18692
   0.18405
   0.18122
   0.17773
   0.17470
   0.17158
   0.16841
   0.16535
   0.16269
   0.15980
   0.15639
   0.15332
   0.14974
   0.14797
   0.14563
   0.14232
   0.13985
   0.13688
   0.13408
   0.13113
   0.12967
   0.12669
   0.12574
   0.12432
   0.12105
   0.12063
   0.11771
   0.11779
   0.11395
   0.11492
   0.11138
   0.11302
   0.10955
   0.11161
   0.10887
   0.10896
   0.10809
   0.10997
   0.10837
   0.10907
   0.10897
   0.10902
   0.10884
   0.10866
   0.10802
   0.10757
   0.10488
   0.10459
   0.10001
   0.09909
   0.09275
   0.09109
   0.07965
   0.08146
   0.07064
   0.07382
   0.05152
   0.07608
   0.02753
   0.04401
   0.03838
   0.03117
   0.01262
   0.01309
   0.01334
   0.02485
   0.01094
   0.02150
   0.01033
   0.02221
   0.00977
   0.02274
   0.00947
   0.01934
   0.00887
   0.02644
   0.00860
   0.01857
   0.00893
   0.01062
   0.00860
   0.01260
   0.01093
   0.01104
   0.00711
   0.01228
   0.01719
   0.15609
   0.01252
   0.01297
   0.01953
   0.03353
   0.01548
   0.01744
   0.03365
   0.03482
   0.11422
   0.01265
   0.01040
   0.00959
   0.00898
   0.00769
   0.00661
   0.00620
   0.00602
   0.00593
   0.00585
   0.00577
   0.00568
   0.00559
   0.00550
   0.00542
   0.00533
   0.00525
   0.00517
   0.00508
   0.00501
   0.00492
   0.00484
   0.00476
   0.00468
   0.00460
   0.00452
   0.00444
   0.00436
   0.00428
   0.00421
   0.00413
   0.00406
   0.00418
   0.01218
   0.00777
   0.01580
   0.00730
   0.01342
   0.01073
   0.01888
   0.00700
   0.00288
   0.01010
   0.04710
   0.05942
   0.01569
   0.01349
   0.05607
   0.00622
   0.08016
   0.00526
   0.00278
   0.00261
   0.00255
   0.00248
   0.00243
   0.00238
   0.00233
   0.00230
   0.00228
   0.00225
   0.00223
   0.00220
   0.00218
   0.00214
   0.00210
   0.00207
   0.00203
   0.00199
   0.00194
   0.00191
   0.00187
   0.00183
   0.00179
   0.00175
   0.00172
   0.00168
   0.00165
   0.00161
   0.00158
   0.00155
   0.00151
   0.00148
   0.00145
   0.00142
   0.00140
   0.00137
   0.00134
   0.00131
   0.00129
   0.00126
   0.00124
   0.00121
   0.00119
   0.00116
   0.00114
   0.00111
   0.00109
   0.00106
   0.00104
   0.00102
   0.00099
   0.00097
   0.00095
   0.00093
   0.00091
   0.00088
   0.00086
   0.00084
   0.00082
   0.00081
   0.00099
   0.00383
   0.00370
   0.00363
   0.00338
   0.00308
   0.00229
   0.00162
   0.00139
   0.00121
   0.00066
   0.00125
   0.00057
   0.00099
   0.00057
   0.00260
   0.00629
   0.00194
   0.00671
   0.00478
   0.00627
   0.00185
   0.00199
   0.00181
   0.00133
   0.00061
   0.00094
   0.00159
   0.00168
   0.00060
   0.00920
   0.00121
   0.00194
   0.00174
   0.00284
   0.00048
   0.00337
   0.00345
   0.00107
   0.01065
   0.00124
   0.00074
   0.00082
   0.00077
   0.00078
   0.00077
   0.00077
   0.00078
   0.00081
   0.00091
   0.00169
   1.89663
   0.03332
   0.00638
   0.01008
   0.00668
   0.00833
   0.00786
   0.00774
   0.00685
   0.00629
   0.00528
   0.00523
   0.00407
   0.00397
   0.00313
   0.00328
   0.00260
   0.00299
   0.00245
   0.00268
   0.00241
   0.00239
   0.00238
   0.00240
   0.00257
   0.00416
   0.00369
   0.00200
   0.00227
   0.00665
   0.00395
   0.00183
   0.00770
   0.00369
   0.00181
   0.00448
   0.00219
   0.00312
   0.00166
   0.00604
   0.00516
   0.00483
   0.00354
   0.00178
   0.00505
   0.00487
   0.00465
   0.00450
   0.00428
   0.00414
   0.00390
   0.00376
   0.00356
   0.00341
   0.00323
   0.00304
   0.00287
   0.00268
   0.00249
   0.00228
   0.00203
   0.00172
   0.00133
   0.00103
   0.00109
   0.00104
   0.00103
   0.00099
   0.00096
   0.00092
   0.00088
   0.00085
   0.00079
   0.00074
   0.00068
   0.00065
   0.00063
   0.00061
   0.00059
   0.00058
   0.00056
   0.00054
   0.00053
   0.00051
   0.00049
   0.00048
   0.00046
   0.00044
   0.00043
   0.00040
   0.00038
   0.00036
   0.00034
   0.00033
   0.00031
   0.00030
   0.00028
   0.00027
   0.00025
   0.00022
