   0.63510
   0.63048
   0.62428
   0.62139
   0.61897
   0.61522
   0.61229
   0.60940
   0.60655
   0.60372
   0.60084
   0.59738
   0.59685
   0.59203
   0.58948
   0.58660
   0.58388
   0.58082
   0.57798
   0.57489
   0.57207
   0.56896
   0.56636
   0.56290
   0.55989
   0.55670
   0.55386
   0.55046
   0.54716
   0.54403
   0.54087
   0.53730
   0.53383
   0.53049
   0.52692
   0.52361
   0.51973
   0.51728
   0.51325
   0.50908
   0.50534
   0.50158
   0.49772
   0.49385
   0.48992
   0.48602
   0.48215
   0.47765
   0.47355
   0.46866
   0.46427
   0.46026
   0.45634
   0.45265
   0.44864
   0.44478
   0.44104
   0.43740
   0.43373
   0.43039
   0.42677
   0.42430
   0.42068
   0.41750
   0.41479
   0.41234
   0.41024
   0.40859
   0.40720
   0.40612
   0.40519
   0.40469
   0.40381
   0.40264
   0.40061
   0.39713
   0.39202
   0.38611
   0.37952
   0.37282
   0.36677
   0.36075
   0.35522
   0.34999
   0.34496
   0.34007
   0.33547
   0.33015
   0.32562
   0.32275
   0.31749
   0.30956
   0.30667
   0.29995
   0.29376
   0.28970
   0.28375
   0.27871
   0.27325
   0.26801
   0.26281
   0.25757
   0.25241
   0.24747
   0.24243
   0.23762
   0.23281
   0.22817
   0.22340
   0.21855
   0.21400
   0.20959
   0.20513
   0.20140
   0.19877
   0.19339
   0.18989
   0.18684
   0.18254
   0.17876
   0.17431
   0.17084
   0.16678
   0.16342
   0.15945
   0.15599
   0.15267
   0.14964
   0.14615
   0.14326
   0.13976
   0.13686
   0.13373
   0.13024
   0.12773
   0.12499
   0.12223
   0.11989
   0.11685
   0.11410
   0.11173
   0.10938
   0.10701
   0.10471
   0.10244
   0.10022
   0.09803
   0.09585
   0.09365
   0.09161
   0.08979
   0.08786
   0.08602
   0.08404
   0.08227
   0.08047
   0.07879
   0.07693
   0.07536
   0.07377
   0.07208
   0.07046
   0.06905
   0.06751
   0.06613
   0.06470
   0.06323
   0.06191
   0.06064
   0.05933
   0.05816
   0.05693
   0.05573
   0.05457
   0.05347
   0.05224
   0.05123
   0.04992
   0.04898
   0.04790
   0.04686
   0.04582
   0.04495
   0.04401
   0.04313
   0.04235
   0.04143
   0.04063
   0.03983
   0.03906
   0.03840
   0.03758
   0.03690
   0.03618
   0.03552
   0.03481
   0.03420
   0.03358
   0.03295
   0.03243
   0.03182
   0.03133
   0.03077
   0.03037
   0.02976
   0.02940
   0.02887
   0.02844
   0.02810
   0.02772
   0.02732
   0.02693
   0.02655
   0.02622
   0.02580
   0.02549
   0.02507
   0.02479
   0.02436
   0.02399
   0.02355
   0.02315
   0.02267
   0.02222
   0.02174
   0.02137
   0.02088
   0.02045
   0.02000
   0.01950
   0.01905
   0.01862
   0.01816
   0.01777
   0.01725
   0.01703
   0.01646
   0.01611
   0.01564
   0.01523
   0.01486
   0.01445
   0.01400
   0.01375
   0.01339
   0.01301
   0.01269
   0.01242
   0.01213
   0.01189
   0.01160
   0.01130
   0.01113
   0.01092
   0.01082
   0.01061
   0.01061
   0.01056
   0.01046
   0.01060
   0.01086
   0.01108
   0.01155
   0.01208
   0.01256
   0.01291
   0.01297
   0.01311
   0.01302
   0.01330
   0.01325
   0.01281
   0.01167
   0.00901
   0.00579
   0.00538
   0.00521
   0.00503
   0.00483
   0.00473
   0.00446
   0.00435
   0.00417
   0.00409
   0.00393
   0.00386
   0.00371
   0.00366
   0.00350
   0.00348
   0.00332
   0.00330
   0.00316
   0.00314
   0.00301
   0.00296
   0.00288
   0.00281
   0.00274
   0.00267
   0.00262
   0.00256
   0.00250
   0.00244
   0.00238
   0.00234
   0.00229
   0.00225
   0.00220
   0.00216
   0.00211
   0.00208
   0.00203
   0.00201
   0.00198
   0.00196
   0.00197
   0.00196
   0.00201
   0.00208
   0.00224
   0.00253
   0.00274
   0.00276
   0.00278
   0.00279
   0.00284
   0.00278
   0.00297
   0.00171
   0.00141
   0.00179
   0.00285
   0.00316
   0.00198
   0.00135
   0.00243
   0.00197
   0.00200
   0.00169
   0.00089
   0.00090
   0.00086
   0.00084
   0.00080
   0.00080
   0.00077
   0.00075
   0.00072
   0.00072
   0.00069
   0.00067
   0.00065
   0.00063
   0.00064
   0.00061
   0.00059
   0.00058
   0.00057
   0.00055
   0.00053
   0.00053
   0.00051
   0.00050
   0.00049
   0.00048
   0.00046
   0.00045
   0.00045
   0.00043
   0.00043
   0.00041
   0.00041
   0.00039
   0.00039
   0.00037
   0.00037
   0.00036
   0.00036
   0.00034
   0.00034
   0.00033
   0.00033
   0.00032
   0.00032
   0.00031
   0.00031
   0.00030
   0.00029
   0.00028
   0.00028
   0.00027
   0.00026
   0.00025
   0.00025
   0.00024
   0.00024
   0.00025
   0.00027
   0.00031
   0.00046
   0.00036
   0.04488
   0.08675
   0.06269
   0.02677
   0.02773
   0.02371
   0.02235
   0.02050
   0.02184
   0.02165
   0.02095
   0.02018
   0.01944
   0.01877
   0.01819
   0.01772
   0.01730
   0.01686
   0.01650
   0.01548
   0.01507
   0.01481
   0.01455
   0.01425
   0.01385
   0.01277
   0.01283
   0.01282
   0.01270
   0.01245
   0.01205
   0.01154
   0.01093
   0.01024
   0.00952
   0.00885
   0.00827
   0.00782
   0.00750
   0.00730
   0.00717
   0.00711
   0.00710
   0.00715
   0.00728
   0.00739
   0.00666
   0.00613
   0.00562
   0.00513
   0.00473
   0.00447
   0.00431
   0.00423
   0.00421
   0.00422
   0.00427
   0.00435
   0.00449
   0.00471
   0.00503
   0.00548
   0.00597
   0.00637
   0.00648
   0.00645
   0.00638
   0.00643
   0.00634
   0.00626
   0.00622
   0.00610
   0.00608
   0.00594
   0.00585
   0.00573
   0.00559
   0.00541
   0.00513
   0.00481
   0.00430
   0.00354
   0.00250
   0.00159
   0.00149
   0.00150
   0.00145
   0.00143
   0.00141
   0.00138
   0.00136
   0.00133
   0.00128
   0.00117
   0.00106
   0.00102
   0.00100
   0.00098
   0.00096
   0.00094
   0.00093
   0.00091
   0.00089
   0.00088
   0.00086
   0.00085
   0.00084
   0.00082
   0.00081
   0.00080
   0.00078
   0.00077
   0.00076
   0.00075
   0.00074
   0.00073
   0.00072
   0.00071
   0.00070
   0.00070
   0.00069
   0.00069
   0.00068
   0.00068
   0.00068
   0.00069
   0.00071
   0.00075
   0.00082
   0.00097
   0.00115
   0.00117
   0.00116
   0.00117
   0.00117
   0.00116
   0.00116
   0.00116
   0.00114
   0.00114
   0.00113
   0.00113
   0.00112
   0.00113
   0.00110
   0.00111
   0.00108
   0.00107
   0.00103
   0.00098
   0.00104
   0.00099
   0.00102
   0.00094
   0.00103
   0.00096
   0.00098
   0.00088
   0.00103
   0.00098
   0.00097
   0.00088
   0.00100
   0.00091
   0.00098
   0.00089
   0.00096
   0.00089
   0.00090
   0.00087
   0.00085
   0.00082
   0.00092
   0.00093
   0.00075
   0.00070
   0.00085
   0.00095
   0.00086
   0.00085
   0.00080
   0.00075
   0.00076
   0.00068
   0.00094
   0.00084
   0.00116
   0.00050
   0.00105
   0.00115
   0.00041
   0.00055
   0.00015
   0.00013
   0.00052
   0.00022
   0.00021
   0.00012
   0.00014
   0.00013
   0.00013
   0.00012
   0.00012
   0.00012
   0.00012
   0.00012
   0.00012
   0.00011
   0.00011
   0.00011
   0.00011
   0.00011
   0.00011
   0.00010
   0.00010
   0.00010
   0.00010
   0.00010
   0.00010
   0.00010
   0.00009
   0.00009
   0.00009
   0.00009
   0.00009
   0.00009
   0.00009
   0.00009
   0.00008
   0.00008
   0.00008
   0.00008
   0.00008
   0.00008
   0.00008
   0.00008
   0.00008
   0.00007
   0.00007
   0.00007
   0.00007
   0.00007
   0.00007
   0.00007
   0.00007
   0.00007
   0.00007
   0.00006
   0.00006
   0.00006
   0.00006
   0.00006
   0.00006
   0.00006
   0.00006
   0.00006
   0.00006
   0.00006
   0.00006
   0.00005
   0.00005
   0.00005
   0.00005
   0.00005
   0.00005
   0.00005
   0.00005
   0.00005
   0.00005
   0.00005
   0.00005
   0.00005
   0.00004
   0.00004
   0.00004
   0.00004
   0.00004
   0.00004
   0.00004
   0.00004
   0.00004
   0.00004
   0.00004
   0.00004
   0.00004
   0.00004
   0.00004
   0.00004
   0.00004
   0.00003
   0.00003
   0.00003
   0.00003
   0.00003
   0.00003
   0.00003
   0.00003
   0.00003
   0.00003
   0.00003
   0.00003
   0.00003
   0.00003
   0.00003
   0.00003
   0.00003
   0.00003
   0.00003
   0.00003
   0.00003
   0.00002
   0.00002
   0.00002
   0.00002
   0.00002
   0.00002
   0.00002
   0.00002
   0.00002
   0.00002
   0.00002
   0.00002
   0.00002
   0.00002
   0.00002
   0.00002
   0.00002
   0.00002
   0.00002
   0.00002
   0.00002
   0.00002
   0.00002
   0.00002
   0.00002
   0.00002
   0.00002
   0.00002
   0.00002
   0.00002
   0.00002
   0.00001
   0.00001
   0.00001
   0.00001
   0.00001
   0.00001
   0.00001
   0.00001
   0.00001
   0.00001
   0.00001
   0.00001
   0.00001
   0.00001
   0.00001
   0.00001
   0.00001
   0.00001
   0.00001
   0.00001
   0.00001
   0.00001
   0.00001
   0.00001
   0.00001
   0.00001
   0.00001
   0.00001
   0.00001
   0.00001
   0.00001
   0.00001
   0.00001
   0.00001
   0.00001
   0.00001
   0.00001
   0.00001
   0.00001
   0.00001
   0.00001
   0.00001
   0.00001
   0.00001
   0.00001
   0.00001
   0.00001
   0.00001
   0.00001
   0.00001
   0.00001
   0.00001
   0.00001
   0.00001
   0.00001
   0.00001
   0.00001
   0.00001
   0.00001
   0.00001
   0.00001
   0.00001
   0.00001
   0.00001
   0.00001
   0.00000
   0.00000
   0.00000
   0.00000
   0.00000
   0.00000
   0.00000
   0.00000
   0.00000
   0.00000
   0.00000
   0.00000
   0.00000
   0.00000
   0.00000
   0.00000
   0.00000
   0.00000
   0.00000
   0.00000
   0.00000
   0.00000
   0.00000
   0.00000
   0.00000
   0.00000
   0.00000
   0.00000
   0.00000
   0.00000
   0.00000
   0.00000
   0.00000
   0.00000
   0.00000
   0.00000
   0.00000
   0.00000
   0.00000
   0.00000
   0.00000
   0.00000
   0.00000
   0.00000
   0.00000
   0.00000
   0.00000
   0.00000
   0.00000
   0.00000
   0.00000
   0.00000
   0.00000
   0.00000
   0.00000
   0.00000
   0.00000
   0.00000
   0.00000
   0.00000
   0.00000
   0.00000
   0.00000
   0.00000
   0.00000
   0.00000
   0.00000
   0.00000
   0.00000
   0.00000
   0.00000
   0.00000
   0.00000
   0.00000
   0.00000
   0.00000
   0.00000
   0.00000
   0.00000
   0.00000
   0.00000
   0.00000
   0.00000
   0.00000
   0.00000
   0.00000
   0.00000
   0.00000
   0.00000
   0.00000
   0.00000
   0.00000
   0.00000
   0.00000
   0.00000
   0.00000
   0.00000
   0.00000
   0.00000
   0.00000
   0.00000
   0.00000
   0.00000
   0.00000
   0.00000
   0.00000
   0.00000
   0.00000
   0.00000
   0.00000
   0.00000
   0.00000
   0.00000
   0.00000
   0.00000
   0.00000
   0.00000
   0.00000
   0.00000
   0.00000
   0.00000
   0.00000
   0.00000
   0.00000
   0.00000
   0.00000
   0.00000
   0.00000
   0.00000
   0.00000
   0.00000
   0.00000
   0.00000
   0.00000
   0.00000
   0.00000
   0.00000
   0.00000
   0.00000
   0.00000
   0.00000
   0.00000
   0.00000
   0.00000
   0.00000
   0.00000
   0.00000
   0.00000
   0.00000
   0.00000
   0.00000
   0.00000
   0.00000
   0.00000
   0.00000
   0.00000
   0.00000
   0.00000
   0.00000
   0.00000
   0.00000
   0.00000
   0.00000
   0.00000
   0.00000
   0.00000
   0.00000
   0.00000
   0.00000
   0.00000
   0.00000
   0.00000
   0.00000
   0.00000
   0.00000
   0.00000
   0.00000
   0.00000
   0.00000
   0.00000
   0.00000
   0.00000
   0.00000
   0.00000
   0.00000
   0.00000
   0.00000
   0.00000
   0.00000
   0.00000
   0.00000
   0.00000
