   0.74835
   0.73296
   0.72123
   0.71768
   0.71474
   0.71126
   0.70946
   0.70653
   0.70429
   0.70246
   0.70078
   0.69917
   0.69798
   0.69663
   0.69566
   0.69457
   0.69363
   0.69282
   0.70617
   0.71122
   0.70325
   0.69900
   0.69668
   0.69482
   0.69419
   0.69297
   0.69237
   0.69367
   0.69363
   0.69384
   0.69439
   0.69498
   0.69620
   0.69754
   0.69924
   0.70129
   0.70400
   0.70664
   0.70965
   0.71897
   0.76059
   0.76263
   0.75369
   0.74759
   0.74487
   0.74073
   0.73720
   0.73349
   0.72858
   0.72411
   0.71787
   0.71200
   0.70136
   0.69742
   0.68934
   0.68128
   0.67084
   0.66116
   0.65074
   0.63933
   0.62763
   0.61608
   0.60437
   0.59366
   0.58357
   0.57430
   0.56660
   0.56003
   0.55424
   0.54889
   0.54352
   0.53774
   0.53153
   0.52476
   0.51771
   0.51038
   0.50325
   0.49602
   0.48911
   0.48292
   0.47732
   0.47267
   0.46893
   0.46598
   0.46358
   0.46045
   0.45571
   0.44956
   0.44216
   0.43458
   0.42716
   0.42041
   0.41428
   0.40858
   0.40378
   0.39928
   0.39493
   0.39046
   0.38583
   0.38125
   0.37675
   0.37233
   0.36799
   0.36377
   0.35966
   0.35552
   0.35150
   0.34749
   0.34348
   0.33967
   0.33563
   0.33169
   0.32773
   0.32374
   0.31969
   0.31567
   0.31167
   0.30765
   0.30360
   0.29958
   0.29549
   0.29141
   0.28723
   0.28315
   0.27895
   0.27476
   0.27053
   0.26628
   0.26200
   0.25768
   0.25337
   0.24904
   0.24467
   0.24033
   0.23596
   0.23156
   0.22731
   0.22278
   0.21851
   0.21409
   0.20991
   0.20553
   0.20116
   0.19698
   0.19272
   0.18859
   0.18433
   0.18031
   0.17614
   0.17218
   0.16811
   0.16427
   0.16031
   0.15660
   0.15276
   0.14914
   0.14542
   0.14191
   0.13833
   0.13497
   0.13152
   0.12826
   0.12494
   0.12183
   0.11865
   0.11566
   0.11265
   0.10970
   0.10686
   0.10403
   0.10133
   0.09862
   0.09604
   0.09347
   0.09096
   0.08854
   0.08614
   0.08383
   0.08156
   0.07933
   0.07719
   0.07507
   0.07300
   0.07102
   0.06906
   0.06714
   0.06530
   0.06349
   0.06173
   0.06002
   0.05835
   0.05675
   0.05519
   0.05367
   0.05220
   0.05077
   0.04939
   0.04811
   0.04677
   0.04552
   0.04432
   0.04317
   0.04208
   0.04104
   0.04004
   0.03910
   0.03825
   0.03743
   0.03668
   0.03601
   0.03542
   0.03490
   0.03445
   0.03412
   0.03386
   0.03371
   0.03360
   0.03355
   0.03350
   0.03342
   0.03330
   0.03300
   0.03252
   0.03184
   0.03103
   0.03000
   0.02894
   0.02823
   0.02791
   0.02852
   0.03053
   0.03319
   0.03709
   0.04201
   0.04706
   0.05838
   0.15901
   0.02234
   0.02350
   0.02293
   0.02235
   0.02187
   0.02149
   0.02119
   0.02099
   0.02089
   0.02089
   0.02094
   0.02107
   0.02123
   0.02142
   0.02161
   0.02186
   0.02207
   0.02243
   0.02266
   0.02168
   0.04070
   0.04150
   0.04897
   0.06250
   0.06783
   0.07744
   0.05662
   0.09281
   0.06011
   0.14900
   0.01341
   0.01993
   0.02160
   0.02098
   0.02004
   0.01899
   0.01793
   0.01689
   0.01591
   0.01502
   0.01424
   0.01359
   0.01305
   0.01263
   0.01226
   0.01194
   0.01166
   0.01141
   0.01117
   0.01094
   0.01074
   0.01053
   0.01033
   0.01015
   0.00996
   0.00978
   0.00960
   0.00943
   0.00925
   0.00909
   0.00892
   0.00875
   0.00859
   0.00843
   0.00827
   0.00811
   0.00795
   0.00779
   0.00764
   0.00748
   0.00732
   0.00718
   0.00702
   0.00687
   0.00673
   0.00658
   0.00644
   0.00630
   0.00616
   0.00602
   0.00589
   0.00575
   0.00562
   0.00549
   0.00536
   0.00525
   0.00511
   0.00501
   0.00485
   0.00478
   0.00460
   0.00458
   0.00433
   0.00443
   0.00402
   0.00434
   0.00364
   0.00434
   0.00320
   0.00436
   0.00302
   0.00435
   4.80127
   0.01571
   0.01555
   0.01063
   0.00982
   0.01218
   0.00713
   0.00997
   0.00654
   0.00870
   0.00609
   0.00768
   0.00591
   0.00694
   0.00592
   0.00637
   0.00611
   0.00614
   0.00650
   0.00714
   0.01015
   0.02472
   0.00713
   0.02167
   0.00964
   0.01543
   0.01025
   0.01073
   0.00675
   0.00960
   0.00717
   0.00622
   0.01210
   0.02117
   0.01013
   0.01514
   0.01334
   0.01126
   0.02024
   0.01715
   0.01087
   0.01838
   0.01812
   0.01761
   0.01708
   0.01655
   0.01603
   0.01552
   0.01503
   0.01455
   0.01408
   0.01365
   0.01321
   0.01284
   0.01248
   0.01213
   0.01177
   0.01141
   0.01104
   0.01070
   0.01035
   0.01002
   0.00970
   0.00939
   0.00909
   0.00881
   0.00853
   0.00825
   0.00798
   0.00773
   0.00748
   0.00724
   0.00701
   0.00678
   0.00656
   0.00635
   0.00614
   0.00594
   0.00575
   0.00557
   0.00538
   0.00521
   0.00504
   0.00488
   0.00472
   0.00457
   0.00442
   0.00427
   0.00414
   0.00400
   0.00388
   0.00375
   0.00363
   0.00352
   0.00341
   0.00330
   0.00320
   0.00310
   0.00301
   0.00291
   0.00282
   0.00274
   0.00265
   0.00257
   0.00250
   0.00242
   0.00235
   0.00228
   0.00221
   0.00215
   0.00209
   0.00203
   0.00197
   0.00191
   0.00186
   0.00181
   0.00175
   0.00170
   0.00166
   0.00161
   0.00156
   0.00152
   0.00148
   0.00144
   0.00140
   0.00136
   0.00132
   0.00128
   0.00125
   0.00121
   0.00118
   0.00115
   0.00112
   0.00108
   0.00106
   0.00102
   0.00100
   0.00097
   0.00094
   0.00092
   0.00089
   0.00087
   0.00084
   0.00082
   0.00080
   0.00077
   0.00075
   0.00073
   0.00071
   0.00069
   0.00067
   0.00065
   0.00063
   0.00062
   0.00060
   0.00058
   0.00056
   0.00055
   0.00053
   0.00052
   0.00050
