   0.65749
   0.63893
   0.63223
   0.62948
   0.62748
   0.62544
   0.62329
   0.62107
   0.61889
   0.61667
   0.61441
   0.61215
   0.60975
   0.60801
   0.60555
   0.60335
   0.60084
   0.59858
   0.59601
   0.59386
   0.59144
   0.58881
   0.58648
   0.58408
   0.58116
   0.57912
   0.57659
   0.57398
   0.57135
   0.56854
   0.56590
   0.56313
   0.56012
   0.55752
   0.55469
   0.55158
   0.54395
   0.54012
   0.54101
   0.53905
   0.53571
   0.53137
   0.52849
   0.52498
   0.52154
   0.51802
   0.51467
   0.51094
   0.50784
   0.50413
   0.50074
   0.49665
   0.49341
   0.48952
   0.48580
   0.48218
   0.47829
   0.47474
   0.46951
   0.46703
   0.46134
   0.45974
   0.45664
   0.45293
   0.44872
   0.44500
   0.44077
   0.43756
   0.43364
   0.43031
   0.42641
   0.42299
   0.41966
   0.41670
   0.41324
   0.41032
   0.40751
   0.40500
   0.40257
   0.40026
   0.39831
   0.39661
   0.39519
   0.39393
   0.39274
   0.39185
   0.39062
   0.38900
   0.38693
   0.38385
   0.37958
   0.37436
   0.36858
   0.36278
   0.35714
   0.35142
   0.34600
   0.34062
   0.33552
   0.33050
   0.32567
   0.32070
   0.31596
   0.31135
   0.30660
   0.30173
   0.29687
   0.29210
   0.28719
   0.28218
   0.27717
   0.27234
   0.26728
   0.26246
   0.25753
   0.25256
   0.24783
   0.24290
   0.23823
   0.23346
   0.22883
   0.22430
   0.21977
   0.21534
   0.21096
   0.20664
   0.20240
   0.19826
   0.19412
   0.19004
   0.18606
   0.18219
   0.17832
   0.17475
   0.17066
   0.16737
   0.16398
   0.16058
   0.15719
   0.15378
   0.15052
   0.14727
   0.14408
   0.14097
   0.13792
   0.13489
   0.13191
   0.13008
   0.12602
   0.12335
   0.12174
   0.11801
   0.11574
   0.11438
   0.11086
   0.10849
   0.10734
   0.10386
   0.10173
   0.10076
   0.09740
   0.09530
   0.09467
   0.09131
   0.09057
   0.08753
   0.08571
   0.08394
   0.08225
   0.08059
   0.07898
   0.07731
   0.07579
   0.07428
   0.07281
   0.07137
   0.07000
   0.06865
   0.06730
   0.06597
   0.06468
   0.06340
   0.06217
   0.06095
   0.05979
   0.05864
   0.05752
   0.05641
   0.05534
   0.05429
   0.05328
   0.05220
   0.05116
   0.05025
   0.04934
   0.04845
   0.04756
   0.04670
   0.04585
   0.04502
   0.04420
   0.04341
   0.04264
   0.04188
   0.04113
   0.04040
   0.03969
   0.03900
   0.03835
   0.03771
   0.03722
   0.03668
   0.03609
   0.03550
   0.03492
   0.03436
   0.03379
   0.03321
   0.03270
   0.03215
   0.03162
   0.03108
   0.03058
   0.03008
   0.02961
   0.02912
   0.02864
   0.02816
   0.02778
   0.02727
   0.02682
   0.02638
   0.02597
   0.02552
   0.02506
   0.02463
   0.02421
   0.02384
   0.02344
   0.02301
   0.02261
   0.02217
   0.02176
   0.02132
   0.02092
   0.02048
   0.02007
   0.01963
   0.01922
   0.01879
   0.01838
   0.01797
   0.01754
   0.01712
   0.01672
   0.01628
   0.01593
   0.01552
   0.01517
   0.01476
   0.01443
   0.01403
   0.01369
   0.01333
   0.01302
   0.01267
   0.01235
   0.01205
   0.01173
   0.01144
   0.01114
   0.01086
   0.01059
   0.01033
   0.01004
   0.00980
   0.00955
   0.00932
   0.00907
   0.00885
   0.00862
   0.00840
   0.00820
   0.00800
   0.00780
   0.00760
   0.00740
   0.00724
   0.00707
   0.00689
   0.00672
   0.00656
   0.00640
   0.00625
   0.00611
   0.00598
   0.00583
   0.00570
   0.00559
   0.00546
   0.00536
   0.00526
   0.00515
   0.00506
   0.00498
   0.00490
   0.00487
   0.00484
   0.00487
   0.00494
   0.00515
   0.00575
   0.00800
   0.01030
   0.00657
   0.01535
   0.02097
   0.00345
   0.00347
   0.00348
   0.00367
   0.00346
   0.00348
   0.00335
   0.00329
   0.00322
   0.00313
   0.00307
   0.00299
   0.00293
   0.00286
   0.00280
   0.00274
   0.00267
   0.00263
   0.00256
   0.00252
   0.00245
   0.00241
   0.00235
   0.00231
   0.00225
   0.00221
   0.00216
   0.00212
   0.00207
   0.00203
   0.00199
   0.00195
   0.00190
   0.00188
   0.00183
   0.00180
   0.00175
   0.00173
   0.00168
   0.00166
   0.00162
   0.00159
   0.00155
   0.00153
   0.00149
   0.00147
   0.00143
   0.00141
   0.00137
   0.00135
   0.00132
   0.00130
   0.00126
   0.00125
   0.00121
   0.00119
   0.00117
   0.00115
   0.00112
   0.00110
   0.00107
   0.00105
   0.00102
   0.00099
   0.00096
   0.00094
   0.00090
   0.00087
   0.00084
   0.00081
   0.00079
   0.00077
   0.00076
   0.00075
   0.00074
   0.00074
   0.00074
   0.00074
   0.00079
   0.00106
   0.00123
   0.00201
   0.00343
   0.00056
   0.00051
   0.00051
   0.00048
   0.00054
   0.00065
   0.00062
   0.00059
   0.00055
   0.00051
   0.00045
   0.00046
   0.00053
   0.00047
   0.00044
   0.00061
   0.00070
   0.00048
   0.00045
   0.00041
   0.00070
   0.00056
   0.00041
   0.00052
   0.00151
   0.00503
   0.00045
   0.00044
   0.00173
   0.00050
   0.00056
   0.00058
   0.00059
   0.00059
   0.00058
   0.00058
   0.00057
   0.00056
   0.00055
   0.00055
   0.00054
   0.00053
   0.00052
   0.00051
   0.00050
   0.00050
   0.00049
   0.00048
   0.00047
   0.00047
   0.00046
   0.00046
   0.00045
   0.00045
   0.00044
   0.00044
   0.00043
   0.00043
   0.00042
   0.00042
   0.00042
   0.00041
   0.00041
   0.00041
   0.00040
   0.00040
   0.00040
   0.00039
   0.00039
   0.00039
   0.00038
   0.00038
   0.00038
   0.00038
   0.00037
   0.00037
   0.00037
   0.00037
   0.00036
   0.00036
   0.00036
   0.00035
   0.00035
   0.00035
   0.00035
   0.00034
   0.00034
   0.00034
   0.00033
   0.00033
   0.00033
   0.00032
   0.00032
   0.00032
   0.00032
   0.00031
   0.00031
   0.00031
   0.00031
   0.00031
