   0.73619
   0.73205
   0.73961
   0.73381
   0.73367
   0.73340
   0.73343
   0.73313
   0.73366
   0.73343
   0.73342
   0.73358
   0.73367
   0.72737
   0.73461
   0.73594
   0.73596
   0.73648
   0.73628
   0.73700
   0.73776
   0.73922
   0.73945
   0.73993
   0.74096
   0.74196
   0.74254
   0.74308
   0.74331
   0.74383
   0.74802
   0.74901
   0.74370
   0.74326
   0.73670
   0.73612
   0.73675
   0.73436
   0.73335
   0.73025
   0.73199
   0.73380
   0.73614
   0.73921
   0.74319
   0.74896
   0.75636
   0.76452
   0.77381
   0.78498
   0.79587
   0.80602
   0.82036
   0.83234
   0.84067
   0.85588
   0.86504
   0.87385
   0.88327
   0.89750
   0.91617
   0.92582
   0.93510
   0.94282
   0.95410
   0.96498
   0.97370
   0.98076
   0.98652
   0.99372
   1.00057
   1.00757
   1.01483
   1.02174
   1.02946
   1.03658
   1.04351
   1.05038
   1.05713
   1.06379
   1.07070
   1.07693
   1.08310
   1.08916
   1.09578
   1.10098
   1.10532
   1.10972
   1.11855
   1.12712
   1.13539
   1.14026
   1.14403
   1.15133
   1.15484
   1.15385
   1.15268
   1.15199
   1.15406
   1.15727
   1.16007
   1.16259
   1.16399
   1.16556
   1.16677
   1.16526
   1.16652
   1.16742
   1.16724
   1.16682
   1.16528
   1.16320
   1.16018
   1.15619
   1.15094
   1.14455
   1.13705
   1.12820
   1.11794
   1.10622
   1.09299
   1.07741
   1.06234
   1.04506
   1.02648
   1.00667
   0.98543
   0.96299
   0.93966
   0.91544
   0.89040
   0.86470
   0.83845
   0.81171
   0.78463
   0.75697
   0.72857
   0.70110
   0.67353
   0.64639
   0.61855
   0.59171
   0.56517
   0.53912
   0.51380
   0.48897
   0.46485
   0.44150
   0.41896
   0.39782
   0.37731
   0.35727
   0.33833
   0.31969
   0.30235
   0.28712
   0.27195
   0.26081
   0.25126
   0.25018
   0.25374
   0.26645
   0.28054
   0.28947
   0.28703
   0.27417
   0.25544
   0.24047
   0.23031
   0.23004
   0.23964
   0.25099
   0.25341
   0.23263
   0.19968
   0.16579
   0.11061
   0.06845
   0.03198
   0.09090
   0.05734
   0.04513
   0.06971
   0.00759
   0.00649
   0.00612
   0.00567
   0.00522
   0.00486
   0.00449
   0.01112
   0.03886
   0.05479
   0.04757
   0.04985
   0.05658
   0.06337
   0.06780
   0.06908
   0.06754
   0.06469
   0.06183
   0.05961
   0.05682
   0.05208
   0.04550
   0.03828
   0.03131
   0.03280
   0.03308
   0.03254
   0.03229
   0.03150
   0.03114
   0.03088
   0.03060
   0.03034
   0.03005
   0.02921
   0.02780
   0.02664
   0.02599
   0.02583
   0.02598
   0.02620
   0.02615
   0.02559
   0.02456
   0.02316
   0.02153
   0.01980
   0.01801
   0.01647
   0.01543
   0.01487
   0.01487
   0.01518
   0.03197
   0.17310
   0.00103
   0.00224
   0.00097
   0.00108
   0.03613
   0.00278
   0.00289
   0.00150
   0.56417
   0.00345
   0.00243
   0.84018
   0.00276
   0.08790
   0.00062
   0.00254
   0.00087
   0.00050
   0.00059
   0.00204
   0.00091
   0.05963
   0.03457
   0.00046
   0.00046
   0.00050
   0.00172
   0.69647
   0.00045
   0.19979
   0.00041
   0.00068
   0.00038
   0.00032
   0.00035
   0.00036
   0.00034
   0.00038
   0.00032
   0.00033
   0.00031
   0.00156
   0.00029
   0.16107
   0.00028
   0.00030
   0.00030
   0.00029
   0.00029
   0.00031
   0.00029
   0.00034
   0.03178
   0.00027
   0.00027
   0.00029
   0.00027
   0.01017
   0.00138
   0.00115
   0.00101
   0.00093
   0.00097
   0.50496
   0.00079
   0.00160
   0.00086
   0.00079
   0.00067
   0.00065
   0.00104
   0.00073
   0.00076
   0.00072
   0.00088
   0.00053
   0.00059
   0.00064
   0.00056
   0.00047
   0.00111
   0.00045
   0.00047
   0.00143
   0.00044
   0.00045
   0.00065
   0.00040
   0.00044
   0.00057
   0.00052
   0.00049
   0.00051
   0.00066
   0.00076
   0.00040
   0.00047
   0.00037
   0.00036
   0.01113
   0.00030
   0.00029
   0.00032
   0.00027
   0.59171
   0.00023
   0.00022
   0.00025
   0.00021
   0.00022
   0.00023
   0.00028
   0.00026
   0.00024
   0.00023
   0.00022
   0.00038
   0.00028
   0.00026
   0.00024
   0.00023
   0.00022
   0.07763
   0.00022
   0.00021
   0.00019
   0.00018
   0.00018
   0.00047
   0.00024
   0.00022
   0.00021
   0.69089
   0.70697
   0.71064
   0.71253
   0.71360
   0.71423
   0.71461
   0.71484
   0.71499
   0.71507
   0.71513
   0.71516
   0.71518
   0.71519
   0.71520
   0.71521
   0.71521
   0.71521
   0.71521
   0.71521
   0.71521
   0.71521
   0.71521
   0.71521
   0.71521
   0.71521
   0.71521
   0.71521
   0.71521
   0.71521
   0.71521
   0.71521
   0.71521
   0.71521
   0.71521
   0.71521
   0.71521
   0.71521
   0.71521
   0.71521
   0.71521
   0.71521
   0.71521
   0.71521
   0.71521
   0.71521
   0.71521
   0.71521
   0.71521
   0.71521
   0.71521
   0.71521
   0.71521
   0.71521
   0.71521
   0.71521
   0.71521
   0.71521
   0.71521
   0.71521
   0.71521
   0.71521
   0.71521
   0.71521
   0.71521
   0.71521
   0.71521
   0.71521
   0.71521
   0.71521
   0.71521
   0.71521
   0.71521
   0.71521
   0.71521
   0.71521
   0.71521
   0.71521
   0.71521
   0.71521
   0.71521
   0.71521
   0.71521
   0.71521
   0.71521
   0.71521
   0.71521
   0.71521
   0.71521
   0.71521
   0.71521
   0.71521
   0.71521
   0.71521
   0.71521
   0.71521
   0.71521
   0.71521
   0.71521
   0.71521
   0.71520
   0.71520
   0.71520
   0.71520
   0.71520
   0.71520
   0.71520
   0.71520
   0.71520
   0.71520
   0.71520
   0.71520
   0.71520
   0.71520
   0.71520
   0.71520
   0.71520
   0.71520
   0.71520
   0.71520
   0.71520
   0.71520
   0.71520
   0.71520
   0.71520
   0.71520
   0.71520
   0.71520
   0.71520
