   0.64396
   0.64379
   0.64358
   0.64341
   0.64080
   0.64325
   0.64355
   0.64319
   0.64337
   0.64308
   0.64317
   0.64283
   0.64287
   0.64283
   0.64255
   0.64234
   0.64217
   0.64204
   0.64192
   0.64181
   0.64162
   0.64146
   0.64131
   0.64104
   0.64077
   0.64056
   0.64038
   0.64014
   0.63994
   0.63967
   0.63943
   0.63919
   0.63885
   0.63820
   0.63836
   0.63799
   0.63760
   0.63722
   0.63679
   0.63632
   0.63587
   0.63536
   0.63484
   0.63424
   0.63365
   0.63304
   0.63240
   0.63163
   0.63098
   0.62991
   0.62943
   0.62843
   0.62783
   0.62676
   0.62584
   0.62506
   0.62310
   0.62162
   0.62032
   0.61950
   0.61849
   0.61773
   0.61655
   0.61516
   0.60396
   0.60050
   0.59513
   0.59213
   0.58808
   0.58377
   0.57946
   0.57486
   0.57099
   0.56744
   0.56457
   0.56236
   0.56091
   0.55972
   0.55818
   0.55558
   0.55139
   0.54665
   0.54215
   0.53841
   0.53528
   0.53379
   0.53091
   0.52923
   0.52749
   0.52559
   0.52426
   0.52196
   0.51943
   0.51676
   0.51318
   0.50968
   0.50801
   0.50404
   0.50018
   0.49580
   0.49126
   0.48673
   0.48204
   0.47740
   0.47276
   0.46798
   0.46336
   0.45860
   0.45378
   0.44896
   0.44413
   0.43937
   0.43453
   0.42975
   0.42501
   0.42018
   0.41538
   0.41069
   0.40598
   0.40126
   0.39659
   0.39193
   0.38722
   0.38253
   0.37785
   0.37328
   0.36882
   0.36384
   0.35918
   0.35486
   0.34990
   0.34555
   0.34082
   0.33616
   0.33164
   0.32702
   0.32223
   0.31751
   0.31267
   0.30795
   0.30320
   0.29844
   0.29355
   0.28869
   0.28415
   0.27895
   0.27555
   0.26927
   0.26469
   0.25915
   0.25418
   0.24918
   0.24426
   0.23930
   0.23440
   0.22951
   0.22455
   0.21956
   0.21513
   0.20980
   0.20663
   0.20726
   0.20330
   0.19392
   0.19476
   0.18991
   0.17976
   0.18104
   0.17183
   0.16531
   0.16100
   0.15681
   0.15457
   0.15061
   0.14695
   0.14504
   0.13718
   0.13374
   0.13023
   0.12690
   0.12509
   0.12160
   0.11837
   0.11508
   0.11194
   0.10912
   0.10626
   0.10097
   0.09707
   0.09322
   0.09380
   0.08861
   0.08615
   0.08393
   0.08164
   0.07934
   0.07705
   0.07508
   0.07304
   0.07116
   0.06925
   0.06738
   0.06542
   0.06384
   0.06220
   0.06092
   0.05980
   0.05880
   0.05706
   0.05619
   0.05535
   0.05423
   0.05358
   0.05164
   0.05187
   0.05122
   0.04994
   0.04972
   0.04916
   0.04782
   0.04760
   0.04730
   0.04658
   0.04611
   0.04623
   0.04574
   0.04553
   0.04564
   0.04570
   0.04554
   0.04548
   0.04536
   0.04529
   0.04518
   0.04513
   0.04503
   0.04682
   0.04696
   0.04736
   0.04736
   0.04612
   0.04802
   0.04854
   0.04894
   0.04933
   0.04804
   0.05045
   0.05126
   0.05204
   0.05010
   0.05553
   0.05337
   0.05605
   0.05972
   0.05972
   0.05954
   0.06241
   0.06420
   0.06494
   0.06692
   0.07098
   0.07107
   0.07575
   0.06772
   0.07467
   0.02592
   0.01702
   0.00721
   0.00485
   0.00479
   0.00556
   0.01172
   0.01846
   0.01149
   0.00906
   0.00773
   0.00567
   0.00468
   0.00411
   0.00343
   0.00293
   0.00280
   0.00279
   0.00293
   0.00452
   0.00783
   0.00287
   0.00751
   0.00255
   0.00701
   0.00250
   0.00642
   0.00250
   0.00562
   0.00271
   0.00473
   0.00317
   0.00463
   0.00345
   0.00493
   0.00370
   0.00496
   0.00427
   0.00418
   0.00446
   0.00444
   0.00436
   0.00433
   0.00425
   0.00417
   0.00408
   0.00393
   0.00372
   0.00350
   0.00315
   0.00306
   0.00296
   0.00290
   0.00288
   0.00287
   0.00282
   0.00281
   0.00278
   0.00276
   0.00269
   0.00268
   0.00263
   0.00259
   0.00256
   0.00264
   0.00245
   0.00251
   0.00232
   0.00224
   0.00192
   0.31892
   0.00074
   0.00048
   0.00052
   0.00057
   0.00060
   0.00062
   0.00063
   0.00064
   0.00064
   0.00063
   0.00060
   0.00057
   0.00053
   0.00050
   0.00047
   0.00044
   0.00042
   0.00040
   0.00038
   0.00034
   0.00032
   0.00030
   0.00031
   0.00027
   0.00025
   0.00025
   0.00025
   0.00021
   0.00033
   0.00021
   0.00020
   0.00017
   0.00019
   0.00016
   0.00017
   0.00013
   0.00013
   0.00014
   0.00018
   0.00012
   0.00019
   0.00024
   0.00022
   0.00020
   0.00019
   0.00019
   0.00020
   0.00022
   0.00024
   0.00023
   0.00022
   0.00021
   0.00020
   0.00020
   0.00019
   0.00019
   0.00019
   0.00019
   0.00018
   0.00017
   0.00015
   0.00014
   0.00013
   0.00014
   0.00105
   0.00124
   0.00020
   0.00021
   0.00022
   0.00021
   0.00020
   0.00018
   0.00017
   0.00017
   0.00016
   0.00015
   0.00015
   0.00015
   0.00015
   0.00015
   0.00015
   0.00015
   0.00015
   0.00015
   0.00014
   0.00014
   0.00013
   0.00013
   0.00012
   0.00011
   0.00010
   0.00009
   0.00008
   0.00008
   0.00008
   0.00052
   0.00018
   0.00013
   0.00013
   0.00013
   0.00013
   0.00013
   0.00014
   0.00014
   0.00013
   0.00013
   0.00013
   0.00012
   0.00012
   0.00011
   0.00010
   0.00010
   0.00009
   0.00009
   0.00008
   0.00008
   0.00008
   0.00007
   0.00007
   0.00007
   0.00007
   0.00007
   0.00012
   0.00014
   0.00015
   0.00015
   0.00015
   0.00015
   0.00014
   0.00013
   0.00012
   0.00012
   0.00011
   0.00011
   0.00010
   0.00010
   0.00010
   0.00011
   0.00011
   0.00011
   0.00011
   0.00011
   0.00011
   0.00010
   0.00010
   0.00009
   0.00009
   0.00009
   0.00008
   0.00008
   0.00007
   0.00007
   0.00006
   0.00006
   0.00006
   0.00006
   0.00005
   0.00005
   0.00005
   0.00005
   0.00005
   0.00005
   0.00005
   0.00016
