   0.67246
   0.66891
   0.66615
   0.66223
   0.65864
   0.65420
   0.65476
   0.64924
   0.64395
   0.63901
   0.63442
   0.63087
   0.62836
   0.62619
   0.62396
   0.62494
   0.62368
   0.62150
   0.62046
   0.61922
   0.61644
   0.63241
   0.63361
   0.62786
   0.62940
   0.62295
   0.62873
   0.62092
   0.61989
   0.61921
   0.62029
   0.61890
   0.62215
   0.62532
   0.62661
   0.62312
   0.61794
   0.60875
   0.59577
   0.58165
   0.55320
   0.54564
   0.53620
   0.52720
   0.51901
   0.51167
   0.50498
   0.49882
   0.49293
   0.48724
   0.48170
   0.47616
   0.47062
   0.46503
   0.45963
   0.45446
   0.44990
   0.44587
   0.44302
   0.43978
   0.44010
   0.43898
   0.43686
   0.43555
   0.43237
   0.42810
   0.42321
   0.41892
   0.41355
   0.40890
   0.40331
   0.39513
   0.39015
   0.38266
   0.37468
   0.36608
   0.35705
   0.34782
   0.33707
   0.32676
   0.31633
   0.30550
   0.29450
   0.28324
   0.27167
   0.26001
   0.24820
   0.23628
   0.22460
   0.21304
   0.20170
   0.19084
   0.18046
   0.17074
   0.16183
   0.15367
   0.14640
   0.13997
   0.13432
   0.12940
   0.12513
   0.12137
   0.11806
   0.11508
   0.11238
   0.10977
   0.10720
   0.10464
   0.10198
   0.09921
   0.09631
   0.09333
   0.09005
   0.08691
   0.08362
   0.08038
   0.07720
   0.07416
   0.07106
   0.06810
   0.06492
   0.06154
   0.05744
   0.05221
   0.04573
   0.03865
   0.03240
   0.02840
   0.02718
   0.02781
   0.02988
   0.03204
   0.03384
   0.03606
   0.03926
   0.04463
   0.04846
   0.04304
   0.03598
   0.03069
   0.02740
   0.02446
   0.02185
   0.01831
   0.01799
   0.02091
   0.02002
   0.01318
   0.01006
   0.01009
   0.01003
   0.00956
   0.00902
   0.00861
   0.00792
   0.00771
   0.00665
   0.00570
   0.00679
   0.01014
   0.01244
   0.00536
   0.24212
   0.02726
   0.04669
   0.00961
   0.05245
   0.03291
   0.03851
   0.03086
   0.01275
   0.00461
   0.00281
   0.00244
   0.00232
   0.00378
   0.00444
   0.00560
   0.00216
   0.00203
   0.00512
   0.00554
   0.00298
   0.00590
   0.00439
   0.00416
   0.00552
   0.00577
   0.00366
   0.00368
   0.00328
   0.00263
   0.00367
   0.00403
   0.00388
   0.00384
   0.00262
   0.00260
   0.00261
   0.00170
   0.00314
   0.00100
   0.00275
   0.00242
   0.00254
   0.00304
   0.05295
   0.01959
   0.02001
   0.01706
   0.00674
   0.00476
   0.00442
   0.00417
   0.00406
   0.00408
   0.00441
   0.00524
   0.00586
   0.00336
   0.00472
   0.00357
   0.00364
   0.00261
   0.00358
   0.00332
   0.00309
   0.00290
   0.00185
   0.00125
   0.00100
   0.00107
   0.00107
   0.00093
   0.00097
   0.00084
   0.00082
   0.00077
   0.00071
   0.00067
   0.00063
   0.00060
   0.00056
   0.00053
   0.00051
   0.00048
   0.00045
   0.00043
   0.00041
   0.00040
   0.00038
   0.00036
   0.00035
   0.00033
   0.00031
   0.00029
   0.00028
   0.00027
   0.00025
   0.00024
   0.00023
   0.00022
   0.00021
   0.00020
   0.00019
   0.00017
   0.00016
   0.00015
   0.00014
   0.09596
   0.01284
   0.00938
   0.00829
   0.00624
   0.00530
   0.00488
   0.00464
   0.00427
   0.00397
   0.00294
   0.00206
   0.00202
   0.00204
   0.00205
   0.00205
   0.00200
   0.00199
   0.00198
   0.00193
   0.00194
   0.00194
   0.00192
   0.00192
   0.00190
   0.00190
   0.00191
   0.00190
   0.00189
   0.00190
   0.00189
   0.00185
   0.00180
   0.00175
   0.00136
   0.13666
   0.01966
   0.01047
   0.00752
   0.00668
   0.00617
   0.00580
   0.00555
   0.00532
   0.00522
   0.00504
   0.00460
   0.00371
   0.00364
   0.00341
   0.00329
   0.00322
   0.00304
   0.00306
   0.00259
   0.00271
   0.01124
   0.00335
   0.00266
   0.00245
   0.00221
   0.00219
   0.00265
   0.00198
   0.00186
   0.00178
   0.00162
   0.00148
   0.00123
   0.00127
   0.00117
   0.00171
   0.00172
   0.00156
   0.00141
   0.00130
   0.00120
   0.00110
   0.00098
   0.00092
   0.00082
   0.00075
   0.00070
   0.00066
   0.00063
   0.00059
   0.00059
   0.00060
   0.00056
   0.00072
   0.00255
   0.00229
   0.00212
   0.00193
   0.00161
   0.00136
   0.00126
   0.00119
   0.00111
   0.00105
   0.00100
   0.00094
   0.00090
   0.00085
   0.00080
   0.00074
   0.00068
   0.00062
   0.00058
   0.00057
   0.00056
   0.00058
   0.00051
   0.00045
   0.00043
   0.00040
   0.00038
   0.00035
   0.00032
   0.00030
   0.00028
   0.00027
   0.00026
   0.00024
   0.00024
   0.00023
   0.00023
   0.00023
   0.00024
   0.00023
   0.00023
   0.00023
   0.00023
   0.00024
   0.00024
   0.00026
   0.00026
   0.00027
   0.00027
   0.00025
   0.02988
   0.01250
   0.00825
   0.00615
   0.00512
   0.00457
   0.00425
   0.00401
   0.00383
   0.00369
   0.00358
   0.00348
   0.00339
   0.00332
   0.00327
   0.00323
   0.00319
   0.00317
   0.00317
   0.00317
   0.00318
   0.00319
   0.00321
   0.00321
   0.00318
   0.00308
   0.00290
   0.00265
   0.00251
   0.00237
   0.00220
   0.00200
   0.00183
   0.00166
   0.00151
   0.00138
   0.00127
   0.00119
   0.00112
   0.00107
   0.00102
   0.00098
   0.00094
   0.00091
   0.00087
   0.00084
   0.00081
   0.00078
   0.00074
   0.00071
   0.00067
   0.00064
   0.00061
   0.00058
   0.00055
   0.00053
   0.00050
   0.00048
   0.00046
   0.00044
   0.00042
   0.00040
   0.00038
   0.00037
   0.00035
   0.00033
   0.00032
   0.00030
   0.00029
   0.00027
   0.00026
   0.00024
   0.00023
   0.00022
   0.00021
   0.00019
   0.00018
   0.00017
   0.00016
   0.00015
   0.00015
   0.00014
   0.00013
   0.00012
   0.00012
   0.00011
   0.00010
   0.00010
   0.00009
   0.00008
   0.00008
   0.00008
   0.00007
   0.00007
   0.00006
   0.00006
   0.00006
   0.00005
   0.00005
   0.00005
   0.00005
   0.00004
   0.00004
   0.00004
   0.00004
   0.00003
   0.00003
   0.00002
   0.01155
   0.00420
   0.00200
   0.00181
   0.00171
   0.00165
   0.00158
   0.00153
   0.00145
   0.00137
   0.00130
   0.00119
   0.00112
   0.00101
   0.00097
   0.00092
   0.00087
   0.00082
   0.00078
   0.00073
   0.00070
   0.00066
   0.00062
   0.00056
   0.00051
   0.00047
   0.00045
   0.00043
   0.00044
   0.00039
   0.00041
   0.00038
   0.00034
   0.00033
   0.00028
   0.00027
   0.00026
   0.00039
   0.00019
   0.00019
   0.00019
   0.00019
   0.00019
   0.00020
   0.00020
   0.00020
   0.00020
   0.00020
   0.00020
   0.00021
   0.00021
   0.00022
   0.00022
   0.00023
   0.00024
   0.00025
   0.00026
   0.00027
   0.00027
   0.00027
   0.00026
   0.00025
   0.00024
   0.00023
   0.00022
   0.00022
   0.00023
   0.00024
   0.00026
   0.00028
   0.00030
   0.00031
   0.00032
   0.00031
   0.00031
   0.00030
   0.00029
   0.00028
   0.00027
   0.00025
   0.01492
   0.00024
   0.00024
   0.00660
   0.00020
   0.00019
   0.00018
   0.00016
   0.00015
   0.00016
   0.00995
   0.00155
   0.00037
   0.00034
   0.00032
   0.00031
   0.00030
   0.00029
   0.00028
   0.00027
   0.00026
   0.00025
   0.00024
   0.00023
   0.00022
   0.00022
   0.00021
   0.00021
   0.00021
   0.00021
   0.00021
   0.00021
   0.00021
   0.00021
   0.00022
   0.00022
   0.00023
   0.00023
   0.00024
   0.00025
   0.00026
   0.00026
   0.00027
   0.00027
   0.00026
   0.00025
   0.00024
   0.00024
   0.00024
   0.00024
   0.00026
   0.00027
   0.00030
   0.00032
   0.00032
   0.00032
   0.00032
   0.00031
   0.00030
   0.00029
   0.00027
   0.00022
   0.00021
   0.00007
   0.00021
   0.00019
   0.02345
   0.00420
   0.00274
   0.00214
   0.00177
   0.00150
   0.00132
   0.00121
   0.00111
   0.00104
   0.00097
   0.00091
   0.00086
   0.00082
   0.00076
   0.00071
   0.00064
   0.00058
   0.00053
   0.00049
   0.00045
   0.00042
   0.00041
   0.00040
   0.00039
   0.00038
   0.00036
   0.00035
   0.00033
   0.00031
   0.00029
   0.00026
   0.00024
   0.00023
   0.00022
   0.00022
   0.00022
   0.00023
   0.00023
   0.00023
   0.00023
   0.00023
   0.00023
   0.00023
   0.00022
   0.00021
   0.00020
   0.00019
   0.00016
   0.00015
   0.00014
   0.00013
   0.00013
   0.00010
   0.00012
   0.00010
   0.00009
   0.00032
   0.02772
   0.01015
   0.00829
   0.00713
   0.00612
   0.00563
   0.00498
   0.00464
   0.00435
   0.00403
   0.00373
   0.00346
   0.00316
   0.00292
   0.00273
   0.00250
   0.00233
   0.00219
   0.00206
   0.00193
   0.00183
   0.00173
   0.00162
   0.00153
   0.00142
   0.00130
   0.00121
   0.00122
   0.00236
   0.02622
   0.01536
   0.00909
   0.00624
   0.00533
   0.00480
   0.00440
   0.00394
   0.00369
   0.00340
   0.00313
   0.00286
   0.00266
   0.00250
   0.00234
   0.00220
   0.00208
   0.00196
   0.00185
   0.00175
   0.00165
   0.00158
   0.00132
   0.00120
   0.00133
   0.00165
   0.00155
   0.00145
   0.00131
   0.00118
   0.00111
   0.00105
   0.00096
   0.00092
   0.00087
   0.00080
   0.00076
   0.00074
   0.00161
   0.00168
   0.00199
   0.00183
   0.00167
   0.00155
   0.00145
   0.00141
   0.00135
   0.00130
   0.00126
   0.00121
   0.00115
   0.00109
   0.00107
   0.00106
   0.00107
   0.00111
   0.00115
   0.00118
   0.00120
   0.00118
   0.00114
   0.00110
   0.00104
   0.00097
   0.00091
   0.00085
   0.00079
   0.00073
   0.00069
   0.00065
   0.00064
   0.00174
   0.00406
   0.00424
   0.00319
   0.00267
   0.00232
   0.00202
   0.00176
   0.00156
   0.00141
   0.00130
   0.00122
   0.00120
   0.00117
   0.00113
   0.00109
   0.00105
   0.00100
   0.00097
   0.00093
   0.00089
   0.00087
   0.00089
   0.00091
   0.00093
   0.00095
   0.00097
   0.00096
   0.00094
   0.00090
   0.00085
   0.00081
   0.00075
   0.00070
   0.00065
   0.00061
   0.00057
   0.00053
   0.00051
   0.00045
   0.00058
   0.00061
   0.00057
   0.00053
   0.00050
   0.00046
   0.00044
   0.00042
   0.00038
   0.00028
   0.00040
   0.00037
   0.00036
   0.00028
   0.00036
   2.55784
   0.00423
   0.00323
   0.00257
   0.00183
   0.00152
   0.00131
   0.00115
   0.00104
   0.00093
   0.00085
   0.00080
   0.00075
   0.00073
   0.00073
   0.00072
   0.00072
   0.00071
   0.00070
   0.00071
   0.00071
   0.00071
   0.00070
   0.00069
   0.00067
   0.00065
   0.00062
   0.00060
   0.00059
   0.00058
   0.00059
   0.00060
   0.00062
   0.00063
   0.00063
   0.00062
   0.00061
   0.00058
   0.00055
   0.00052
   0.00049
   0.00045
   0.00042
   0.00040
   0.00038
   0.00036
   0.00035
   0.00029
   0.29175
   0.00237
   0.00212
   0.00190
   0.00176
   0.00156
   0.00137
   0.00121
   0.00108
   0.00097
   0.00088
   0.00080
   0.00074
   0.00069
   0.00066
   0.00063
   0.00060
   0.00058
   0.00056
   0.00056
   0.00055
   0.00054
   0.00051
   0.00050
   0.00047
   0.00046
   0.00045
   0.00044
   0.00044
   0.00045
   0.00046
   0.00047
   0.00047
   0.00047
   0.00045
   0.00043
   0.00041
   0.00039
   0.00036
   0.00034
   0.00032
   0.00030
   0.00028
   0.00027
   0.00026
   0.00021
   0.00025
   0.00034
   0.00033
   0.00031
   0.00029
   0.00027
   0.00026
   0.00024
   0.00023
   0.00023
   0.00021
   0.00017
   0.00018
   0.00019
   0.00023
   0.00023
   0.00023
   0.00024
   0.00024
   0.00025
   0.00026
   0.00026
   0.00027
   0.00028
   0.00029
   0.00030
   0.00031
   0.00032
   0.00033
   0.00034
