   0.70891
   0.70179
   0.70053
   0.69912
   0.69861
   0.69778
   0.69615
   0.69599
   0.69564
   0.69752
   0.69791
   0.69298
   0.69759
   0.69481
   0.69432
   0.69396
   0.69362
   0.69267
   0.69318
   0.69523
   0.71045
   0.70152
   0.69523
   0.69488
   0.69498
   0.69313
   0.69528
   0.69128
   0.69360
   0.69238
   0.69088
   0.69180
   0.69026
   0.69036
   0.68925
   0.68933
   0.68904
   0.69203
   0.69172
   0.69139
   0.69100
   0.69121
   0.69055
   0.69072
   0.69116
   0.69204
   0.69240
   0.69454
   0.69792
   0.69989
   0.70614
   0.72468
   0.74002
   0.74126
   0.73653
   0.73674
   0.73277
   0.72794
   0.72104
   0.71522
   0.70903
   0.70204
   0.69478
   0.68627
   0.67717
   0.66799
   0.65813
   0.64865
   0.63958
   0.63076
   0.62264
   0.61450
   0.60711
   0.60038
   0.59409
   0.58822
   0.58241
   0.57652
   0.57036
   0.56360
   0.55666
   0.54944
   0.54232
   0.53511
   0.52807
   0.52136
   0.51519
   0.50939
   0.50401
   0.49898
   0.49407
   0.48909
   0.48394
   0.47860
   0.47316
   0.46769
   0.46219
   0.45678
   0.45143
   0.44616
   0.44095
   0.43581
   0.43070
   0.42565
   0.42063
   0.41559
   0.41062
   0.40572
   0.40084
   0.39602
   0.39127
   0.38657
   0.38195
   0.37736
   0.37285
   0.36838
   0.36398
   0.35962
   0.35532
   0.35108
   0.34688
   0.34272
   0.33862
   0.33457
   0.33056
   0.32659
   0.32266
   0.31878
   0.31494
   0.31113
   0.30737
   0.30364
   0.29995
   0.29629
   0.29264
   0.28901
   0.28541
   0.28186
   0.27828
   0.27472
   0.27118
   0.26765
   0.26412
   0.26061
   0.25707
   0.25355
   0.25002
   0.24651
   0.24301
   0.23951
   0.23604
   0.23257
   0.22912
   0.22571
   0.22233
   0.21898
   0.21567
   0.21241
   0.20920
   0.20603
   0.20292
   0.19986
   0.19685
   0.19389
   0.19098
   0.18812
   0.18531
   0.18254
   0.17982
   0.17725
   0.17500
   0.17241
   0.16987
   0.16737
   0.16490
   0.16245
   0.16005
   0.15768
   0.15532
   0.15310
   0.15083
   0.14854
   0.14626
   0.14397
   0.14176
   0.13954
   0.13736
   0.13521
   0.13306
   0.13092
   0.12883
   0.12674
   0.12471
   0.12266
   0.12067
   0.11865
   0.11681
   0.11633
   0.11444
   0.11265
   0.11077
   0.10898
   0.10719
   0.10547
   0.10378
   0.10210
   0.10046
   0.09886
   0.09727
   0.09572
   0.09419
   0.09268
   0.09119
   0.08973
   0.08829
   0.08686
   0.08545
   0.08404
   0.08265
   0.08127
   0.07990
   0.07853
   0.07717
   0.07581
   0.07445
   0.07309
   0.07172
   0.07036
   0.06899
   0.06762
   0.06624
   0.06485
   0.06347
   0.06209
   0.06070
   0.05931
   0.05794
   0.05655
   0.05518
   0.05380
   0.05244
   0.05107
   0.04972
   0.04837
   0.04704
   0.04573
   0.04443
   0.04314
   0.04187
   0.04062
   0.03938
   0.03817
   0.03697
   0.03580
   0.03465
   0.03353
   0.03243
   0.03136
   0.03031
   0.02929
   0.02830
   0.02734
   0.02641
   0.02550
   0.02463
   0.02379
   0.02297
   0.02218
   0.02142
   0.02069
   0.01999
   0.01931
   0.01866
   0.01803
   0.01742
   0.01683
   0.01626
   0.01570
   0.01515
   0.01460
   0.01403
   0.01345
   0.01284
   0.01217
   0.01147
   0.01070
   0.00994
   0.00923
   0.00877
   0.00875
   0.00987
   0.00792
   0.00925
   0.01074
   0.01005
   0.01003
   0.01021
   0.00970
   0.00609
   0.01197
   0.00572
   0.01743
   0.00619
   0.01018
   0.01440
   0.01757
   0.01585
   0.01795
   0.01594
   0.01856
   0.01598
   0.02020
   0.01668
   0.02548
   0.01911
   0.03338
   0.02700
   0.05750
   0.02684
   0.01323
   0.00355
   0.02039
   0.02944
   0.00332
   0.00338
   0.01084
   0.05479
   0.02352
   0.13908
   0.09722
   0.00321
   0.00336
   0.00348
   0.00355
   0.00355
   0.00350
   0.00342
   0.00333
   0.00323
   0.00313
   0.00303
   0.00294
   0.00285
   0.00277
   0.00270
   0.00263
   0.00256
   0.00250
   0.00244
   0.00239
   0.00234
   0.00230
   0.00226
   0.00222
   0.00218
   0.00215
   0.00212
   0.00209
   0.00206
   0.00204
   0.00202
   0.00201
   0.00202
   0.00207
   0.00193
   0.00202
   0.00362
   0.00616
   0.00376
   0.00271
   0.00279
   0.00288
   0.00304
   0.00325
   0.00335
   0.00310
   0.00264
   0.00222
   0.00199
   0.00197
   0.00197
   0.00207
   0.00194
   0.00547
   0.00337
   0.00310
   0.00301
   0.00290
   0.00280
   0.00270
   0.00261
   0.00252
   0.00243
   0.00234
   0.00226
   0.00218
   0.00211
   0.00204
   0.00197
   0.00190
   0.00184
   0.00178
   0.00173
   0.00167
   0.00162
   0.00157
   0.00153
   0.00148
   0.00144
   0.00140
   0.00137
   0.00133
   0.00130
   0.00127
   0.00124
   0.00122
   0.00119
   0.00117
   0.00115
   0.00113
   0.00112
   0.00110
   0.00108
   0.00107
   0.00106
   0.00105
   0.00104
   0.00103
   0.00102
   0.00102
   0.00101
   0.00102
   0.00103
   0.00106
   0.00116
   0.00095
   0.00108
   0.00092
   0.00105
   0.00086
   0.00095
   0.00082
   0.00086
   0.00079
   0.00079
   0.00076
   0.00074
   0.00073
   0.00072
   0.00072
   0.00079
   0.00265
   0.00062
   0.00078
   0.00422
   0.00065
   0.00231
   0.00086
   0.00673
   0.00076
   0.00062
   0.00062
   0.00061
   0.00061
   0.00060
   0.00060
   0.00059
   0.00059
   0.00059
   0.00059
   0.00058
   0.00058
   0.00058
   0.00059
   0.00059
   0.00059
   0.00059
   0.00059
   0.00060
   0.00060
   0.00060
   0.00060
   0.00061
   0.00061
   0.00063
   0.00064
   0.00068
   0.00075
   0.00092
   0.00091
   0.00080
   0.00077
   0.00075
   0.00081
   0.00052
   0.00081
   0.00108
   0.00067
   0.00049
   0.00161
