   0.63400
   0.63023
   0.62941
   0.63021
   0.63156
   0.63316
   0.63402
   0.63531
   0.63624
   0.63614
   0.63653
   0.63651
   0.63584
   0.63557
   0.63503
   0.63405
   0.63378
   0.63316
   0.63244
   0.63164
   0.63072
   0.62988
   0.62870
   0.62820
   0.62756
   0.62619
   0.62550
   0.62465
   0.62378
   0.62263
   0.62175
   0.62026
   0.61958
   0.61824
   0.61748
   0.61630
   0.61475
   0.61397
   0.61191
   0.61116
   0.60981
   0.60858
   0.60757
   0.60582
   0.60471
   0.60306
   0.60173
   0.60003
   0.59847
   0.59683
   0.59526
   0.59371
   0.59201
   0.59031
   0.58867
   0.58676
   0.58510
   0.58338
   0.58171
   0.58011
   0.57798
   0.57637
   0.57447
   0.57263
   0.57107
   0.56968
   0.56890
   0.56370
   0.55760
   0.55303
   0.54896
   0.54549
   0.54201
   0.53854
   0.53510
   0.53164
   0.52817
   0.52452
   0.52096
   0.51738
   0.51378
   0.51014
   0.50648
   0.50278
   0.49906
   0.49528
   0.49150
   0.48768
   0.48382
   0.47994
   0.47603
   0.47209
   0.46813
   0.46412
   0.46010
   0.45606
   0.45204
   0.44797
   0.44404
   0.43975
   0.43590
   0.43165
   0.42751
   0.42344
   0.41932
   0.41516
   0.41105
   0.40697
   0.40282
   0.39874
   0.39467
   0.39062
   0.38664
   0.38268
   0.37879
   0.37486
   0.37097
   0.36714
   0.36336
   0.35959
   0.35590
   0.35222
   0.34865
   0.34510
   0.34160
   0.33818
   0.33485
   0.33165
   0.32859
   0.32534
   0.32231
   0.31926
   0.31637
   0.31351
   0.31076
   0.30809
   0.30542
   0.30298
   0.30053
   0.29821
   0.29601
   0.29384
   0.29184
   0.28992
   0.28801
   0.28615
   0.28424
   0.28244
   0.28063
   0.27869
   0.27662
   0.27453
   0.27215
   0.26979
   0.26710
   0.26431
   0.26127
   0.25816
   0.25478
   0.25129
   0.24787
   0.24430
   0.24082
   0.23741
   0.23397
   0.23052
   0.22718
   0.22386
   0.22054
   0.21734
   0.21415
   0.21089
   0.20782
   0.20471
   0.20158
   0.19857
   0.19551
   0.19255
   0.18954
   0.18658
   0.18364
   0.18072
   0.17784
   0.17495
   0.17191
   0.16932
   0.16630
   0.16372
   0.16091
   0.15815
   0.15543
   0.15277
   0.15020
   0.14752
   0.14501
   0.14249
   0.13989
   0.13748
   0.13498
   0.13264
   0.13015
   0.12791
   0.12559
   0.12342
   0.12108
   0.11891
   0.11689
   0.11348
   0.10808
   0.10815
   0.10546
   0.10336
   0.10115
   0.09908
   0.09716
   0.09525
   0.09336
   0.09150
   0.08978
   0.08799
   0.08626
   0.08458
   0.08292
   0.08131
   0.07973
   0.07808
   0.07673
   0.07511
   0.07374
   0.07223
   0.07094
   0.06950
   0.06821
   0.06682
   0.06561
   0.06426
   0.06308
   0.06188
   0.06067
   0.05951
   0.05836
   0.05725
   0.05610
   0.05501
   0.05395
   0.05292
   0.05189
   0.05094
   0.04994
   0.04899
   0.04803
   0.04709
   0.04620
   0.04530
   0.04443
   0.04356
   0.04271
   0.04189
   0.04109
   0.04028
   0.03951
   0.03873
   0.03800
   0.03728
   0.03658
   0.03587
   0.03517
   0.03448
   0.03380
   0.03314
   0.03250
   0.03186
   0.03124
   0.03064
   0.03004
   0.02945
   0.02887
   0.02831
   0.02775
   0.02724
   0.02664
   0.02619
   0.02563
   0.02516
   0.02462
   0.02413
   0.02371
   0.02319
   0.02278
   0.02229
   0.02187
   0.02142
   0.02098
   0.02059
   0.02019
   0.01977
   0.01937
   0.01900
   0.01862
   0.01825
   0.01788
   0.01753
   0.01717
   0.01684
   0.01649
   0.01616
   0.01584
   0.01553
   0.01521
   0.01490
   0.01461
   0.01432
   0.01403
   0.01375
   0.01347
   0.01320
   0.01294
   0.01267
   0.01241
   0.01217
   0.01192
   0.01168
   0.01145
   0.01122
   0.01100
   0.01077
   0.01056
   0.01034
   0.01014
   0.00993
   0.00973
   0.00954
   0.00935
   0.00916
   0.00898
   0.00880
   0.00863
   0.00846
   0.00829
   0.00813
   0.00798
   0.00782
   0.00768
   0.00753
   0.00740
   0.00725
   0.00713
   0.00701
   0.00685
   0.00675
   0.00662
   0.00650
   0.00638
   0.00625
   0.00615
   0.00604
   0.00593
   0.00584
   0.00572
   0.00560
   0.00548
   0.00539
   0.00528
   0.00518
   0.00509
   0.00500
   0.00490
   0.00481
   0.00470
   0.00462
   0.00453
   0.00444
   0.00436
   0.00428
   0.00419
   0.00411
   0.00403
   0.00395
   0.00387
   0.00380
   0.00372
   0.00365
   0.00359
   0.00351
   0.00345
   0.00337
   0.00330
   0.00325
   0.00318
   0.00311
   0.00305
   0.00299
   0.00293
   0.00288
   0.00281
   0.00276
   0.00270
   0.00265
   0.00259
   0.00255
   0.00250
   0.00245
   0.00240
   0.00235
   0.00231
   0.00226
   0.00222
   0.00217
   0.00213
   0.00208
   0.00204
   0.00200
   0.00196
   0.00192
   0.00187
   0.00184
   0.00180
   0.00176
   0.00173
   0.00169
   0.00166
   0.00162
   0.00159
   0.00155
   0.00152
   0.00148
   0.00145
   0.00143
   0.00140
   0.00137
   0.00134
   0.00130
   0.00128
   0.00126
   0.00122
   0.00120
   0.00118
   0.00115
   0.00113
   0.00110
   0.00109
   0.00106
   0.00104
   0.00101
   0.00100
   0.00097
   0.00096
   0.00093
   0.00092
   0.00090
   0.00089
   0.00086
   0.00084
   0.00083
   0.00081
   0.00079
   0.00078
   0.00076
   0.00075
   0.00073
   0.00071
   0.00070
   0.00068
   0.00067
   0.00065
   0.00064
   0.00062
   0.00061
   0.00060
   0.00058
   0.00057
   0.00056
   0.00055
   0.00054
   0.00052
   0.00051
   0.00050
   0.00049
   0.00048
   0.00047
   0.00046
   0.00045
   0.00044
   0.00043
   0.00042
   0.00041
   0.00040
   0.00039
   0.00039
   0.00038
   0.00037
   0.00036
   0.00035
   0.00035
   0.00034
   0.00033
   0.00032
   0.00032
   0.00031
   0.00030
   0.00030
   0.00029
   0.00029
   0.00028
   0.00028
   0.00027
   0.00026
   0.00026
   0.00025
   0.00025
   0.00024
   0.00024
   0.00023
   0.00023
   0.00022
   0.00022
   0.00021
   0.00021
   0.00020
   0.00020
   0.00020
   0.00019
   0.00019
   0.00018
   0.00018
   0.00018
   0.00018
   0.00019
   0.00027
   0.07061
   0.03194
   0.00043
   0.00037
   0.00033
   0.00036
   0.00035
   0.00034
   0.00034
   0.00034
   0.00034
   0.00034
   0.00034
   0.00034
   0.00034
   0.00034
   0.00033
   0.00033
   0.00033
   0.00033
   0.00033
   0.00033
   0.00033
   0.00033
   0.00032
   0.00032
   0.00032
   0.00032
   0.00032
   0.00032
   0.00032
   0.00032
   0.00031
   0.00031
   0.00031
   0.00031
   0.00031
   0.00031
   0.00031
   0.00030
   0.00030
   0.00030
   0.00030
   0.00030
   0.00030
   0.00030
   0.00030
   0.00029
   0.00029
   0.00029
   0.00029
   0.00029
   0.00029
   0.00029
   0.00028
   0.00028
   0.00028
   0.00028
   0.00028
   0.00028
   0.00028
   0.00027
   0.00027
   0.00027
   0.00027
   0.00027
   0.00027
   0.00027
   0.00026
   0.00026
   0.00026
   0.00026
   0.00026
   0.00026
   0.00026
   0.00025
   0.00025
   0.00025
   0.00025
   0.00025
   0.00025
   0.00025
   0.00025
   0.00024
   0.00024
   0.00024
   0.00024
   0.00024
   0.00024
   0.00024
   0.00024
   0.00023
   0.00023
   0.00023
   0.00023
   0.00023
   0.00023
   0.00023
   0.00023
   0.00022
   0.00022
   0.00022
   0.00022
   0.00022
   0.00022
   0.00022
   0.00022
   0.00022
   0.00021
   0.00021
   0.00021
   0.00021
   0.00021
   0.00021
   0.00021
   0.00020
   0.00020
   0.00020
   0.00020
   0.00020
   0.00020
   0.00020
   0.00019
   0.00019
   0.00019
   0.00019
   0.00019
   0.00019
   0.00018
   0.00018
   0.00018
   0.00018
   0.00018
   0.00018
   0.00017
   0.00017
   0.00017
   0.00017
   0.00017
   0.00017
   0.00017
   0.00016
   0.00016
   0.00016
   0.00016
   0.00016
   0.00016
   0.00015
   0.00015
   0.00015
   0.00015
   0.00015
   0.00015
   0.00015
   0.00015
   0.00014
   0.00014
   0.00014
   0.00014
   0.00014
   0.00014
   0.00014
   0.00013
   0.00013
   0.00013
   0.00013
   0.00013
   0.00013
   0.00013
   0.00013
   0.00012
   0.00012
   0.00012
   0.00012
   0.00012
   0.00012
   0.00012
   0.00012
   0.00012
   0.00011
   0.00011
   0.00011
   0.00011
   0.00011
   0.00011
   0.00011
   0.00011
   0.00011
   0.00010
   0.00010
   0.00010
   0.00010
   0.00010
   0.00010
   0.00010
   0.00010
   0.00010
   0.00010
   0.00009
   0.00009
   0.00009
   0.00009
   0.00009
   0.00009
   0.00009
   0.00009
   0.00009
   0.00009
   0.00008
   0.00008
   0.00008
   0.00008
   0.00008
   0.00008
   0.00008
   0.00008
   0.00008
   0.00008
   0.00007
   0.00007
   0.00007
   0.00007
   0.00007
   0.00007
   0.00007
   0.00007
   0.00007
   0.00007
   0.00007
   0.00006
   0.00006
   0.00006
   0.00006
   0.00006
   0.00006
   0.00006
   0.00006
   0.00006
   0.00006
   0.00006
   0.00006
   0.00005
   0.00005
   0.00005
   0.00005
   0.00005
   0.00005
   0.00005
   0.00005
   0.00005
   0.00005
   0.00005
   0.00005
   0.00005
   0.00004
   0.00004
   0.00004
   0.00004
   0.00004
   0.00004
   0.00004
   0.00004
   0.00004
   0.00004
   0.00004
   0.00004
   0.00004
   0.00004
   0.00004
   0.00003
   0.00003
   0.00003
   0.00003
   0.00003
   0.00003
   0.00003
   0.00003
   0.00003
   0.00003
   0.00003
   0.00003
   0.00003
   0.00003
   0.00003
   0.00003
   0.00003
   0.00003
   0.00003
   0.00003
   0.00002
   0.00002
   0.00002
   0.00002
   0.00002
   0.00002
   0.00002
   0.00002
   0.00002
   0.00002
   0.00002
   0.00002
   0.00002
   0.00002
   0.00002
   0.00002
   0.00002
   0.00002
   0.00002
   0.00002
   0.00002
   0.00002
   0.00002
   0.00002
   0.00002
   0.00002
   0.00002
   0.00002
   0.00002
   0.00001
   0.00001
   0.00001
   0.00001
   0.00001
   0.00001
   0.00001
   0.00001
   0.00001
   0.00001
   0.00001
   0.00001
   0.00001
   0.00001
   0.00001
   0.00001
   0.00001
   0.00001
   0.00001
   0.00001
   0.00001
   0.00001
   0.00001
   0.00001
   0.00001
   0.00001
   0.00001
   0.00001
   0.00001
   0.00001
   0.00001
   0.00001
   0.00001
   0.00001
   0.00001
   0.00001
   0.00001
   0.00001
   0.00001
   0.00001
   0.00001
   0.00001
   0.00001
   0.00001
   0.00001
   0.00001
   0.00001
   0.00001
   0.00001
   0.00001
   0.00001
   0.00001
   0.00001
   0.00001
   0.00001
   0.00001
   0.00001
   0.00001
   0.00001
   0.00001
   0.00000
   0.00000
   0.00000
   0.00000
   0.00000
   0.00000
   0.00000
   0.00000
   0.00000
   0.00000
   0.00000
   0.00000
   0.00000
   0.00000
   0.00000
   0.00000
   0.00000
   0.00000
   0.00000
   0.00000
   0.00000
   0.00000
   0.00000
   0.00000
   0.00000
   0.00000
   0.00000
   0.00000
   0.00000
   0.00000
   0.00000
   0.00000
   0.00000
   0.00000
   0.00000
   0.00000
   0.00000
   0.00000
   0.00000
   0.00000
   0.00000
   0.00000
   0.00000
   0.00000
   0.00000
   0.00000
   0.00000
   0.00000
   0.00000
   0.00000
   0.00000
   0.00000
   0.00000
   0.00000
   0.00000
   0.00000
   0.00000
   0.00000
   0.00000
   0.00000
   0.00000
   0.00000
   0.00000
   0.00000
   0.00000
   0.00000
   0.00000
   0.00000
   0.00000
   0.00000
   0.00000
   0.00000
   0.00000
   0.00000
   0.00000
   0.00000
   0.00000
   0.00000
   0.00000
   0.00000
   0.00000
   0.00000
   0.00000
   0.00000
   0.00000
   0.00000
   0.00000
   0.00000
   0.00000
   0.00000
   0.00000
   0.00000
   0.00000
