   0.67029
   0.66229
   0.66328
   0.66024
   0.66000
   0.66061
   0.66032
   0.66023
   0.65990
   0.66071
   0.65958
   0.65995
   0.66071
   0.65928
   0.65970
   0.66006
   0.65844
   0.65861
   0.65855
   0.65753
   0.65752
   0.65813
   0.65793
   0.65801
   0.65665
   0.65667
   0.65668
   0.65633
   0.65520
   0.65445
   0.65442
   0.65410
   0.65374
   0.65348
   0.65303
   0.65264
   0.65189
   0.65123
   0.65057
   0.65003
   0.64827
   0.64791
   0.64704
   0.64588
   0.64604
   0.64382
   0.64160
   0.63924
   0.63651
   0.63288
   0.62947
   0.62603
   0.62244
   0.61827
   0.61378
   0.60813
   0.60314
   0.59852
   0.59312
   0.58744
   0.58137
   0.57492
   0.56831
   0.56170
   0.55506
   0.54846
   0.54196
   0.53564
   0.52950
   0.52346
   0.51743
   0.51130
   0.50497
   0.49851
   0.49197
   0.48540
   0.47901
   0.47265
   0.46645
   0.46041
   0.45455
   0.44878
   0.44318
   0.43759
   0.43209
   0.42676
   0.42148
   0.41630
   0.41117
   0.40624
   0.40141
   0.39676
   0.39224
   0.38789
   0.38370
   0.37965
   0.37573
   0.37194
   0.36829
   0.36475
   0.36135
   0.35803
   0.35483
   0.35170
   0.34867
   0.34572
   0.34285
   0.34005
   0.33730
   0.33461
   0.33198
   0.32940
   0.32686
   0.32437
   0.32192
   0.31951
   0.31714
   0.31479
   0.31247
   0.31018
   0.30792
   0.30568
   0.30347
   0.30127
   0.29910
   0.29694
   0.29479
   0.29266
   0.29054
   0.28844
   0.28633
   0.28424
   0.28216
   0.28009
   0.27803
   0.27595
   0.27389
   0.27184
   0.26979
   0.26772
   0.26568
   0.26362
   0.26158
   0.25951
   0.25746
   0.25539
   0.25333
   0.25125
   0.24919
   0.24709
   0.24502
   0.24291
   0.24082
   0.23871
   0.23662
   0.23450
   0.23238
   0.23027
   0.22813
   0.22600
   0.22386
   0.22171
   0.21957
   0.21742
   0.21528
   0.21312
   0.21097
   0.20885
   0.20670
   0.20456
   0.20245
   0.20032
   0.19822
   0.19613
   0.19405
   0.19198
   0.18992
   0.18789
   0.18587
   0.18388
   0.18191
   0.17996
   0.17803
   0.17613
   0.17425
   0.17240
   0.17057
   0.16877
   0.16699
   0.16523
   0.16350
   0.16178
   0.16008
   0.15839
   0.15671
   0.15504
   0.15337
   0.15171
   0.15004
   0.14837
   0.14670
   0.14503
   0.14335
   0.14167
   0.13999
   0.13830
   0.13661
   0.13493
   0.13325
   0.13158
   0.12992
   0.12827
   0.12663
   0.12501
   0.12340
   0.12181
   0.12023
   0.11868
   0.11714
   0.11562
   0.11412
   0.11264
   0.11118
   0.10974
   0.10831
   0.10690
   0.10551
   0.10414
   0.10278
   0.10144
   0.10012
   0.09882
   0.09753
   0.09625
   0.09500
   0.09376
   0.09253
   0.09132
   0.09013
   0.08896
   0.08780
   0.08665
   0.08552
   0.08441
   0.08331
   0.08222
   0.08114
   0.08007
   0.07900
   0.07794
   0.07688
   0.07583
   0.07477
   0.07370
   0.07263
   0.07155
   0.07046
   0.06935
   0.06824
   0.06710
   0.06596
   0.06480
   0.06362
   0.06244
   0.06124
   0.06004
   0.05883
   0.05763
   0.05642
   0.05522
   0.05402
   0.05284
   0.05167
   0.05052
   0.04938
   0.04826
   0.04717
   0.04610
   0.04506
   0.04404
   0.04306
   0.04211
   0.04121
   0.04034
   0.03953
   0.03879
   0.03811
   0.03754
   0.03708
   0.03679
   0.03670
   0.03687
   0.03738
   0.03838
   0.04007
   0.04277
   0.04680
   0.05211
   0.05783
   0.06260
   0.06592
   0.06856
   0.07115
   0.07360
   0.07572
   0.07731
   0.07825
   0.07846
   0.07797
   0.07699
   0.07576
   0.07433
   0.07260
   0.07027
   0.06757
   0.06584
   0.06485
   0.06399
   0.06299
   0.06092
   0.05835
   0.05432
   0.04517
   0.04393
   0.04456
   0.04501
   0.04500
   0.04420
   0.04287
   0.04157
   0.04055
   0.03967
   0.03880
   0.03790
   0.03699
   0.03607
   0.03516
   0.03425
   0.03335
   0.03246
   0.03157
   0.03069
   0.02982
   0.02896
   0.02811
   0.02727
   0.02644
   0.02563
   0.02483
   0.02404
   0.02327
   0.02252
   0.02178
   0.02106
   0.02036
   0.01968
   0.01901
   0.01835
   0.01772
   0.01710
   0.01649
   0.01590
   0.01532
   0.01475
   0.01421
   0.01367
   0.01316
   0.01267
   0.01220
   0.01176
   0.01134
   0.01095
   0.01059
   0.01026
   0.00998
   0.00973
   0.00956
   0.00947
   0.00954
   0.00989
   0.01058
   0.01012
   0.01166
   0.00781
   0.00719
   0.00680
   0.00645
   0.00614
   0.00802
   0.00601
   0.01202
   0.01224
   0.00254
   0.00314
   0.00358
   0.00368
   0.00291
   0.00361
   0.00354
   0.00364
   0.00342
   0.00341
   0.00337
   0.00343
   0.00313
   0.00319
   0.00317
   0.00319
   0.00295
   0.00298
   0.00283
   0.00294
   0.00275
   0.00275
   0.00258
   0.00270
   0.00254
   0.00258
   0.00214
   0.00241
   0.00182
   0.00216
   0.00175
   0.00203
   0.00181
   0.00168
   0.00187
   0.00148
   0.00170
   0.00157
   0.00137
   0.00138
   0.00132
   0.00130
   0.00126
   0.00122
   0.00119
   0.00117
   0.00114
   0.00112
   0.00110
   0.00107
   0.00105
   0.00103
   0.00102
   0.00100
   0.00098
   0.00097
   0.00096
   0.00094
   0.00093
   0.00091
   0.00090
   0.00088
   0.00796
   0.00093
   0.00104
   0.00094
   0.00085
   0.00080
   0.00077
   0.00077
   0.00083
   0.00150
   0.00148
   0.00135
   0.00125
   0.00114
   0.00103
   0.00094
   0.00085
   0.00078
   0.00073
   0.00070
   0.00070
   0.00074
   0.00213
   0.00089
   0.00086
   0.00089
   0.00093
   0.00097
   0.00101
   0.00101
   0.00097
   0.00117
   0.00116
   0.00124
   0.00133
   0.00142
   0.00147
   0.00149
   0.00148
   0.00145
   0.00140
   0.00133
   0.00125
   0.00117
   0.00108
   0.00100
