   0.70425
   0.70917
   0.70530
   0.70865
   0.71031
   0.71269
   0.72202
   0.72395
   0.72590
   0.72911
   0.72771
   0.73010
   0.73358
   0.73247
   0.73366
   0.73641
   0.73192
   0.73368
   0.73205
   0.73302
   0.73217
   0.72815
   0.72780
   0.72193
   0.72323
   0.71686
   0.71950
   0.72376
   0.72511
   0.72689
   0.72909
   0.73205
   0.73929
   0.74513
   0.75184
   0.75907
   0.76668
   0.77487
   0.78527
   0.79628
   0.80905
   0.82379
   0.84071
   0.86650
   0.88635
   0.90727
   0.92973
   0.95349
   0.97687
   1.00179
   1.02496
   1.05025
   1.07265
   1.09429
   1.11533
   1.13634
   1.15746
   1.17704
   1.19495
   1.21853
   1.23404
   1.25169
   1.26677
   1.28073
   1.29433
   1.30588
   1.31944
   1.33720
   1.34481
   1.35024
   1.35249
   1.35598
   1.35576
   1.35429
   1.35041
   1.34276
   1.33170
   1.31807
   1.30737
   1.29118
   1.27280
   1.25094
   1.22541
   1.19847
   1.16840
   1.13827
   1.10533
   1.06848
   1.03119
   0.99382
   0.95317
   0.91415
   0.87046
   0.82612
   0.78385
   0.74253
   0.69619
   0.65557
   0.61678
   0.57702
   0.54467
   0.51910
   0.49630
   0.47932
   0.46276
   0.44533
   0.43315
   0.42872
   0.43256
   0.43400
   0.43304
   0.42397
   0.40371
   0.36441
   0.29559
   0.21308
   0.15674
   0.13124
   0.11936
   0.11200
   0.10945
   0.11395
   0.11346
   0.10186
   0.09053
   0.07705
   0.09222
   0.06972
   0.05562
   0.04984
   0.07316
   0.05017
   0.02884
   0.02029
   0.01684
   0.07510
   0.27683
   0.04413
   0.69071
   0.02061
   1.13701
   0.05514
   1.02518
   0.03223
   1.04915
   0.93042
   0.91007
   0.60343
   0.71951
   0.37830
   0.00538
   0.00484
   0.01255
   0.01134
   0.13662
   0.03245
   0.00654
   0.00728
   0.00434
   0.00481
   0.06041
   0.12615
   0.02697
   0.00272
   0.01080
   0.00283
   0.01080
   0.03648
   0.00886
   0.00330
   0.01168
   0.00559
   0.01685
   0.01638
   0.01173
   0.01209
   0.00855
   0.02298
   0.02102
   0.00536
   0.02591
   0.02116
   0.05229
   0.03444
   0.03008
   0.03201
   0.00572
   0.01062
   0.00279
   0.01737
   0.01592
   0.02586
   0.00287
   0.00807
   0.00425
   0.01787
   0.01341
   0.01565
   0.03701
   0.01979
   0.02122
   0.00675
   0.00991
   0.00835
   0.01896
   0.00777
   0.01487
   0.00878
   0.00593
   0.03024
   0.04426
   0.01066
   0.01370
   0.00537
   0.01561
   0.01272
   0.00651
   0.22452
   0.21862
   0.20604
   0.19237
   0.17773
   0.16297
   0.14878
   0.13576
   0.12371
   0.11301
   0.10386
   0.09679
   0.09270
   0.09355
   0.10495
   0.12941
   0.15681
   0.23525
   0.42053
   0.39801
   0.35139
   0.27075
   0.20217
   0.15148
   0.11283
   0.08398
   0.06469
   0.04883
   0.03812
   0.02868
   0.16651
   0.00719
   0.04510
   0.01109
   0.01928
   0.00913
   0.02795
   0.00557
   0.03946
   0.00648
   0.01178
   0.03980
   0.02104
   0.04215
   0.02018
   0.01597
   0.03661
   0.50350
   0.00326
   0.03267
   0.01130
   0.02600
   0.03330
   0.01534
   0.02855
   0.01383
   0.00567
   0.00560
   0.02315
   0.00995
   0.02358
   0.00733
   0.03049
   0.02511
   0.02205
   0.02102
   0.01776
   0.01289
   0.02350
   0.00971
   0.01924
   0.00684
   0.01955
   0.02457
   0.01531
   0.01766
   0.01955
   0.02339
   0.02921
   0.01715
   0.01522
   0.01467
   0.00747
   0.00734
   0.01427
   0.01879
   0.01109
   0.01107
   0.00666
   0.00610
   0.01459
   0.01473
   0.00375
   0.00621
   0.00532
   0.01667
   0.00555
   0.01348
   0.00249
   0.01494
   0.00274
   0.01640
   0.00789
   0.00343
   0.00287
   0.00397
   0.00800
   0.00434
   0.00231
   0.00266
   0.00168
   0.00399
   0.00106
   0.00144
   0.00621
   0.00332
   0.01160
   0.00124
   0.00129
   0.00252
   0.00140
   0.00670
   0.00272
   0.00209
   0.00169
   0.00145
   0.00443
   0.69991
   0.71119
   0.71444
   0.71537
   0.71564
   0.71572
   0.71575
   0.71575
   0.71575
   0.71575
   0.71575
   0.71575
   0.71575
   0.71575
   0.71575
   0.71575
   0.71575
   0.71575
   0.71575
   0.71575
   0.71575
   0.71574
   0.71574
   0.71574
   0.71574
   0.71574
   0.71574
   0.71574
   0.71574
   0.71574
   0.71574
   0.71574
   0.71574
   0.71574
   0.71574
   0.71574
   0.71574
   0.71574
   0.71574
   0.71574
   0.71573
   0.71573
   0.71573
   0.71573
   0.71573
   0.71573
   0.71573
   0.71573
   0.71573
   0.71573
   0.71573
   0.71573
   0.71573
   0.71573
   0.71573
   0.71573
   0.71573
   0.71573
   0.71573
   0.71573
   0.71573
   0.71573
   0.71573
   0.71573
   0.71573
   0.71573
   0.71573
   0.71573
   0.71573
   0.71573
   0.71573
   0.71573
   0.71573
   0.71573
   0.71573
   0.71573
   0.71573
   0.71573
   0.71573
   0.71573
   0.71573
   0.71573
   0.71573
   0.71573
   0.71573
   0.71573
   0.71573
   0.71573
   0.71573
   0.71573
   0.71573
   0.71573
   0.71573
   0.71573
   0.71573
   0.71573
   0.71572
   0.71572
   0.71572
   0.71572
   0.71572
   0.71572
   0.71572
   0.71572
   0.71572
   0.71572
   0.71572
   0.71572
   0.71572
   0.71572
   0.71572
   0.71572
   0.71572
   0.71572
   0.71572
   0.71572
   0.71572
   0.71572
   0.71572
   0.71572
   0.71572
   0.71572
   0.71572
   0.71572
   0.71572
   0.71572
   0.71572
   0.71572
   0.71572
   0.71572
   0.71572
   0.71572
   0.71572
   0.71572
   0.71572
   0.71572
   0.71572
   0.71572
   0.71572
   0.71572
   0.71572
   0.71572
   0.71571
   0.71571
   0.71571
   0.71571
   0.71571
   0.71571
   0.71571
   0.71571
   0.71571
   0.71571
   0.71571
   0.71571
   0.71571
   0.71571
   0.71571
   0.71571
   0.71571
   0.71571
   0.71571
   0.71571
   0.71571
   0.71571
   0.71571
   0.71571
   0.71571
   0.71571
   0.71571
   0.71571
   0.71571
   0.71571
   0.71571
   0.71571
   0.71571
   0.71571
   0.71571
   0.71571
   0.71571
   0.71571
   0.71571
   0.71571
   0.71571
   0.71571
   0.71571
   0.71570
   0.71570
   0.71570
   0.71570
   0.71570
   0.71570
   0.71570
   0.71570
   0.71570
   0.71570
   0.71570
   0.71570
   0.71570
   0.71570
   0.71570
   0.71570
   0.71570
   0.71570
   0.71570
   0.71570
   0.71570
   0.71570
   0.71570
   0.71570
   0.71570
   0.71570
   0.71570
   0.71570
   0.71570
   0.71570
   0.71570
   0.71570
   0.71570
   0.71570
   0.71570
   0.71570
   0.71570
   0.71570
   0.71570
   0.71570
   0.71570
   0.71570
   0.71570
   0.71570
   0.71570
   0.71570
   0.71570
   0.71570
   0.71570
   0.71570
   0.71570
   0.71570
   0.71570
   0.71570
   0.71570
   0.71570
   0.71570
   0.71570
   0.71570
   0.71570
   0.71570
   0.71570
   0.71570
   0.71570
   0.71570
   0.71570
   0.71570
   0.71570
   0.71570
   0.71570
   0.71570
   0.71570
   0.71570
   0.71570
   0.71570
   0.71570
   0.71570
   0.71570
   0.71570
   0.71570
   0.71570
   0.71570
   0.71570
   0.71570
   0.71570
   0.71570
   0.71570
   0.71570
   0.71570
   0.71570
   0.71570
   0.71570
   0.71570
   0.71570
   0.71570
   0.71569
   0.71569
   0.71569
   0.71569
   0.71569
   0.71569
   0.71569
   0.71569
   0.71569
   0.71569
   0.71569
   0.71569
   0.71569
   0.71569
   0.71569
   0.71569
   0.71569
   0.71569
   0.71569
   0.71569
   0.71569
   0.71569
   0.71569
   0.71569
   0.71569
   0.71569
   0.71569
   0.71569
   0.71569
   0.71569
   0.71569
   0.71569
   0.71569
   0.71569
   0.71569
   0.71569
   0.71569
   0.71569
   0.71569
   0.71569
   0.71569
   0.71569
   0.71569
   0.71569
   0.71569
   0.71569
   0.71569
   0.71569
   0.71569
   0.71569
   0.71569
   0.71569
   0.71569
   0.71569
   0.71569
   0.71569
   0.71569
   0.71569
   0.71569
   0.71569
   0.71569
   0.71569
   0.71569
   0.71569
   0.71569
   0.71569
   0.71569
   0.71569
   0.71569
   0.71569
   0.71569
   0.71569
   0.71569
   0.71569
   0.71569
   0.71569
   0.71569
   0.71569
   0.71569
   0.71569
   0.71569
   0.71569
   0.71569
   0.71569
   0.71569
   0.71569
   0.71569
   0.71569
   0.71569
   0.71569
   0.71569
   0.71569
   0.71569
   0.71569
   0.71568
   0.71568
   0.71568
   0.71568
   0.71568
   0.71568
   0.71568
   0.71568
   0.71568
   0.71568
   0.71568
   0.71568
   0.71568
   0.71568
   0.71568
   0.71568
   0.71568
   0.71568
   0.71568
   0.71568
   0.71568
   0.71568
   0.71568
   0.71568
   0.71568
   0.71568
   0.71568
   0.71568
   0.71568
   0.71568
   0.71568
   0.71568
   0.71568
   0.71568
   0.71568
   0.71568
   0.71568
   0.71568
   0.71568
   0.71568
   0.71568
   0.71568
   0.71568
   0.71568
   0.71568
   0.71568
   0.71568
   0.71568
   0.71568
   0.71568
   0.71568
   0.71568
   0.71568
   0.71568
   0.71568
   0.71568
   0.71568
   0.71568
   0.71568
   0.71568
   0.71568
   0.71568
   0.71568
   0.71568
   0.71568
   0.71568
   0.71568
   0.71568
   0.71568
   0.71568
   0.71568
   0.71568
   0.71568
   0.71568
   0.71568
   0.71568
   0.71568
   0.71568
   0.71568
   0.71568
   0.71568
   0.71568
   0.71568
   0.71568
   0.71568
   0.71568
   0.71568
   0.71568
   0.71568
   0.71568
   0.71567
   0.71567
   0.71567
   0.71567
   0.71567
   0.71567
   0.71567
   0.71567
   0.71567
   0.71567
   0.71567
   0.71567
   0.71567
   0.71567
   0.71567
   0.71567
   0.71567
   0.71567
   0.71567
   0.71567
   0.71567
   0.71567
   0.71567
   0.71567
   0.71567
   0.71567
   0.71567
   0.71567
   0.71567
   0.71567
   0.71567
   0.71567
   0.71567
   0.71567
   0.71567
   0.71567
   0.71567
   0.71567
   0.71567
   0.71567
   0.71567
   0.71567
   0.71567
   0.71567
   0.71567
   0.71567
   0.71567
   0.71567
   0.71567
   0.71567
   0.71567
   0.71567
   0.71567
   0.71567
   0.71567
   0.71567
   0.71567
   0.71567
   0.71567
   0.71567
   0.71567
   0.71567
   0.71567
   0.71567
   0.71567
   0.71567
   0.71567
   0.71567
   0.71567
   0.71567
   0.71567
   0.71567
   0.71567
   0.71567
   0.71567
   0.71567
   0.71567
   0.71567
   0.71567
   0.71567
   0.71567
   0.71567
   0.71567
   0.71567
   0.71567
   0.71567
   0.71567
   0.71566
   0.71566
   0.71566
   0.71566
   0.71566
   0.71566
   0.71566
   0.71566
   0.71566
   0.71566
   0.71566
   0.71566
   0.71566
   0.71566
   0.71566
   0.71566
   0.71566
   0.71566
   0.71566
   0.71566
   0.71566
   0.71566
   0.71566
   0.71566
   0.71566
   0.71566
   0.71566
   0.71566
   0.71566
   0.71566
   0.71566
   0.71566
   0.71566
   0.71566
   0.71566
   0.71566
   0.71566
   0.71566
   0.71566
   0.71566
   0.71566
   0.71566
   0.71566
   0.71566
   0.71566
   0.71566
   0.71566
   0.71566
   0.71566
   0.71566
   0.71566
   0.71566
   0.71566
   0.71566
   0.71566
   0.71566
   0.71566
   0.71566
   0.71566
   0.71566
   0.71566
   0.71566
   0.71566
   0.71566
   0.71566
   0.71566
   0.71566
   0.71566
   0.71566
   0.71566
   0.71566
   0.71566
   0.71566
   0.71566
   0.71566
   0.71566
   0.71566
   0.71566
   0.71566
   0.71566
   0.71566
   0.71565
   0.71565
   0.71565
   0.71565
   0.71565
   0.71565
   0.71565
   0.71565
   0.71565
   0.71565
   0.71565
   0.71565
   0.71565
   0.71565
   0.71565
   0.71565
   0.71565
   0.71565
   0.71565
   0.71565
   0.71565
   0.71565
   0.71565
   0.71565
