   0.78458
   0.80015
   0.78473
   0.78003
   0.79059
   0.78286
   0.76970
   0.76267
   0.75548
   0.74780
   0.74146
   0.73501
   0.73618
   0.75450
   0.73225
   0.72590
   0.70865
   0.73624
   0.71074
   0.70806
   0.70218
   0.70075
   0.69931
   0.71652
   0.71657
   0.71878
   0.71291
   0.71267
   0.71342
   0.71444
   0.71704
   0.72048
   0.72329
   0.73048
   0.73225
   0.73670
   0.73995
   0.74149
   0.74360
   0.73912
   0.73895
   0.73543
   0.72955
   0.72103
   0.71322
   0.70323
   0.69310
   0.68251
   0.66807
   0.65780
   0.64620
   0.63783
   0.62777
   0.62210
   0.61466
   0.60722
   0.59861
   0.58916
   0.57930
   0.56973
   0.56068
   0.55279
   0.54629
   0.54076
   0.53469
   0.52710
   0.51900
   0.51108
   0.50374
   0.49668
   0.48968
   0.48304
   0.47658
   0.47060
   0.46504
   0.45924
   0.45398
   0.44892
   0.44408
   0.43891
   0.43409
   0.42931
   0.42434
   0.41913
   0.41381
   0.40850
   0.40286
   0.39621
   0.39067
   0.38384
   0.37699
   0.36990
   0.36284
   0.35569
   0.34878
   0.34194
   0.33582
   0.32962
   0.32345
   0.31765
   0.31153
   0.30635
   0.30095
   0.29632
   0.29182
   0.28766
   0.28322
   0.27859
   0.27504
   0.27136
   0.26752
   0.26385
   0.26071
   0.25776
   0.25414
   0.25092
   0.24811
   0.24554
   0.24225
   0.24006
   0.23721
   0.23463
   0.23205
   0.23074
   0.22821
   0.22508
   0.22301
   0.22039
   0.21696
   0.21477
   0.21307
   0.20899
   0.20676
   0.20389
   0.20196
   0.19890
   0.19661
   0.19361
   0.19361
   0.18955
   0.18811
   0.18471
   0.18384
   0.17971
   0.17650
   0.17272
   0.17032
   0.16844
   0.16443
   0.16203
   0.15886
   0.15621
   0.15310
   0.15078
   0.14778
   0.14509
   0.14254
   0.14043
   0.13750
   0.13582
   0.13202
   0.13134
   0.12778
   0.12656
   0.12431
   0.12243
   0.11991
   0.11775
   0.11611
   0.11391
   0.11228
   0.10983
   0.10827
   0.10632
   0.10475
   0.10344
   0.10146
   0.09961
   0.09397
   0.09600
   0.09180
   0.09312
   0.09110
   0.09026
   0.08939
   0.08704
   0.08541
   0.08363
   0.08154
   0.07674
   0.07960
   0.07831
   0.07473
   0.07502
   0.07327
   0.07221
   0.06704
   0.06856
   0.06560
   0.06494
   0.05546
   0.06195
   0.05313
   0.04847
   0.05761
   0.03441
   0.03031
   0.02801
   0.02839
   0.02830
   0.02753
   0.01535
   0.01394
   0.01833
   0.01953
   0.01888
   0.01815
   0.01747
   0.01667
   0.01587
   0.01513
   0.01446
   0.01383
   0.01329
   0.01280
   0.01241
   0.01199
   0.01165
   0.01136
   0.01102
   0.01070
   0.01038
   0.00994
   0.00964
   0.00925
   0.00892
   0.00861
   0.00830
   0.00792
   0.00758
   0.00735
   0.00720
   0.00702
   0.00675
   0.00642
   0.00612
   0.00594
   0.00577
   0.00561
   0.00539
   0.00516
   0.00497
   0.00473
   0.00460
   0.00441
   0.00428
   0.00408
   0.00396
   0.00387
   0.00373
   0.00356
   0.00392
   0.00352
   0.00928
   0.00336
   1.09387
   0.01041
   0.00756
   0.01008
   0.00765
   0.00743
   0.00666
   0.00613
   0.00564
   0.00519
   0.00486
   0.00456
   0.00429
   0.00407
   0.00390
   0.00372
   0.00358
   0.00346
   0.00336
   0.00328
   0.00322
   0.00317
   0.00312
   0.00308
   0.00304
   0.00300
   0.00296
   0.00292
   0.00289
   0.00285
   0.00281
   0.00277
   0.00273
   0.00270
   0.00266
   0.00263
   0.00260
   0.00258
   0.00255
   0.00252
   0.00246
   0.00239
   0.00234
   0.00228
   0.00222
   0.00216
   0.00211
   0.00206
   0.00201
   0.00197
   0.00197
   0.00201
   0.00202
   0.00196
   0.00191
   0.00187
   0.00183
   0.00179
   0.00175
   0.00172
   0.00169
   0.00166
   0.00163
   0.00160
   0.00156
   0.00152
   0.00149
   0.00145
   0.00141
   0.00137
   0.00132
   0.00128
   0.00126
   0.00123
   0.00120
   0.00153
   0.34590
   0.22545
   0.19885
   0.19107
   0.17439
   0.17006
   0.16529
   0.16041
   0.15527
   0.15024
   0.14517
   0.14025
   0.13543
   0.13081
   0.12634
   0.12204
   0.11791
   0.11391
   0.11011
   0.10644
   0.10291
   0.09953
   0.09630
   0.09317
   0.09018
   0.08730
   0.08452
   0.08179
   0.07916
   0.07664
   0.07421
   0.07186
   0.06958
   0.06738
   0.06525
   0.06319
   0.06119
   0.05925
   0.05737
   0.05555
   0.05380
   0.05208
   0.05042
   0.04880
   0.04724
   0.04572
   0.04425
   0.04282
   0.04142
   0.04007
   0.03876
   0.03749
   0.03625
   0.03505
   0.03389
   0.03276
   0.03167
   0.03062
   0.02961
   0.02863
   0.02770
   0.02680
   0.02594
   0.02513
   0.02436
   0.02364
   0.02296
   0.02233
   0.02176
   0.02126
   0.02084
   0.02052
   0.02031
   0.01917
   0.01732
   0.05180
   0.02085
   0.02019
   0.02001
   0.01975
   0.01942
   0.01902
   0.01859
   0.01814
   0.01766
   0.01717
   0.01667
   0.01615
   0.01562
   0.01507
   0.01452
   0.01396
   0.01339
   0.01280
   0.01218
   0.01157
   0.01103
   0.01057
   0.01022
   0.00993
   0.00966
   0.00939
   0.00912
   0.00885
   0.00858
   0.00831
   0.00805
   0.00779
   0.00754
   0.00730
   0.00706
   0.00683
   0.00660
   0.00638
   0.00617
   0.00597
   0.00577
   0.00557
   0.00538
   0.00520
   0.00502
   0.00486
   0.00469
   0.00453
   0.00437
   0.00422
   0.00405
   0.00386
   0.00374
   0.00349
   0.00345
   0.03632
   0.00729
   0.00657
   0.00676
   0.00695
   0.00716
   0.00740
   0.00765
   0.00790
   0.00811
   0.00822
   0.00815
   0.00785
   0.00738
   0.00685
   0.00633
   0.00588
   0.00550
   0.00521
   0.00499
   0.00483
   0.00472
   0.00467
   0.00466
   0.00472
   0.00483
   0.00503
   0.00532
   0.00572
   0.00617
   0.00656
   0.00675
   0.00674
   0.00666
   0.00655
   0.00642
   0.00628
   0.00614
   0.00600
   0.00586
   0.00572
   0.00559
   0.00546
   0.00533
   0.00521
   0.00509
   0.00495
   0.00466
   0.00409
   0.00406
   0.00391
   0.00385
   0.00375
   0.00369
   0.00362
   0.00355
   0.00349
   0.00344
   0.00339
   0.00334
   0.00331
   0.00329
   0.00329
   0.00334
   0.00547
   0.00323
   0.00184
   0.00181
   0.00176
   0.00171
   0.00181
   0.44842
   0.13748
   0.01792
   0.01968
   0.01824
   0.01659
   0.01502
   0.01340
   0.01227
   0.01106
   0.00993
   0.00896
   0.00806
   0.00725
   0.00665
   0.00613
   0.00569
   0.00522
   0.00478
   0.00445
   0.00415
   0.00394
   0.00374
   0.00357
   0.00341
   0.00333
   0.00325
   0.00320
   0.00315
   0.00312
   0.00311
   0.00313
   0.00314
   0.00318
   0.00321
   0.00328
   0.00337
   0.00345
   0.00351
   0.00356
   0.00351
   0.00335
   0.00312
   0.00290
   0.00268
   0.00249
   0.00233
   0.00220
   0.00206
   0.00199
   0.00190
   0.00187
   0.00184
   0.00186
   0.00192
   0.00203
   0.00230
   0.00277
   0.00303
   0.00261
   0.00296
   0.00238
   0.00287
   0.00220
   0.00273
   0.00212
   0.00255
   0.00209
   0.00236
   0.00208
   0.00218
   0.00204
   0.00204
   0.00195
   0.00192
   0.00186
   0.00181
   0.00176
   0.00172
   0.00168
   0.00163
   0.00158
   0.00153
   0.00147
   0.00141
   0.00134
   0.00128
   0.00122
   0.00118
   0.00116
   0.00114
   0.00112
   0.00112
   0.00112
   0.00112
   0.00108
   0.00102
   0.00092
   0.00072
   0.00084
   0.00987
   0.00569
   0.00431
   0.00383
   0.00344
   0.00312
   0.00286
   0.00261
   0.00239
   0.00220
   0.00206
   0.00192
   0.00179
   0.00168
   0.00158
   0.00149
   0.00141
   0.00134
   0.00128
   0.00124
   0.00120
   0.00117
   0.00113
   0.00111
   0.00108
   0.00106
   0.00104
   0.00103
   0.00102
   0.00102
   0.00101
   0.00101
   0.00102
   0.00103
   0.00104
   0.00107
   0.00110
   0.00113
   0.00116
   0.00119
   0.00123
   0.00126
   0.00129
   0.00133
   0.00136
   0.00140
   0.00146
   0.00153
   0.00161
   0.00171
   0.00181
   0.00188
   0.00189
   0.00181
   0.00169
   0.00157
   0.00146
   0.00135
   0.00125
   0.00117
   0.00109
   0.00103
   0.00097
   0.00094
   0.00091
   0.00090
   0.00089
   0.00091
   0.00096
   0.00105
   0.00122
   0.00142
   0.00136
   0.00137
   0.00131
   0.00133
   0.00126
   0.00128
   0.00120
   0.00122
   0.00116
   0.00116
   0.00111
   0.00110
   0.00106
   0.00104
   0.00101
   0.00099
   0.00096
   0.00093
   0.00090
   0.00088
   0.00085
   0.00083
   0.00081
   0.00078
   0.00076
   0.00073
   0.00071
   0.00068
   0.00065
   0.00063
   0.00060
   0.00057
   0.00055
   0.00054
   0.00052
   0.00051
   0.00050
   0.00049
   0.00048
   0.00047
   0.00046
   0.00044
   0.00042
   0.00039
   0.00032
   0.00051
   2.53554
   0.00391
   0.00420
   0.00399
   0.00365
   0.00334
   0.00309
   0.00286
   0.00268
   0.00251
   0.00237
   0.00226
   0.00216
   0.00208
   0.00200
   0.00194
   0.00187
   0.00180
   0.00176
   0.00170
   0.00165
   0.00161
   0.00157
   0.00153
   0.00150
   0.00146
   0.00142
   0.00141
   0.00138
   0.00136
   0.00133
   0.00131
   0.00129
   0.00128
   0.00126
   0.00124
   0.00123
   0.00112
   0.00102
   0.00100
   0.00098
   0.00097
   0.00096
   0.00081
   0.00079
   0.00078
   0.00077
   0.00077
   0.00077
   0.00077
   0.00077
   0.00077
   0.00077
   0.00077
   0.00077
   0.00078
   0.00078
   0.00079
   0.00079
   0.00080
   0.00080
   0.00081
   0.00081
   0.00082
   0.00083
   0.00083
   0.00083
   0.00082
   0.00081
   0.00078
   0.00074
   0.00071
   0.00066
   0.00062
   0.00057
   0.00054
   0.00049
   0.00046
   0.00042
   0.00039
   0.00037
   0.00034
   0.00033
   0.00030
   0.00030
   0.00027
   0.00028
   0.00027
   0.00027
   0.00028
   0.00030
   0.00035
   0.00041
   0.00045
   0.00044
   0.00044
   0.00043
   0.00042
   0.00042
   0.00041
   0.00040
   0.00038
   0.00038
   0.00036
   0.00036
   0.00034
   0.00035
   0.00032
   0.00033
   0.00031
   0.00031
   0.00030
   0.00029
   0.00028
   0.00028
   0.00027
   0.00026
   0.00025
   0.00024
   0.00024
   0.00023
   0.00022
   0.00021
   0.00021
   0.00020
   0.00019
   0.00019
   0.00018
   0.00018
   0.00017
   0.00016
   0.00016
   0.00015
   0.00015
   0.00014
   0.00014
   0.00013
   0.00013
   0.00012
   0.00012
   0.00011
   0.00011
   0.00011
   0.00010
   0.00010
   0.00010
   0.00009
   0.00008
   0.00008
   0.00007
   0.00005
   0.00006
   4.16159
   0.00152
   0.00063
   0.00064
   0.00064
   0.00064
   0.00063
   0.00063
   0.00063
   0.00061
   0.00059
   0.00058
   0.00058
   0.00057
   0.00057
   0.00057
   0.00056
   0.00056
   0.00056
   0.00056
   0.00056
   0.00055
   0.00055
   0.00055
   0.00055
   0.00056
   0.00056
   0.00057
   0.00057
   0.00058
   0.00059
   0.00060
   0.00061
   0.00062
   0.00062
   0.00061
   0.00059
   0.00058
   0.00056
   0.00054
   0.00053
   0.00051
   0.00050
   0.00048
   0.00047
   0.00046
   0.00045
   0.00044
   0.00044
   0.00043
   0.00042
   0.00042
   0.00042
   0.00041
   0.00041
   0.00041
   0.00041
   0.00042
   0.00042
   0.00042
   0.00042
   0.00043
   0.00043
   0.00043
   0.00043
   0.00044
   0.00044
   0.00044
   0.00044
   0.00043
   0.00043
   0.00042
   0.00042
   0.00041
   0.00040
   0.00039
   0.00038
   0.00037
   0.00037
   0.00037
   0.00036
   0.00036
   0.00036
   0.00037
   0.00037
   0.00038
   0.00039
