   0.66749
   0.66486
   0.65173
   0.64487
   0.64190
   0.63821
   0.63437
   0.63151
   0.63824
   0.64248
   0.63798
   0.63981
   0.63896
   0.63873
   0.63784
   0.63719
   0.63559
   0.63557
   0.63585
   0.63331
   0.63247
   0.63165
   0.63051
   0.62975
   0.62870
   0.62583
   0.62489
   0.62394
   0.62234
   0.62029
   0.61774
   0.61410
   0.61216
   0.60970
   0.60391
   0.60449
   0.60130
   0.59759
   0.59506
   0.61187
   0.60236
   0.59725
   0.59194
   0.58740
   0.58466
   0.58396
   0.58471
   0.58460
   0.57938
   0.56910
   0.55439
   0.53889
   0.52458
   0.51193
   0.50164
   0.49292
   0.48541
   0.47873
   0.47260
   0.46690
   0.46136
   0.45592
   0.45053
   0.44509
   0.43962
   0.43403
   0.42833
   0.42250
   0.41655
   0.41047
   0.40429
   0.39801
   0.39167
   0.38529
   0.37892
   0.37259
   0.36634
   0.36020
   0.35423
   0.34840
   0.34301
   0.33732
   0.33203
   0.32679
   0.32167
   0.31649
   0.31211
   0.30611
   0.30074
   0.29527
   0.28981
   0.28426
   0.27871
   0.27313
   0.26747
   0.26181
   0.25610
   0.25045
   0.24568
   0.23965
   0.23350
   0.22726
   0.22085
   0.21433
   0.20763
   0.20084
   0.19387
   0.18681
   0.17967
   0.17240
   0.16509
   0.15777
   0.15114
   0.14278
   0.13565
   0.12865
   0.12185
   0.11530
   0.10908
   0.10319
   0.09768
   0.09257
   0.08786
   0.08354
   0.07959
   0.07601
   0.07274
   0.06975
   0.06701
   0.06447
   0.06209
   0.05984
   0.05769
   0.05561
   0.05357
   0.05157
   0.04958
   0.04760
   0.04566
   0.04369
   0.04175
   0.03980
   0.03799
   0.03591
   0.03402
   0.03212
   0.03026
   0.02844
   0.02671
   0.02508
   0.02361
   0.02236
   0.02142
   0.02087
   0.02081
   0.02128
   0.02236
   0.02417
   0.02678
   0.03023
   0.03378
   0.03345
   0.01705
   0.01733
   0.04416
   0.05390
   0.05135
   0.04586
   0.03971
   0.03556
   0.03181
   0.02854
   0.02540
   0.02242
   0.01934
   0.01668
   0.01567
   0.01618
   0.01591
   0.01374
   0.01108
   0.00469
   0.01094
   0.00449
   0.00275
   0.00340
   0.00390
   0.02380
   0.00739
   0.01134
   0.01159
   0.01210
   0.01276
   0.01112
   0.00973
   0.00930
   0.00953
   0.00837
   0.00805
   0.00613
   0.00234
   0.00616
   0.01381
   0.01187
   0.00741
   0.01203
   0.01140
   0.00912
   0.00549
   0.01010
   0.00446
   0.00445
   0.00575
   0.00635
   0.02023
   0.00360
   0.00345
   2.07038
   0.00290
   0.00466
   0.00288
   0.00386
   0.00384
   0.00233
   0.00279
   0.02088
   0.00431
   0.00254
   0.00313
   0.00272
   0.00342
   0.00310
   0.00299
   0.00232
   0.00112
   0.00321
   0.01904
   0.00388
   0.00224
   0.00319
   0.00315
   0.00280
   0.00211
   0.00252
   0.00242
   0.00157
   0.00208
   0.00193
   0.00184
   0.00176
   0.00169
   0.00164
   0.00172
   0.00068
   0.00155
   0.00149
   0.00140
   0.00140
   0.00127
   0.00123
   0.00123
   0.00111
   0.00128
   0.00099
   0.00122
   0.00048
   0.00535
   0.00569
   0.00459
   0.00418
   0.00377
   0.00338
   0.00301
   0.00278
   0.00259
   0.00242
   0.00226
   0.00215
   0.00201
   0.00183
   0.00163
   0.00124
   0.00140
   0.00136
   0.00095
   0.00101
   0.00090
   0.00086
   0.00084
   0.00080
   0.00072
   0.00066
   0.00062
   0.00226
   0.00052
   0.00050
   0.00048
   0.00047
   0.00045
   0.00045
   0.00044
   0.00044
   0.00044
   0.00045
   0.00046
   0.00045
   0.00026
   0.00016
   0.01585
   0.01101
   0.00767
   0.00683
   0.00680
   0.00684
   0.00687
   0.00679
   0.00642
   0.00506
   0.00504
   0.00455
   0.00334
   0.00346
   0.00280
   0.00252
   0.00230
   0.00216
   0.00206
   0.00197
   0.00189
   0.00180
   0.00171
   0.00154
   0.00131
   0.00124
   0.00118
   0.00113
   0.00108
   0.00103
   0.00098
   0.00094
   0.00089
   0.00085
   0.00081
   0.00078
   0.00074
   0.00070
   0.00067
   0.00064
   0.00061
   0.00058
   0.00055
   0.00052
   0.00049
   0.00047
   0.00045
   0.00042
   0.00040
   0.00038
   0.00035
   0.00033
   0.00031
   0.00029
   0.00028
   0.00026
   0.00024
   0.00023
   0.00022
   0.00020
   0.00020
   0.00018
   0.00017
   0.00016
   0.00015
   0.00014
   0.00013
   0.00045
   0.00013
   0.00028
   0.00040
   0.00044
   0.00047
   0.00048
   0.00046
   0.00043
   0.00040
   0.00038
   0.00037
   0.00037
   0.00039
   0.00042
   0.00045
   0.00049
   0.00053
   0.00056
   0.00058
   0.00058
   0.00055
   0.00052
   0.00047
   0.00042
   0.00038
   0.00036
   0.00034
   0.00032
   0.00030
   0.00028
   0.00026
   0.00023
   0.00018
   0.00018
   0.00017
   0.00014
   0.00015
   0.00014
   0.00013
   0.00012
   0.00011
   0.00010
   0.00010
   0.00009
   0.00009
   0.00008
   0.00008
   0.00007
   0.00007
   0.00006
   0.00006
   0.00007
   0.00007
   0.00008
   0.00010
   0.67745
   0.00120
   0.00005
   0.00005
   0.00005
   0.00005
   0.00005
   0.00005
   0.00005
   0.00005
   0.00005
   0.00005
   0.00005
   0.00006
   0.00006
   0.00006
   0.00006
   0.00006
   0.00007
   0.00007
   0.00007
   0.00008
   0.00008
   0.00008
   0.00009
   0.00009
   0.00009
   0.00009
   0.00009
   0.00008
   0.00008
   0.00007
   0.00007
   0.00007
   0.00007
   0.00007
   0.00007
   0.00007
   0.00007
   0.00007
   0.00007
   0.00007
   0.00007
   0.00006
   0.00006
   0.00005
   0.00005
   0.00005
   0.00004
   0.00004
   0.00004
   0.00002
   0.00003
   6.53314
   0.01491
   0.00744
   0.00533
   0.00409
   0.00342
   0.00296
   0.00253
   0.00216
   0.00183
   0.00157
   0.00137
   0.00122
   0.00112
   0.00105
   0.00100
   0.00095
   0.00066
   0.00061
   0.00057
   0.00055
   0.00052
   0.00049
   0.00046
   0.00042
   0.00039
   0.00036
   0.00033
   0.00031
   0.00030
   0.00028
   0.00027
   0.00026
   0.00024
   0.00023
   0.00021
   0.00019
   0.00018
   0.00017
   0.00016
   0.00015
   0.00015
   0.00015
   0.00014
   0.00014
   0.00015
   0.00016
   0.00019
   0.00227
   0.01400
   0.00595
   0.00403
   0.00307
   0.00249
   0.00204
   0.00171
   0.00148
   0.00131
   0.00118
   0.00108
   0.00099
   0.00092
   0.00087
   0.00082
   0.00077
   0.00073
   0.00069
   0.00066
   0.00062
   0.00059
   0.00056
   0.00054
   0.00052
   0.00050
   0.00048
   0.00047
   0.00045
   0.00044
   0.00043
   0.00043
   0.00042
   0.00041
   0.00039
   0.00037
   0.00035
   0.00034
   0.00032
   0.00031
   0.00031
   0.00030
   0.00030
   0.00030
   0.00030
   0.00031
   0.00033
   0.00034
   0.00034
   0.00021
   0.00036
   0.00032
   0.00032
   0.00031
   0.00030
   0.00030
   0.00029
   0.00029
   0.00029
   0.00029
   0.00028
   0.00028
   0.00027
   0.00027
   0.00026
   0.00025
   0.00023
   0.00022
   0.00021
   0.00021
   0.00020
   0.00019
   0.00019
   0.00019
   0.00018
   0.00018
   0.00018
   0.00019
   0.00019
   0.00018
   0.00017
   0.00016
   0.00015
   0.00015
   0.00014
   0.00014
   0.00013
   0.00013
   0.00012
   0.00012
   0.00012
   0.00012
   0.00012
   0.00013
   0.00013
   0.00014
   0.00013
   0.00011
   0.00027
   0.00020
   0.00020
   0.00019
   0.00018
   0.00018
   0.00018
   0.00017
   0.00017
   0.00016
   0.00016
   0.00016
   0.00016
   0.00016
   0.00016
   0.00016
   0.00016
   0.00016
   0.00016
   0.00016
   0.00016
   0.00016
   0.00015
   0.00015
   0.00015
   0.00015
   0.00014
   0.00014
   0.00013
   0.00013
   0.00013
   0.00012
   0.00012
   0.00012
   0.00012
   0.00012
   0.00011
   0.00011
   0.00011
   0.00011
   0.00010
   0.00010
   0.00009
   0.00009
   0.00009
   0.00009
   0.00008
   0.00008
   0.00008
   0.00008
   0.00010
   0.00009
   0.00009
   0.00008
   0.00008
   0.00007
   0.00007
   0.00007
   0.00007
   0.00006
   0.00006
   0.00006
   0.00006
   0.00005
   0.00005
   0.00004
   0.00003
   0.00003
   0.00003
   0.00003
   0.00003
   0.00003
   0.00002
   0.00002
   0.00002
   0.00002
   0.00002
   0.00002
   0.00002
   0.00002
   0.00002
   0.00002
   0.05728
   0.01489
   0.01152
   0.00935
   0.00753
   0.00631
   0.00559
   0.00497
   0.00449
   0.00424
   0.00397
   0.00372
   0.00342
   0.00310
   0.00283
   0.00254
   0.00222
   0.00204
   0.00188
   0.00177
   0.00166
   0.00156
   0.00147
   0.00139
   0.00131
   0.00125
   0.00118
   0.00112
   0.00107
   0.00103
   0.00099
   0.00096
   0.00093
   0.00090
   0.00084
   0.00078
   0.00075
   0.00073
   0.00071
   0.00069
   0.00068
   0.00067
   0.00066
   0.00065
   0.00065
   0.00065
   0.00065
   0.00066
   0.00067
   0.00069
   0.00071
   0.00072
   0.00073
   0.00073
   0.00070
   0.00065
   0.00053
   0.00043
   0.00042
   0.00042
   0.00037
   0.00035
   0.00032
   0.00030
   0.00029
   0.00027
   0.00026
   0.00025
   0.00024
   0.00024
   0.00022
   0.00021
   0.00021
   0.00020
   0.00019
   0.00018
   0.00017
   0.00016
   0.00016
   0.00015
   0.00014
   0.00014
   0.00013
   0.00013
   0.00012
   0.00011
   0.00011
   0.00010
   0.00010
   0.00009
   0.00009
   0.00009
   0.00008
   0.00008
   0.00007
   0.00007
   0.00007
   0.00006
   0.00006
   0.00006
   0.00005
   0.00005
   0.00005
   0.15597
   0.00302
   0.00254
   0.00168
   0.00148
   0.00131
   0.00118
   0.00108
   0.00099
   0.00090
   0.00083
   0.00076
   0.00070
   0.00065
   0.00060
   0.00056
   0.00053
   0.00051
   0.00048
   0.00046
   0.00044
   0.00042
   0.00040
   0.00038
   0.00036
   0.00034
   0.00032
   0.00030
   0.00029
   0.00027
   0.00026
   0.00024
   0.00023
   0.00022
   0.00020
   0.00019
   0.00018
   0.00016
   0.00016
   0.00015
   0.00014
   0.00013
   0.00012
   0.00012
   0.00011
   0.00011
   0.00011
   0.00011
   0.00011
   0.00011
   0.00011
   0.00011
   0.00011
   0.00010
   0.00010
   0.00010
   0.00009
   0.00009
   0.00008
   0.00008
   0.00007
   0.00007
   0.00006
   0.00006
   0.00006
   0.00005
   0.00005
   0.00005
   0.00005
   0.00005
   0.00004
   0.00004
   0.00004
   0.00004
   0.00004
   0.00003
   0.00003
   0.00003
   0.00003
   0.00003
   0.00003
   0.00003
   0.00003
   0.00003
   0.00003
   0.00003
   0.00003
   0.00003
   0.00003
   0.00003
   0.00003
   0.00003
   0.00004
   0.00004
   0.00004
   0.00004
   0.00003
   0.00003
   0.00083
   0.00065
   0.00037
   0.00032
   0.00029
   0.00026
   0.00024
   0.00022
   0.00020
   0.00018
   0.00016
   0.00015
   0.00014
   0.00012
   0.00011
   0.00011
   0.00010
   0.00009
   0.00008
   0.00008
   0.00007
   0.00007
   0.00006
   0.00006
   0.00006
   0.00005
   0.00005
   0.00005
   0.00005
   0.00004
   0.00004
   0.00004
   0.00004
   0.00003
   0.00003
   0.00003
   0.00003
   0.00003
   0.00003
   0.00003
   0.00002
   0.00002
   0.00002
   0.00002
   0.00002
   0.00002
   0.00002
   0.00002
   0.00002
   0.00002
   0.00001
   0.00001
   0.00001
   0.00001
   0.00001
   0.00001
   0.00001
   0.00001
   0.00001
   0.00001
   0.00001
   0.00001
   0.00001
   0.00001
   0.00001
   0.00001
   0.00001
   0.00001
   0.00001
   0.00001
   0.00001
   0.00001
   0.00001
   0.00001
   0.00001
   0.00001
   0.00001
   0.00001
   0.00001
   0.00001
   0.00001
   0.00001
   0.00001
   0.00001
   0.00001
   0.00001
   0.00001
