   0.65320
   0.64387
   0.64363
   0.64362
   0.64315
   0.64310
   0.64284
   0.64272
   0.64257
   0.64284
   0.64254
   0.64237
   0.64215
   0.64205
   0.64187
   0.64164
   0.64143
   0.64116
   0.64087
   0.64062
   0.64042
   0.64012
   0.63978
   0.63952
   0.63923
   0.63890
   0.63853
   0.63816
   0.63775
   0.63732
   0.63687
   0.63639
   0.63589
   0.63539
   0.63481
   0.63416
   0.63360
   0.63299
   0.63232
   0.63165
   0.63094
   0.63021
   0.62945
   0.62867
   0.62787
   0.62704
   0.62618
   0.62531
   0.62441
   0.62388
   0.62411
   0.62274
   0.62172
   0.62084
   0.62008
   0.61930
   0.61856
   0.61856
   0.61820
   0.61758
   0.61675
   0.61559
   0.61396
   0.61120
   0.60808
   0.60476
   0.60144
   0.59773
   0.59427
   0.59067
   0.58699
   0.58333
   0.58002
   0.57615
   0.57818
   0.57286
   0.56539
   0.55949
   0.55377
   0.54789
   0.54195
   0.53610
   0.53053
   0.52537
   0.52063
   0.51623
   0.51212
   0.50818
   0.50436
   0.50057
   0.49674
   0.49281
   0.49086
   0.48462
   0.47880
   0.47299
   0.46716
   0.46130
   0.45535
   0.44950
   0.44366
   0.43788
   0.43207
   0.42645
   0.42090
   0.41545
   0.41008
   0.40483
   0.39965
   0.39455
   0.38955
   0.38463
   0.37979
   0.37503
   0.37034
   0.36572
   0.36118
   0.35669
   0.35227
   0.34791
   0.34361
   0.33936
   0.33516
   0.33101
   0.32691
   0.32285
   0.31883
   0.31484
   0.31089
   0.30696
   0.30306
   0.29918
   0.29532
   0.29148
   0.28763
   0.28379
   0.27996
   0.27612
   0.27228
   0.26842
   0.26455
   0.26066
   0.25674
   0.25279
   0.24878
   0.24477
   0.24072
   0.23663
   0.23251
   0.22834
   0.22413
   0.21988
   0.21560
   0.21127
   0.20692
   0.20254
   0.19813
   0.19370
   0.18928
   0.18484
   0.18041
   0.17598
   0.17158
   0.16719
   0.16285
   0.15853
   0.15427
   0.15005
   0.14589
   0.14179
   0.13775
   0.13379
   0.12990
   0.12610
   0.12238
   0.11874
   0.11518
   0.11172
   0.10834
   0.10505
   0.10185
   0.09874
   0.09572
   0.09279
   0.08995
   0.08720
   0.08453
   0.08195
   0.07944
   0.07702
   0.07467
   0.07240
   0.07019
   0.06805
   0.06598
   0.06397
   0.06202
   0.06012
   0.05828
   0.05649
   0.05475
   0.05306
   0.05141
   0.04981
   0.04825
   0.04672
   0.04524
   0.04379
   0.04238
   0.04101
   0.03967
   0.03836
   0.03709
   0.03585
   0.03465
   0.03347
   0.03233
   0.03122
   0.03014
   0.02910
   0.02808
   0.02710
   0.02615
   0.02523
   0.02434
   0.02348
   0.02265
   0.02186
   0.02108
   0.02034
   0.01963
   0.01894
   0.01827
   0.01763
   0.01701
   0.01641
   0.01583
   0.01526
   0.01472
   0.01420
   0.01369
   0.01319
   0.01272
   0.01226
   0.01181
   0.01137
   0.01096
   0.01055
   0.01016
   0.00978
   0.00941
   0.00906
   0.00872
   0.00839
   0.00807
   0.00776
   0.00747
   0.00718
   0.00690
   0.00664
   0.00638
   0.00613
   0.00590
   0.00567
   0.00544
   0.00523
   0.00502
   0.00482
   0.00462
   0.00444
   0.00425
   0.00407
   0.00390
   0.00372
   0.00355
   0.00338
   0.00321
   0.00304
   0.00287
   0.00270
   0.00253
   0.00237
   0.00220
   0.00205
   0.00195
   0.00186
   0.00177
   0.00186
   0.00202
   0.00154
   0.00158
   0.01827
   0.00705
   0.00182
   0.00237
   0.00200
   0.00183
   0.00236
   0.00238
   0.00228
   0.00341
   0.00323
   0.00285
   0.00221
   0.00273
   0.00199
   0.00235
   0.00188
   0.00197
   0.00180
   0.00175
   0.00167
   0.00159
   0.00153
   0.00147
   0.00143
   0.00139
   0.00138
   0.00137
   0.00138
   0.00138
   0.00138
   0.00136
   0.00127
   0.00119
   0.00072
   0.00111
   0.00070
   0.00104
   0.00109
   0.00083
   0.00083
   0.00066
   0.00074
   0.00052
   0.00059
   0.00052
   0.00051
   0.00049
   0.00042
   0.00046
   0.00048
   0.00040
   0.00069
   0.00060
   0.00055
   0.00053
   0.00050
   0.00046
   0.00042
   0.00037
   0.00034
   0.00032
   0.00030
   0.00029
   0.00028
   0.00028
   0.00028
   0.00028
   0.00028
   0.00028
   0.00028
   0.00027
   0.00026
   0.00026
   0.00025
   0.00025
   0.00024
   0.00024
   0.00023
   0.00023
   0.00022
   0.00022
   0.00022
   0.00022
   0.00022
   0.00021
   0.00026
   0.00533
   0.00625
   0.00594
   0.00564
   0.00535
   0.00504
   0.00478
   0.00455
   0.00436
   0.00420
   0.00407
   0.00395
   0.00387
   0.00379
   0.00369
   0.00355
   0.00334
   0.00320
   0.00312
   0.00303
   0.00294
   0.00286
   0.00279
   0.00274
   0.00270
   0.00269
   0.00270
   0.00272
   0.00274
   0.00277
   0.00281
   0.00285
   0.00289
   0.00293
   0.00297
   0.00301
   0.00301
   0.00300
   0.00298
   0.00277
   0.00272
   0.00266
   0.00259
   0.00250
   0.00235
   0.00225
   0.00213
   0.00215
   0.00199
   0.00198
   0.00186
   0.00179
   0.00170
   0.00165
   0.00158
   0.00150
   0.00141
   0.00135
   0.00128
   0.00122
   0.00117
   0.00111
   0.00106
   0.00101
   0.00096
   0.00092
   0.00087
   0.00083
   0.00079
   0.00075
   0.00072
   0.00068
   0.00065
   0.00061
   0.00058
   0.00055
   0.00052
   0.00050
   0.00047
   0.00045
   0.00042
   0.00040
   0.00038
   0.00036
   0.00035
   0.00032
   0.00032
   0.00030
   0.00029
   0.00027
   0.00027
   0.00028
   0.00028
   0.00023
   0.00025
   0.00031
   0.00029
   0.00040
   0.00022
   0.00023
   0.00023
   0.00024
   0.00025
   0.00026
   0.00027
   0.00028
   0.00029
   0.00030
   0.00031
   0.00032
   0.00033
   0.00034
   0.00035
   0.00035
   0.00034
   0.00033
   0.00032
   0.00031
   0.00030
   0.00030
   0.00031
   0.00032
   0.00033
   0.00034
   0.00035
   0.00035
   0.00036
   0.00037
   0.00028
   0.00029
   0.00025
   0.00024
   0.00023
   0.00022
   0.00021
   0.00020
   0.00019
   0.00019
   0.00018
   0.00017
   0.00016
   0.00014
   0.00013
   0.00011
   0.00010
   0.00010
   0.00011
   0.00011
   0.00010
   0.00010
   0.00010
   0.00062
   0.00011
   0.00012
   0.00012
   0.00012
   0.00012
   0.00012
   0.00013
   0.00013
   0.00013
   0.00013
   0.00014
   0.00014
   0.00015
   0.00015
   0.00016
   0.00016
   0.00017
   0.00018
   0.00019
   0.00019
   0.00020
   0.00021
   0.00021
   0.00022
   0.00022
   0.00023
   0.00023
   0.00022
   0.00002
   0.00001
   0.00001
   0.00001
   0.00001
   0.00001
   0.00001
   0.00001
   0.00001
   0.00001
   0.00001
   0.00001
   0.00001
   0.00001
   0.00001
   0.00001
   0.00001
   0.00001
   0.00001
   0.00001
   0.00001
   0.00001
   0.00001
   0.00001
   0.00001
   0.00001
   0.00001
   0.00001
   0.00001
   0.00001
   0.00001
   0.00001
   0.00001
   0.00001
   0.00001
   0.00001
   0.00001
   0.00001
   0.00001
   0.00001
   0.00001
   0.00001
   0.00001
   0.00001
   0.00001
   0.00001
   0.00021
   0.00015
   0.00015
   0.00015
   0.00015
   0.00016
   0.00016
   0.00016
   0.00016
   0.00016
   0.00017
   0.00017
   0.00018
   0.00018
   0.00019
   0.00019
   0.00020
   0.00021
   0.00021
   0.00022
   0.00023
   0.00023
   0.00024
   0.00024
   0.00024
   0.00025
   0.00025
   0.00025
   0.00024
   0.00024
   0.00023
   0.00023
   0.00022
   0.00022
   0.00022
   0.00023
   0.00025
   0.00026
   0.00026
   0.00025
   0.00024
   0.00022
   0.00020
   0.00018
   0.00016
   0.00015
   0.00013
   0.00012
   0.00011
   0.00011
   0.00010
   0.00009
   0.00008
   0.00006
   0.00003
   0.00004
   0.00001
   0.00001
   0.00001
   0.00001
   0.00001
   0.00001
   0.00001
   0.00001
   0.00001
   0.00001
   0.00001
   0.00001
   0.00001
   0.00001
   0.00001
   0.00001
   0.00001
   0.00001
   0.00001
   0.00001
   0.00001
   0.00001
   0.00001
   0.00001
   0.00001
   0.00001
   0.00001
   0.00001
   0.00001
   0.00001
   0.00000
   0.00000
   0.00000
   0.00000
   0.00000
   0.00000
   0.00000
   0.00000
   5.22216
   0.00160
   0.00055
   0.00050
   0.00046
   0.00042
   0.00038
   0.00035
   0.00032
   0.00030
   0.00028
   0.00026
   0.00025
   0.00023
   0.00022
   0.00021
   0.00020
   0.00019
   0.00018
   0.00017
   0.00017
   0.00018
   0.00018
   0.00019
   0.00019
   0.00020
   0.00020
   0.00021
   0.00021
   0.00022
   0.00023
   0.00024
   0.00024
   0.00025
   0.00026
   0.00026
   0.00027
   0.00027
   0.00027
   0.00027
   0.00026
   0.00026
   0.00025
   0.00025
   0.00024
   0.00023
   0.00023
   0.00023
   0.00023
   0.00024
   0.00025
   0.00026
   0.00027
   0.00026
   0.00024
   0.00023
   0.00021
   0.00019
   0.00017
   0.00016
   0.00014
   0.00013
   0.00012
   0.00011
   0.00010
   0.00010
   0.00009
   0.00009
   0.00009
   0.00008
   0.00008
   0.00005
   0.67202
   0.00007
   0.00007
   0.00007
   0.00007
   0.00007
   0.00007
   0.00007
   0.00007
   0.00007
   0.00007
   0.00008
   0.00008
   0.00008
   0.00008
   0.00009
   0.00009
   0.00009
   0.00010
   0.00010
   0.00010
   0.00011
   0.00011
   0.00012
   0.00012
   0.00013
   0.00013
   0.00013
   0.00014
   0.00014
   0.00014
   0.00014
   0.00014
   0.00014
   0.00014
   0.00013
   0.00013
   0.00013
   0.00012
   0.00012
   0.00012
   0.00012
   0.00013
   0.00014
   0.00014
   0.00014
   0.00013
   0.00012
   0.00011
   0.00010
   0.00009
   0.00008
   0.00008
   0.00007
   0.00007
   0.00006
   0.00006
   0.00006
   0.00006
   0.00006
   0.00004
   0.00012
   0.00006
   0.00005
   0.00005
   0.00005
   0.00005
   0.00005
   0.00006
   0.00006
   0.00006
   0.00006
   0.00007
   0.00007
   0.00007
   0.00007
   0.00008
   0.00008
   0.00008
   0.00009
   0.00009
   0.00009
   0.00009
   0.00010
   0.00010
   0.00010
   0.00010
   0.00010
   0.00009
   0.00009
   0.00009
   0.00009
   0.00008
   0.00008
   0.00008
   0.00008
   0.00008
   0.00009
   0.00009
   0.00009
   0.00009
   0.00008
   0.00008
   0.00007
   0.00006
   0.00006
   0.00005
   0.00005
   0.00004
   0.00004
   0.00004
   0.00004
   0.00004
   0.00004
   0.00003
   0.00002
   0.00012
   0.00003
   0.00019
   0.00002
   0.00002
   0.00002
   0.00002
   0.00002
   0.00002
   0.00002
   0.00002
   0.00002
   0.00002
   0.00002
   0.00006
   0.00002
   2.06643
   0.00002
   0.00002
   0.00002
   0.00002
   0.00002
   0.00002
   0.00002
   0.00002
   0.00002
   0.00002
   0.00002
   0.00002
   0.00002
   0.00002
   0.00002
   0.00002
   0.00002
   0.00002
   0.00002
   0.00002
   0.00002
   0.00000
   0.00000
   0.00000
   0.00000
   0.00000
   0.00000
   0.00000
   0.00000
   0.00000
   0.00000
   0.00000
   0.00000
   0.00000
   0.00000
   0.00000
   0.00000
   0.00000
   0.00000
   0.00000
   0.00000
   0.00000
   0.00000
   0.00000
   0.00000
   0.00000
   0.00000
   0.00000
   0.00000
   0.00000
   0.00000
   0.00000
   0.00000
   0.00000
   0.00000
   0.00000
   0.00000
   0.00000
   0.00000
   0.00000
   0.00000
   0.00000
   0.00000
   0.00000
   0.00000
   0.00000
   0.00000
   0.00000
   0.00000
   0.00000
   0.00000
   0.00000
   0.00000
   0.00000
   0.00000
   0.00000
   0.00000
   0.00000
   0.00000
   0.00000
   0.00000
   0.00000
   0.00000
   0.00000
   0.00000
   0.00000
   0.00000
   0.00000
   0.00000
   0.00000
   0.00000
   0.00000
   0.00000
   0.00000
   0.00000
   0.00000
   0.00000
