   0.69921
   0.69945
   0.70475
   0.69195
   0.70321
   0.71148
   0.72263
   0.72519
   0.71935
   0.71247
   0.71924
   0.71796
   0.73021
   0.73101
   0.72740
   0.72851
   0.71846
   0.72498
   0.71849
   0.71042
   0.70731
   0.70344
   0.70339
   0.69844
   0.69609
   0.69538
   0.69078
   0.68953
   0.68857
   0.68784
   0.68768
   0.68790
   0.68846
   0.68868
   0.69036
   0.69256
   0.69625
   0.70286
   0.71291
   0.72553
   0.74106
   0.75947
   0.78192
   0.80561
   0.82903
   0.85444
   0.88198
   0.90695
   0.93840
   0.95458
   0.97790
   0.99951
   1.02270
   1.04731
   1.06302
   1.08379
   1.10305
   1.13182
   1.14827
   1.16928
   1.18059
   1.19979
   1.21798
   1.23096
   1.24727
   1.27231
   1.28328
   1.29341
   1.30729
   1.31628
   1.31656
   1.33186
   1.32370
   1.31446
   1.30786
   1.29456
   1.27753
   1.25731
   1.23388
   1.21146
   1.18172
   1.14688
   1.11091
   1.07103
   1.03536
   0.99480
   0.95701
   0.91264
   0.87061
   0.81686
   0.77377
   0.72894
   0.67753
   0.62601
   0.58737
   0.53890
   0.49021
   0.43754
   0.40469
   0.37783
   0.34151
   0.30036
   0.26782
   0.23500
   0.21414
   0.20002
   0.17543
   0.18324
   0.21359
   0.26112
   0.34102
   0.39366
   0.44301
   0.46472
   0.46309
   0.52688
   0.50942
   0.50282
   0.48279
   0.48311
   0.43214
   0.64605
   0.61080
   0.53212
   0.12915
   0.05174
   0.05530
   0.06992
   0.06788
   0.01874
   0.05761
   0.02311
   0.02745
   0.02419
   0.05023
   0.02823
   0.02212
   0.10800
   0.03946
   0.01087
   0.02511
   0.14714
   0.05886
   0.13675
   0.19405
   0.01604
   0.03090
   0.02445
   0.00629
   0.35054
   0.01035
   0.01883
   0.00981
   0.03453
   0.08409
   0.59101
   0.48090
   0.01725
   0.01021
   0.01086
   0.01206
   0.00701
   0.06299
   0.20653
   0.00650
   0.02759
   0.04058
   0.03407
   0.02827
   0.02519
   0.00622
   0.03932
   0.04194
   0.04365
   0.03730
   0.48417
   0.00676
   0.05005
   0.04897
   0.46775
   0.49614
   0.00448
   0.00652
   0.00355
   0.00835
   0.00305
   0.00339
   0.69909
   0.71240
   0.71526
   0.71588
   0.71601
   0.71603
   0.71603
   0.71602
   0.71602
   0.71602
   0.71602
   0.71602
   0.71602
   0.71602
   0.71602
   0.71602
   0.71602
   0.71602
   0.71602
   0.71602
   0.71601
   0.71601
   0.71601
   0.71601
   0.71601
   0.71601
   0.71601
   0.71601
   0.71601
   0.71601
   0.71601
   0.71601
   0.71601
   0.71601
   0.71601
   0.71601
   0.71601
   0.71601
   0.71601
   0.71601
   0.71601
   0.71601
   0.71601
   0.71601
   0.71600
   0.71600
   0.71600
   0.71600
   0.71600
   0.71600
   0.71600
   0.71600
   0.71600
   0.71600
   0.71600
   0.71600
   0.71600
   0.71600
   0.71600
   0.71600
   0.71600
   0.71600
   0.71600
   0.71600
   0.71600
   0.71600
   0.71599
   0.71599
   0.71599
   0.71599
   0.71599
   0.71599
   0.71599
   0.71599
   0.71599
   0.71599
   0.71599
   0.71599
   0.71599
   0.71599
   0.71599
   0.71598
   0.71598
   0.71598
   0.71598
   0.71598
   0.71598
   0.71598
   0.71598
   0.71598
   0.71598
   0.71598
   0.71598
   0.71598
   0.71598
   0.71598
   0.71598
   0.71598
   0.71598
   0.71598
   0.71598
   0.71598
   0.71598
   0.71598
   0.71598
   0.71598
   0.71598
   0.71598
   0.71598
   0.71598
   0.71598
   0.71597
   0.71597
   0.71597
   0.71597
   0.71597
   0.71597
   0.71597
   0.71597
   0.71597
   0.71597
   0.71597
   0.71597
   0.71597
   0.71597
   0.71597
   0.71597
   0.71597
   0.71597
   0.71597
   0.71597
   0.71597
   0.71597
   0.71597
   0.71597
   0.71597
   0.71597
   0.71597
   0.71597
   0.71597
   0.71597
   0.71596
   0.71596
   0.71596
   0.71596
   0.71596
   0.71596
   0.71596
   0.71596
   0.71596
   0.71596
   0.71596
   0.71596
   0.71596
   0.71596
   0.71596
   0.71596
   0.71596
   0.71596
   0.71596
   0.71596
   0.71596
   0.71596
   0.71596
   0.71596
   0.71596
   0.71596
   0.71596
   0.71596
   0.71596
   0.71595
   0.71595
   0.71595
   0.71595
   0.71595
   0.71595
   0.71595
   0.71595
   0.71595
   0.71595
   0.71595
   0.71595
   0.71595
   0.71595
   0.71595
   0.71595
   0.71595
   0.71595
   0.71595
   0.71595
   0.71595
   0.71595
   0.71595
   0.71595
   0.71595
   0.71595
   0.71595
   0.71594
   0.71594
   0.71594
   0.71594
   0.71594
   0.71594
   0.71594
   0.71594
   0.71594
   0.71594
   0.71594
   0.71594
   0.71594
   0.71594
   0.71594
   0.71594
   0.71594
   0.71594
   0.71594
   0.71594
   0.71594
   0.71594
   0.71594
   0.71594
   0.71594
   0.71594
   0.71594
   0.71594
   0.71593
   0.71593
   0.71593
   0.71593
   0.71593
   0.71593
   0.71593
   0.71593
   0.71593
   0.71593
   0.71593
   0.71593
   0.71593
   0.71593
   0.71593
   0.71593
   0.71593
   0.71593
   0.71593
   0.71593
   0.71593
   0.71593
   0.71593
   0.71593
   0.71593
   0.71593
   0.71593
   0.71593
   0.71593
   0.71593
   0.71593
   0.71592
   0.71592
   0.71592
   0.71592
   0.71592
   0.71592
   0.71592
   0.71592
   0.71592
   0.71592
   0.71592
   0.71592
   0.71592
   0.71592
   0.71592
   0.71592
   0.71592
   0.71592
   0.71592
   0.71592
   0.71592
   0.71592
   0.71592
   0.71592
   0.71592
   0.71592
   0.71592
   0.71592
   0.71592
   0.71592
   0.71592
   0.71591
   0.71591
   0.71591
   0.71591
   0.71591
   0.71591
   0.71591
   0.71591
   0.71591
   0.71591
   0.71591
   0.71591
   0.71591
   0.71591
   0.71591
   0.71591
   0.71591
   0.71591
   0.71591
   0.71591
   0.71591
   0.71591
   0.71591
   0.71591
   0.71591
   0.71591
