   0.70583
   0.70025
   0.70138
   0.70054
   0.69984
   0.69924
   0.69859
   0.69800
   0.69716
   0.69669
   0.69615
   0.69538
   0.69494
   0.69436
   0.69378
   0.69324
   0.69268
   0.69212
   0.69155
   0.69097
   0.69034
   0.68987
   0.68929
   0.68871
   0.68811
   0.68748
   0.68694
   0.68624
   0.68552
   0.68486
   0.68415
   0.68338
   0.68266
   0.68197
   0.68115
   0.68042
   0.67971
   0.67902
   0.67840
   0.67780
   0.67737
   0.67713
   0.67698
   0.67707
   0.67733
   0.67802
   0.67929
   0.68081
   0.68282
   0.68594
   0.68963
   0.69442
   0.70002
   0.70502
   0.71251
   0.73309
   0.73033
   0.72868
   0.72132
   0.72226
   0.71980
   0.71282
   0.70827
   0.70129
   0.69184
   0.68188
   0.67057
   0.65856
   0.64603
   0.63375
   0.62062
   0.60747
   0.59469
   0.58277
   0.57206
   0.55130
   0.54897
   0.54244
   0.53653
   0.53018
   0.52371
   0.51688
   0.50978
   0.50254
   0.49540
   0.48822
   0.48116
   0.47427
   0.46761
   0.46129
   0.45536
   0.44994
   0.44508
   0.44084
   0.43707
   0.43342
   0.42950
   0.42480
   0.41921
   0.41294
   0.40636
   0.39975
   0.39329
   0.38714
   0.38130
   0.37573
   0.37048
   0.36548
   0.36069
   0.35601
   0.35135
   0.34691
   0.34225
   0.33774
   0.33324
   0.32824
   0.32458
   0.31992
   0.31562
   0.31129
   0.30718
   0.30290
   0.29883
   0.29474
   0.29070
   0.28638
   0.28290
   0.27889
   0.27510
   0.27132
   0.26785
   0.26381
   0.25985
   0.25667
   0.25349
   0.24955
   0.24627
   0.24254
   0.23915
   0.23636
   0.23232
   0.23040
   0.22564
   0.22248
   0.22003
   0.21578
   0.21482
   0.20943
   0.20711
   0.20293
   0.20211
   0.19677
   0.19523
   0.19050
   0.19063
   0.18453
   0.18414
   0.17846
   0.17963
   0.17281
   0.17147
   0.16663
   0.16577
   0.16080
   0.16021
   0.15506
   0.15698
   0.14913
   0.14687
   0.14423
   0.14156
   0.13896
   0.13624
   0.13359
   0.13110
   0.12870
   0.12608
   0.12378
   0.12124
   0.11907
   0.11661
   0.11449
   0.11122
   0.10871
   0.10608
   0.10396
   0.10176
   0.09963
   0.09750
   0.09541
   0.09335
   0.09136
   0.08944
   0.08742
   0.08564
   0.08384
   0.08194
   0.08021
   0.07842
   0.07670
   0.07506
   0.07330
   0.07173
   0.07020
   0.06876
   0.06725
   0.06580
   0.06435
   0.06292
   0.06146
   0.06006
   0.05874
   0.05739
   0.05609
   0.05484
   0.05355
   0.05229
   0.05106
   0.04990
   0.04884
   0.04796
   0.04736
   0.04716
   0.04747
   0.04850
   0.05018
   0.05246
   0.05464
   0.05617
   0.05686
   0.05618
   0.05434
   0.05182
   0.04896
   0.04635
   0.04409
   0.04256
   0.04173
   0.04136
   0.04140
   0.04201
   0.04294
   0.04453
   0.04682
   0.04940
   0.05266
   0.05575
   0.05838
   0.06037
   0.06092
   0.06060
   0.05970
   0.05827
   0.05674
   0.05501
   0.05328
   0.05157
   0.04985
   0.04820
   0.04661
   0.04495
   0.04339
   0.04186
   0.04033
   0.03879
   0.03736
   0.03597
   0.03460
   0.03322
   0.03192
   0.03057
   0.02938
   0.02811
   0.02694
   0.02577
   0.02464
   0.02364
   0.02258
   0.02159
   0.02063
   0.01971
   0.01884
   0.01799
   0.01719
   0.01643
   0.01569
   0.01499
   0.01433
   0.01369
   0.01309
   0.01244
   0.01184
   0.01140
   0.01096
   0.01042
   0.01001
   0.00955
   0.00918
   0.00876
   0.00845
   0.00807
   0.00785
   0.00755
   0.00722
   0.00698
   0.00674
   0.00650
   0.00635
   0.00613
   0.00593
   0.00574
   0.00557
   0.00539
   0.00530
   0.00513
   0.00497
   0.00482
   0.00465
   0.00453
   0.00437
   0.00421
   0.00406
   0.00390
   0.00376
   0.00359
   0.00343
   0.00327
   0.00311
   0.00297
   0.00279
   0.00264
   0.00245
   0.00229
   0.00207
   0.00181
   0.00152
   0.00229
   0.00137
   0.00385
   0.00224
   0.00124
   0.00449
   0.00230
   0.00135
   0.00105
   0.03774
   0.00348
   0.00240
   0.00233
   0.00231
   0.00229
   0.00228
   0.00228
   0.00228
   0.00229
   0.00232
   0.00237
   0.00245
   0.00256
   0.00273
   0.00302
   0.00348
   0.00349
   0.00252
   0.00227
   0.00165
   0.00140
   0.00137
   0.00127
   0.00128
   0.00119
   0.00121
   0.00117
   0.00117
   0.00115
   0.00115
   0.00114
   0.00114
   0.00114
   0.00114
   0.00117
   0.00116
   0.00127
   0.00148
   0.00288
   0.00844
   0.00199
   0.00143
   0.02696
   0.00190
   0.00170
   0.00150
   0.00155
   0.00157
   0.00161
   0.00164
   0.00167
   0.00171
   0.00175
   0.00179
   0.00183
   0.00186
   0.00190
   0.00193
   0.00195
   0.00197
   0.00198
   0.00199
   0.00198
   0.00198
   0.00196
   0.00194
   0.00192
   0.00190
   0.00187
   0.00185
   0.00184
   0.00183
   0.00183
   0.00184
   0.00187
   0.00191
   0.00199
   0.00212
   0.00238
   0.00295
   0.00294
   0.00146
   0.00272
   0.00090
   0.00290
   0.00073
   0.00321
   0.00078
   0.00307
   0.00080
   0.00297
   0.00088
   0.00281
   0.00149
   0.00075
   0.00073
   0.00073
   0.00071
   0.00072
   0.00071
   0.00071
   0.00071
   0.00071
   0.00072
   0.00074
   0.00077
   0.00080
   0.00088
   0.00100
   0.00163
   0.00269
   0.36582
   0.15653
   0.09165
   0.07314
   0.06657
   0.06415
   0.06222
   0.06047
   0.05861
   0.05105
   0.04340
   0.04211
   0.04115
   0.04020
   0.03927
   0.03834
   0.03746
   0.03656
   0.03564
   0.03468
   0.03372
   0.03276
   0.03185
   0.03097
   0.03016
   0.02940
   0.02869
   0.02804
   0.02743
   0.02687
   0.02634
   0.02586
   0.02540
   0.02499
   0.02460
   0.02425
   0.02393
   0.02364
   0.02337
   0.02313
   0.02292
   0.02271
   0.02253
   0.02233
   0.02211
   0.02186
   0.02158
   0.02124
   0.02087
   0.02047
   0.02003
   0.01958
   0.01912
   0.01864
   0.01816
   0.01768
   0.01722
   0.01676
   0.01630
   0.01584
   0.01540
   0.01495
   0.01451
   0.01409
   0.01368
   0.01327
   0.01289
   0.01251
   0.01213
   0.01177
   0.01141
   0.01107
   0.01073
   0.01040
   0.01009
   0.00978
   0.00948
   0.00919
   0.00890
   0.00863
   0.00835
   0.00810
   0.00784
   0.00760
   0.00736
   0.00713
   0.00691
   0.00669
   0.00648
   0.00628
   0.00608
   0.00589
   0.00570
   0.00552
   0.00535
   0.00518
   0.00501
   0.00486
   0.00470
   0.00455
   0.00440
   0.00426
   0.00413
   0.00399
   0.00386
   0.00374
   0.00361
   0.00349
   0.00338
   0.00326
   0.00315
   0.00304
   0.00294
   0.00284
   0.00274
   0.00263
   0.00253
   0.00244
   0.00235
   0.00226
   0.00217
   0.00208
   0.00200
   0.00192
   0.00184
   0.00177
   0.00170
   0.00163
   0.00156
   0.00150
   0.00144
   0.00138
   0.00132
   0.00127
   0.00122
   0.00117
   0.00113
   0.00108
   0.00104
   0.00100
   0.00096
   0.00093
   0.00089
   0.00086
   0.00083
   0.00080
   0.00077
   0.00074
   0.00072
   0.00069
   0.00067
   0.00065
   0.00063
   0.00061
   0.00059
   0.00057
   0.00055
   0.00053
   0.00052
   0.00050
   0.00049
   0.00048
   0.00047
   0.00046
   0.00045
   0.00043
   0.00042
   0.00041
   0.00040
   0.00039
   0.00038
   0.00037
   0.00036
   0.00034
   0.00033
   0.00032
   0.00031
   0.00030
   0.00029
   0.00028
   0.00027
   0.00026
   0.00025
   0.00024
   0.00023
   0.00023
   0.00022
   0.00021
   0.00021
   0.00020
   0.00020
   0.00020
   0.00019
   0.00018
   0.00017
   0.00017
   0.00016
   0.00014
   0.43625
   0.01090
   0.00814
   0.00598
   0.00467
   0.00386
   0.00327
   0.00288
   0.00259
   0.00234
   0.00215
   0.00199
   0.00185
   0.00172
   0.00160
   0.00150
   0.00142
   0.00135
   0.00129
   0.00124
   0.00119
   0.00116
   0.00113
   0.00111
   0.00108
   0.00106
   0.00105
   0.00103
   0.00102
   0.00101
   0.00100
   0.00099
   0.00098
   0.00097
   0.00097
   0.00096
   0.00096
   0.00096
   0.00096
   0.00096
   0.00096
   0.00097
   0.00097
   0.00098
   0.00100
   0.00101
   0.00103
   0.00105
   0.00107
   0.00110
   0.00113
   0.00115
   0.00115
   0.00111
   0.00105
   0.00097
   0.00091
   0.00086
   0.00082
   0.00080
   0.00079
   0.00079
   0.00079
   0.00083
   0.00095
   0.00209
   0.17613
   0.00430
   0.00067
   0.00068
   0.00068
   0.00069
   0.00069
   0.00069
   0.00069
   0.00070
   0.00070
   0.00070
   0.00071
   0.00071
   0.00071
   0.00071
   0.00071
   0.00072
   0.00072
   0.00072
   0.00072
   0.00072
   0.00072
   0.00071
   0.00071
   0.00071
   0.00071
   0.00071
   0.00071
   0.00071
   0.00071
   0.00071
   0.00072
   0.00072
   0.00073
   0.00073
   0.00074
   0.00076
   0.00077
   0.00079
   0.00081
   0.00083
   0.00086
   0.00089
   0.00089
   0.00087
   0.00081
   0.00076
   0.00070
   0.00066
   0.00062
   0.00059
   0.00057
   0.00056
   0.00055
   0.00055
   0.00056
   0.00058
   0.00065
   0.00117
   0.00118
   0.00111
   0.00104
   0.01630
   0.00132
   0.00048
   0.00048
   0.00048
   0.00048
   0.00048
   0.00048
   0.00048
   0.00048
   0.00048
   0.00048
   0.00047
   0.00047
   0.00047
   0.00047
   0.00047
   0.00047
   0.00047
   0.00047
   0.00047
   0.00047
   0.00047
   0.00047
   0.00047
   0.00047
   0.00047
   0.00047
   0.00047
   0.00047
   0.00047
   0.00048
   0.00048
   0.00048
   0.00048
   0.00048
   0.00049
   0.00049
   0.00049
   0.00049
   0.00050
   0.00050
   0.00050
   0.00050
   0.00051
   0.00051
   0.00051
   0.00051
   0.00052
   0.00052
   0.00052
   0.00052
   0.00053
   0.00053
   0.00053
   0.00053
   0.00053
   0.00053
   0.00053
   0.00053
   0.00053
   0.00053
   0.00053
   0.00053
   0.00053
   0.00053
   0.00053
   0.00053
   0.00053
   0.00054
   0.00054
   0.00055
   0.00055
   0.00056
   0.00058
   0.00059
   0.00061
   0.00063
   0.00065
   0.00067
   0.00068
   0.00066
   0.00062
   0.00058
   0.00053
   0.00050
   0.00047
   0.00044
   0.00042
   0.00041
   0.00040
   0.00040
   0.00040
   0.00040
   0.00042
   0.00047
   0.00073
   0.00061
   0.00074
   0.00050
   0.00073
   0.00036
   0.00078
   0.00032
   0.00034
   0.00071
   0.00031
   0.00060
   0.00048
   0.00048
   0.00045
   0.00043
   0.00041
   0.00039
   0.00038
   0.00036
   0.00035
   0.00033
   0.00032
   0.00030
   0.00029
   0.00028
   0.00026
   0.00025
   0.00023
   0.00064
   0.01338
   0.00153
   0.00080
   0.00051
   0.00041
   0.00037
   0.00033
   0.00031
   0.00028
   0.00026
   0.00025
   0.00023
   0.00022
   0.00021
   0.00020
   0.00019
   0.00018
   0.00017
   0.00016
   0.00016
   0.00015
   0.00015
   0.00014
   0.00014
   0.00013
   0.00013
   0.00012
   0.00012
   0.00011
   0.00008
   0.00008
   0.00007
   0.00007
   0.00007
   0.00007
   0.00007
   0.00006
   0.00006
   0.00006
   0.00006
   0.00006
   0.00006
   0.00005
   0.00005
   0.00005
   0.00005
   0.00005
   0.00005
   0.00005
   0.00005
   0.00005
   0.00004
   0.00004
   0.00004
   0.00004
   0.00004
   0.00004
   0.00004
   0.00004
   0.00004
   0.00004
   0.00004
   0.00003
   0.00003
   0.00003
   0.00003
   0.00003
   0.00003
   0.00003
   0.00003
   0.00003
   0.00003
   0.00003
   0.00003
   0.00003
   0.00003
   0.00003
   0.00003
   0.00003
   0.00002
   0.00002
   0.00002
   0.00002
   0.00002
   0.00002
   0.00002
   0.00002
   0.00002
   0.00002
   0.00002
