   0.72392
   0.72287
   0.73544
   0.72731
   0.73236
   0.73602
   0.73757
   0.73399
   0.73401
   0.71830
   0.73768
   0.72570
   0.72908
   0.73468
   0.73628
   0.73487
   0.73760
   0.73661
   0.73634
   0.73502
   0.72004
   0.73597
   0.73322
   0.74276
   0.73971
   0.73627
   0.73444
   0.73129
   0.72901
   0.72626
   0.72526
   0.72162
   0.72069
   0.71971
   0.71886
   0.71861
   0.71880
   0.72132
   0.72270
   0.72482
   0.72802
   0.73232
   0.73779
   0.74419
   0.75131
   0.75881
   0.76692
   0.77481
   0.78302
   0.79146
   0.80021
   0.80904
   0.81510
   0.82426
   0.83387
   0.84356
   0.85365
   0.86293
   0.87462
   0.88552
   0.89766
   0.90802
   0.92317
   0.93527
   0.94330
   0.95163
   0.96013
   0.97351
   0.98153
   0.99503
   1.00201
   1.00944
   1.01606
   1.02351
   1.01753
   1.02558
   1.03519
   1.04308
   1.05084
   1.05845
   1.06483
   1.07232
   1.07952
   1.08725
   1.09812
   1.10407
   1.10717
   1.11254
   1.11854
   1.12408
   1.13667
   1.14120
   1.14569
   1.15058
   1.15578
   1.15869
   1.16161
   1.16267
   1.16542
   1.16846
   1.17026
   1.17260
   1.17415
   1.17586
   1.17725
   1.17916
   1.17942
   1.17927
   1.18329
   1.18293
   1.18099
   1.17922
   1.17688
   1.17361
   1.16976
   1.16453
   1.15888
   1.15234
   1.14489
   1.13684
   1.12962
   1.11998
   1.10916
   1.09714
   1.08445
   1.07037
   1.05773
   1.04166
   1.02458
   1.00622
   0.98527
   0.96473
   0.94530
   0.92266
   0.90798
   0.88381
   0.85864
   0.83323
   0.80216
   0.77586
   0.74902
   0.72159
   0.69399
   0.66601
   0.63955
   0.61071
   0.58216
   0.53900
   0.51213
   0.48544
   0.45618
   0.43027
   0.40486
   0.38009
   0.35846
   0.33635
   0.31265
   0.29431
   0.27370
   0.25481
   0.23709
   0.22062
   0.20702
   0.19318
   0.17975
   0.16870
   0.15824
   0.14860
   0.14005
   0.13388
   0.12849
   0.12776
   0.13612
   0.14157
   0.16492
   0.19849
   0.26404
   0.34028
   0.35628
   0.29165
   0.11405
   0.19793
   0.15859
   0.05678
   0.86742
   1.13577
   0.00788
   0.91839
   0.71281
   1.34096
   0.00505
   0.35561
   0.57176
   0.00426
   0.19163
   0.46363
   0.00313
   0.04844
   1.18666
   0.15765
   0.00781
   1.14210
   0.00226
   0.00270
   0.00164
   0.00122
   0.00182
   0.00191
   0.00178
   0.00177
   0.00158
   0.00398
   0.00430
   0.00267
   0.00265
   0.00207
   0.00123
   0.00111
   0.00094
   0.00080
   0.00117
   0.00468
   0.00161
   0.00110
   0.00103
   0.00064
   0.70094
   0.70936
   0.71275
   0.71419
   0.71484
   0.71514
   0.71527
   0.71534
   0.71537
   0.71538
   0.71539
   0.71539
   0.71540
   0.71540
   0.71540
   0.71540
   0.71540
   0.71540
   0.71540
   0.71540
   0.71540
   0.71540
   0.71540
   0.71540
   0.71540
   0.71540
   0.71540
   0.71540
   0.71540
   0.71540
   0.71540
   0.71540
   0.71540
   0.71539
   0.71539
   0.71539
   0.71539
   0.71539
   0.71539
   0.71539
   0.71539
   0.71539
   0.71539
   0.71539
   0.71539
   0.71539
   0.71539
   0.71539
   0.71539
   0.71539
   0.71544
   0.71540
   0.71538
   0.71537
   0.71537
   0.71536
   0.71536
   0.71536
   0.71536
   0.71536
   0.71536
   0.71536
   0.71536
   0.71536
   0.71536
   0.71536
   0.71536
   0.71536
   0.71536
   0.71536
   0.71536
   0.71536
   0.71536
   0.71536
   0.71536
   0.71536
   0.71536
   0.71536
   0.71536
   0.71536
   0.71536
   0.71536
   0.71536
   0.71536
   0.71536
   0.71536
   0.71536
   0.71536
   0.71536
   0.71536
   0.71536
   0.71536
   0.71536
   0.71536
   0.71536
   0.71536
   0.71536
   0.71536
   0.71536
   0.71536
   0.71536
   0.71536
   0.71536
   0.71536
   0.71536
   0.71536
   0.71536
   0.71536
   0.71536
   0.71536
   0.71536
   0.71536
   0.71536
   0.71536
   0.71536
   0.71536
   0.71536
   0.71536
   0.71536
   0.71535
   0.71535
   0.71535
   0.71535
   0.71535
   0.71535
   0.71535
   0.71535
   0.71535
   0.71535
   0.71535
   0.71535
   0.71535
   0.71535
   0.71535
   0.71535
   0.71535
   0.71535
   0.71535
   0.71535
   0.71535
   0.71535
   0.71535
   0.71535
   0.71535
   0.71535
   0.71535
   0.71535
   0.71535
   0.71535
   0.71535
   0.71535
   0.71535
   0.71535
   0.71535
   0.71535
   0.71535
   0.71535
   0.71535
   0.71535
   0.71535
   0.71535
   0.71535
   0.71535
   0.71535
   0.71535
   0.71535
   0.71535
   0.71535
   0.71535
   0.71535
   0.71535
   0.71535
   0.71535
   0.71535
   0.71535
   0.71534
   0.71534
   0.71534
   0.71534
   0.71534
   0.71534
   0.71534
   0.71534
   0.71534
   0.71534
   0.71534
   0.71534
   0.71534
   0.71534
   0.71534
   0.71534
   0.71534
   0.71534
   0.71534
   0.71534
   0.71534
   0.71534
   0.71534
   0.71534
   0.71534
   0.71534
   0.71534
   0.71534
   0.71534
   0.71534
   0.71534
   0.71534
   0.71534
   0.71534
   0.71534
   0.71534
   0.71534
   0.71534
   0.71534
   0.71534
   0.71534
   0.71534
   0.71534
   0.71534
   0.71534
   0.71534
   0.71534
   0.71534
   0.71534
   0.71534
   0.71534
   0.71534
   0.71534
   0.71534
   0.71534
   0.71534
   0.71534
   0.71534
   0.71534
   0.71534
   0.71534
   0.71534
   0.71534
   0.71534
   0.71534
   0.71534
   0.71534
   0.71534
   0.71534
   0.71534
   0.71534
   0.71534
   0.71534
   0.71534
   0.71534
   0.71534
   0.71533
   0.71533
   0.71533
   0.71533
   0.71533
   0.71533
   0.71533
   0.71533
   0.71533
   0.71533
   0.71533
   0.71533
   0.71533
   0.71533
   0.71533
   0.71533
   0.71533
   0.71533
   0.71533
   0.71533
   0.71533
   0.71533
   0.71533
