   0.83045
   0.82176
   0.81970
   0.81756
   0.81260
   0.80698
   0.80051
   0.79944
   0.79585
   0.79340
   0.78762
   0.78398
   0.78151
   0.77833
   0.77550
   0.77368
   0.77156
   0.77112
   0.79362
   0.77959
   0.76401
   0.75485
   0.75137
   0.75060
   0.74834
   0.75124
   0.76802
   0.77342
   0.77187
   0.77034
   0.76913
   0.76873
   0.76672
   0.76669
   0.75669
   0.74251
   0.74458
   0.74446
   0.74219
   0.73934
   0.73222
   0.73095
   0.72528
   0.71763
   0.71240
   0.70482
   0.69234
   0.68140
   0.67427
   0.66829
   0.66104
   0.65435
   0.64794
   0.64231
   0.63697
   0.63166
   0.62609
   0.62025
   0.61376
   0.60648
   0.59877
   0.59064
   0.58223
   0.57372
   0.56543
   0.55780
   0.55102
   0.54505
   0.53942
   0.53346
   0.52671
   0.51990
   0.51289
   0.50567
   0.49851
   0.49153
   0.48471
   0.47803
   0.47154
   0.46547
   0.45923
   0.45330
   0.44757
   0.44193
   0.43645
   0.43129
   0.42586
   0.42084
   0.41578
   0.41087
   0.40584
   0.40095
   0.39610
   0.39113
   0.38632
   0.38150
   0.37662
   0.37156
   0.36633
   0.36122
   0.35613
   0.35064
   0.34551
   0.33948
   0.33422
   0.32840
   0.32323
   0.31728
   0.31213
   0.30579
   0.30093
   0.29566
   0.29088
   0.28592
   0.28178
   0.27711
   0.27299
   0.26874
   0.26501
   0.26108
   0.25759
   0.25405
   0.25080
   0.24750
   0.24451
   0.24142
   0.23829
   0.23521
   0.23231
   0.22979
   0.22660
   0.22383
   0.22120
   0.21841
   0.21576
   0.21320
   0.21096
   0.20896
   0.20714
   0.20399
   0.20206
   0.19866
   0.19715
   0.19367
   0.19182
   0.18864
   0.18608
   0.18331
   0.18089
   0.17796
   0.17654
   0.17261
   0.17098
   0.16819
   0.16436
   0.16165
   0.15845
   0.15707
   0.15391
   0.14983
   0.14818
   0.14603
   0.14214
   0.13959
   0.13687
   0.13407
   0.13135
   0.12852
   0.12580
   0.12276
   0.12042
   0.11754
   0.11510
   0.11241
   0.10982
   0.10740
   0.10485
   0.10220
   0.09965
   0.09713
   0.09475
   0.09250
   0.09015
   0.08786
   0.08552
   0.08337
   0.08124
   0.07907
   0.07688
   0.07489
   0.07275
   0.07101
   0.06876
   0.06706
   0.06491
   0.06334
   0.06126
   0.05973
   0.05782
   0.05646
   0.05454
   0.05330
   0.05145
   0.05038
   0.04877
   0.04749
   0.04624
   0.04492
   0.04378
   0.04238
   0.04126
   0.03968
   0.03870
   0.03708
   0.03520
   0.03348
   0.03140
   0.02940
   0.02737
   0.02549
   0.02424
   0.02309
   0.02282
   0.02057
   0.02931
   0.01560
   0.03540
   0.01697
   0.03121
   0.01556
   0.03170
   0.05355
   0.04450
   0.02995
   0.02801
   0.01742
   0.02085
   0.02109
   0.03486
   0.03629
   0.03835
   0.04395
   0.01831
   0.03901
   0.04215
   0.02987
   0.02496
   0.02102
   0.02130
   0.02191
   0.02118
   0.02120
   0.02091
   0.02226
   0.02730
   0.02726
   0.04249
   0.04297
   0.02544
   0.02641
   0.02374
   0.02388
   0.01787
   0.03123
   0.01349
   0.00868
   0.01699
   0.01098
   0.01505
   0.00741
   0.00882
   0.00529
   0.00554
   0.00699
   0.00692
   0.00677
   0.00659
   0.00644
   0.00631
   0.00620
   0.00610
   0.00601
   0.00594
   0.00587
   0.00582
   0.00578
   0.00576
   0.00575
   0.00576
   0.00579
   0.00588
   0.00603
   0.00620
   0.00647
   0.00604
   0.01359
   0.02571
   0.00502
   0.00566
   0.00307
   0.00489
   0.00408
   0.00505
   0.00453
   0.00281
   0.00439
   0.00284
   0.00265
   0.00263
   0.00399
   0.01206
   1.76501
   0.25761
   0.20718
   0.16977
   0.12468
   0.10242
   0.09763
   0.09447
   0.09165
   0.08894
   0.08529
   0.07135
   0.06882
   0.06690
   0.06519
   0.06348
   0.06180
   0.06014
   0.05851
   0.05690
   0.05534
   0.05383
   0.05233
   0.05093
   0.04952
   0.04816
   0.04681
   0.04552
   0.04418
   0.04288
   0.04159
   0.04033
   0.03910
   0.03791
   0.03676
   0.03565
   0.03458
   0.03355
   0.03256
   0.03160
   0.03067
   0.02975
   0.02886
   0.02799
   0.02713
   0.02629
   0.02546
   0.02466
   0.02388
   0.02311
   0.02236
   0.02164
   0.02093
   0.02025
   0.01957
   0.01894
   0.01831
   0.01771
   0.01712
   0.01656
   0.01601
   0.01548
   0.01497
   0.01448
   0.01401
   0.01356
   0.01312
   0.01270
   0.01230
   0.01192
   0.01155
   0.01121
   0.01088
   0.01058
   0.01029
   0.01004
   0.00982
   0.00963
   0.00949
   0.00941
   0.00937
   0.00939
   0.00943
   0.00950
   0.00964
   0.00983
   0.01001
   0.01027
   0.01053
   0.01059
   0.01066
   1.81818
   0.03295
   0.01007
   0.01155
   0.00962
   0.00999
   0.00994
   0.01033
   0.01132
   0.01370
   0.01893
   0.02490
   0.02599
   0.02524
   0.02535
   0.02483
   0.02453
   0.02395
   0.02339
   0.02275
   0.02205
   0.02136
   0.02064
   0.01992
   0.01921
   0.01848
   0.01775
   0.01701
   0.01628
   0.01554
   0.01481
   0.01413
   0.01349
   0.01288
   0.01231
   0.01177
   0.01126
   0.01078
   0.01032
   0.00989
   0.00948
   0.00909
   0.00871
   0.00836
   0.00802
   0.00770
   0.00739
   0.00711
   0.00683
   0.00658
   0.00634
   0.00612
   0.00592
   0.00572
   0.00555
   0.00538
   0.00523
   0.00508
   0.00494
   0.00480
   0.00467
   0.00453
   0.00440
   0.00427
   0.00413
   0.00398
   0.00382
   0.00363
   0.00341
   0.00315
   0.00291
   0.00276
   0.00267
   0.00260
   0.00255
   0.00252
   0.00252
   0.00265
   0.00364
   0.37603
   0.04314
   0.03398
   0.02891
   0.02747
   0.02563
   0.02318
   0.02163
   0.02050
   0.02129
   0.02176
   0.02065
   0.01933
   0.01816
   0.01720
   0.01645
   0.01552
   0.01454
   0.01371
   0.01295
   0.01224
   0.01161
   0.01104
   0.01056
   0.01009
   0.00966
   0.00928
   0.00893
   0.00863
   0.00832
   0.00806
   0.00781
   0.00758
   0.00736
   0.00717
   0.00698
   0.00682
   0.00665
   0.00650
   0.00635
   0.00621
   0.00607
   0.00593
   0.00578
   0.00563
   0.00546
   0.00529
   0.00509
   0.00486
   0.00458
   0.00429
   0.00410
   0.00398
   0.00389
   0.00380
   0.00371
   0.00365
   0.00357
   0.00351
   0.00344
   0.00338
   0.00334
   0.00329
   0.00325
   0.00325
   0.00331
   0.00344
   0.00329
   0.00322
   0.00311
   0.00302
   0.00292
   0.00284
   0.00275
   0.00267
   0.00260
   0.00252
   0.00245
   0.00240
   0.00215
   0.00223
   0.00220
   0.00178
   0.00177
   0.00186
   0.00185
   0.00179
   0.00173
   0.00168
   0.00162
   0.00157
   0.00152
   0.00148
   0.00137
   0.00110
   0.00170
   0.00107
   0.00131
   0.00105
   0.54731
   0.02194
   0.01425
   0.00896
   0.00750
   0.00709
   0.00674
   0.00671
   0.00671
   0.00684
   0.00688
   0.00692
   0.00715
   0.00741
   0.00778
   0.00829
   0.00888
   0.00867
   0.00747
   0.00719
   0.00621
   0.00614
   0.00538
   0.00553
   0.00521
   0.00544
   0.00722
   0.01354
   0.01738
   0.00740
   0.01400
   0.01854
   0.00837
   0.01125
   0.01724
   0.01850
   0.01879
   0.01675
   0.01217
   0.01283
   0.01300
   0.01363
   0.01433
   0.01458
   0.01197
   0.00953
   0.00926
   0.00906
   0.00891
   0.00872
   0.00855
   0.00834
   0.00815
   0.00795
   0.00774
   0.00753
   0.00732
   0.00710
   0.00689
   0.00668
   0.00648
   0.00627
   0.00606
   0.00587
   0.00566
   0.00548
   0.00528
   0.00510
   0.00492
   0.00475
   0.00458
   0.00441
   0.00425
   0.00410
   0.00395
   0.00381
   0.00367
   0.00354
   0.00342
   0.00330
   0.00318
   0.00307
   0.00296
   0.00285
   0.00274
   0.00262
   0.00252
   0.00240
   0.00228
   0.00215
   0.00202
   0.00187
   0.00173
   0.00157
   0.00143
   0.00130
   0.00118
   0.00107
   0.00099
   0.00093
   0.00088
   0.00085
   0.00083
   0.00081
   0.00079
   0.00078
   0.00077
   0.00075
   0.00074
   0.00073
   0.00071
   0.00070
   0.00068
   0.00067
   0.00065
   0.00064
   0.00062
   0.00061
   0.00059
   0.00058
   0.00057
   0.00057
   0.00059
   0.00073
   0.00055
   0.00080
   3.93965
   0.00135
   0.00054
   0.00054
   0.00054
   0.00054
   0.00054
   0.00054
   0.00055
   0.00055
   0.00055
   0.00055
   0.00056
   0.00056
   0.00056
   0.00057
   0.00057
   0.00058
   0.00058
   0.00059
   0.00059
   0.00060
   0.00060
   0.00061
   0.00062
   0.00063
   0.00064
   0.00064
   0.00065
   0.00066
   0.00067
   0.00068
   0.00069
   0.00069
   0.00070
   0.00071
   0.00073
   0.00074
   0.00076
   0.00078
   0.00081
   0.00086
   0.00093
   0.00101
   0.00102
   0.00085
   0.00074
   0.00056
   0.00063
   0.00049
   0.00087
   0.00854
   0.00052
   0.00050
   0.00052
   0.00057
   0.00561
   0.00088
   0.00593
   0.00096
   0.00494
   0.00216
   0.00052
   0.00631
   0.00089
   0.00450
   0.00379
   0.00689
   0.00060
   0.00456
   0.00277
   0.00072
   0.00423
   0.00307
   0.01660
   0.00038
   0.00037
   0.00036
   0.00036
   0.00036
   0.00036
   0.00036
   0.00036
   0.00036
   0.00036
   0.00036
   0.00036
   0.00036
   0.00036
   0.00035
   0.00035
   0.00035
   0.00035
   0.00035
   0.00035
   0.00035
   0.00035
   0.00035
   0.00035
   0.00035
   0.00035
   0.00035
   0.00035
   0.00035
   0.00036
   0.00036
   0.00036
   0.00036
   0.00037
   0.00037
   0.00037
   0.00037
   0.00038
   0.00038
   0.00039
   0.00039
   0.00039
   0.00040
   0.00040
   0.00041
   0.00041
   0.00042
   0.00042
   0.00043
   0.00044
   0.00044
   0.00045
   0.00046
   0.00047
   0.00048
   0.00050
   0.00053
   0.00057
   0.00062
   0.00064
   0.00056
   0.00052
   0.00039
   0.00040
   0.00030
   0.00054
   0.00103
   0.00606
   0.00033
   0.00029
   0.00032
   0.00040
   0.00562
   0.00032
   0.00379
   1.28298
   0.00200
   0.00136
   0.00121
   0.00110
   0.00101
   0.00094
   0.00087
   0.00082
   0.00077
   0.00072
   0.00069
   0.00052
   0.00045
   0.00043
   0.00041
   0.00039
   0.00037
   0.00036
   0.00034
   0.00033
   0.00032
   0.00031
   0.00029
   0.00028
   0.00027
   0.00026
   0.00026
   0.00025
   0.00024
   0.00023
   0.00022
   0.00022
   0.00018
   0.00015
   0.00014
   0.00014
   0.00013
   0.00013
   0.00012
   0.00012
   0.00012
   0.00011
   0.00011
   0.00011
   0.00010
   0.00010
   0.00010
   0.00010
   0.00009
   0.00009
   0.00009
   0.00009
   0.00008
   0.00008
   0.00008
   0.00008
   0.00007
   0.00007
   0.00007
   0.00007
   0.00007
   0.00007
   0.00006
   0.00006
   0.00006
   0.00006
   0.00006
   0.00006
   0.00006
   0.00006
   0.00005
   0.00005
   0.00005
   0.00005
   0.00005
   0.00005
   0.00005
   0.00005
   0.00005
   0.00005
   0.00005
   0.00005
   0.00005
   0.00004
   0.00004
   0.00004
   0.00004
   0.00004
   0.00004
   0.00004
   0.00004
   0.00004
   0.00004
   0.00004
   0.00004
   0.00004
   0.00004
   0.00004
   0.00004
   0.00004
   0.00004
   0.00004
   0.00004
   0.00004
   0.00004
   0.00004
   0.00004
   0.00004
   0.00004
   0.00004
   0.00005
   0.00007
   0.00047
   0.16225
   0.08877
   0.07804
   0.07069
   0.06550
   0.06373
   0.06227
   0.06105
   0.05988
   0.05869
   0.05749
   0.05579
   0.05146
   0.04611
   0.04337
   0.04251
   0.04176
   0.04105
   0.04031
   0.03962
   0.03893
   0.03826
   0.03757
   0.03688
   0.03618
   0.03548
   0.03476
   0.03405
   0.03334
   0.03262
