   0.68734
   0.68637
   0.68212
   0.67698
   0.66993
   0.66855
   0.66917
   0.66520
   0.66209
   0.66655
   0.66189
   0.66096
   0.66594
   0.66565
   0.66324
   0.66480
   0.66299
   0.66199
   0.66460
   0.66471
   0.66436
   0.66480
   0.66343
   0.66318
   0.66302
   0.66246
   0.66259
   0.66180
   0.66174
   0.66100
   0.66084
   0.66226
   0.66458
   0.66259
   0.66297
   0.66076
   0.66340
   0.66134
   0.66229
   0.66275
   0.65883
   0.65587
   0.65747
   0.65322
   0.64850
   0.63985
   0.63401
   0.63118
   0.62669
   0.62295
   0.61899
   0.61517
   0.61149
   0.60758
   0.60303
   0.59839
   0.59345
   0.58879
   0.58383
   0.57900
   0.57427
   0.56964
   0.56512
   0.56060
   0.55599
   0.55129
   0.54647
   0.54162
   0.53684
   0.53219
   0.52776
   0.52355
   0.51961
   0.51583
   0.51218
   0.50856
   0.50490
   0.50115
   0.49734
   0.49342
   0.48944
   0.48536
   0.48132
   0.47731
   0.47334
   0.46944
   0.46561
   0.46187
   0.45821
   0.45465
   0.45117
   0.44776
   0.44444
   0.44121
   0.43802
   0.43489
   0.43181
   0.42878
   0.42578
   0.42282
   0.41971
   0.41682
   0.41394
   0.41109
   0.40827
   0.40542
   0.40262
   0.39984
   0.39706
   0.39428
   0.39151
   0.38874
   0.38598
   0.38323
   0.38049
   0.37773
   0.37499
   0.37224
   0.36949
   0.36674
   0.36399
   0.36124
   0.35849
   0.35574
   0.35298
   0.35023
   0.34748
   0.34472
   0.34198
   0.33923
   0.33650
   0.33378
   0.33107
   0.32838
   0.32572
   0.32308
   0.32046
   0.31789
   0.31536
   0.31288
   0.31047
   0.30812
   0.30583
   0.30362
   0.30151
   0.29947
   0.29752
   0.29567
   0.29393
   0.29227
   0.29072
   0.28924
   0.28786
   0.28652
   0.28527
   0.28406
   0.28286
   0.28168
   0.28048
   0.27926
   0.27800
   0.27669
   0.27530
   0.27384
   0.27228
   0.27062
   0.26884
   0.26694
   0.26488
   0.26269
   0.26034
   0.25782
   0.25511
   0.25221
   0.24912
   0.24582
   0.24235
   0.23868
   0.23480
   0.23077
   0.22659
   0.22224
   0.21776
   0.21315
   0.20844
   0.20364
   0.19874
   0.19378
   0.18876
   0.18373
   0.17871
   0.17369
   0.16873
   0.16381
   0.15899
   0.15427
   0.14966
   0.14519
   0.14087
   0.13670
   0.13270
   0.12886
   0.12519
   0.12168
   0.11833
   0.11512
   0.11205
   0.10909
   0.10623
   0.10347
   0.10078
   0.09816
   0.09561
   0.09311
   0.09067
   0.08828
   0.08593
   0.08364
   0.08140
   0.07923
   0.07711
   0.07506
   0.07309
   0.07120
   0.06941
   0.06772
   0.06616
   0.06471
   0.06341
   0.06226
   0.06129
   0.06053
   0.06000
   0.05971
   0.05974
   0.06009
   0.06076
   0.06178
   0.06324
   0.06510
   0.06745
   0.07025
   0.07348
   0.07705
   0.08072
   0.08429
   0.08737
   0.08938
   0.08968
   0.08798
   0.08429
   0.07924
   0.07331
   0.06694
   0.06043
   0.05414
   0.04835
   0.04339
   0.03986
   0.03865
   0.04101
   0.04816
   0.05964
   0.06925
   0.06497
   0.06715
   0.13706
   0.14181
   0.09775
   0.12397
   0.24092
   0.01391
   0.01282
   0.01386
   0.01509
   0.02245
   0.01347
   0.09015
   0.02518
   0.02866
   0.03234
   0.03433
   0.03492
   0.03395
   0.03195
   0.02967
   0.02746
   0.02546
   0.02370
   0.02214
   0.02075
   0.01949
   0.01833
   0.01724
   0.01622
   0.01527
   0.01441
   0.01369
   0.01310
   0.01266
   0.01236
   0.01205
   0.01129
   0.00859
   0.01005
   0.01772
   0.01717
   0.01935
   0.01693
   0.01860
   0.01855
   0.01758
   0.01497
   0.01124
   0.01002
   0.01093
   0.00983
   0.01091
   0.01987
   0.01534
   0.01078
   0.00440
   0.00472
   0.00543
   0.00960
   0.00443
   0.00647
   0.00415
   0.00797
   0.00340
   0.00408
   0.00568
   0.00506
   0.00352
   0.00552
   0.00532
   0.00307
   0.00526
   0.00346
   0.00655
   0.00304
   0.00581
   0.00624
   0.00290
   0.00231
   0.00529
   0.00354
   0.00409
   0.00217
   0.00204
   0.00334
   0.00192
   0.00231
   0.00433
   0.02610
   0.00389
   0.15413
   0.00161
   0.00156
   0.00153
   0.00150
   0.00149
   0.00148
   0.00145
   0.00142
   0.00138
   0.00136
   0.00176
   0.00597
   0.00126
   0.00130
   0.00127
   0.00124
   0.00121
   0.00119
   0.00117
   0.00116
   0.00299
   0.00186
   0.00184
   0.00187
   0.00184
   0.00173
   0.00158
   0.00141
   0.00125
   0.00112
   0.00104
   0.00103
   0.00101
   0.00096
   0.00094
   0.00092
   0.00090
   0.00089
   0.00086
   0.00085
   0.00084
   0.00083
   0.00082
   0.00080
   0.00078
   0.00076
   0.00075
   0.00074
   0.00074
   0.00076
   0.00077
   0.00079
   0.00075
   0.00085
   0.00079
   0.00062
   0.12029
   0.00130
   0.00120
   0.00115
   0.00106
   0.00092
   0.00074
   0.00061
   0.00059
   0.00062
   0.00054
   0.00051
   0.00048
   0.00050
   0.00046
   0.00047
   0.00046
   0.00045
   0.00043
   0.00042
   0.00042
   0.00041
   0.00040
   0.00039
   0.00039
   0.00039
   0.00041
   0.00047
   0.00046
   0.00047
   0.00048
   0.00049
   0.00047
   0.00037
   0.00032
   0.00088
   0.00057
   0.00067
   0.00070
   0.00071
   0.00073
   0.00076
   0.00079
   0.00081
   0.00080
   0.00078
   0.00072
   0.00062
   0.00049
   0.00037
   0.00032
   0.00032
   0.00035
   0.00031
   0.00030
   0.00029
   0.00028
   0.00028
   0.00027
   0.00026
   0.00026
   0.00025
   0.00024
   0.00024
   0.00023
   0.00023
   0.00022
   0.00022
   0.00022
   0.00022
   0.00023
   0.00025
   0.00028
   0.00029
   0.00028
   0.00027
   0.00158
   0.00024
   0.00025
   0.00025
   0.00026
   0.00027
   0.00027
   0.00028
   0.00029
   0.00030
   0.00031
   0.00033
   0.00035
   0.00036
   0.00038
   0.00040
   0.00041
   0.00043
   0.00044
   0.00045
   0.00047
   0.00050
   0.00051
   0.00052
   0.00051
   0.00046
   0.00038
   0.00030
   0.00023
   0.00019
   0.00019
   0.00020
   0.00018
   0.00017
   0.00017
   0.00017
   0.00016
   0.00016
   0.00015
   0.00015
   0.00015
   0.00014
   0.00014
   0.00013
   0.00013
   0.00012
   0.00012
   0.00012
   0.00012
   0.00012
   0.00013
   0.00014
   0.00014
   0.00017
   0.09767
   0.00012
   0.00013
   0.00013
   0.00013
   0.00013
   0.00013
   0.00013
   0.00013
   0.00013
   0.00013
   0.00013
   0.00014
   0.00014
   0.00014
   0.00014
   0.00015
   0.00015
   0.00015
   0.00016
   0.00016
   0.00017
   0.00018
   0.00019
   0.00020
   0.00021
   0.00022
   0.00022
   0.00023
   0.00024
   0.00025
   0.00026
   0.00027
   0.00028
   0.00030
   0.00031
   0.00032
   0.00030
   0.00027
   0.00022
   0.00018
   0.00015
   0.00013
   0.00012
   0.00012
   0.00017
   0.00010
   0.44348
   0.00038
   0.00037
   0.00036
   0.00035
   0.00035
   0.00034
   0.00033
   0.00032
   0.00031
   0.00031
   0.00030
   0.00029
   0.00028
   0.00027
   0.00026
   0.00025
   0.00025
   0.00024
   0.00023
   0.00023
   0.00022
   0.00021
   0.00020
   0.00020
   0.00019
   0.00019
   0.00019
   0.00019
   0.00019
   0.00019
   0.00020
   0.00020
   0.00021
   0.00021
   0.00022
   0.00022
   0.00023
   0.00024
   0.00025
   0.00026
   0.00028
   0.00029
   0.00030
   0.00029
   0.00026
   0.00023
   0.00019
   0.00016
   0.00014
   0.00013
   0.00013
   0.00010
   0.00009
   0.00010
   0.00011
   0.00011
   0.00011
   0.00011
   0.00011
   0.00011
   0.00011
   0.00011
   0.00011
   0.00011
   0.00012
   0.00012
   0.00012
   0.00012
   0.00013
   0.00013
   0.00013
   0.00014
   0.00014
   0.00015
   0.00015
   0.00016
   0.00017
   0.00018
   0.00018
   0.00019
   0.00019
   0.00019
   0.00020
   0.00020
   0.00021
   0.00022
   0.00023
   0.00024
   0.00025
   0.00026
   0.00027
   0.00026
   0.00024
   0.00022
   0.00019
   0.00016
   0.00014
   0.00013
   0.00013
   0.00011
   0.00625
   0.01888
   0.01702
   0.01626
   0.01567
   0.01466
   0.01385
   0.01293
   0.01190
   0.01062
   0.00888
   0.00765
   0.00684
   0.00632
   0.00613
   0.00634
   0.00712
   0.00797
   0.00783
   0.00576
   0.00420
   0.00806
   0.00394
   0.00822
   0.00459
   0.00550
   0.00381
   0.00748
   0.00743
   0.00774
   0.00754
   0.00741
   0.00711
   0.00584
   0.00272
   0.00838
   0.01005
   0.00681
   0.00923
   0.00895
   0.00902
   0.00893
   0.00859
   0.00819
   0.00777
   0.00736
   0.00703
   0.00668
   0.00633
   0.00592
   0.00528
   0.70014
   0.00239
   0.00213
   0.00189
   0.00170
   0.00156
   0.00145
   0.00137
   0.00133
   0.00131
   0.00129
   0.00128
   0.00140
   0.00126
   0.00128
   0.00129
   0.00123
   0.00114
   0.00116
   0.00117
   0.00111
   0.00109
   0.00107
   0.00103
   0.00100
   0.00098
   0.00095
   0.00094
   0.00092
   0.00093
   0.00112
   0.00084
   0.00082
   0.00078
   0.00076
   0.00084
   0.00103
   0.00092
   0.00092
   0.00089
   0.00083
   0.00070
   0.00065
   0.00793
   0.00152
   0.00148
   0.00146
   0.00142
   0.00133
   0.00120
   0.00106
   0.00092
   0.00081
   0.00072
   0.00066
   0.00061
   0.00057
   0.00056
   0.00054
   0.00054
   0.00078
   0.00053
   0.00144
   0.00051
   0.00060
   0.00054
   0.00063
   0.00048
   0.00047
   0.00047
   0.00046
   0.00046
   0.00045
   0.00044
   0.00044
   0.00042
   0.00041
   0.00040
   0.00039
   0.00039
   0.00038
   0.00037
   0.00036
   0.00035
   0.00032
   0.00089
   0.00029
   0.00029
   0.00028
   0.00028
   0.00028
   0.00027
   0.00028
   0.00028
   0.00032
   0.00029
   0.00049
   0.00022
   0.00029
   0.00024
   0.00025
   0.00030
   0.00019
   0.00017
   0.00016
   0.00016
   0.00021
   0.00024
   0.00038
   0.00039
   0.00040
   0.00041
   0.00042
   0.00043
   0.00043
   0.00042
   0.00041
   0.00039
   0.00039
   0.00039
   0.00040
   0.00040
   0.00039
   0.00037
   0.00033
   0.00028
   0.00024
   0.00020
   0.00017
   0.00015
   0.00013
   0.00013
   0.00013
   0.00013
   0.00012
   0.00012
   0.00012
   0.00012
   0.00012
   0.00011
   0.00011
   0.00011
   0.00011
   0.00011
   0.00011
   0.00011
   0.00011
   0.00010
   0.00010
   0.00010
   0.00010
   0.00010
   0.00009
   0.00009
   0.00009
   0.00009
   0.00008
   0.00008
   8.82783
   0.00043
   0.00046
   0.00046
   0.00045
   0.00044
   0.00043
   0.00042
   0.00042
   0.00041
   0.00040
   0.00039
   0.00039
   0.00038
   0.00038
   0.00037
   0.00037
   0.00036
   0.00036
   0.00035
   0.00035
   0.00034
   0.00034
   0.00034
   0.00034
   0.00034
   0.00035
   0.00035
   0.00034
   0.00033
   0.00031
   0.00030
   0.00030
   0.00032
   0.00034
   0.00036
   0.00037
   0.00035
   0.00032
   0.00028
   0.00023
   0.00019
   0.00017
   0.00013
   0.00011
   0.00011
   0.00010
   0.00010
   0.00011
   0.00010
   0.00009
   0.00009
   0.00009
   0.00008
   0.00008
   0.00008
   0.00008
   0.00008
   0.00007
   0.00007
   0.00007
   0.00007
   0.00007
   0.00007
   0.00006
   0.00006
   0.00006
   0.00006
   0.00006
   0.00006
   0.00006
   0.00006
   0.00005
   0.00012
   0.00013
   0.00012
   0.00012
   0.00013
   0.00013
   0.00013
   0.00014
   0.00014
   0.00014
   0.00015
   0.00015
   0.00016
   0.00016
   0.00017
   0.00017
   0.00018
   0.00019
   0.00020
   0.00020
   0.00020
   0.00019
   0.00018
   0.00020
   0.00022
   0.00025
   0.00027
