   0.68789
   0.69326
   0.70431
   0.70975
   0.71834
   0.70254
   0.71195
   0.71732
   0.71505
   0.72859
   0.73311
   0.70474
   0.73767
   0.73426
   0.74108
   0.74306
   0.74344
   0.74253
   0.74227
   0.74251
   0.74221
   0.74245
   0.74209
   0.74130
   0.73951
   0.73807
   0.73948
   0.72654
   0.72484
   0.72645
   0.72844
   0.72445
   0.72467
   0.72591
   0.72659
   0.72760
   0.72878
   0.72988
   0.73161
   0.73386
   0.73657
   0.73958
   0.74312
   0.74721
   0.75192
   0.75715
   0.76276
   0.76859
   0.77457
   0.78060
   0.78677
   0.79316
   0.79999
   0.80725
   0.81492
   0.82295
   0.83137
   0.84015
   0.84925
   0.85865
   0.86827
   0.87761
   0.88715
   0.89659
   0.90596
   0.91519
   0.92431
   0.93333
   0.94190
   0.95040
   0.95865
   0.96671
   0.97458
   0.98211
   0.98944
   0.99655
   1.00349
   1.01012
   1.01653
   1.02267
   1.02888
   1.03479
   1.04063
   1.04632
   1.05211
   1.05750
   1.06263
   1.06786
   1.07289
   1.07768
   1.08211
   1.08642
   1.09053
   1.09430
   1.09783
   1.10127
   1.10448
   1.10746
   1.10922
   1.11107
   1.11249
   1.11339
   1.11401
   1.11402
   1.11294
   1.11136
   1.10867
   1.10555
   1.10124
   1.09624
   1.08942
   1.08184
   1.07307
   1.06346
   1.05300
   1.04136
   1.02792
   1.01412
   0.99969
   0.98316
   0.96558
   0.94678
   0.92731
   0.90773
   0.88781
   0.86680
   0.84507
   0.82341
   0.80156
   0.77948
   0.75713
   0.73492
   0.71236
   0.68975
   0.66716
   0.64457
   0.62197
   0.59940
   0.57704
   0.55494
   0.53272
   0.51053
   0.48856
   0.46664
   0.44484
   0.42301
   0.40129
   0.37964
   0.35810
   0.33667
   0.31561
   0.29468
   0.27411
   0.25398
   0.23440
   0.21548
   0.19747
   0.18058
   0.16505
   0.15105
   0.13875
   0.12827
   0.11970
   0.11312
   0.10874
   0.10700
   0.10878
   0.11381
   0.12079
   0.12591
   0.12523
   0.11534
   0.09572
   0.07176
   0.05007
   0.03385
   0.02521
   0.02084
   0.01981
   0.04795
   0.19124
   0.33547
   0.31392
   0.30793
   0.16995
   0.12331
   0.10424
   0.10145
   0.10969
   0.12582
   0.15024
   0.20680
   0.38643
   0.37879
   0.12890
   0.11175
   0.01073
   0.00591
   0.00478
   0.02054
   0.00701
   0.00652
   0.00968
   0.00309
   0.00281
   0.00225
   0.00371
   0.00330
   0.00264
   0.00230
   0.00322
   0.00267
   0.00228
   0.00255
   0.00207
   0.00197
   0.00183
   0.00177
   0.00161
   0.00153
   0.00143
   0.00134
   0.00116
   0.00110
   0.00107
   0.00102
   0.00095
   0.00091
   0.00085
   0.00078
   0.00079
   0.00074
   0.40245
   0.00339
   0.00096
   0.00105
   0.33586
   0.00089
   0.32151
   0.00066
   0.00063
   0.00058
   0.00054
   0.00104
   0.00044
   0.07014
   0.05006
   0.04366
   0.03980
   0.03724
   0.03502
   0.03303
   0.03113
   0.02934
   0.02766
   0.02610
   0.02464
   0.02330
   0.02205
   0.02090
   0.01984
   0.01889
   0.01799
   0.01729
   0.01639
   0.01680
   0.01527
   0.01601
   0.01427
   0.01431
   0.01388
   0.01650
   0.01383
   0.01504
   0.01505
   0.01631
   0.01679
   0.01676
   0.01811
   0.01869
   0.01877
   0.01845
   0.01783
   0.01701
   0.01612
   0.01511
   0.01423
   0.01389
   0.01392
   0.01282
   0.01283
   0.00466
   0.00295
   0.01854
   0.01644
   0.01675
   0.00906
   0.00586
   0.01225
   0.00223
   0.00345
   0.00213
   0.00331
   0.00850
   0.00683
   0.00193
   0.00304
   0.00258
   0.00259
   0.00181
   0.00249
   0.00293
   0.00307
   0.00162
   0.00348
   0.00219
   0.00333
   0.00156
   0.00276
   0.00347
   0.00256
   0.00135
   0.00270
   0.00124
   0.00221
   0.00120
   0.00237
   0.00104
   0.00133
   0.00126
   0.00279
   0.00112
   0.00125
   0.00093
   0.00097
   0.00240
   0.00088
   0.00190
   0.00148
   0.00142
   0.00074
   0.00126
   0.00107
   0.00110
   0.00169
   0.00097
   0.00108
   0.00091
   0.00077
   0.00073
   0.00077
   0.00097
   0.00219
   0.00108
   0.00092
   0.00123
   0.00100
   0.00107
   0.00072
   0.00144
   0.00146
   0.00088
   0.00328
   0.00209
   0.00146
   0.00108
   0.00103
   0.00077
   0.00117
   0.00082
   0.00069
   0.00149
   0.00074
   0.00055
   0.00052
   0.00148
   0.00222
   0.00153
   0.00112
   0.00086
   0.00074
   0.00119
   0.00087
   0.00072
   0.00059
   0.00051
   0.00260
   0.00200
   0.00155
   0.00116
   0.00088
   0.00071
   0.00149
   0.00103
   0.00096
   0.00084
   0.00066
   0.00054
   0.00048
   0.00214
   0.00157
   0.00115
   0.00086
   0.00069
   0.00055
   0.00052
   0.00135
   0.00090
   0.00068
   0.00125
   0.00102
   0.00078
   0.00062
   0.00052
   0.00049
   0.00472
   0.00255
   0.00158
   0.00106
   0.00078
   0.00060
   0.00048
   0.00054
   0.00553
   0.00320
   0.00204
   0.00137
   0.00097
   0.00071
   0.00056
   0.00099
   0.00065
   0.00057
   0.00045
   0.00037
   0.00035
   0.00029
   0.00062
   0.00058
   0.00055
   0.00047
   0.00036
   0.00030
   0.00029
   0.00028
   0.00060
   0.00056
   0.00053
   0.00046
   0.00035
   0.00029
   0.00026
   0.00022
   0.00489
   0.00291
   0.00189
   0.00127
   0.00090
   0.00065
   0.00050
   0.00041
   0.00057
   0.00053
   0.00044
   0.00034
   0.00029
   0.00028
   0.00389
   0.00221
   0.00140
   0.00094
   0.00067
   0.00051
   0.00040
   0.00224
   0.00166
   0.00122
   0.00093
   0.00071
   0.00054
   0.00042
   0.00034
   0.00257
   0.00154
   0.00100
   0.00069
   0.00051
   0.00040
   0.00054
   0.00122
   0.00087
   0.00065
   0.00050
   0.00039
   0.00032
   0.00041
   0.00332
   0.00182
   0.00113
   0.00076
