   0.68710
   0.68592
   0.68532
   0.68469
   0.68435
   0.68385
   0.68340
   0.68295
   0.68233
   0.68209
   0.68167
   0.68096
   0.68068
   0.67985
   0.67987
   0.67907
   0.67859
   0.67813
   0.67758
   0.67714
   0.67661
   0.67610
   0.67557
   0.67509
   0.67454
   0.67412
   0.67362
   0.67315
   0.67263
   0.67208
   0.67145
   0.67093
   0.67044
   0.66983
   0.66936
   0.66874
   0.66816
   0.66769
   0.66710
   0.66652
   0.66593
   0.66538
   0.66481
   0.66423
   0.66362
   0.66300
   0.66233
   0.66173
   0.66109
   0.66045
   0.65980
   0.65914
   0.65848
   0.65782
   0.65715
   0.65646
   0.65575
   0.65504
   0.65431
   0.65358
   0.65284
   0.65210
   0.65135
   0.65059
   0.64982
   0.64904
   0.64826
   0.64748
   0.64669
   0.64590
   0.64511
   0.64432
   0.64354
   0.64281
   0.64498
   0.64557
   0.64485
   0.64656
   0.64348
   0.64221
   0.64140
   0.64081
   0.64037
   0.64007
   0.63988
   0.63982
   0.63983
   0.63998
   0.64029
   0.64058
   0.64100
   0.64154
   0.64193
   0.64230
   0.64255
   0.64252
   0.64217
   0.64136
   0.64010
   0.63829
   0.63604
   0.63343
   0.63050
   0.62743
   0.62422
   0.62089
   0.61756
   0.61418
   0.61080
   0.60733
   0.60390
   0.60041
   0.59689
   0.59336
   0.58960
   0.58618
   0.58248
   0.57881
   0.57524
   0.57154
   0.56784
   0.56409
   0.56043
   0.55669
   0.55300
   0.54930
   0.54566
   0.54208
   0.53858
   0.53505
   0.53162
   0.52821
   0.52484
   0.52154
   0.51827
   0.51501
   0.51183
   0.50867
   0.50554
   0.50245
   0.49942
   0.49643
   0.49345
   0.49055
   0.48767
   0.48478
   0.48194
   0.47919
   0.47644
   0.47372
   0.47107
   0.46844
   0.46586
   0.46330
   0.46079
   0.45835
   0.45597
   0.45357
   0.45127
   0.44897
   0.44674
   0.44456
   0.44247
   0.44044
   0.43846
   0.43656
   0.43470
   0.43291
   0.43116
   0.42945
   0.42787
   0.42631
   0.42484
   0.42344
   0.42213
   0.42090
   0.41965
   0.41846
   0.41730
   0.41615
   0.41512
   0.41401
   0.41295
   0.41182
   0.41062
   0.40939
   0.40795
   0.40651
   0.40485
   0.40311
   0.40116
   0.39898
   0.39689
   0.39462
   0.39206
   0.38949
   0.38694
   0.38422
   0.38153
   0.37890
   0.37612
   0.37337
   0.37059
   0.36785
   0.36506
   0.36234
   0.35959
   0.35687
   0.35414
   0.35142
   0.34877
   0.34603
   0.34335
   0.34080
   0.33797
   0.33536
   0.33264
   0.33025
   0.32760
   0.32490
   0.32236
   0.31968
   0.31712
   0.31458
   0.31195
   0.30939
   0.30681
   0.30427
   0.30159
   0.29910
   0.29666
   0.29408
   0.29154
   0.28907
   0.28659
   0.28410
   0.28159
   0.27903
   0.27673
   0.27408
   0.27180
   0.26923
   0.26687
   0.26437
   0.26203
   0.25959
   0.25724
   0.25482
   0.25249
   0.25011
   0.24779
   0.24549
   0.24315
   0.24093
   0.23850
   0.23638
   0.23394
   0.23176
   0.22955
   0.22727
   0.22508
   0.22287
   0.22064
   0.21843
   0.21628
   0.21405
   0.21194
   0.20971
   0.20768
   0.20547
   0.20336
   0.20130
   0.19916
   0.19708
   0.19499
   0.19298
   0.19084
   0.18889
   0.18682
   0.18484
   0.18278
   0.18086
   0.17884
   0.17691
   0.17495
   0.17299
   0.17109
   0.16914
   0.16725
   0.16531
   0.16343
   0.16163
   0.15970
   0.15789
   0.15606
   0.15419
   0.15242
   0.15059
   0.14883
   0.14701
   0.14534
   0.14346
   0.14185
   0.14002
   0.13835
   0.13661
   0.13497
   0.13325
   0.13162
   0.12989
   0.12831
   0.12667
   0.12505
   0.12348
   0.12179
   0.12031
   0.11863
   0.11713
   0.11551
   0.11401
   0.11251
   0.11091
   0.10954
   0.10793
   0.10656
   0.10500
   0.10363
   0.10213
   0.10077
   0.09925
   0.09790
   0.09651
   0.09516
   0.09372
   0.09245
   0.09111
   0.08974
   0.08848
   0.08729
   0.08592
   0.08454
   0.08343
   0.08214
   0.08094
   0.07966
   0.07853
   0.07728
   0.07612
   0.07493
   0.07383
   0.07266
   0.07156
   0.07040
   0.06934
   0.06825
   0.06717
   0.06614
   0.06508
   0.06409
   0.06299
   0.06216
   0.06117
   0.06016
   0.05909
   0.05831
   0.05739
   0.05637
   0.05554
   0.05469
   0.05380
   0.05294
   0.05211
   0.05130
   0.05054
   0.04972
   0.04893
   0.04818
   0.04741
   0.04662
   0.04588
   0.04519
   0.04452
   0.04383
   0.04321
   0.04247
   0.04190
   0.04117
   0.04067
   0.03995
   0.03947
   0.03882
   0.03835
   0.03772
   0.03726
   0.03666
   0.03624
   0.03567
   0.03526
   0.03471
   0.03432
   0.03378
   0.03343
   0.03294
   0.03258
   0.03213
   0.03179
   0.03134
   0.03105
   0.03064
   0.03028
   0.02992
   0.02961
   0.02926
   0.02897
   0.02867
   0.02840
   0.02810
   0.02787
   0.02762
   0.02739
   0.02716
   0.02694
   0.02675
   0.02656
   0.02637
   0.02621
   0.02606
   0.02595
   0.02579
   0.02564
   0.02559
   0.02549
   0.02545
   0.02537
   0.02537
   0.02532
   0.02535
   0.02532
   0.02536
   0.02538
   0.02548
   0.02554
   0.02566
   0.02574
   0.02584
   0.02599
   0.02606
   0.02623
   0.02633
   0.02651
   0.02656
   0.02669
   0.02663
   0.02672
   0.02658
   0.02647
   0.02629
   0.02585
   0.02542
   0.02471
   0.02391
   0.02297
   0.02179
   0.02059
   0.01925
   0.01793
   0.01665
   0.01563
   0.01477
   0.01422
   0.01380
   0.01356
   0.01335
   0.01320
   0.01305
   0.01290
   0.01275
   0.01261
   0.01246
   0.01231
   0.01217
   0.01203
   0.01188
   0.01174
   0.01159
   0.01146
   0.01131
   0.01118
   0.01104
   0.01090
   0.01077
   0.01063
   0.01050
   0.01037
   0.01024
   0.01011
   0.00998
   0.00985
   0.00972
   0.00961
   0.00948
   0.00936
   0.00924
   0.00913
   0.00901
   0.00889
   0.00878
   0.00867
   0.00855
   0.00845
   0.00832
   0.00822
   0.00812
   0.00801
   0.00790
   0.00781
   0.00769
   0.00759
   0.00750
   0.00739
   0.00730
   0.00721
   0.00711
   0.00702
   0.00688
   0.00680
   0.00672
   0.00661
   0.00654
   0.00646
   0.00635
   0.00629
   0.00621
   0.00612
   0.00606
   0.00598
   0.00589
   0.00583
   0.00578
   0.00569
   0.00564
   0.00557
   0.00549
   0.00544
   0.00539
   0.00530
   0.00526
   0.00521
   0.00513
   0.00509
   0.00504
   0.00496
   0.00492
   0.00487
   0.00481
   0.00476
   0.00470
   0.00466
   0.00460
   0.00456
   0.00451
   0.00447
   0.00442
   0.00438
   0.00433
   0.00429
   0.00424
   0.00420
   0.00416
   0.00412
   0.00408
   0.00404
   0.00399
   0.00396
   0.00392
   0.00388
   0.00384
   0.00381
   0.00377
   0.00374
   0.00369
   0.00368
   0.00363
   0.00358
   0.00356
   0.00353
   0.00348
   0.00345
   0.00343
   0.00338
   0.00336
   0.00332
   0.00328
   0.00325
   0.00322
   0.00317
   0.00315
   0.00312
   0.00307
   0.00304
   0.00301
   0.00296
   0.00293
   0.00289
   0.00284
   0.00281
   0.00277
   0.00272
   0.00269
   0.00266
   0.00261
   0.00257
   0.00253
   0.00248
   0.00244
   0.00240
   0.00235
   0.00231
   0.00227
   0.00222
   0.00219
   0.00215
   0.00210
   0.00207
   0.00203
   0.00199
   0.00196
   0.00192
   0.00189
   0.00185
   0.00182
   0.00179
   0.00175
   0.00173
   0.00170
   0.00167
   0.00164
   0.00162
   0.00159
   0.00156
   0.00154
   0.00151
   0.00149
   0.00147
   0.00144
   0.00142
   0.00140
   0.00139
   0.00137
   0.00136
   0.00134
   0.00133
   0.00132
   0.00132
   0.00131
   0.00130
   0.00129
   0.00128
   0.00127
   0.00126
   0.00124
   0.00123
   0.00121
   0.00119
   0.00118
   0.00116
   0.00114
   0.00112
   0.00110
   0.00108
   0.00106
   0.00104
   0.00103
   0.00101
   0.00099
   0.00097
   0.00095
   0.00094
   0.00092
   0.00091
   0.00089
   0.00088
   0.00086
   0.00085
   0.00084
   0.00082
   0.00081
   0.00080
   0.00079
   0.00078
   0.00077
   0.00075
   0.00074
   0.00073
   0.00072
   0.00071
   0.00070
   0.00069
   0.00068
   0.00066
   0.00065
   0.00064
   0.00063
   0.00062
   0.00060
   0.00059
   0.00058
   0.00057
   0.00056
   0.00055
   0.00054
   0.00053
   0.00052
   0.00051
   0.00050
   0.00050
   0.00049
   0.00048
   0.00047
   0.00046
   0.00045
   0.00045
   0.00044
   0.00043
   0.00043
   0.00042
   0.00041
   0.00040
   0.00040
   0.00039
   0.00039
   0.00038
   0.00037
   0.00037
   0.00036
   0.00036
   0.00035
   0.00034
   0.00034
   0.00033
   0.00033
   0.00032
   0.00032
   0.00031
   0.00031
   0.00030
   0.00030
   0.00030
   0.00029
   0.00029
   0.00028
   0.00028
   0.00027
   0.00027
   0.00027
   0.00026
   0.00026
   0.00026
   0.00025
   0.00025
   0.00024
   0.00024
   0.00024
   0.00024
   0.00023
   0.00023
   0.00023
   0.00022
   0.00022
   0.00022
   0.00021
   0.00021
   0.00021
   0.00021
   0.00020
   0.00020
   0.00020
   0.00020
   0.00019
   0.00019
   0.00019
   0.00019
   0.00018
   0.00018
   0.00018
   0.00018
   0.00017
   0.00017
   0.00017
   0.00017
   0.00017
   0.00016
   0.00016
   0.00016
   0.00016
   0.00016
   0.00015
   0.00015
   0.00015
   0.00015
   0.00015
   0.00015
   0.00014
   0.00014
   0.00014
   0.00014
   0.00014
   0.00014
   0.00013
   0.00013
   0.00013
   0.00013
   0.00013
   0.00013
   0.00013
   0.00012
   0.00012
   0.00012
   0.00012
   0.00012
   0.00012
   0.00012
   0.00012
   0.00011
   0.00011
   0.00011
   0.00011
   0.00011
   0.00011
   0.00011
   0.00011
   0.00011
   0.00010
   0.00010
   0.00010
   0.00010
   0.00010
   0.00010
   0.00010
   0.00010
   0.00010
   0.00010
   0.00009
   0.00009
   0.00009
   0.00009
   0.00009
   0.00009
   0.00009
   0.00009
   0.00009
   0.00009
   0.00009
   0.00009
   0.00008
   0.00008
   0.00008
   0.00008
   0.00008
   0.00008
   0.00008
   0.00008
   0.00008
   0.00008
   0.00008
   0.00008
   0.00008
   0.00008
   0.00007
   0.00007
   0.00007
   0.00007
   0.00007
   0.00007
   0.00007
   0.00007
   0.00007
   0.00007
   0.00007
   0.00007
   0.00007
   0.00007
   0.00007
   0.00007
   0.00007
   0.00006
   0.00006
   0.00006
   0.00006
   0.00006
   0.00006
   0.00006
   0.00006
   0.00006
   0.00006
   0.00006
   0.00006
   0.00006
   0.00006
   0.00006
   0.00006
   0.00006
   0.00006
   0.00006
   0.00006
   0.00006
   0.00006
   0.00005
   0.00005
   0.00005
   0.00005
   0.00005
   0.00005
   0.00005
   0.00005
   0.00005
   0.00005
   0.00005
   0.00005
   0.00005
   0.00005
   0.00005
   0.00005
   0.00005
   0.00005
   0.00005
   0.00005
   0.00005
   0.00005
   0.00005
   0.00005
   0.00005
   0.00005
   0.00005
   0.00005
   0.00005
   0.00004
   0.00004
   0.00004
   0.00004
   0.00004
   0.00004
   0.00004
   0.00004
   0.00004
   0.00004
   0.00004
   0.00004
   0.00004
   0.00004
   0.00004
   0.00004
   0.00004
   0.00004
   0.00004
   0.00004
   0.00004
   0.00004
   0.00004
   0.00004
   0.00004
   0.00004
   0.00004
   0.00004
   0.00004
   0.00004
   0.00004
   0.00004
   0.00004
   0.00004
   0.00004
   0.00004
   0.00004
   0.00004
   0.00004
   0.00004
   0.00003
   0.00003
   0.00003
   0.00003
   0.00003
   0.00003
   0.00003
   0.00003
   0.00003
   0.00003
   0.00003
   0.00003
   0.00003
   0.00003
   0.00003
   0.00003
   0.00003
   0.00003
   0.00003
   0.00003
   0.00003
   0.00003
   0.00003
   0.00003
