   0.63171
   0.62790
   0.62613
   0.62379
   0.62181
   0.61990
   0.61837
   0.61662
   0.61488
   0.61316
   0.61143
   0.60968
   0.60792
   0.60613
   0.60432
   0.60249
   0.60062
   0.59872
   0.59679
   0.59481
   0.59280
   0.59074
   0.58863
   0.58647
   0.58427
   0.58200
   0.57968
   0.57731
   0.57488
   0.57237
   0.56981
   0.56719
   0.56450
   0.56175
   0.55892
   0.55603
   0.55308
   0.55006
   0.54695
   0.54380
   0.54057
   0.53729
   0.53389
   0.53047
   0.52696
   0.52336
   0.51969
   0.51595
   0.51219
   0.50833
   0.50438
   0.50038
   0.49636
   0.49227
   0.48813
   0.48395
   0.47970
   0.47543
   0.47114
   0.46684
   0.46248
   0.45814
   0.45383
   0.44948
   0.44514
   0.44084
   0.43656
   0.43231
   0.42808
   0.42391
   0.41978
   0.41572
   0.41173
   0.40783
   0.40400
   0.40031
   0.39674
   0.39325
   0.38995
   0.38670
   0.38377
   0.38099
   0.37835
   0.37581
   0.37357
   0.37169
   0.36999
   0.36963
   0.36717
   0.36548
   0.36417
   0.36261
   0.36187
   0.35971
   0.35565
   0.35074
   0.34501
   0.33869
   0.33235
   0.32592
   0.32016
   0.31449
   0.30891
   0.30393
   0.29771
   0.29405
   0.28839
   0.28354
   0.27814
   0.27342
   0.26872
   0.26412
   0.25887
   0.25376
   0.24929
   0.24414
   0.23906
   0.23463
   0.23015
   0.22466
   0.22029
   0.21615
   0.21165
   0.20698
   0.20290
   0.19845
   0.19433
   0.19033
   0.18625
   0.18213
   0.17874
   0.17485
   0.17083
   0.16748
   0.16368
   0.16006
   0.15704
   0.15329
   0.15015
   0.14705
   0.14353
   0.14072
   0.13770
   0.13468
   0.13155
   0.12862
   0.12631
   0.12348
   0.12058
   0.11801
   0.11555
   0.11288
   0.11076
   0.10808
   0.10569
   0.10338
   0.10121
   0.09899
   0.09690
   0.09484
   0.09274
   0.09079
   0.08882
   0.08692
   0.08507
   0.08327
   0.08150
   0.07976
   0.07825
   0.07642
   0.07493
   0.07319
   0.07162
   0.07014
   0.06877
   0.06733
   0.06579
   0.06449
   0.06314
   0.06187
   0.06059
   0.05931
   0.05814
   0.05701
   0.05580
   0.05465
   0.05357
   0.05247
   0.05147
   0.05041
   0.04940
   0.04842
   0.04744
   0.04650
   0.04559
   0.04469
   0.04381
   0.04298
   0.04214
   0.04132
   0.04050
   0.03978
   0.03897
   0.03826
   0.03748
   0.03675
   0.03608
   0.03539
   0.03470
   0.03407
   0.03341
   0.03278
   0.03216
   0.03157
   0.03096
   0.03040
   0.02983
   0.02928
   0.02877
   0.02824
   0.02772
   0.02723
   0.02675
   0.02625
   0.02578
   0.02534
   0.02487
   0.02443
   0.02400
   0.02359
   0.02319
   0.02277
   0.02236
   0.02201
   0.02162
   0.02127
   0.02090
   0.02055
   0.02020
   0.01985
   0.01951
   0.01919
   0.01887
   0.01858
   0.01827
   0.01797
   0.01769
   0.01740
   0.01713
   0.01686
   0.01658
   0.01633
   0.01605
   0.01578
   0.01551
   0.01527
   0.01502
   0.01476
   0.01451
   0.01427
   0.01400
   0.01374
   0.01351
   0.01326
   0.01301
   0.01275
   0.01250
   0.01226
   0.01202
   0.01177
   0.01153
   0.01129
   0.01104
   0.01082
   0.01058
   0.01036
   0.01014
   0.00991
   0.00969
   0.00948
   0.00927
   0.00906
   0.00887
   0.00867
   0.00847
   0.00829
   0.00809
   0.00791
   0.00773
   0.00756
   0.00738
   0.00722
   0.00705
   0.00689
   0.00673
   0.00658
   0.00643
   0.00628
   0.00613
   0.00599
   0.00585
   0.00572
   0.00558
   0.00545
   0.00532
   0.00519
   0.00508
   0.00495
   0.00484
   0.00472
   0.00461
   0.00451
   0.00440
   0.00429
   0.00420
   0.00409
   0.00400
   0.00391
   0.00381
   0.00373
   0.00364
   0.00356
   0.00347
   0.00340
   0.00332
   0.00325
   0.00318
   0.00311
   0.00304
   0.00298
   0.00292
   0.00286
   0.00281
   0.00275
   0.00271
   0.00266
   0.00262
   0.00258
   0.00254
   0.00250
   0.00247
   0.00245
   0.00243
   0.00241
   0.00241
   0.00242
   0.00245
   0.00249
   0.00259
   0.00276
   0.00304
   0.00321
   0.00334
   0.00319
   0.00335
   0.12000
   0.00716
   0.00627
   0.00512
   0.00635
   0.00535
   0.00510
   0.00506
   0.00496
   0.00485
   0.00476
   0.00467
   0.00459
   0.00451
   0.00443
   0.00436
   0.00429
   0.00422
   0.00416
   0.00410
   0.00403
   0.00397
   0.00392
   0.00386
   0.00380
   0.00375
   0.00370
   0.00365
   0.00352
   0.00327
   0.00272
   0.00220
   0.00193
   0.00189
   0.00185
   0.00183
   0.00181
   0.00179
   0.00177
   0.00175
   0.00173
   0.00171
   0.00170
   0.00168
   0.00167
   0.00165
   0.00164
   0.00163
   0.00162
   0.00161
   0.00160
   0.00159
   0.00158
   0.00157
   0.00156
   0.00156
   0.00156
   0.00155
   0.00155
   0.00155
   0.00156
   0.00156
   0.00156
   0.00157
   0.00158
   0.00159
   0.00159
   0.00161
   0.00162
   0.00163
   0.00164
   0.00165
   0.00166
   0.00166
   0.00165
   0.00164
   0.00164
   0.00162
   0.00161
   0.00160
   0.00158
   0.00157
   0.00156
   0.00154
   0.00153
   0.00152
   0.00150
   0.00149
   0.00148
   0.00147
   0.00145
   0.00144
   0.00143
   0.00141
   0.00140
   0.00139
   0.00138
   0.00137
   0.00135
   0.00134
   0.00133
   0.00132
   0.00130
   0.00129
   0.00128
   0.00127
   0.00125
   0.00124
   0.00123
   0.00121
   0.00119
   0.00118
   0.00115
   0.00114
   0.00112
   0.00110
   0.00107
   0.00104
   0.00100
   0.00097
   0.00092
   0.00087
   0.00080
   0.00073
   0.00065
   0.00056
   0.00046
   0.00035
   0.00028
   0.00026
   0.00027
   0.00026
   0.00026
   0.00026
   0.00025
   0.00025
   0.00024
   0.00024
   0.00024
   0.00023
   0.00023
   0.00023
   0.00022
   0.00022
   0.00022
   0.00021
   0.00021
   0.00021
   0.00020
   0.00020
   0.00020
   0.00019
   0.00019
   0.00019
   0.00018
   0.00018
   0.00018
   0.00018
   0.00017
   0.00017
   0.00017
   0.00017
   0.00016
   0.00016
   0.00016
   0.00016
   0.00015
   0.00015
   0.00015
   0.00015
   0.00014
   0.00014
   0.00014
   0.00014
   0.00013
   0.00013
   0.00013
   0.00013
   0.00013
   0.00012
   0.00012
   0.00012
   0.00012
   0.00012
   0.00011
   0.00011
   0.00011
   0.00011
   0.00011
   0.00010
   0.00010
   0.00010
   0.00010
   0.00010
   0.00009
   0.00009
   0.00009
   0.00009
   0.00009
   0.00009
   0.00008
   0.00008
   0.00008
   0.00008
   0.00008
   0.00008
   0.00007
   0.00007
   0.00007
   0.00007
   0.00007
   0.00007
   0.00007
   0.00007
   0.00006
   0.00006
   0.00006
   0.00006
   0.00006
   0.00006
   0.00006
   0.00006
   0.00006
   0.00005
   0.00005
   0.00005
   0.00005
   0.00005
   0.00005
   0.00005
   0.00005
   0.00005
   0.00005
   0.00004
   0.00004
   0.00004
   0.00004
   0.00004
   0.00004
   0.00004
   0.00004
   0.00004
   0.00004
   0.00004
   0.00004
   0.00004
   0.00003
   0.00003
   0.00003
   0.00003
   0.00003
   0.00003
   0.00003
   0.00003
   0.00003
   0.00003
   0.00003
   0.00003
   0.00003
   0.00003
   0.00003
   0.00003
   0.00003
   0.00003
   0.00002
   0.00002
   0.00002
   0.00002
   0.00002
   0.00002
   0.00002
   0.00002
   0.00002
   0.00002
   0.00002
   0.00002
   0.00002
   0.00002
   0.00002
   0.00002
   0.00002
   0.00002
   0.00002
   0.00002
   0.00002
   0.00002
   0.00002
   0.00002
   0.00002
   0.00002
   0.00002
   0.00002
   0.00001
   0.00001
   0.00001
   0.00001
   0.00001
   0.00001
   0.00001
   0.00001
   0.00001
   0.00001
   0.00001
   0.00001
   0.00001
   0.00001
   0.00001
   0.00001
   0.00001
   0.00001
   0.00001
   0.00001
   0.00001
   0.00001
   0.00001
   0.00001
   0.00001
   0.00001
   0.00001
   0.00001
   0.00001
   0.00001
   0.00001
   0.00001
   0.00001
   0.00001
   0.00001
   0.00001
   0.00001
   0.00001
   0.00001
   0.00001
   0.00001
   0.00001
   0.00001
   0.00001
   0.00001
   0.00001
   0.00001
   0.00001
   0.00001
   0.00001
   0.00001
   0.00001
   0.00001
   0.00001
   0.00001
   0.00001
   0.00001
   0.00001
   0.00001
   0.00001
   0.00001
   0.00001
   0.00000
   0.00000
   0.00000
   0.00000
   0.00000
   0.00000
   0.00000
   0.00000
   0.00000
   0.00000
   0.00000
   0.00000
   0.00000
   0.00000
   0.00000
   0.00000
   0.00000
   0.00000
   0.00000
   0.00000
   0.00000
   0.00000
   0.00000
   0.00000
   0.00000
   0.00000
   0.00000
   0.00000
   0.00000
   0.00000
   0.00000
   0.00000
   0.00000
   0.00000
   0.00000
   0.00000
   0.00000
   0.00000
   0.00000
   0.00000
   0.00000
   0.00000
   0.00000
   0.00000
   0.00000
   0.00000
   0.00000
   0.00000
   0.00000
   0.00000
   0.00000
   0.00000
   0.00000
   0.00000
   0.00000
   0.00000
   0.00000
   0.00000
   0.00000
   0.00000
   0.00000
   0.00000
   0.00000
   0.00000
   0.00000
   0.00000
   0.00000
   0.00000
   0.00000
   0.00000
   0.00000
   0.00000
   0.00000
   0.00000
   0.00000
   0.00000
   0.00000
   0.00000
   0.00000
   0.00000
   0.00000
   0.00000
   0.00000
   0.00000
   0.00000
   0.00000
   0.00000
   0.00000
   0.00000
   0.00000
   0.00000
   0.00000
   0.00000
   0.00000
   0.00000
   0.00000
   0.00000
   0.00000
   0.00000
   0.00000
   0.00000
   0.00000
   0.00000
   0.00000
   0.00000
   0.00000
   0.00000
   0.00000
   0.00000
   0.00000
   0.00000
   0.00000
   0.00000
   0.00000
   0.00000
   0.00000
   0.00000
   0.00000
   0.00000
   0.00000
   0.00000
   0.00000
   0.00000
   0.00000
   0.00000
   0.00000
   0.00000
   0.00000
   0.00000
   0.00000
   0.00000
   0.00000
   0.00000
   0.00000
   0.00000
   0.00000
   0.00000
   0.00000
   0.00000
   0.00000
   0.00000
   0.00000
   0.00000
   0.00000
   0.00000
   0.00000
   0.00000
   0.00000
   0.00000
   0.00000
   0.00000
   0.00000
   0.00000
  23.01085
   0.47088
   0.42120
   0.40891
   0.40096
   0.39385
   0.38694
   0.37186
   0.36179
   0.35418
   0.34777
   0.34149
   0.33530
   0.32929
   0.32345
   0.31772
   0.31212
   0.30662
   0.30121
   0.29590
   0.29068
   0.28537
   0.28007
   0.27501
   0.27000
   0.26500
   0.26002
   0.25481
   0.24976
   0.24497
   0.24036
   0.23596
   0.23179
   0.22789
   0.22427
   0.22092
   0.21782
   0.21482
   0.21211
   0.20953
   0.20719
   0.20502
   0.20292
   0.20096
   0.19907
   0.19723
   0.19539
   0.19346
   0.19149
   0.18941
   0.18712
   0.18469
   0.18213
   0.17930
   0.17591
   0.15483
   0.10716
   0.10538
   0.09851
   0.09583
   0.09366
   0.09167
   0.08952
   0.08747
   0.08552
   0.08367
   0.08185
   0.08002
   0.07828
   0.07659
   0.07498
   0.07334
   0.07175
   0.07020
   0.06863
   0.06713
   0.06568
   0.06425
   0.06284
   0.06149
   0.06012
   0.05883
   0.05754
   0.05627
   0.05506
   0.05383
   0.05267
   0.05152
   0.05039
   0.04933
   0.04826
   0.04723
   0.04620
   0.04520
   0.04422
   0.04326
   0.04232
   0.04142
   0.04055
   0.03968
   0.03884
   0.03804
   0.03723
   0.03645
   0.03567
   0.03492
   0.03419
   0.03347
   0.03277
   0.03209
   0.03142
   0.03077
   0.03012
   0.02951
   0.02890
   0.02831
   0.02773
   0.02716
   0.02660
   0.02605
   0.02553
   0.02500
   0.02450
   0.02400
   0.02351
   0.02304
   0.02256
   0.02211
   0.02167
   0.02124
   0.02081
   0.02040
   0.01999
   0.01960
   0.01921
   0.01883
   0.01847
   0.01810
