   0.68061
   0.67720
   0.67495
   0.67378
   0.67385
   0.67447
   0.67934
   0.68220
   0.68155
   0.68049
   0.67631
   0.68033
   0.67954
   0.67867
   0.65732
   0.67558
   0.67711
   0.67648
   0.67432
   0.67398
   0.67212
   0.67021
   0.66303
   0.66403
   0.66154
   0.66001
   0.65844
   0.65416
   0.65031
   0.64643
   0.64141
   0.62840
   0.62589
   0.62514
   0.62016
   0.61381
   0.60893
   0.60430
   0.59792
   0.59071
   0.58547
   0.57924
   0.57122
   0.56066
   0.54743
   0.53329
   0.51952
   0.50725
   0.49598
   0.48592
   0.47680
   0.46821
   0.46079
   0.45472
   0.44973
   0.44581
   0.44261
   0.43927
   0.43575
   0.43214
   0.42859
   0.42514
   0.42183
   0.41871
   0.41568
   0.41265
   0.40977
   0.40691
   0.40401
   0.40104
   0.39809
   0.39505
   0.39190
   0.38864
   0.38503
   0.38118
   0.37746
   0.37313
   0.36890
   0.36418
   0.36007
   0.35445
   0.34833
   0.34177
   0.33488
   0.32747
   0.31974
   0.31151
   0.30271
   0.29342
   0.28390
   0.27417
   0.26432
   0.25319
   0.24370
   0.23454
   0.22583
   0.21770
   0.21019
   0.20327
   0.19690
   0.19121
   0.18594
   0.18135
   0.17739
   0.17385
   0.17067
   0.16732
   0.16469
   0.16229
   0.15995
   0.15776
   0.15551
   0.15323
   0.15119
   0.14868
   0.14610
   0.14333
   0.14042
   0.13721
   0.13373
   0.13014
   0.12562
   0.12108
   0.11625
   0.11131
   0.10640
   0.10181
   0.09807
   0.09508
   0.09320
   0.09245
   0.09251
   0.09318
   0.09388
   0.09613
   0.10436
   0.12079
   0.11257
   0.10506
   0.09971
   0.09506
   0.09121
   0.08724
   0.08383
   0.08070
   0.07789
   0.07504
   0.07248
   0.06949
   0.06656
   0.06354
   0.06004
   0.05669
   0.05373
   0.05100
   0.04825
   0.04348
   0.03277
   0.04401
   0.03034
   0.03770
   0.02894
   0.13482
   0.05725
   0.03162
   0.14201
   0.12655
   0.02596
   0.02313
   0.04686
   0.07696
   0.02794
   0.02064
   0.01606
   0.01535
   0.01486
   0.01395
   0.01335
   0.01271
   0.01231
   0.01155
   0.01088
   0.01050
   0.00982
   0.00931
   0.00882
   0.00834
   0.00792
   0.00748
   0.00708
   0.00669
   0.00635
   0.00602
   0.00568
   0.00535
   0.00501
   0.00472
   0.00444
   0.00418
   0.00394
   0.00370
   0.00349
   0.00329
   0.00310
   0.00292
   0.00276
   0.00396
   0.00260
   0.00418
   0.06298
   0.00430
   0.00415
   0.00365
   0.00348
   0.00374
   0.00355
   0.00217
   0.00354
   0.00344
   0.00316
   0.00302
   0.00278
   0.00302
   0.00264
   0.00311
   0.00250
   0.00250
   0.00242
   0.00239
   0.00245
   1.05007
   0.00589
   0.00520
   0.00486
   0.00481
   0.00476
   0.00477
   0.00473
   0.00459
   0.00430
   0.00383
   0.00289
   0.00287
   0.00323
   0.00325
   0.00271
   0.00263
   0.00263
   0.00266
   0.00276
   0.00289
   0.00306
   0.00326
   0.00347
   0.00374
   0.00408
   0.00463
   0.00770
   0.00683
   0.01291
   0.13473
   0.06087
   0.03908
   0.02846
   0.03054
   0.01803
   0.01790
   0.01799
   0.01644
   0.01562
   0.01489
   0.01447
   0.01832
   0.00934
   0.00868
   0.00853
   0.00840
   0.00821
   0.00835
   0.00736
   0.00756
   0.00678
   0.00693
   0.00623
   0.00624
   0.00567
   0.00607
   0.00521
   0.00519
   0.00497
   0.00513
   0.00451
   0.00470
   0.00450
   0.00474
   0.00477
   0.00431
   0.00413
   0.00406
   0.00411
   0.00412
   0.00412
   0.00411
   0.00409
   0.00406
   0.00401
   0.00396
   0.00390
   0.00384
   0.00376
   0.00367
   0.00357
   0.00323
   0.00264
   0.00243
   0.00227
   0.00216
   0.00209
   0.00207
   0.00211
   0.00218
   0.00237
   0.00265
   0.00220
   0.00226
   0.00222
   0.00223
   0.00222
   0.00221
   0.00220
   0.00219
   0.00217
   0.00216
   0.00215
   0.00214
   0.00213
   0.00213
   0.00213
   0.00213
   0.00214
   0.00214
   0.00215
   0.00216
   0.00231
   0.00322
   0.00337
   0.00303
   0.00341
   0.00378
   0.00238
   0.00243
   0.00295
   0.00238
   0.00266
   0.00209
   0.00239
   0.00206
   0.00186
   0.00166
   0.00189
   0.00174
   0.00145
   0.00136
   0.00130
   0.00126
   0.00122
   0.00119
   0.00116
   0.00113
   0.00110
   0.00107
   0.00104
   0.00101
   0.00099
   0.00097
   0.00094
   0.07047
   0.00218
   0.00225
   0.00209
   0.00186
   0.00171
   0.00114
   0.00138
   0.00114
   0.00147
   0.00119
   0.00109
   0.00102
   0.00095
   0.00090
   0.00087
   0.00078
   0.00076
   0.00728
   0.00138
   0.00111
   0.00100
   0.00092
   0.00084
   0.00078
   0.00072
   0.00068
   0.00064
   0.00061
   0.00059
   0.00057
   0.00055
   0.00054
   0.00053
   0.00051
   0.00050
   0.00049
   0.00048
   0.00047
   0.00046
   0.00045
   0.00044
   0.00043
   0.00043
   0.00042
   0.00041
   0.00040
   0.00038
   0.00036
   0.00035
   0.00034
   0.00033
   0.00033
   0.00032
   0.00031
   0.00030
   0.00029
   0.00028
   0.00027
   0.00026
   0.00025
   0.00025
   0.00024
   0.00023
   0.00022
   0.00021
   0.00020
   0.00019
   0.00018
   0.00017
   0.00016
   0.00015
   0.00014
   0.00014
   0.00013
   0.00012
   0.00011
   0.00011
   0.00010
   0.00010
   0.00009
   0.00009
   0.00035
   0.00038
   0.00045
   0.00048
   0.00052
   0.00055
   0.00059
   0.00065
   0.00070
   0.00073
   0.00076
   0.00020
   0.00018
   0.00017
   0.00017
   0.00018
   0.00018
   0.00018
   0.00019
   0.00019
   0.00020
   0.00020
   0.00021
   0.00022
   0.00023
   0.00024
   0.00025
   0.00027
   0.00028
   0.00030
   0.00032
   0.00035
   0.00036
   0.00037
   0.00038
   0.00106
   0.00042
   0.00041
   0.00042
   0.00043
   0.00045
