   0.70627
   0.71805
   0.72226
   0.72268
   0.71848
   0.72246
   0.72388
   0.72441
   0.72467
   0.72654
   0.72324
   0.72949
   0.73464
   0.73084
   0.72872
   0.72838
   0.72300
   0.72407
   0.72637
   0.72831
   0.73188
   0.73575
   0.73918
   0.74437
   0.74938
   0.75510
   0.76156
   0.76828
   0.77548
   0.78308
   0.79133
   0.80047
   0.81066
   0.82206
   0.83532
   0.84969
   0.86492
   0.88140
   0.89900
   0.91686
   0.93936
   0.96704
   0.98357
   1.00068
   1.01609
   1.03346
   1.05162
   1.07029
   1.08905
   1.10536
   1.12217
   1.13841
   1.15561
   1.17240
   1.18780
   1.20441
   1.22105
   1.23697
   1.24955
   1.26404
   1.27657
   1.28910
   1.29991
   1.31061
   1.31980
   1.32443
   1.32929
   1.33215
   1.33125
   1.32714
   1.32276
   1.31506
   1.30354
   1.29019
   1.27462
   1.26142
   1.23883
   1.21125
   1.18177
   1.14963
   1.11538
   1.07109
   1.03121
   0.98355
   0.94866
   0.90236
   0.85890
   0.80972
   0.76643
   0.72004
   0.66761
   0.62336
   0.56772
   0.52879
   0.48840
   0.46046
   0.42845
   0.40010
   0.37029
   0.34460
   0.32326
   0.30970
   0.29187
   0.27642
   0.28831
   0.29775
   0.30487
   0.32928
   0.33434
   0.33250
   0.32619
   0.31787
   0.30489
   0.29049
   0.27758
   0.26377
   0.23979
   0.22239
   0.20347
   0.18291
   0.16262
   0.14155
   0.12242
   0.10980
   0.10237
   0.09715
   0.09166
   0.09162
   0.09217
   0.09930
   0.08489
   0.08676
   0.07755
   0.07277
   0.14638
   0.06543
   0.04576
   0.05883
   0.05493
   0.05392
   0.05656
   0.03878
   0.04531
   0.05366
   0.08981
   0.05359
   0.05757
   0.04740
   0.02148
   0.04032
   0.06818
   0.03951
   0.02213
   0.03668
   0.04694
   0.01129
   0.01923
   0.01329
   0.15342
   0.02803
   0.08308
   0.04697
   0.00924
   0.00859
   0.00857
   0.09554
   0.00772
   0.02416
   0.05078
   0.01097
   0.02309
   0.00692
   0.65530
   0.53722
   0.02558
   0.18965
   0.04932
   0.02507
   0.04244
   0.09029
   1.13643
   0.01875
   0.19184
   0.11806
   0.01358
   0.01545
   0.02566
   0.15630
   0.21028
   0.86583
   0.92551
   0.97109
   0.96117
   0.91206
   0.88164
   0.84236
   0.80432
   0.76364
   0.70214
   0.60289
   0.56400
   0.02773
   0.17744
   0.22606
   0.38561
   0.01872
   0.31426
   0.07039
   0.06487
   0.28890
   0.33403
   0.02797
   0.01146
   0.02227
   0.01936
   0.18654
   0.02463
   0.32201
   0.01537
   0.28542
   0.01447
   0.30265
   0.00875
   0.38198
   0.02698
   0.00973
   0.01179
   0.00925
   0.06731
   0.01524
   0.03814
   0.02151
   0.00427
   0.01402
   0.02772
   0.00486
   0.63674
   0.00291
   0.02360
   0.02042
   0.07193
   0.00468
   0.00207
   0.01546
   0.01498
   1.14472
   0.12344
   0.09550
   0.09215
   0.08384
   0.07123
   0.06006
   0.04009
   0.03627
   0.03324
   0.07302
   0.06092
   0.03359
   0.12258
   0.23824
   0.01815
   0.04513
   0.18455
   0.01509
   0.01327
   0.03884
   0.16904
   0.01208
   0.01034
   0.20470
   0.01103
   0.01059
   0.01316
   0.09193
   0.79763
   0.01416
   0.07536
   0.06260
   0.38252
   0.01689
   0.02750
   0.00599
   0.10246
   0.02390
   0.01348
   0.05419
   0.00994
   0.00772
   0.26919
   0.00357
   0.15429
   0.02936
   0.00440
   0.00361
   0.03014
   0.03007
   0.01477
   0.00876
   0.00278
   0.00269
   0.00281
   0.00497
   0.02384
   0.20631
   0.00294
   0.29637
   0.00242
   0.00614
   0.00247
   0.19902
   0.00204
   0.00200
   0.00203
   0.00197
   0.02649
   0.02796
   0.00192
   0.00185
   0.00199
   0.00692
   0.00170
   0.00178
   0.00157
   0.08557
   0.00128
   0.00139
   0.00139
   0.11594
   0.00127
   0.52817
   0.00330
   0.00235
   0.00187
   0.00198
   0.00140
   0.53218
   0.00407
   0.00191
   0.00143
   0.00115
   0.00974
   0.00343
   0.21681
   0.00175
   0.00174
   0.00111
   0.00103
   0.00796
   0.00362
   0.00236
   0.00165
   0.04806
   0.00364
   0.00225
   0.00162
   0.00147
   0.00103
   0.18430
   0.32245
   0.79258
   0.78932
   0.74862
   0.60634
   0.57815
   0.58738
   0.72991
   0.81781
   0.77472
   0.81887
   0.73058
   0.66503
   0.58256
   0.50618
   0.43338
   0.35913
   0.29291
   0.23493
   0.18862
   0.13884
   0.13608
   0.10870
   0.06586
   0.02629
   0.00875
   0.00237
   0.00239
   0.01531
   0.00352
   0.03372
   0.03902
   0.04086
   0.00630
   0.02256
   0.00376
   0.00474
   0.00750
   0.00320
   0.00821
   0.01245
   0.02490
   0.00431
   0.00706
   0.00208
   0.12179
   0.00103
   0.00103
   0.01419
   0.00166
   0.00465
   0.00095
   0.00097
   0.00121
   0.00120
   0.00299
   0.00082
   0.00083
   0.00075
   0.00109
   0.99516
   0.72468
   0.71804
   0.71731
   0.71712
   0.71704
   0.71700
   0.71697
   0.71696
   0.71695
   0.71694
   0.71694
   0.71694
   0.71693
   0.71693
   0.71693
   0.71693
   0.71693
   0.71693
   0.71693
   0.71693
   0.71693
   0.71693
   0.71693
   0.71693
   0.71692
   0.71692
   0.71692
   0.71692
   0.71692
   0.71692
   0.71692
   0.71692
   0.71692
   0.71692
   0.71692
   0.71692
   0.71691
   0.71691
   0.71691
   0.71691
   0.71691
   0.71691
   0.71691
   0.71691
   0.71691
   0.71691
   0.71691
   0.71691
   0.71691
   0.71690
   0.71690
   0.71690
   0.71690
   0.71690
   0.71690
   0.71690
   0.71690
   0.71690
   0.71690
   0.71690
   0.71690
   0.71689
   0.71689
   0.71689
   0.71689
   0.71689
   0.71689
   0.71689
   0.71689
   0.71689
   0.71689
   0.71689
   0.71689
   0.71688
   0.71688
   0.71688
   0.71688
   0.71688
   0.71688
   0.71688
   0.71688
   0.71688
   0.71688
   0.71688
   0.71688
   0.71687
   0.71687
   0.71687
   0.71687
   0.71687
   0.71687
   0.71687
   0.71687
   0.71687
   0.71687
   0.71687
   0.71686
   0.71686
   0.71686
   0.71686
   0.71686
   0.71686
   0.71686
   0.71686
   0.71686
   0.71685
   0.71685
   0.71685
   0.71685
   0.71685
   0.71685
   0.71685
   0.71685
   0.71685
   0.71685
   0.71685
   0.71685
   0.71685
   0.71685
   0.71684
   0.71684
   0.71684
   0.71684
   0.71684
   0.71684
   0.71684
   0.71684
   0.71684
   0.71684
   0.71684
   0.71684
   0.71684
   0.71684
   0.71683
   0.71683
   0.71683
   0.71683
   0.71683
   0.71683
   0.71683
   0.71683
   0.71683
   0.71683
   0.71683
   0.71683
   0.71683
   0.71682
   0.71682
   0.71682
   0.71682
   0.71682
   0.71682
   0.71682
   0.71682
   0.71682
   0.71682
   0.71682
   0.71682
   0.71682
   0.71682
   0.71681
   0.71681
   0.71681
   0.71681
   0.71681
   0.71681
   0.71681
   0.71681
   0.71681
   0.71681
   0.71681
   0.71681
   0.71681
   0.71680
   0.71680
   0.71680
   0.71680
   0.71680
   0.71680
   0.71680
   0.71680
   0.71680
   0.71680
   0.71680
   0.71680
   0.71680
   0.71680
   0.71679
   0.71679
   0.71679
   0.71679
   0.71679
   0.71679
   0.71679
   0.71679
   0.71679
   0.71679
   0.71679
   0.71679
   0.71679
   0.71678
   0.71678
   0.71678
   0.71678
   0.71678
   0.71678
   0.71678
   0.71678
   0.71678
   0.71678
   0.71678
   0.71678
   0.71677
   0.71677
   0.71677
   0.71677
   0.71677
   0.71677
   0.71677
   0.71677
   0.71677
   0.71677
   0.71677
   0.71677
   0.71677
   0.71676
   0.71676
   0.71676
   0.71676
   0.71676
   0.71676
   0.71676
   0.71676
   0.71670
   0.71673
   0.71674
   0.71674
   0.71674
   0.71674
   0.71674
   0.71673
   0.71673
   0.71673
   0.71673
   0.71673
   0.71673
   0.71673
   0.71673
   0.71673
   0.71673
   0.71673
   0.71673
   0.71673
   0.71673
   0.71673
   0.71672
   0.71672
   0.71672
   0.71672
   0.71672
   0.71672
   0.71672
   0.71672
   0.71672
   0.71672
   0.71672
   0.71672
   0.71672
   0.71672
   0.71671
   0.71671
   0.71671
   0.71671
   0.71671
   0.71671
   0.71671
   0.71671
   0.71671
   0.71671
   0.71671
   0.71671
   0.71671
   0.71671
   0.71670
   0.71670
   0.71670
   0.71670
   0.71670
   0.71670
   0.71670
   0.71670
   0.71670
   0.71670
   0.71670
   0.71670
   0.71670
   0.71670
   0.71670
   0.71670
   0.71670
   0.71669
   0.71669
   0.71669
   0.71669
   0.71669
   0.71669
   0.71669
   0.71669
   0.71669
   0.71669
   0.71669
   0.71669
   0.71669
   0.71669
   0.71669
   0.71669
   0.71668
   0.71668
   0.71668
   0.71668
   0.71668
   0.71668
   0.71668
   0.71668
   0.71668
   0.71668
   0.71668
   0.71668
   0.71668
   0.71668
   0.71668
   0.71667
   0.71667
   0.71667
   0.71667
   0.71667
   0.71667
   0.71667
   0.71667
   0.71667
   0.71667
   0.71667
   0.71667
   0.71667
   0.71667
   0.71667
   0.71667
   0.71666
   0.71666
   0.71666
   0.71666
   0.71666
   0.71666
   0.71666
   0.71666
   0.71666
   0.71666
   0.71666
   0.71666
   0.71666
   0.71666
   0.71666
   0.71665
   0.71665
   0.71665
   0.71665
   0.71665
   0.71665
   0.71665
   0.71665
   0.71665
   0.71665
   0.71665
   0.71665
   0.71665
   0.71665
   0.71664
   0.71664
   0.71664
   0.71664
   0.71664
   0.71664
   0.71664
   0.71664
   0.71664
   0.71664
   0.71664
   0.71664
   0.71663
   0.71663
   0.71663
   0.71663
   0.71663
   0.71663
   0.71663
   0.71658
   0.71660
   0.71661
   0.71661
   0.71661
   0.71661
   0.71661
   0.71661
   0.71661
   0.71661
   0.71661
   0.71661
   0.71661
   0.71661
   0.71660
   0.71660
   0.71660
   0.71660
   0.71660
   0.71660
   0.71660
   0.71660
   0.71660
   0.71660
   0.71660
   0.71660
   0.71660
   0.71660
   0.71660
   0.71660
   0.71660
   0.71660
   0.71659
   0.71659
   0.71659
   0.71659
   0.71659
   0.71659
   0.71659
   0.71659
   0.71659
   0.71659
   0.71659
   0.71659
   0.71659
   0.71659
   0.71659
   0.71659
   0.71659
   0.71659
   0.71658
   0.71658
   0.71658
   0.71658
   0.71658
   0.71658
   0.71658
   0.71658
   0.71658
   0.71658
   0.71658
   0.71658
   0.71658
   0.71658
   0.71658
   0.71658
   0.71658
   0.71658
   0.71658
   0.71658
   0.71658
   0.71657
   0.71657
   0.71657
   0.71657
   0.71657
   0.71657
   0.71657
   0.71657
   0.71657
   0.71657
   0.71657
   0.71657
   0.71657
   0.71657
   0.71657
   0.71657
   0.71657
   0.71657
   0.71657
   0.71656
   0.71656
   0.71656
   0.71656
   0.71656
   0.71656
   0.71656
   0.71656
   0.71656
   0.71656
   0.71656
   0.71656
   0.71656
   0.71656
   0.71656
   0.71656
   0.71656
   0.71656
   0.71656
   0.71656
   0.71656
   0.71656
   0.71656
   0.71655
   0.71655
   0.71655
   0.71655
   0.71655
   0.71655
   0.71655
   0.71655
   0.71655
   0.71655
   0.71655
   0.71655
   0.71655
   0.71655
   0.71655
   0.71655
   0.71655
   0.71655
   0.71655
   0.71655
   0.71655
   0.71655
   0.71654
   0.71654
   0.71654
   0.71654
   0.71654
   0.71654
   0.71654
   0.71654
   0.71654
   0.71654
   0.71654
   0.71654
   0.71654
   0.71654
   0.71654
   0.71654
   0.71654
   0.71654
   0.71654
   0.71654
   0.71653
   0.71653
   0.71653
   0.71653
   0.71653
   0.71653
   0.71653
   0.71653
   0.71653
   0.71653
   0.71653
   0.71653
   0.71653
   0.71653
   0.71653
   0.71653
   0.71653
   0.71653
   0.71653
   0.71653
   0.71653
   0.71653
   0.71653
   0.71653
   0.71653
   0.71652
   0.71652
   0.71652
   0.71652
   0.71652
   0.71652
