   0.69104
   0.69013
   0.69026
   0.68921
   0.68758
   0.68901
   0.68666
   0.68609
   0.68523
   0.68432
   0.68577
   0.68420
   0.68583
   0.68534
   0.69273
   0.69159
   0.68847
   0.68608
   0.68928
   0.68269
   0.68545
   0.68491
   0.68391
   0.68364
   0.68298
   0.68196
   0.68108
   0.68021
   0.67931
   0.67771
   0.67686
   0.67547
   0.67397
   0.67530
   0.66726
   0.66667
   0.66561
   0.66443
   0.66309
   0.66166
   0.66025
   0.65887
   0.65745
   0.65589
   0.65463
   0.65299
   0.65174
   0.65046
   0.64895
   0.64790
   0.64643
   0.64549
   0.64458
   0.64333
   0.64300
   0.64200
   0.64177
   0.64123
   0.64100
   0.64132
   0.64206
   0.64235
   0.64365
   0.64536
   0.64818
   0.65114
   0.65529
   0.65997
   0.66579
   0.67173
   0.67854
   0.68587
   0.69248
   0.69788
   0.70134
   0.70315
   0.70418
   0.70455
   0.70565
   0.70623
   0.70692
   0.70724
   0.70713
   0.70631
   0.70504
   0.70301
   0.70052
   0.69731
   0.69428
   0.69058
   0.68730
   0.68313
   0.67922
   0.67553
   0.67101
   0.66649
   0.66282
   0.65851
   0.65392
   0.64987
   0.64537
   0.64096
   0.63678
   0.63213
   0.62764
   0.62369
   0.61930
   0.61498
   0.61052
   0.60601
   0.60164
   0.59714
   0.59277
   0.58827
   0.58382
   0.57954
   0.57501
   0.57053
   0.56607
   0.56142
   0.55691
   0.55248
   0.54775
   0.54290
   0.53831
   0.53359
   0.52880
   0.52393
   0.51924
   0.51431
   0.50938
   0.50456
   0.49985
   0.49484
   0.48987
   0.48474
   0.47999
   0.47491
   0.46971
   0.46474
   0.45920
   0.45384
   0.44835
   0.44273
   0.43704
   0.43174
   0.42589
   0.42047
   0.41460
   0.40965
   0.40390
   0.39833
   0.39286
   0.38746
   0.38210
   0.37695
   0.37188
   0.36703
   0.36241
   0.35802
   0.35375
   0.34971
   0.34586
   0.34226
   0.33880
   0.33554
   0.33240
   0.32950
   0.32664
   0.32395
   0.32143
   0.31906
   0.31674
   0.31457
   0.31251
   0.31065
   0.30877
   0.30722
   0.30573
   0.30446
   0.30325
   0.30235
   0.30130
   0.30078
   0.30010
   0.29916
   0.29826
   0.29736
   0.29612
   0.29482
   0.29331
   0.29162
   0.28997
   0.28801
   0.28599
   0.28430
   0.28190
   0.27978
   0.27732
   0.27487
   0.27210
   0.26973
   0.26702
   0.26446
   0.26165
   0.25916
   0.25662
   0.25398
   0.25111
   0.24873
   0.24590
   0.24342
   0.24063
   0.23787
   0.23538
   0.23251
   0.22967
   0.22703
   0.22443
   0.22221
   0.21943
   0.21694
   0.21444
   0.21161
   0.20847
   0.20616
   0.20343
   0.20125
   0.19854
   0.19558
   0.19309
   0.19060
   0.18828
   0.18594
   0.18365
   0.18118
   0.17895
   0.17668
   0.17435
   0.17215
   0.16993
   0.16766
   0.16524
   0.16308
   0.16028
   0.15806
   0.15616
   0.15327
   0.15106
   0.14862
   0.14642
   0.14399
   0.14176
   0.13911
   0.13685
   0.13422
   0.13327
   0.12877
   0.12777
   0.12363
   0.12224
   0.11816
   0.11669
   0.11276
   0.11064
   0.10605
   0.10368
   0.10061
   0.09795
   0.09495
   0.09233
   0.09031
   0.08678
   0.08457
   0.08261
   0.07967
   0.07732
   0.07551
   0.07370
   0.07128
   0.06938
   0.06787
   0.06634
   0.06450
   0.06293
   0.06161
   0.06037
   0.05926
   0.05777
   0.05653
   0.05543
   0.05437
   0.05336
   0.05233
   0.05139
   0.05051
   0.04965
   0.04886
   0.04812
   0.04743
   0.04678
   0.04618
   0.04562
   0.04509
   0.04464
   0.04423
   0.04386
   0.04352
   0.04324
   0.04300
   0.04275
   0.04263
   0.04248
   0.04244
   0.04243
   0.04248
   0.04256
   0.04260
   0.04270
   0.04282
   0.04296
   0.04313
   0.04331
   0.04354
   0.04373
   0.04395
   0.04416
   0.04440
   0.04464
   0.04487
   0.04513
   0.04538
   0.04566
   0.04593
   0.04623
   0.04655
   0.04688
   0.04724
   0.04763
   0.04805
   0.04851
   0.04900
   0.04953
   0.05013
   0.05075
   0.05145
   0.05219
   0.05300
   0.05386
   0.05477
   0.05572
   0.05666
   0.05768
   0.05857
   0.05929
   0.05990
   0.05975
   0.05850
   0.05504
   0.04511
   0.02191
   0.03038
   0.02377
   0.02455
   0.02336
   0.02355
   0.02285
   0.02203
   0.02221
   0.02158
   0.02081
   0.02098
   0.02019
   0.02020
   0.01969
   0.01905
   0.01914
   0.01868
   0.01807
   0.01815
   0.01759
   0.01755
   0.01717
   0.01661
   0.01667
   0.01621
   0.01616
   0.01584
   0.01535
   0.01538
   0.01499
   0.01494
   0.01456
   0.01448
   0.01412
   0.01404
   0.01369
   0.01361
   0.01337
   0.01297
   0.01296
   0.01267
   0.01261
   0.01241
   0.01205
   0.01203
   0.01178
   0.01171
   0.01153
   0.01120
   0.01117
   0.01100
   0.01071
   0.01068
   0.01052
   0.01024
   0.01021
   0.01006
   0.00979
   0.00976
   0.00961
   0.00936
   0.00932
   0.00918
   0.00895
   0.00891
   0.00877
   0.00855
   0.00850
   0.00837
   0.00822
   0.00802
   0.00799
   0.00787
   0.00772
   0.00754
   0.00751
   0.00740
   0.00726
   0.00710
   0.00707
   0.00696
   0.00683
   0.00671
   0.00661
   0.00647
   0.00645
   0.00634
   0.00623
   0.00613
   0.00604
   0.00594
   0.00585
   0.00576
   0.00568
   0.00559
   0.00551
   0.00543
   0.00535
   0.00527
   0.00519
   0.00512
   0.00504
   0.00497
   0.00489
   0.00482
   0.00475
   0.00468
   0.00461
   0.00455
   0.00448
   0.00442
   0.00435
   0.00429
   0.00422
   0.00416
   0.00410
   0.00404
   0.00399
   0.00393
   0.00387
   0.00381
   0.00376
   0.00371
   0.00365
   0.00360
   0.00355
   0.00350
   0.00345
   0.00340
   0.00335
   0.00330
   0.00325
   0.00321
   0.00316
   0.00312
   0.00308
   0.00303
   0.00299
   0.00295
