   0.73644
   0.75065
   0.75087
   0.74962
   0.74700
   0.74232
   0.73989
   0.73635
   0.73531
   0.73410
   0.73180
   0.73057
   0.72893
   0.72701
   0.72584
   0.72085
   0.69705
   0.71016
   0.70421
   0.70563
   0.70113
   0.70228
   0.69897
   0.69590
   0.68969
   0.68885
   0.68258
   0.67146
   0.67307
   0.66801
   0.66550
   0.66109
   0.65737
   0.65303
   0.64891
   0.64537
   0.63908
   0.63439
   0.62887
   0.62179
   0.61123
   0.60436
   0.58179
   0.57203
   0.56516
   0.55834
   0.55198
   0.54592
   0.53901
   0.53112
   0.52256
   0.51462
   0.50741
   0.50072
   0.49464
   0.48963
   0.48470
   0.48044
   0.47609
   0.47077
   0.46497
   0.45676
   0.44651
   0.43544
   0.42467
   0.41512
   0.40654
   0.39878
   0.39182
   0.38511
   0.37877
   0.37263
   0.36671
   0.36109
   0.35564
   0.35038
   0.34526
   0.34038
   0.33568
   0.33131
   0.32684
   0.32332
   0.31944
   0.31515
   0.31118
   0.30765
   0.30486
   0.30160
   0.29817
   0.29545
   0.29247
   0.28982
   0.28691
   0.28439
   0.28183
   0.27927
   0.27655
   0.27418
   0.27157
   0.26901
   0.26619
   0.26390
   0.26120
   0.25832
   0.25576
   0.25341
   0.25010
   0.24729
   0.24417
   0.24109
   0.23772
   0.23460
   0.23093
   0.22778
   0.22372
   0.22050
   0.21570
   0.21287
   0.20927
   0.20557
   0.20246
   0.19889
   0.19537
   0.19130
   0.18880
   0.18573
   0.18162
   0.17965
   0.17566
   0.17439
   0.17088
   0.16916
   0.16728
   0.16519
   0.16370
   0.16195
   0.16053
   0.15943
   0.15820
   0.15819
   0.15711
   0.15797
   0.15788
   0.15743
   0.15880
   0.15818
   0.15998
   0.16017
   0.16218
   0.16320
   0.16542
   0.16553
   0.16887
   0.17246
   0.17503
   0.17720
   0.17820
   0.18240
   0.18280
   0.18785
   0.18906
   0.18518
   0.17076
   0.16565
   0.14461
   0.13528
   0.10759
   0.11930
   0.09000
   0.07794
   0.05774
   0.04656
   0.03554
   0.04748
   0.03543
   0.04376
   0.03541
   0.04028
   0.03681
   0.03790
   0.03627
   0.03629
   0.03615
   0.03648
   0.03488
   0.03556
   0.03327
   0.03278
   0.03182
   0.02994
   0.02800
   0.02679
   0.02476
   0.02360
   0.02226
   0.01931
   0.02046
   0.01757
   0.01879
   0.01723
   0.01618
   0.01528
   0.01443
   0.01388
   0.01313
   0.01247
   0.01154
   0.01084
   0.01028
   0.00962
   0.00886
   0.00847
   0.00785
   0.00716
   0.00678
   0.00639
   0.00577
   0.00506
   0.00822
   0.00672
   0.00607
   0.00739
   0.00498
   0.00685
   0.00625
   0.00726
   0.00623
   0.00569
   0.00428
   0.00547
   0.00489
   0.01089
   0.00445
   0.01747
   0.01341
   0.03195
   0.00957
   0.01303
   0.12358
   0.05442
   0.00717
   0.26311
   0.00427
   0.00440
   0.00428
   0.00407
   0.00386
   0.00357
   0.00336
   0.00317
   0.00293
   0.00270
   0.00245
   0.00234
   0.00248
   0.00263
   0.00248
   0.00262
   0.00569
   0.01519
   0.02113
   0.00583
   0.00254
   0.01927
   0.00404
   0.00471
   0.00855
   0.00180
   0.00174
   0.00172
   0.00174
   0.00188
   0.00205
   0.00216
   0.00217
   0.00215
   0.00209
   0.00203
   0.00197
   0.00191
   0.00182
   0.00175
   0.00169
   0.00161
   0.00157
   0.00152
   0.00145
   0.00140
   0.00135
   0.00131
   0.00127
   0.00123
   0.00122
   0.00137
   0.01063
   0.00199
   0.31043
   0.18423
   0.14415
   0.13195
   0.12194
   0.11164
   0.10636
   0.10147
   0.09682
   0.09246
   0.08835
   0.08451
   0.08060
   0.07123
   0.06433
   0.06112
   0.05808
   0.05510
   0.05026
   0.04730
   0.04489
   0.04263
   0.04045
   0.03687
   0.03447
   0.03295
   0.03156
   0.03022
   0.02894
   0.02776
   0.02662
   0.02550
   0.02444
   0.02344
   0.02247
   0.02156
   0.02068
   0.01985
   0.01905
   0.01828
   0.01755
   0.01685
   0.01618
   0.01554
   0.01493
   0.01434
   0.01378
   0.01324
   0.01272
   0.01222
   0.01175
   0.01129
   0.01086
   0.01044
   0.01004
   0.00965
   0.00928
   0.00892
   0.00858
   0.00826
   0.00795
   0.00764
   0.00737
   0.00711
   0.00686
   0.00661
   0.00642
   0.00622
   0.00608
   0.00596
   0.00594
   0.00611
   0.00663
   0.00604
   0.00455
   0.00499
   0.00407
   0.00926
   0.00374
   0.01219
   0.01097
   0.00920
   0.00821
   0.00741
   0.00690
   0.00652
   0.00650
   0.00640
   0.00626
   0.00603
   0.00582
   0.00556
   0.00533
   0.00513
   0.00490
   0.00470
   0.00452
   0.00432
   0.00414
   0.00398
   0.00382
   0.00367
   0.00353
   0.00340
   0.00328
   0.00319
   0.00313
   0.00315
   0.00341
   0.00488
   0.00939
   0.00335
   0.00891
   0.00308
   0.00854
   0.00354
   0.00814
   0.00373
   0.00511
   0.00348
   0.00391
   0.00368
   0.00383
   0.00406
   0.00431
   0.00458
   0.00487
   0.00463
   0.00311
   0.00485
   0.00618
   0.79804
   0.01162
   0.00363
   0.00473
   0.00459
   0.00429
   0.00393
   0.00355
   0.00319
   0.00283
   0.00255
   0.00237
   0.00231
   0.00243
   0.00370
   0.00901
   0.00899
   0.00953
   0.00939
   0.00906
   0.00863
   0.00814
   0.00763
   0.00714
   0.00668
   0.00629
   0.00597
   0.00568
   0.00541
   0.00516
   0.00495
   0.00470
   0.00450
   0.00429
   0.00410
   0.00392
   0.00374
   0.00357
   0.00343
   0.00326
   0.00311
   0.00297
   0.00284
   0.00270
   0.00258
   0.00245
   0.00235
   0.00223
   0.00212
   0.00202
   0.00192
   0.00183
   0.00174
   0.00165
   0.00157
   0.00149
   0.00142
   0.00134
   0.00127
   0.00121
   0.00115
   0.00108
   0.00103
   0.00097
   0.00092
   0.00087
   0.00083
   0.00079
   0.00075
   0.00072
   0.00069
   0.00067
   0.00065
   0.00063
   0.00062
   0.00061
   0.00061
   0.00066
   0.00079
   3.97491
   0.02950
   0.02794
   0.02891
   0.02837
   0.02944
   0.02861
   0.02809
   0.02732
   0.02623
   0.02572
   0.02452
   0.02241
   0.02119
   0.02266
   0.01943
   0.01881
   0.01845
   0.01549
   0.01682
   0.01476
   0.01548
   0.00838
   0.01572
   0.00847
   0.01330
   0.00874
   0.01131
   0.01139
   0.00910
   0.01099
   0.00827
   0.00811
   0.00773
   0.00704
   0.00605
   0.00556
   0.00584
   0.00541
   0.00565
   0.00521
   0.00557
   0.00492
   0.00568
   0.00456
   0.00609
   0.00437
   0.00605
   0.00406
   0.00621
   0.00368
   0.00572
   0.00373
   0.00535
   0.00326
   0.00441
   0.00440
   0.00335
   0.00417
   0.00348
   0.00393
   0.00365
   0.00356
   0.00340
   0.00316
   0.00294
   0.00269
   0.00245
   0.00214
   0.00168
   0.00103
   0.00119
   0.00106
   0.00110
   0.00106
   0.00104
   0.00102
   0.00100
   0.00098
   0.00096
   0.00094
   0.00092
   0.00089
   0.00087
   0.00084
   0.00081
   0.00078
   0.00078
   0.00083
   0.00084
   0.00080
   0.00071
   0.00066
   0.00063
   0.00062
   0.00058
   0.00055
   0.00053
   0.00050
   0.00047
   0.00045
   0.00043
   0.00041
   0.00039
   0.00038
   0.00037
   0.00035
   0.00034
   0.00034
   0.00033
   0.00032
   0.00031
   0.00030
   0.00029
   0.00028
   0.00027
   0.00026
   0.00024
   0.00023
   0.00022
   0.00021
   0.00020
   0.00019
   0.00018
   0.00018
   0.00017
   0.00016
   0.00016
   0.00015
   0.00015
   0.00014
   0.00014
   0.00013
   0.00013
   0.00013
   0.00012
   0.00012
   0.00011
   0.00011
   0.00011
   0.00010
   0.00010
   0.00010
   0.00009
   0.00009
   0.00009
   0.00008
   0.00008
   0.00008
   0.00008
   0.00007
   0.00007
   0.00007
   0.00007
   0.00006
   0.00006
   0.00006
   0.00006
   0.00006
   0.00005
   0.00005
   0.00005
   0.00005
   0.00005
   0.00005
   0.00004
   0.00004
   0.00004
   0.00004
   0.00004
   0.00004
   0.00004
   0.00004
   0.00004
   0.00003
   0.00003
   0.00003
   0.00003
   0.00003
   0.00003
   0.00003
   0.00003
   0.00003
   0.00003
   0.00003
   0.00003
   0.00002
   0.00002
   0.00002
   0.00002
   0.00002
   0.00002
   0.00002
   0.00002
   0.00002
   0.00002
   0.00002
   0.00002
   0.00002
   0.00002
   0.00002
   0.00002
   0.00001
   0.36078
   0.06959
   0.04378
   0.03851
   0.03497
   0.03284
   0.03051
   0.02829
   0.02713
   0.02621
   0.02530
   0.02445
   0.02356
   0.02224
   0.02078
   0.01961
   0.01886
   0.01826
   0.01770
   0.01711
   0.01654
   0.01609
   0.01570
   0.01544
   0.01557
   0.01795
   0.02005
   0.01782
   0.01693
   0.01585
   0.01491
   0.01406
   0.01330
   0.01262
   0.01201
   0.01146
   0.01095
   0.01050
   0.01010
   0.00975
   0.00943
   0.00916
   0.00892
   0.00871
   0.00853
   0.00837
   0.00824
   0.00812
   0.00801
   0.00792
   0.00784
   0.00778
   0.00773
   0.00768
   0.00765
   0.00763
   0.00762
   0.00762
   0.00761
   0.00760
   0.00758
   0.00752
   0.00743
   0.00732
   0.00719
   0.00705
   0.00690
   0.00674
   0.00658
   0.00642
   0.00626
   0.00609
   0.00593
   0.00577
   0.00561
   0.00544
   0.00528
   0.00513
   0.00497
   0.00482
   0.00467
   0.00452
   0.00437
   0.00423
   0.00409
   0.00396
   0.00383
   0.00370
   0.00357
   0.00345
   0.00333
   0.00322
   0.00311
   0.00300
   0.00290
   0.00280
   0.00270
   0.00261
   0.00251
   0.00243
   0.00234
   0.00226
   0.00218
   0.00211
   0.00204
   0.00129
   0.06742
   0.01378
   0.01036
   0.00920
   0.00830
   0.00756
   0.00681
   0.00629
   0.00576
   0.00516
   0.00465
   0.00432
   0.00399
   0.00377
   0.00353
   0.00329
   0.00307
   0.00286
   0.00265
   0.00247
   0.00231
   0.00216
   0.00202
   0.00191
   0.00181
   0.00173
   0.00165
   0.00159
   0.00152
   0.00147
   0.00143
   0.00138
   0.00134
   0.00130
   0.00126
   0.00122
   0.00118
   0.00115
   0.00110
   0.00106
   0.00102
   0.00098
   0.00094
   0.00090
   0.00087
   0.00083
   0.00080
   0.00077
   0.00074
   0.00071
   0.00068
   0.00066
   0.00064
   0.00062
   0.00061
   0.00059
   0.00058
   0.00057
   0.00057
   0.00056
   0.00056
   0.00057
   0.00060
   0.00066
   0.00092
   0.00127
   0.00137
   0.00105
   0.00129
   0.00100
   0.00125
   0.00094
   0.00116
   0.00090
   0.00105
   0.00090
   0.00094
   0.00088
   0.00086
   0.00082
   0.00079
   0.00075
   0.00072
   0.00068
   0.00065
   0.00061
   0.00058
   0.00056
   0.00054
   0.00053
   0.00052
   0.00051
   0.00050
   0.00050
   0.00049
   0.00048
   0.00047
   0.00046
   0.00045
   0.00044
   0.00043
   0.00041
   0.00040
   0.00038
   0.00037
   0.00036
   0.00034
   0.00033
   0.00032
   0.00031
   0.00029
   0.00028
   0.00027
   0.00026
   0.00025
   0.00024
   0.00024
   0.00023
   0.00022
   0.00021
   0.00020
   0.00019
   0.00018
   0.00018
   0.00017
   0.00016
   0.00015
   0.00015
   0.00014
   0.00013
   0.00013
   0.00012
   0.00012
   0.00011
   0.00011
   0.00011
   0.00010
   0.00010
   0.00010
   0.00009
   0.00009
   0.00009
   0.00009
   0.00009
   0.00008
   0.00008
   0.00008
   0.00008
   0.00008
   0.00007
   0.00007
   0.00007
   0.00007
   0.00007
   0.00007
   0.00006
   0.00006
   0.00006
   0.00006
   0.00006
   0.00006
   0.00005
   0.00005
   0.00005
   0.00005
   0.00005
   0.00005
   0.00005
   0.00004
   0.00004
   0.00004
   0.00004
   0.00004
   0.00004
   0.00004
   0.00004
   0.00003
   0.00003
   0.00003
   0.00003
   0.00003
   0.00003
   0.00003
   0.00003
   0.00003
