   0.69451
   0.69316
   0.69272
   0.69206
   0.69118
   0.69010
   0.68937
   0.68825
   0.68778
   0.68662
   0.68590
   0.68558
   0.68546
   0.68452
   0.68461
   0.68557
   0.68433
   0.68355
   0.68294
   0.68361
   0.68725
   0.68569
   0.68443
   0.68568
   0.68574
   0.68475
   0.68567
   0.68460
   0.68361
   0.68216
   0.68137
   0.68093
   0.68056
   0.68041
   0.68006
   0.67990
   0.67983
   0.67952
   0.67967
   0.67944
   0.67987
   0.67947
   0.68801
   0.67944
   0.67658
   0.67354
   0.67325
   0.67242
   0.67101
   0.66956
   0.66830
   0.66664
   0.66499
   0.66349
   0.66172
   0.66020
   0.65845
   0.65692
   0.65517
   0.65364
   0.65194
   0.65044
   0.64891
   0.64746
   0.64602
   0.64466
   0.64309
   0.64230
   0.64102
   0.64008
   0.63940
   0.63870
   0.63833
   0.63808
   0.63806
   0.63858
   0.63920
   0.64018
   0.64153
   0.64377
   0.64652
   0.64979
   0.65292
   0.65722
   0.66157
   0.66706
   0.67171
   0.67686
   0.68234
   0.68489
   0.68734
   0.68794
   0.68913
   0.68762
   0.68737
   0.68681
   0.68564
   0.68508
   0.68337
   0.68236
   0.68004
   0.67866
   0.67632
   0.67334
   0.67104
   0.66776
   0.66462
   0.66087
   0.65745
   0.65458
   0.65061
   0.64729
   0.64405
   0.64092
   0.63606
   0.63325
   0.62934
   0.62555
   0.62199
   0.61872
   0.61544
   0.61194
   0.60942
   0.60570
   0.60203
   0.59881
   0.59509
   0.59181
   0.58872
   0.58442
   0.58146
   0.57808
   0.57484
   0.57167
   0.56792
   0.56497
   0.56195
   0.55800
   0.55525
   0.55244
   0.54773
   0.54478
   0.54260
   0.53758
   0.53496
   0.53160
   0.52826
   0.52502
   0.52084
   0.51741
   0.51473
   0.51174
   0.50727
   0.50507
   0.49977
   0.49762
   0.49444
   0.49211
   0.48697
   0.48428
   0.48081
   0.47819
   0.47421
   0.47040
   0.46757
   0.46438
   0.46134
   0.45762
   0.45423
   0.45066
   0.44710
   0.44364
   0.44050
   0.43708
   0.43400
   0.43088
   0.42735
   0.42428
   0.42066
   0.41756
   0.41393
   0.41100
   0.40759
   0.40423
   0.40106
   0.39811
   0.39438
   0.39099
   0.38775
   0.38453
   0.38119
   0.37780
   0.37447
   0.37121
   0.36784
   0.36460
   0.36116
   0.35779
   0.35407
   0.35069
   0.34712
   0.34392
   0.34011
   0.33682
   0.33337
   0.32972
   0.32617
   0.32266
   0.31872
   0.31534
   0.31197
   0.30800
   0.30505
   0.30124
   0.29764
   0.29425
   0.29074
   0.28743
   0.28412
   0.28093
   0.27780
   0.27473
   0.27167
   0.26880
   0.26580
   0.26314
   0.26010
   0.25780
   0.25465
   0.25271
   0.24982
   0.24770
   0.24512
   0.24295
   0.24073
   0.23863
   0.23653
   0.23449
   0.23230
   0.23026
   0.22834
   0.22653
   0.22453
   0.22260
   0.22114
   0.21955
   0.21804
   0.21664
   0.21530
   0.21429
   0.21319
   0.21219
   0.21131
   0.21015
   0.20923
   0.20849
   0.20765
   0.20688
   0.20608
   0.20528
   0.20431
   0.20329
   0.20212
   0.20086
   0.19950
   0.19811
   0.19671
   0.19525
   0.19366
   0.19209
   0.19043
   0.18878
   0.18711
   0.18541
   0.18366
   0.18115
   0.17921
   0.17743
   0.17564
   0.17388
   0.17214
   0.17045
   0.16868
   0.16691
   0.16512
   0.16332
   0.16148
   0.15966
   0.15779
   0.15553
   0.15349
   0.15159
   0.14973
   0.14792
   0.14604
   0.14419
   0.14232
   0.14049
   0.13859
   0.13718
   0.13526
   0.13333
   0.13142
   0.12950
   0.12756
   0.12557
   0.12363
   0.12113
   0.11908
   0.11707
   0.11511
   0.11369
   0.11193
   0.11005
   0.10814
   0.10622
   0.10433
   0.10245
   0.10061
   0.09878
   0.09698
   0.09520
   0.09346
   0.09174
   0.09008
   0.08843
   0.08681
   0.08523
   0.08367
   0.08215
   0.08067
   0.07922
   0.07780
   0.07643
   0.07510
   0.07380
   0.07254
   0.07131
   0.07013
   0.06898
   0.06788
   0.06682
   0.06580
   0.06484
   0.06391
   0.06304
   0.06221
   0.06142
   0.06069
   0.06000
   0.05936
   0.05878
   0.05825
   0.05778
   0.05736
   0.05700
   0.05670
   0.05645
   0.05625
   0.05612
   0.05603
   0.05600
   0.05600
   0.05605
   0.05613
   0.05622
   0.05633
   0.05643
   0.05651
   0.05657
   0.05659
   0.05656
   0.05648
   0.05633
   0.05612
   0.05585
   0.05552
   0.05514
   0.05470
   0.05422
   0.05369
   0.05313
   0.05254
   0.05192
   0.05127
   0.05060
   0.04992
   0.04923
   0.04852
   0.04781
   0.04709
   0.04636
   0.04564
   0.04491
   0.04419
   0.04347
   0.04275
   0.04204
   0.04133
   0.04063
   0.03993
   0.03924
   0.03856
   0.03789
   0.03723
   0.03657
   0.03593
   0.03529
   0.03467
   0.03406
   0.03346
   0.03287
   0.03229
   0.03172
   0.03116
   0.03062
   0.03009
   0.02957
   0.02906
   0.02857
   0.02808
   0.02761
   0.02715
   0.02670
   0.02626
   0.02583
   0.02541
   0.02500
   0.02460
   0.02420
   0.02382
   0.02345
   0.02308
   0.02272
   0.02237
   0.02203
   0.02170
   0.02137
   0.02105
   0.02073
   0.02042
   0.02012
   0.01982
   0.01953
   0.01924
   0.01896
   0.01868
   0.01841
   0.01815
   0.01788
   0.01763
   0.01737
   0.01712
   0.01688
   0.01664
   0.01641
   0.01616
   0.01595
   0.01570
   0.01551
   0.01523
   0.01512
   0.01473
   0.01484
   0.01411
   0.01470
   0.01369
   0.01384
   0.01408
   0.01367
   0.01356
   0.01315
   0.01355
   0.01288
   0.01323
   0.01247
   0.01325
   0.01224
   0.01306
   0.01191
   0.01323
   0.01174
   0.01317
   0.01149
   0.01365
   0.01145
   0.01348
   0.01120
   0.01488
   0.01126
   0.01116
   0.01064
   0.01999
   0.00963
   0.00907
   0.01786
   0.00831
   0.00818
   0.01055
   0.03221
   0.02157
   0.00806
   0.00875
   0.03104
   0.01645
   0.00714
   0.00701
   0.00828
   0.01709
   0.02055
   0.00889
   0.02948
   0.00796
   0.20206
   0.00865
   0.01841
   0.01194
   0.01282
   0.01276
   0.01289
   0.01298
   0.01309
   0.01320
   0.01332
   0.01345
   0.01358
   0.01373
   0.01388
   0.01404
   0.01422
   0.01441
   0.01462
   0.01484
   0.01509
   0.01535
   0.01564
   0.01595
   0.01629
   0.01665
   0.01704
   0.01745
   0.01788
   0.01831
   0.01872
   0.01909
   0.01938
   0.01955
   0.01959
   0.01949
   0.01928
   0.01899
   0.01865
   0.01828
   0.01790
   0.01750
   0.01711
   0.01672
   0.01634
   0.01596
   0.01560
   0.01525
   0.01492
   0.01460
   0.01429
   0.01401
   0.01373
   0.01347
   0.01324
   0.01301
   0.01281
   0.01262
   0.01244
   0.01228
   0.01214
   0.01202
   0.01191
   0.01183
   0.01176
   0.01171
   0.01169
   0.01168
   0.01171
   0.01177
   0.01187
   0.01202
   0.01226
   0.01262
   0.01321
   0.01434
   0.01722
   0.02925
   0.00729
   0.04417
   0.00519
   0.01191
   0.01403
   0.01983
   0.04522
   0.02392
   0.00973
   0.02438
   0.04180
   0.03355
   0.03281
   0.03763
   0.03955
   0.03326
   0.03547
   0.03649
   0.03726
   0.03439
   0.03786
   0.03407
   0.03863
   0.03652
   0.03799
   0.03750
   0.03831
   0.03907
   0.03886
   0.03977
   0.03962
   0.04033
   0.04037
   0.04053
   0.04067
   0.04072
   0.04046
   0.03705
   0.01583
   0.01120
   0.00640
   0.00203
   0.00296
   0.00316
   0.00308
   0.00306
   0.00304
   0.00302
   0.00301
   0.00299
   0.00297
   0.00296
   0.00295
   0.00293
   0.00293
   0.00292
   0.00291
   0.00291
   0.00291
   0.00291
   0.00292
   0.00293
   0.00294
   0.00296
   0.00299
   0.00303
   0.00307
   0.00314
   0.00322
   0.00335
   0.00354
   0.00390
   0.00478
   0.00913
   0.00178
   0.00469
   0.01186
   0.00127
   0.00404
   0.00922
   0.00118
   0.00418
   0.01443
   0.00423
   0.00762
   0.01002
   0.53227
   0.13466
   0.27262
   0.00126
   0.00113
   0.00140
   0.00137
   0.00135
   0.00135
   0.00135
   0.00136
   0.00136
   0.00136
   0.00136
   0.00136
   0.00136
   0.00135
   0.00135
   0.00135
   0.00134
   0.00133
   0.00133
   0.00132
   0.00131
   0.00130
   0.00129
   0.00127
   0.00126
   0.00125
   0.00124
   0.00122
   0.00121
   0.00120
   0.00119
   0.00118
   0.00117
   0.00116
   0.00115
   0.00114
   0.00113
   0.00112
   0.00111
   0.00110
   0.00110
   0.00109
   0.00109
   0.00108
   0.00107
   0.00107
   0.00107
   0.00106
   0.00106
   0.00105
   0.00105
   0.00105
   0.00104
   0.00104
   0.00104
   0.00104
   0.00104
   0.00103
   0.00103
   0.00103
   0.00103
   0.00103
   0.00103
   0.00102
   0.00102
   0.00102
   0.00102
   0.00102
   0.00102
   0.00102
   0.00102
   0.00102
   0.00101
   0.00101
   0.00101
   0.00101
   0.00101
   0.00101
   0.00101
   0.00101
   0.00101
   0.00101
   0.00101
   0.00101
   0.00101
   0.00101
   0.00101
   0.00101
   0.00101
   0.00101
   0.00101
   0.00102
   0.00102
   0.00102
   0.00102
   0.00103
   0.00103
   0.00104
   0.00105
   0.00106
   0.00107
   0.00108
   0.00110
   0.00112
   0.00114
   0.00116
   0.00119
   0.00122
   0.00126
   0.00129
   0.00133
   0.00137
   0.00141
   0.00145
   0.00149
   0.00152
   0.00154
   0.00156
   0.00158
   0.00159
   0.00159
   0.00160
   0.00160
   0.00159
   0.00159
   0.00158
   0.00158
   0.00157
   0.00156
   0.00155
   0.00154
   0.00153
   0.00151
   0.00150
   0.00149
   0.00148
   0.00147
   0.00146
   0.00146
   0.00145
   0.00144
   0.00144
   0.00143
   0.00143
   0.00143
   0.00143
   0.00143
   0.00143
   0.00144
   0.00145
   0.00147
   0.00149
   0.00151
   0.00155
   0.00161
   0.00170
   0.00185
   0.00223
   0.00425
   4.86058
   0.09520
   0.22854
   0.00671
   0.00136
   0.00077
   0.00075
   0.00077
   0.00077
   0.00077
   0.00078
   0.00078
   0.00078
   0.00079
   0.00079
   0.00079
   0.00080
   0.00080
   0.00081
   0.00081
   0.00082
   0.00082
   0.00083
   0.00083
   0.00084
   0.00084
   0.00085
   0.00085
   0.00086
   0.00086
   0.00087
   0.00087
   0.00087
   0.00088
   0.00088
   0.00088
   0.00088
   0.00088
   0.00088
   0.00088
   0.00088
   0.00088
   0.00087
   0.00087
   0.00086
   0.00086
   0.00085
   0.00084
   0.00083
   0.00082
   0.00081
   0.00080
   0.00079
   0.00078
   0.00077
   0.00076
   0.00075
   0.00074
   0.00073
   0.00072
   0.00072
   0.00071
   0.00070
   0.00069
   0.00068
   0.00068
   0.00067
   0.00066
   0.00066
   0.00065
   0.00065
   0.00064
   0.00064
   0.00063
   0.00063
   0.00062
   0.00062
   0.00062
   0.00061
   0.00061
   0.00061
   0.00060
   0.00060
   0.00060
   0.00059
   0.00059
   0.00059
   0.00059
   0.00059
   0.00058
   0.00058
   0.00058
   0.00058
   0.00058
   0.00057
   0.00057
   0.00057
   0.00057
   0.00057
   0.00057
   0.00056
   0.00056
   0.00056
   0.00056
   0.00056
   0.00056
   0.00056
   0.00055
   0.00055
   0.00055
   0.00055
   0.00055
   0.00055
   0.00055
   0.00055
   0.00054
   0.00054
   0.00054
   0.00054
   0.00054
   0.00054
   0.00054
   0.00054
   0.00054
   0.00054
   0.00054
   0.00054
   0.00054
   0.00055
   0.00055
   0.00055
   0.00056
   0.00056
   0.00057
   0.00058
   0.00059
   0.00060
   0.00062
   0.00063
   0.00065
   0.00066
   0.00068
   0.00070
   0.00072
   0.00074
   0.00075
   0.00076
   0.00078
   0.00079
   0.00080
   0.00080
   0.00081
   0.00081
   0.00081
   0.00082
   0.00082
   0.00081
   0.00081
   0.00081
   0.00081
   0.00080
