   0.59191
   0.55267
   0.49089
   0.47349
   0.46700
   0.46535
   0.45843
   0.45336
   0.47410
   0.47804
   0.47858
   0.46142
   0.48032
   0.48014
   0.46674
   0.48144
   0.48052
   0.47963
   0.47771
   0.47602
   0.47273
   0.47094
   0.46842
   0.46364
   0.46124
   0.45770
   0.45467
   0.45274
   0.44975
   0.44566
   0.44275
   0.44085
   0.45333
   0.46709
   0.49861
   0.51058
   0.50449
   0.49937
   0.48411
   0.45693
   0.42128
   0.36499
   0.31743
   0.28061
   0.24938
   0.21552
   0.18125
   0.15860
   0.14083
   0.12560
   0.11441
   0.10448
   0.09575
   0.08838
   0.08218
   0.07702
   0.07283
   0.06916
   0.06603
   0.06349
   0.06139
   0.05954
   0.05800
   0.05679
   0.05579
   0.05503
   0.05494
   0.05486
   0.05509
   0.05566
   0.05586
   0.05636
   0.05474
   0.05504
   0.05530
   0.05550
   0.05608
   0.05664
   0.05689
   0.05771
   0.05740
   0.05745
   0.05757
   0.05633
   0.05619
   0.05624
   0.05685
   0.05649
   0.05668
   0.05642
   0.05531
   0.05458
   0.05429
   0.05403
   0.05356
   0.05324
   0.05412
   0.05466
   0.05418
   0.05368
   0.05353
   0.05272
   0.05142
   0.04975
   0.04887
   0.04754
   0.04603
   0.04464
   0.04301
   0.04098
   0.03922
   0.03711
   0.03546
   0.03393
   0.03243
   0.03101
   0.02998
   0.02886
   0.02784
   0.02670
   0.02551
   0.02473
   0.02506
   0.02445
   0.02336
   0.02288
   0.02190
   0.02104
   0.01962
   0.01959
   0.01867
   0.01717
   0.01614
   0.01497
   0.01691
   0.01631
   0.01494
   0.01444
   0.01400
   0.01316
   0.01233
   0.01161
   0.01090
   0.01013
   0.00948
   0.00883
   0.00830
   0.00787
   0.00753
   0.00735
   0.00703
   0.00624
   0.00592
   0.00526
   0.00544
   0.00483
   0.00425
   0.00488
   0.00344
   0.00317
   0.00289
   0.00254
   0.00329
   0.00266
   0.00207
   0.00182
   0.00164
   0.00153
   0.00145
   0.00190
   0.00190
   0.00202
   0.00115
   0.00067
   0.00156
   0.00150
   0.00137
   0.00132
   0.00155
   0.00201
   0.00130
   0.00145
   0.00028
   0.00163
   0.00027
   0.00223
   0.00143
   0.00114
   0.00077
   0.00041
   0.00081
   0.00101
   0.00068
   0.00196
   0.00041
   0.00076
   0.00083
   0.00052
   0.00063
   0.00064
   0.00059
   0.00064
   0.00036
   0.00031
   0.00034
   0.00054
   0.00031
   0.00214
   0.00036
   0.00194
   0.00272
   0.00181
   0.00337
   0.00073
   0.00329
   0.00280
   0.00230
   0.00167
   0.00253
   0.00225
   0.00279
   0.00285
   2.70096
   1.02985
   0.62094
   0.52908
   0.50747
   0.50239
   0.50120
   0.50091
   0.50084
   0.50083
   0.50082
   0.50083
   0.50083
   0.50083
   0.50083
   0.50084
   0.50084
   0.50084
   0.50085
   0.50085
   0.50085
   0.50086
   0.50086
   0.50086
   0.50087
   0.50087
   0.50087
   0.50088
   0.50088
   0.50088
   0.50089
   0.50089
   0.50089
   0.50090
   0.50090
   0.50090
   0.50091
   0.50091
   0.50091
   0.50092
   0.50092
   0.50092
   0.50092
   0.50093
   0.50093
   0.50093
   0.50094
   0.50094
   0.50094
   0.50095
   0.50095
   0.50095
   0.50096
   0.50096
   0.50096
   0.50097
   0.50097
   0.50097
   0.50098
   0.50098
   0.50098
   0.50099
   0.50099
   0.50099
   0.50099
   0.50100
   0.50100
   0.50100
   0.50101
   0.50101
   0.50101
   0.50102
   0.50102
   0.50102
   0.50103
   0.50103
   0.50103
   0.50104
   0.50104
   0.50104
   0.50104
   0.50105
   0.50105
   0.50105
   0.50106
   0.50106
   0.50106
   0.50107
   0.50107
   0.50107
   0.50108
   0.50108
   0.50108
   0.50109
   0.50109
   0.50109
   0.50109
   0.50110
   0.50110
   0.50110
   0.50111
   0.50111
   0.50111
   0.50112
   0.50112
   0.50112
   0.50113
   0.50113
   0.50113
   0.50113
   0.50114
   0.50114
   0.50114
   0.50115
   0.50115
   0.50115
   0.50116
   0.50116
   0.50116
   0.50117
   0.50117
   0.50117
   0.50117
   0.50118
   0.50118
   0.50118
   0.50119
   0.50119
   0.50119
   0.50120
   0.50120
   0.50120
   0.50120
   0.50121
   0.50121
   0.50121
   0.50122
   0.50122
   0.50122
   0.50123
   0.50123
   0.50123
   0.50124
   0.50124
   0.50124
   0.50124
   0.50125
   0.50125
   0.50125
   0.50126
   0.50126
   0.50126
   0.50126
   0.50127
   0.50127
   0.50127
   0.50128
   0.50128
   0.50128
   0.50129
   0.50129
   0.50129
   0.50129
   0.50130
   0.50130
   0.50130
   0.50131
   0.50131
   0.50131
   0.50132
   0.50132
   0.50132
   0.50132
   0.50133
   0.50133
   0.50133
   0.50134
   0.50134
   0.50134
   0.50135
   0.50135
   0.50135
   0.50135
   0.50136
   0.50136
   0.50136
   0.50137
   0.50137
   0.50137
   0.50137
   0.50138
   0.50138
   0.50138
   0.50139
   0.50139
   0.50139
   0.50139
   0.50140
   0.50140
   0.50140
   0.50141
   0.50141
   0.50141
   0.50142
   0.50142
   0.50142
   0.50142
   0.50143
   0.50143
   0.50143
   0.50144
   0.50144
   0.50144
   0.50144
   0.50145
   0.50145
   0.50145
   0.50146
   0.50146
   0.50146
   0.50146
   0.50147
   0.50147
   0.50147
   0.50148
   0.50148
   0.50148
   0.50148
   0.50149
   0.50149
   0.50149
   0.50150
   0.50150
   0.50150
   0.50150
   0.50151
   0.50151
   0.50151
   0.50152
   0.50152
   0.50152
   0.50152
   0.50153
   0.50153
   0.50153
   0.50154
   0.50154
   0.50154
   0.50154
   0.50155
   0.50155
   0.50155
   0.50155
   0.50156
   0.50156
   0.50156
   0.50157
   0.50157
   0.50157
   0.50157
   0.50158
   0.50158
   0.50158
   0.50159
   0.50159
   0.50159
   0.50159
   0.50160
   0.50160
   0.50160
   0.50161
   0.50161
   0.50161
   0.50161
   0.50162
   0.50162
   0.50162
   0.50163
