   0.68836
   0.68833
   0.68644
   0.68546
   0.68451
   0.68145
   0.67778
   0.67654
   0.67525
   0.67389
   0.67311
   0.67213
   0.67141
   0.67058
   0.66978
   0.66889
   0.66861
   0.66784
   0.66707
   0.66695
   0.66571
   0.66600
   0.66580
   0.66539
   0.66464
   0.66393
   0.66346
   0.66138
   0.66111
   0.65962
   0.65775
   0.65615
   0.65115
   0.63028
   0.63416
   0.62843
   0.62963
   0.62719
   0.62480
   0.61689
   0.61314
   0.60805
   0.60284
   0.59737
   0.58697
   0.57998
   0.57319
   0.56682
   0.56111
   0.55606
   0.55058
   0.54372
   0.53527
   0.52556
   0.51448
   0.50363
   0.49362
   0.48369
   0.47435
   0.46611
   0.45882
   0.45222
   0.44631
   0.44101
   0.43631
   0.43187
   0.42795
   0.42427
   0.42093
   0.41783
   0.41486
   0.41191
   0.40903
   0.40610
   0.40328
   0.40033
   0.39722
   0.39430
   0.39113
   0.38805
   0.38500
   0.38200
   0.37895
   0.37622
   0.37330
   0.37070
   0.36814
   0.36559
   0.36312
   0.36072
   0.35831
   0.35588
   0.35350
   0.35100
   0.34863
   0.34620
   0.34324
   0.34073
   0.33783
   0.33470
   0.33126
   0.32762
   0.32360
   0.31977
   0.31523
   0.31057
   0.30610
   0.30084
   0.29737
   0.29190
   0.28569
   0.27897
   0.27296
   0.26716
   0.25910
   0.25170
   0.24442
   0.23779
   0.23010
   0.22208
   0.21459
   0.20683
   0.19965
   0.19221
   0.18529
   0.17789
   0.17113
   0.16431
   0.15783
   0.15154
   0.14588
   0.14020
   0.13536
   0.13078
   0.12662
   0.12285
   0.11939
   0.11613
   0.11302
   0.11008
   0.10719
   0.10411
   0.10150
   0.09862
   0.09573
   0.09282
   0.08990
   0.08698
   0.08403
   0.08113
   0.07822
   0.07534
   0.07248
   0.06957
   0.06687
   0.06412
   0.06140
   0.05870
   0.05606
   0.05349
   0.05111
   0.04916
   0.04797
   0.04783
   0.04847
   0.04940
   0.05042
   0.05133
   0.05210
   0.05267
   0.05287
   0.05223
   0.04913
   0.04017
   0.03166
   0.02998
   0.02782
   0.02898
   0.02937
   0.03661
   0.03528
   0.04090
   0.01939
   0.04590
   0.11729
   0.08227
   0.12961
   0.03602
   0.02249
   0.02296
   0.02450
   0.02618
   0.02819
   0.02994
   0.03113
   0.03194
   0.03253
   0.03308
   0.03362
   0.03409
   0.03431
   0.03416
   0.03363
   0.03313
   0.03310
   0.03357
   0.03429
   0.03431
   0.03256
   0.02888
   0.02538
   0.02487
   0.02506
   0.02534
   0.02510
   0.02447
   0.02393
   0.02351
   0.02328
   0.02349
   0.02619
   0.06618
   0.00260
   0.00280
   0.00264
   0.00266
   0.00268
   0.00318
   0.00262
   0.01381
   0.00246
   0.00236
   0.00374
   0.00218
   0.54143
   0.00219
   0.00217
   0.00221
   0.00216
   0.00216
   0.08948
   0.00201
   0.00186
   0.00326
   0.00176
   0.00170
   0.00804
   0.00222
   0.00185
   0.00180
   0.00172
   0.00168
   0.00164
   0.00160
   0.00158
   0.00156
   0.00155
   0.00153
   0.00150
   0.00141
   0.30745
   0.00119
   0.00116
   0.00144
   0.00113
   0.00243
   0.00109
   0.00107
   0.00100
   0.02430
   0.01192
   0.00993
   0.00779
   0.00828
   0.00679
   0.00603
   0.00575
   0.00422
   0.00375
   0.00537
   0.00501
   0.00445
   0.00408
   0.00286
   0.00862
   0.00331
   0.00279
   0.00324
   0.00297
   0.00311
   0.00319
   0.00276
   0.00294
   0.00539
   0.00262
   0.00270
   0.00265
   0.00416
   0.00270
   0.00292
   0.00363
   0.00197
   0.00494
   0.00194
   0.00170
   0.00274
   0.00199
   0.00172
   0.00173
   0.00164
   0.00143
   0.00137
   0.00142
   0.00137
   0.00134
   0.00131
   0.00127
   0.00221
   0.00116
   0.29395
   0.01804
   0.00796
   0.00614
   0.00550
   0.00499
   0.00475
   0.00444
   0.00451
   0.00415
   0.00512
   0.00469
   0.01234
   0.00370
   0.00371
   0.00357
   0.00338
   0.00354
   0.01182
   0.00321
   0.33363
   0.00315
   0.00484
   0.01474
   0.00280
   0.00278
   0.00269
   0.00259
   0.00254
   0.00249
   0.00243
   0.00234
   0.24639
   0.00233
   0.00229
   0.00220
   0.00249
   0.00211
   0.00206
   0.00198
   0.00194
   0.00189
   0.00184
   0.00177
   0.00173
   0.00169
   0.00167
   0.00162
   0.00156
   0.00150
   0.00145
   0.00139
   0.00137
   0.00147
   0.00151
   0.00130
   0.00106
   0.00206
   0.00181
   0.00134
   0.00074
   0.00173
   0.00135
   0.00070
   1.01270
   0.00099
   0.00094
   0.00089
   0.00085
   0.00081
   0.00077
   0.00071
   0.00069
   0.00066
   0.00063
   0.00073
   0.00060
   0.00057
   0.00055
   0.00055
   0.00055
   0.00056
   0.00055
   0.00053
   0.00051
   0.00049
   0.00047
   0.00045
   0.00044
   0.00042
   0.00041
   0.00039
   0.00041
   0.00036
   1.18001
   0.01294
   0.00849
   0.00627
   0.00469
   0.00361
   0.00292
   0.00250
   0.00220
   0.00198
   0.00183
   0.00169
   0.00158
   0.00148
   0.00140
   0.00135
   0.00127
   0.00116
   0.00109
   0.00103
   0.00097
   0.00090
   0.00085
   0.00081
   0.00077
   0.00072
   0.00065
   0.00060
   0.00056
   0.00052
   0.00048
   0.00045
   0.00043
   0.00040
   0.00040
   0.00040
   0.00040
   0.00041
   0.00042
   0.00043
   0.00044
   0.00044
   0.00042
   0.00040
   0.00037
   0.00034
   0.00032
   0.00030
   0.00028
   0.00026
   0.00025
   0.00024
   0.00023
   0.00022
   0.00020
   0.00086
   0.00083
   0.00075
   0.00069
   0.00063
   0.00058
   0.00054
   0.00051
   0.00048
   0.00045
   0.00043
   0.00041
   0.00039
   0.00037
   0.00036
   0.00035
   0.00033
   0.00033
   0.00031
   0.00030
   0.00029
   0.00028
   0.00027
   0.00026
   0.00026
   0.00026
   0.00026
   0.00027
   0.00027
   0.00028
   0.00028
   0.00028
