   0.70569
   0.70508
   0.70463
   0.69747
   0.70032
   0.69566
   0.69641
   0.69697
   0.69735
   0.69910
   0.70375
   0.70193
   0.69990
   0.70057
   0.69766
   0.69615
   0.69576
   0.69345
   0.69143
   0.68972
   0.68868
   0.68657
   0.68433
   0.68183
   0.67763
   0.67350
   0.66938
   0.66539
   0.66118
   0.65603
   0.65025
   0.64453
   0.63887
   0.63258
   0.62547
   0.61778
   0.60999
   0.60233
   0.59507
   0.58807
   0.58125
   0.57460
   0.56768
   0.56020
   0.55291
   0.54521
   0.53590
   0.52630
   0.51609
   0.50568
   0.49506
   0.48302
   0.47112
   0.45984
   0.44881
   0.43800
   0.42762
   0.41782
   0.40853
   0.40001
   0.39212
   0.38484
   0.37809
   0.37190
   0.36583
   0.36096
   0.35427
   0.34950
   0.34258
   0.33543
   0.32824
   0.32082
   0.31388
   0.30770
   0.30156
   0.29492
   0.28974
   0.28562
   0.28535
   0.28118
   0.27716
   0.27437
   0.27018
   0.26559
   0.25884
   0.25017
   0.24150
   0.23089
   0.22069
   0.21440
   0.21713
   0.23380
   0.26340
   0.29875
   0.32271
   0.33781
   0.37867
   0.37770
   0.33163
   0.27864
   0.23665
   0.20822
   0.21239
   0.22189
   0.25163
   0.14442
   0.31323
   0.20637
   0.05542
   0.04436
   0.02018
   0.01905
   0.03906
   0.03238
   0.01825
   0.04256
   0.01864
   0.01874
   0.02179
   0.01695
   0.01442
   0.01386
   0.02302
   0.01708
   0.01618
   0.01518
   0.01446
   0.01368
   0.01292
   0.01263
   0.01816
   0.02560
   0.01470
   0.01588
   0.01056
   0.00953
   0.02277
   0.02123
   0.01834
   0.00757
   0.00623
   0.00612
   0.00547
   0.00631
   0.00782
   0.00776
   0.00526
   0.01723
   0.01939
   0.01283
   0.01273
   0.01062
   0.01320
   0.00910
   0.01215
   0.00662
   0.00833
   0.00731
   0.00696
   0.00656
   0.00654
   0.00749
   0.00723
   0.00661
   0.00656
   0.00984
   0.01696
   0.03156
   0.02342
   0.02212
   0.03890
   0.03023
   0.02683
   0.01804
   0.13414
   0.03208
   0.03392
   0.00902
   0.00866
   0.00586
   0.03335
   0.00469
   0.00433
   0.00811
   0.00385
   0.00364
   0.00341
   0.37355
   0.00398
   0.00337
   0.00311
   0.00240
   0.00255
   0.01423
   0.01103
   0.00780
   0.00658
   0.00586
   0.00568
   0.00883
   0.01002
   0.00989
   0.00892
   0.00622
   0.00789
   0.00749
   0.00704
   0.00511
   0.00484
   0.01173
   0.00597
   0.00608
   0.00476
   0.00430
   0.00666
   0.00381
   0.05698
   0.06748
   0.01313
   0.01109
   0.00976
   0.01030
   0.00937
   0.00807
   0.03043
   0.00742
   0.00673
   0.00565
   0.00508
   0.00481
   0.00402
   0.05451
   0.01382
   0.01068
   0.04794
   0.01172
   0.00931
   0.01378
   0.01196
   0.00948
   0.00668
   0.00513
   0.00574
   0.02055
   0.00661
   0.00535
   0.00414
   0.00288
   0.01155
   0.00504
   0.00496
   0.00443
   0.00365
   0.00281
   0.00213
   0.00203
   0.00336
   0.00340
   0.00275
   0.00211
   0.00170
   0.00169
   0.00280
   0.00224
   0.00169
   0.00141
   0.39626
   0.03659
   0.03700
   0.02591
   0.01895
   0.03078
   0.01203
   0.03062
   0.00958
   0.00965
   0.03770
   0.00792
   0.00759
   0.00777
   0.36804
   0.00578
   0.00513
   0.01524
   0.00942
   0.00589
   0.00627
   0.00580
   0.00551
   0.00527
   0.19483
   0.00427
   0.09016
   0.00353
   0.00354
   0.00388
   0.13361
   0.00437
   0.00436
   0.00442
   0.00442
   0.00430
   0.00408
   0.00393
   0.01068
   0.00401
   0.00381
   0.00356
   0.00341
   0.00267
   0.06135
   0.00517
   0.00450
   0.00411
   0.00386
   0.00360
   0.00333
   0.00326
   0.00348
   0.01202
   0.00346
   0.00340
   0.00343
   0.00338
   0.00320
   0.00298
   0.00285
   0.00315
   0.00300
   0.46369
   0.37454
   0.37283
   0.37516
   0.38116
   0.37862
   0.37109
   0.36417
   0.35575
   0.34691
   0.33815
   0.32535
   0.31743
   0.30942
   0.30110
   0.29322
   0.28545
   0.27768
   0.27013
   0.26273
   0.25548
   0.24828
   0.24122
   0.23449
   0.22791
   0.22138
   0.21505
   0.20886
   0.20283
   0.19693
   0.19112
   0.18542
   0.17983
   0.17434
   0.16894
   0.16369
   0.15853
   0.15349
   0.14860
   0.14381
   0.13917
   0.13466
   0.13027
   0.12604
   0.12193
   0.11801
   0.11425
   0.11067
   0.10729
   0.10413
   0.10123
   0.09856
   0.09621
   0.09418
   0.09255
   0.09133
   0.09063
   0.09051
   0.09112
   0.09255
   0.09503
   0.09869
   0.10374
   0.11004
   0.11639
   0.12115
   0.12291
   0.12104
   0.11636
   0.11098
   0.10721
   0.10609
   0.10711
   0.10785
   0.10523
   0.09637
   0.03544
   0.05186
   0.08044
   0.08495
   0.08550
   0.08690
   0.09094
   0.09497
   0.09737
   0.09317
   0.07970
   0.06712
   0.23028
   0.02096
   0.16665
   0.23867
   0.01304
   0.24575
   0.02114
   0.17576
   0.14688
   0.01242
   0.01550
   0.03155
   0.20098
   0.01225
   0.01397
   0.01827
   0.01777
   0.01708
   0.01549
   0.01347
   0.01253
   0.01226
   0.01251
   0.01058
   0.01015
   0.01021
   0.01051
   0.05921
   0.01168
   0.03424
   0.04781
   0.03686
   0.00643
   0.00664
   0.00608
   0.00891
   0.01289
   0.02060
   0.03712
   0.01386
   0.00643
   0.04320
   0.00661
   0.02742
   0.03031
   0.00558
   0.03094
   0.00469
   0.03245
   0.10015
   0.00987
   0.01029
   0.01106
   0.01142
   0.00860
   0.00598
   0.00607
   0.00577
   0.00859
   0.03102
   0.01831
   0.00825
   0.00619
   0.00458
   0.00465
   0.00481
   0.01034
   0.00375
   0.00652
   0.00756
   0.00747
   0.00587
   0.00455
   0.00434
   0.00406
   0.00572
   0.00287
   0.00566
   0.00546
   0.00551
   0.00616
   0.00662
   0.00542
