   0.70341
   0.68625
   0.68335
   0.68357
   0.68186
   0.68120
   0.68083
   0.68026
   0.67913
   0.67867
   0.67771
   0.67731
   0.67667
   0.67651
   0.67588
   0.67538
   0.67448
   0.67427
   0.67353
   0.67306
   0.67250
   0.67204
   0.67137
   0.67080
   0.67027
   0.66965
   0.66935
   0.66861
   0.66810
   0.66741
   0.66691
   0.66620
   0.66558
   0.66488
   0.66437
   0.66353
   0.66311
   0.66221
   0.66140
   0.65981
   0.65907
   0.65846
   0.65765
   0.65715
   0.65637
   0.65558
   0.65477
   0.65408
   0.65316
   0.65255
   0.65122
   0.65013
   0.65225
   0.65213
   0.65279
   0.65083
   0.64926
   0.64714
   0.64791
   0.64626
   0.64491
   0.64383
   0.64262
   0.64329
   0.64210
   0.64087
   0.64123
   0.64105
   0.64109
   0.64056
   0.64353
   0.64435
   0.64482
   0.64563
   0.64645
   0.64839
   0.64867
   0.65084
   0.65029
   0.64460
   0.63901
   0.63444
   0.63071
   0.62684
   0.62223
   0.61827
   0.61430
   0.61034
   0.60624
   0.60225
   0.59821
   0.59432
   0.59019
   0.58617
   0.58219
   0.57819
   0.57421
   0.57038
   0.56658
   0.56271
   0.55904
   0.55540
   0.55179
   0.54820
   0.54482
   0.54144
   0.53810
   0.53476
   0.53153
   0.52835
   0.52520
   0.52209
   0.51900
   0.51593
   0.51297
   0.50997
   0.50706
   0.50422
   0.50141
   0.49871
   0.49602
   0.49329
   0.49065
   0.48799
   0.48552
   0.48300
   0.48060
   0.47818
   0.47587
   0.47384
   0.47185
   0.46992
   0.46805
   0.46636
   0.46447
   0.46302
   0.46147
   0.46005
   0.45873
   0.45737
   0.45635
   0.45517
   0.45423
   0.45318
   0.45247
   0.45123
   0.45037
   0.44928
   0.44775
   0.44610
   0.44432
   0.44218
   0.44009
   0.43763
   0.43496
   0.43267
   0.42990
   0.42728
   0.42445
   0.42182
   0.41892
   0.41575
   0.41324
   0.41069
   0.40758
   0.40470
   0.40136
   0.39921
   0.39629
   0.39318
   0.39053
   0.38775
   0.38464
   0.38205
   0.37934
   0.37633
   0.37348
   0.37084
   0.36808
   0.36517
   0.36187
   0.35954
   0.35647
   0.35420
   0.35064
   0.34892
   0.34543
   0.34325
   0.33959
   0.33772
   0.33497
   0.33219
   0.32943
   0.32704
   0.32409
   0.32160
   0.31878
   0.31626
   0.31357
   0.31143
   0.30768
   0.30644
   0.30290
   0.30124
   0.29777
   0.29607
   0.29314
   0.29035
   0.28788
   0.28573
   0.28341
   0.28047
   0.27817
   0.27595
   0.27333
   0.27091
   0.26857
   0.26608
   0.26376
   0.26146
   0.25908
   0.25676
   0.25438
   0.25197
   0.25001
   0.24742
   0.24536
   0.24265
   0.24103
   0.23847
   0.23654
   0.23388
   0.23217
   0.22948
   0.22784
   0.22551
   0.22339
   0.22084
   0.21904
   0.21678
   0.21484
   0.21268
   0.21062
   0.20853
   0.20650
   0.20484
   0.20238
   0.20080
   0.19826
   0.19687
   0.19453
   0.19273
   0.19064
   0.18886
   0.18674
   0.18490
   0.18319
   0.18106
   0.17892
   0.17729
   0.17542
   0.17347
   0.17179
   0.16988
   0.16842
   0.16605
   0.16447
   0.16274
   0.16094
   0.15906
   0.15754
   0.15552
   0.15412
   0.15198
   0.15054
   0.14854
   0.14713
   0.14507
   0.14377
   0.14172
   0.14031
   0.13847
   0.13717
   0.13498
   0.13378
   0.13197
   0.13063
   0.12850
   0.12757
   0.12535
   0.12439
   0.12224
   0.12128
   0.11918
   0.11825
   0.11639
   0.11513
   0.11362
   0.11186
   0.11060
   0.10922
   0.10777
   0.10597
   0.10480
   0.10343
   0.10196
   0.10050
   0.09912
   0.09741
   0.09636
   0.09492
   0.09338
   0.09246
   0.09098
   0.08935
   0.08859
   0.08716
   0.08557
   0.08461
   0.08337
   0.08180
   0.08092
   0.07964
   0.07830
   0.07729
   0.07626
   0.07508
   0.07388
   0.07268
   0.07155
   0.07049
   0.06922
   0.06805
   0.06699
   0.06604
   0.06497
   0.06381
   0.06283
   0.06186
   0.06081
   0.05983
   0.05887
   0.05781
   0.05693
   0.05596
   0.05498
   0.05412
   0.05321
   0.05231
   0.05144
   0.05056
   0.04974
   0.04890
   0.04808
   0.04727
   0.04649
   0.04571
   0.04499
   0.04425
   0.04354
   0.04283
   0.04216
   0.04149
   0.04085
   0.04022
   0.03963
   0.03903
   0.03843
   0.03786
   0.03731
   0.03680
   0.03630
   0.03581
   0.03533
   0.03487
   0.03442
   0.03402
   0.03362
   0.03323
   0.03284
   0.03245
   0.03206
   0.03167
   0.03127
   0.03089
   0.03049
   0.03011
   0.02971
   0.02933
   0.02893
   0.02855
   0.02815
   0.02778
   0.02739
   0.02701
   0.02663
   0.02627
   0.02589
   0.02553
   0.02516
   0.02481
   0.02445
   0.02411
   0.02376
   0.02342
   0.02309
   0.02276
   0.02244
   0.02213
   0.02182
   0.02152
   0.02122
   0.02094
   0.02067
   0.02040
   0.02015
   0.01989
   0.01968
   0.01946
   0.01925
   0.01906
   0.01887
   0.01873
   0.01857
   0.01848
   0.01836
   0.01828
   0.01826
   0.01822
   0.01826
   0.01826
   0.01840
   0.01851
   0.01871
   0.01892
   0.01932
   0.01954
   0.02014
   0.02046
   0.02130
   0.02174
   0.02285
   0.02349
   0.02486
   0.02583
   0.02749
   0.02937
   0.03188
   0.03387
   0.03673
   0.03959
   0.04272
   0.04759
   0.05319
   0.05925
   0.06844
   0.07896
   0.09141
   0.10192
   0.08279
   0.09132
   0.05673
   0.01440
   0.01031
   0.01188
   0.01175
   0.01118
   0.01088
   0.01074
   0.01065
   0.01055
   0.01045
   0.01034
   0.01024
   0.01014
   0.01004
   0.00994
   0.00985
   0.00976
   0.00966
   0.00958
   0.00949
   0.00940
   0.00931
   0.00922
   0.00914
   0.00906
   0.00897
   0.00889
   0.00881
   0.00874
   0.00866
   0.00858
   0.00851
   0.00843
   0.00836
   0.00828
   0.00821
   0.00814
   0.00807
