   0.63071
   0.63029
   0.63881
   0.63826
   0.63788
   0.63553
   0.63425
   0.63591
   0.63434
   0.63106
   0.63107
   0.63184
   0.63190
   0.63133
   0.63017
   0.62941
   0.62809
   0.62691
   0.63054
   0.62760
   0.62650
   0.62606
   0.62618
   0.62480
   0.62540
   0.62700
   0.62918
   0.62487
   0.62454
   0.62292
   0.62511
   0.62232
   0.62654
   0.61674
   0.61537
   0.61555
   0.60951
   0.60724
   0.60284
   0.59535
   0.58826
   0.58172
   0.57711
   0.57392
   0.57062
   0.56706
   0.56352
   0.55969
   0.55651
   0.55268
   0.55122
   0.54553
   0.54447
   0.54109
   0.53760
   0.53254
   0.52541
   0.51574
   0.50840
   0.50135
   0.49524
   0.48960
   0.48408
   0.47805
   0.47109
   0.46296
   0.45394
   0.44406
   0.43359
   0.42326
   0.41265
   0.40225
   0.39236
   0.38290
   0.37392
   0.36530
   0.35714
   0.34930
   0.34183
   0.33462
   0.32769
   0.32097
   0.31445
   0.30812
   0.30198
   0.29600
   0.29017
   0.28447
   0.27890
   0.27343
   0.26807
   0.26281
   0.25764
   0.25255
   0.24755
   0.24261
   0.23774
   0.23294
   0.22820
   0.22351
   0.21888
   0.21430
   0.20975
   0.20525
   0.20080
   0.19641
   0.19206
   0.18776
   0.18351
   0.17931
   0.17516
   0.17107
   0.16705
   0.16310
   0.15922
   0.15543
   0.15173
   0.14814
   0.14465
   0.14127
   0.13802
   0.13490
   0.13191
   0.12905
   0.12629
   0.12368
   0.12115
   0.11883
   0.11660
   0.11443
   0.11240
   0.11045
   0.10859
   0.10679
   0.10512
   0.10343
   0.10179
   0.10026
   0.09861
   0.09698
   0.09531
   0.09364
   0.09190
   0.09020
   0.08849
   0.08670
   0.08496
   0.08311
   0.08122
   0.07932
   0.07774
   0.07563
   0.07358
   0.07148
   0.06937
   0.06721
   0.06558
   0.06342
   0.06132
   0.05915
   0.05699
   0.05482
   0.05272
   0.05066
   0.04903
   0.04694
   0.04483
   0.04282
   0.04084
   0.03892
   0.03706
   0.03519
   0.03341
   0.03172
   0.03008
   0.02851
   0.02700
   0.02556
   0.02418
   0.02286
   0.02160
   0.02040
   0.01926
   0.01818
   0.01715
   0.01618
   0.01526
   0.01440
   0.01359
   0.01283
   0.01213
   0.01147
   0.01087
   0.01033
   0.00983
   0.00938
   0.00899
   0.00863
   0.00832
   0.00805
   0.00782
   0.00762
   0.00744
   0.00729
   0.00715
   0.00702
   0.00689
   0.00677
   0.00666
   0.00658
   0.00656
   0.00663
   0.00687
   0.00744
   0.00842
   0.00952
   0.01055
   0.01144
   0.01239
   0.01362
   0.01460
   0.01510
   0.01562
   0.01632
   0.01737
   0.01856
   0.01892
   0.01912
   0.01976
   0.01977
   0.01933
   0.01922
   0.01901
   0.01855
   0.01824
   0.01785
   0.01749
   0.01713
   0.01674
   0.01639
   0.01599
   0.01566
   0.01526
   0.01494
   0.01457
   0.01425
   0.01390
   0.01357
   0.01324
   0.01292
   0.01261
   0.01229
   0.01198
   0.01166
   0.01133
   0.01098
   0.01063
   0.01027
   0.00991
   0.00955
   0.00918
   0.00881
   0.00843
   0.00805
   0.00767
   0.00730
   0.00695
   0.00661
   0.00629
   0.00599
   0.00571
   0.00544
   0.00518
   0.00494
   0.00470
   0.00448
   0.00425
   0.00404
   0.00383
   0.00362
   0.00344
   0.00329
   0.00318
   0.00312
   0.00307
   0.00297
   0.00292
   0.00296
   0.00297
   0.00296
   0.00292
   0.00287
   0.00282
   0.00279
   0.00280
   0.00171
   0.00156
   0.00277
   0.00119
   0.00327
   0.00027
   0.00027
   0.00019
   0.00019
   0.00046
   0.00015
   0.00039
   0.00043
   0.00041
   0.00040
   0.00037
   0.00034
   0.00029
   0.00024
   0.00020
   0.00018
   0.00017
   0.00018
   0.00014
   0.00016
   0.00013
   0.00012
   0.00012
   0.00013
   0.00011
   0.00012
   0.00011
   0.00010
   0.00010
   0.00010
   0.00011
   0.00011
   0.00011
   0.00021
   0.00028
   0.00030
   0.00032
   0.00032
   0.00032
   0.00030
   0.00029
   0.00026
   0.00024
   0.00021
   0.00018
   0.00016
   0.00013
   0.00012
   0.00010
   0.00010
   0.00010
   0.00009
   0.00009
   0.00009
   0.00009
   0.00010
   0.00016
   0.00403
   0.00030
   0.00026
   0.00023
   0.00021
   0.00021
   0.00021
   0.00023
   0.00025
   0.00027
   0.00029
   0.00028
   0.00026
   0.00024
   0.00022
   0.00020
   0.00017
   0.00015
   0.00013
   0.00011
   0.00010
   0.00009
   0.00008
   0.00008
   0.00008
   0.00008
   0.00008
   0.00008
   0.00008
   0.00008
   0.00008
   0.00007
   0.00007
   0.00006
   0.00052
   0.00006
   0.14224
   0.00145
   0.00173
   0.00156
   0.00134
   0.00113
   0.00095
   0.00083
   0.00074
   0.00067
   0.00061
   0.00057
   0.00052
   0.00048
   0.00044
   0.00041
   0.00038
   0.00035
   0.00033
   0.00031
   0.00028
   0.00026
   0.00024
   0.00022
   0.00020
   0.00018
   0.00016
   0.00014
   0.00012
   0.00011
   0.00010
   0.00010
   0.00009
   0.00009
   0.00008
   0.00008
   0.00008
   0.00008
   0.00007
   0.00007
   0.00007
   0.00007
   0.00006
   0.00006
   0.00006
   0.00006
   0.00005
   0.00005
   0.00049
   0.00012
   0.00014
   0.00012
   0.00013
   0.00014
   0.00016
   0.00017
   0.00016
   0.00016
   0.00015
   0.00013
   0.00012
   0.00011
   0.00010
   0.00009
   0.00008
   0.00007
   0.00006
   0.00006
   0.00005
   0.00005
   0.00004
   0.00004
   0.00004
   0.00004
   0.00004
   0.00004
   0.00004
   0.00004
   0.00003
   0.00003
   0.00003
   0.00003
   0.00003
   0.00003
   0.00003
   0.00003
   0.00003
   0.00003
   0.00003
   0.00002
   0.00002
   0.00002
   0.00002
   0.00002
   0.90201
   0.00008
   0.00006
   0.00006
   0.00006
   0.00006
   0.00006
   0.00006
   0.00007
   0.00007
   0.00007
   0.00007
   0.00007
   0.00008
   0.00008
   0.00007
   0.00007
   0.00007
   0.00006
   0.00006
   0.00005
   0.00005
   0.00004
   0.00004
   0.00004
   0.00004
   0.00004
   0.00005
   0.00005
   0.00005
   0.00005
   0.00005
   0.00005
   0.00005
   0.00004
   0.00004
   0.00004
   0.00003
   0.00003
   0.00003
   0.00002
   0.00002
   0.00002
   0.00002
   0.00002
   0.00002
   0.00002
   0.00002
   0.00002
   0.00002
   0.00002
   0.00002
   0.00002
   0.00002
   0.00002
   0.00002
   0.00001
   0.00001
   0.00001
   0.00001
   0.00001
   0.00001
   0.00001
   0.00001
   0.00001
   0.00001
   0.00006
   0.00001
   0.00005
   0.00005
   0.00005
   0.00451
   0.00002
   0.00002
   0.00002
   0.00002
   0.00002
   0.00002
   0.00002
   0.00002
   0.00002
   0.00002
   0.00002
   0.00002
   0.00002
   0.00002
   0.00002
   0.00002
   0.00002
   0.00002
   0.00002
   0.00002
   0.00002
   0.00002
   0.00003
   0.00003
   0.00003
   0.00003
   0.00003
   0.00003
   0.00003
   0.00003
   0.00003
   0.00003
   0.00002
   0.00002
   0.00002
   0.00002
   0.00001
   0.00001
   0.00001
   0.00002
   0.00002
   0.00002
   0.00002
   0.00002
   0.00002
   0.00002
   0.00002
   0.00002
   0.00002
   0.00002
   0.00001
   0.00001
   0.00001
   0.00001
   0.00001
   0.00001
   0.00001
   0.00001
   0.00001
   0.00001
   0.00001
   0.00001
   0.00001
   0.00001
   0.00001
   0.00001
   0.00001
   0.00001
   0.00001
   0.00001
   0.00001
   0.00001
   0.00001
   0.00000
   0.00000
   0.00000
   0.00000
   0.00000
   0.00000
   0.00000
   0.00000
   0.00000
   0.00000
   0.00006
   0.00004
   0.00004
   0.00004
   0.00004
   0.00004
   0.00004
   0.00004
   0.00004
   0.00004
   0.00004
   0.00003
   0.00003
   0.00003
   0.00003
   0.00003
   0.00003
   0.00003
   0.00003
   0.00003
   0.00003
   0.00003
   0.00003
   0.00003
   0.00003
   0.00003
   0.00003
   0.00003
   0.00003
   0.00003
   0.00003
   0.00003
   0.00003
   0.00003
   0.00003
   0.00003
   0.00003
   0.00003
   0.00003
   0.00003
   0.00003
   0.00003
   0.00003
   0.00003
   0.00003
   0.00002
   0.00002
   0.00002
   0.00002
   0.00002
   0.00002
   0.00001
   0.00001
   0.00001
   0.00001
   0.00001
   0.00001
   0.00001
   0.00001
   0.00001
   0.00001
   0.00001
   0.00001
   0.00001
   0.00001
   0.00001
   0.00001
   0.00001
   0.00001
   0.00001
   0.00001
   0.00001
   0.00001
   0.00001
   0.00001
   0.00000
   0.00000
   0.00000
   0.00000
   0.00000
   0.00000
   0.00000
   0.00000
   0.00000
   0.00000
   0.00000
   0.00000
   0.00000
   0.00000
   0.00000
   0.00000
   0.00000
   0.00000
   0.00000
   0.00000
   0.00000
   0.00000
   0.00000
   0.00000
   0.00000
   0.00000
   0.00000
   0.00000
   0.00000
   0.00000
   0.00000
   0.00000
   0.00000
   0.00842
   0.00094
   0.00077
   0.00065
   0.00055
   0.00024
   0.00015
   0.00012
   0.00012
   0.00012
   0.00012
   0.00012
   0.00012
   0.00012
   0.00012
   0.00012
   0.00012
   0.00011
   0.00011
   0.00011
   0.00011
   0.00011
   0.00010
   0.00010
   0.00010
   0.00009
   0.00009
   0.00008
   0.00008
   0.00007
   0.00007
   0.00006
   0.00006
   0.00005
   0.00005
   0.00005
   0.00004
   0.00004
   0.00004
   0.00004
   0.00003
   0.00003
   0.00003
   0.00003
   0.00002
   0.00002
   0.00002
   0.00002
   0.00002
   0.00002
   0.00001
   0.00002
   0.00002
   0.00001
   0.00001
   0.00001
   0.00001
   0.00001
   0.00001
   0.00001
   0.00001
   0.00001
   0.00001
   0.00001
   0.00001
   0.00001
   0.00001
   0.00001
   0.00002
   0.00002
   0.00002
   0.00002
   0.00002
   0.00002
   0.00002
   0.00002
   0.00002
   0.00002
   0.00002
   0.00002
   0.00002
   0.00002
   0.00002
   0.00002
   0.00002
   0.00002
   0.00002
   0.00001
   0.00001
   0.00001
   0.00001
   0.00001
   0.00001
   0.00001
   0.00001
   0.00001
   0.00001
   0.00001
   0.00001
   0.00001
   0.00001
   0.00001
   0.00001
   0.00001
   0.00001
   0.00001
   0.00001
   0.00001
   0.00001
   0.00001
   0.00001
   0.00001
   0.00000
   0.00000
   0.00000
   0.00000
   0.00000
   0.00000
   0.00000
   0.00000
   0.00000
   0.00000
   0.00000
   0.00000
   0.00000
   0.00000
   0.00000
   0.00000
   0.00000
   0.00000
   0.00000
   0.00000
   0.00000
   0.00020
   0.00000
   0.00000
   0.00000
   0.00000
   0.00000
   0.00000
   0.00000
   0.00000
   0.00000
   0.00000
   0.00000
   0.00000
   0.00000
   0.00000
   0.00000
   0.00000
   0.00000
   0.00000
   0.00000
   0.00000
   0.00000
   0.00000
   0.00000
   0.00000
   0.00000
   0.00000
   0.00000
   0.00000
   0.00000
   0.00000
   0.00000
   0.00000
   0.00000
   0.00000
   0.00000
   0.00000
   0.00000
   0.00000
   0.00000
   0.00000
   0.00000
   0.00000
   0.00000
   0.00000
   0.00000
   0.00000
   0.00000
   0.00000
   0.00000
   0.00001
   0.00001
   0.00001
   0.00001
   0.00001
   0.00001
   0.00001
   0.00001
   0.00001
   0.00000
   0.00000
   0.00000
   0.00000
   0.00000
   0.00000
   0.00000
   0.00000
   0.00000
   0.00000
   0.00000
   0.00000
   0.00000
   0.00000
   0.00000
   0.00000
   0.00000
   0.00000
   0.00000
   0.00000
   0.00000
   0.00000
   0.00000
   0.00000
   0.00000
   0.00000
   0.00000
   0.00000
   0.00000
   0.00000
   0.00000
   0.00000
   0.00000
   0.00000
   0.00000
   0.00000
   0.00000
   0.00000
   0.00000
   0.00289
   0.00008
   0.00003
   0.00003
   0.00003
   0.00003
   0.00003
   0.00003
   0.00002
   0.00002
   0.00002
   0.00002
   0.00002
   0.00002
   0.00002
   0.00002
   0.00002
   0.00002
   0.00002
