   0.65317
   0.64661
   0.64362
   0.64064
   0.63789
   0.63562
   0.63339
   0.63130
   0.63005
   0.62799
   0.62471
   0.62371
   0.62141
   0.61918
   0.61659
   0.61104
   0.61470
   0.60783
   0.60281
   0.59879
   0.59518
   0.59151
   0.58725
   0.58184
   0.57488
   0.56634
   0.55638
   0.54621
   0.53505
   0.52576
   0.51653
   0.50800
   0.49987
   0.49213
   0.48461
   0.47817
   0.47348
   0.47124
   0.46995
   0.46803
   0.46565
   0.47270
   0.47032
   0.46652
   0.46231
   0.45782
   0.45209
   0.44609
   0.44008
   0.43164
   0.42194
   0.41086
   0.39989
   0.38773
   0.37232
   0.35798
   0.34629
   0.33271
   0.31986
   0.30841
   0.29673
   0.28686
   0.27742
   0.26924
   0.26061
   0.25363
   0.24673
   0.24154
   0.23599
   0.23100
   0.22630
   0.22189
   0.21754
   0.21357
   0.20938
   0.20525
   0.20104
   0.19698
   0.19281
   0.18834
   0.18430
   0.17930
   0.17482
   0.17059
   0.16789
   0.16122
   0.15706
   0.15299
   0.14889
   0.14503
   0.14191
   0.13901
   0.13384
   0.13147
   0.12697
   0.12375
   0.12078
   0.11811
   0.11581
   0.11521
   0.11277
   0.11206
   0.11255
   0.11279
   0.11676
   0.12023
   0.12648
   0.13310
   0.14776
   0.15688
   0.13402
   0.11201
   0.10138
   0.09413
   0.08730
   0.08040
   0.07418
   0.06776
   0.06114
   0.05578
   0.05129
   0.04674
   0.04433
   0.04389
   0.04389
   0.05849
   0.08535
   0.09868
   0.10833
   0.04457
   0.05017
   0.06694
   0.06711
   0.05793
   0.06008
   0.04006
   0.04851
   0.06219
   0.06757
   0.07903
   0.15619
   0.04925
   0.07628
   0.14452
   0.04909
   0.05421
   0.04292
   0.04589
   0.04276
   0.01803
   0.01640
   0.03843
   0.03677
   0.08000
   0.02884
   0.02430
   0.07139
   0.06028
   0.02673
   0.05292
   0.04768
   0.03861
   0.00718
   0.00680
   0.01553
   0.00734
   0.00874
   0.05114
   2.12345
   0.04736
   0.02795
   0.02233
   0.02028
   0.02337
   0.02663
   0.02437
   0.05603
   0.05051
   0.03192
   0.01447
   0.01418
   0.01447
   0.19712
   0.12739
   0.01062
   0.01213
   0.01385
   0.00805
   0.00924
   0.06223
   0.01394
   0.00693
   0.00703
   0.00753
   0.01116
   0.02238
   0.01758
   0.01975
   0.01390
   0.00734
   0.00850
   0.17822
   0.02718
   0.01730
   0.01402
   0.01113
   0.01209
   0.01987
   0.01202
   0.01028
   0.01144
   0.01301
   0.01233
   0.01141
   0.00891
   0.01656
   0.00749
   0.00787
   0.00661
   0.00623
   0.00595
   0.00574
   0.01108
   0.00559
   0.00781
   0.00488
   0.00694
   0.00506
   0.00518
   0.00387
   0.11206
   0.01305
   0.01004
   0.00850
   0.00735
   0.00645
   0.00498
   0.00393
   0.00350
   0.00327
   0.00311
   0.00296
   0.00276
   0.00227
   0.00206
   0.00217
   0.00393
   0.41363
   0.12755
   0.07391
   0.06147
   0.05477
   0.04782
   0.04216
   0.03807
   0.03547
   0.03406
   0.03385
   0.03439
   0.03493
   0.03418
   0.02845
   0.02621
   0.02655
   0.02226
   0.02202
   0.02064
   0.01823
   0.01767
   0.01469
   0.01513
   0.01190
   0.01305
   0.00996
   0.01091
   0.00940
   0.00881
   0.00810
   0.00746
   0.00684
   0.00627
   0.00574
   0.00527
   0.00480
   0.00443
   0.00418
   0.00394
   0.00372
   0.00351
   0.00331
   0.00312
   0.00312
   0.00278
   0.00259
   0.00251
   0.04683
   0.05251
   0.03540
   0.03200
   0.03140
   0.03101
   0.03086
   0.03137
   0.03307
   0.02181
   0.06168
   0.01342
   0.02097
   0.03301
   0.03033
   0.02969
   0.02473
   0.02865
   0.02856
   0.03014
   0.02702
   0.02478
   0.02257
   0.02023
   0.01806
   0.01588
   0.01401
   0.01250
   0.01100
   0.00966
   0.00838
   0.00715
   0.00662
   0.00786
   0.00659
   0.00680
   0.00611
   0.00435
   0.00473
   0.01967
   0.00723
   0.00424
   0.00360
   0.00318
   0.00278
   0.00250
   0.00231
   0.00223
   0.00215
   0.00241
   0.00206
   0.00245
   0.91631
   0.00194
   0.00189
   0.06550
   0.00193
   0.00185
   0.00177
   0.00167
   0.00156
   0.02475
   0.00172
   0.00163
   0.00161
   0.00158
   0.00155
   0.00150
   0.00144
   0.00137
   0.00131
   0.00122
   0.05084
   0.00375
   0.00125
   0.00126
   0.00124
   0.00124
   0.00123
   0.00123
   0.00121
   0.00119
   0.00116
   0.00111
   0.00107
   0.00103
   0.00095
   0.00093
   0.00094
   0.00093
   0.00091
   0.00079
   0.00115
   0.00075
   0.00073
   0.00073
   0.09637
   0.00146
   0.00145
   0.00142
   0.00139
   0.00137
   0.00136
   0.00134
   0.00132
   0.00131
   0.00128
   0.00124
   0.00118
   0.00112
   0.00104
   0.00095
   0.00507
   0.00114
   0.00117
   0.00115
   0.00113
   0.00111
   0.00110
   0.00107
   0.00105
   0.00102
   0.00099
   0.00095
   0.00090
   0.00087
   0.06918
   0.00099
   0.00103
   0.00102
   0.00100
   0.00099
   0.00097
   0.00096
   0.00094
   0.00093
   0.00091
   0.00088
   0.00086
   0.00082
   0.00079
   0.00076
   0.00074
   0.00070
   0.00174
   0.00141
   0.00086
   0.00087
   0.00087
   0.00087
   0.00087
   0.00087
   0.00086
   0.00086
   0.00086
   0.00086
   0.00085
   0.00084
   0.00082
   0.00080
   0.00077
   0.00074
   0.00071
   0.00068
   0.00064
   0.00063
   0.00060
   0.03614
   0.00364
   0.00168
   0.00134
   0.00115
   0.00105
   0.00098
   0.00090
   0.00084
   0.00060
   0.00055
   0.00052
   0.00049
   0.00047
   0.00044
   0.00042
   0.00040
   0.00038
   0.00036
   0.00035
   0.00034
   0.00033
   0.00032
   0.00032
   0.00030
   0.00028
   0.00026
   0.00025
   0.00023
   0.00021
   0.00020
   0.00018
   0.00017
   0.00015
   0.00014
   0.30893
   0.08910
   0.06826
   0.06427
   0.06236
   0.05345
   0.05138
   0.04705
   0.04323
   0.03971
   0.03676
   0.03434
   0.03263
   0.03144
   0.03086
   0.03030
   0.02933
   0.02842
   0.02763
   0.02680
   0.02602
   0.02514
   0.02420
   0.02322
   0.02227
   0.02142
   0.02079
   0.02039
   0.02013
   0.01991
   0.01940
   0.01872
   0.01788
   0.01716
   0.01617
   0.01526
   0.01436
   0.01353
   0.01280
   0.01214
   0.01158
   0.01113
   0.01081
   0.01068
   0.01071
   0.01057
   0.01017
   0.01078
   0.00986
   0.00826
   0.01166
   0.00991
   0.00960
   0.00926
   0.00896
   0.00873
   0.00847
   0.00829
   0.00950
   0.01151
   0.00863
   0.00736
   0.00702
   0.00684
   0.00667
   0.00651
   0.00638
   0.00630
   0.00633
   0.00644
   0.00649
   0.00641
   0.00601
   0.00540
   0.00502
   0.00509
   0.00513
   0.00491
   0.00465
   0.00441
   0.00422
   0.00407
   0.00395
   0.00384
   0.00373
   0.00364
   0.00356
   0.00350
   0.00345
   0.00341
   0.00341
   0.00345
   0.00358
   0.00380
   0.00410
   0.00439
   0.00466
   0.00480
   0.00481
   0.00463
   0.00430
   0.00386
   0.00343
   0.00306
   0.00279
   0.00257
   0.00239
   0.00223
   0.00197
   0.00189
   0.00139
   0.00160
   0.00136
   0.00124
   0.00113
   0.00111
   0.00202
   0.00215
   0.00105
   0.00140
   0.00194
   0.00353
   0.00153
   0.00085
   0.00086
   0.00083
   0.00246
   0.00331
   0.00078
   0.00079
   0.00080
   0.00082
   0.00083
   0.00084
   0.00084
   0.00084
   0.00083
   0.00082
   0.00081
   0.00079
   0.00076
   0.00075
   0.00074
   0.00073
   0.00074
   0.00074
   0.00074
   0.00073
   0.00071
   0.00068
   0.00065
   0.00062
   0.00059
   0.00057
   0.00053
   0.00053
   0.00051
   0.00049
   0.00048
   0.00072
   0.00066
   0.00090
   0.00048
   0.00047
   0.00042
   0.00046
   0.00084
   0.00093
   0.00038
   0.00086
   0.00049
   0.00072
   0.01724
   0.01377
   0.01103
   0.00844
   0.00678
   0.00557
   0.00471
   0.00415
   0.00356
   0.00306
   0.00279
   0.00252
   0.00228
   0.00206
   0.00186
   0.00169
   0.00153
   0.00138
   0.00124
   0.00109
   0.00101
   0.00093
   0.00086
   0.00079
   0.00075
   0.00071
   0.00067
   0.00064
   0.00060
   0.00057
   0.00054
   0.00051
   0.00048
   0.00044
   0.00042
   0.00039
   0.00037
   0.00036
   0.00036
   0.00035
   0.00034
   0.00034
   0.00033
   0.00033
   0.00032
   0.00031
   0.00035
   0.00050
   0.01691
   0.01004
   0.00816
   0.00700
   0.00620
   0.00567
   0.00524
   0.00490
   0.00459
   0.00429
   0.00421
   0.00408
   0.00384
   0.00368
   0.00345
   0.00322
   0.00299
   0.00283
   0.00273
   0.00261
   0.00249
   0.00240
   0.00231
   0.00224
   0.00213
   0.00198
   0.00206
   0.00197
   0.00191
   0.00185
   0.00180
   0.00176
   0.00175
   0.00184
   0.00181
   0.00181
   0.00177
   0.00169
   0.00161
   0.00157
   0.00157
   0.00158
   0.00156
   0.00150
   0.00144
   0.00145
   0.00138
   0.00138
   0.00135
   0.00138
   0.00145
   0.00168
   0.00202
   0.00188
   0.00159
   0.00150
   0.00144
   0.00139
   0.00136
   0.00134
   0.00133
   0.00132
   0.00132
   0.00132
   0.00134
   0.00133
   0.00130
   0.00128
   0.00130
   0.00131
   0.00128
   0.00123
   0.00118
   0.00114
   0.00109
   0.00105
   0.00103
   0.00099
   0.00099
   0.00101
   0.00099
   0.00105
   0.00094
   0.00152
   0.00099
   0.00114
   0.00089
   0.61143
   0.00152
   0.00140
   0.00131
   0.00124
   0.00119
   0.00115
   0.00111
   0.00107
   0.00104
   0.00101
   0.00099
   0.00097
   0.00096
   0.00094
   0.00093
   0.00091
   0.00090
   0.00088
   0.00086
   0.00085
   0.00084
   0.00082
   0.00080
   0.00080
   0.00081
   0.00080
   0.00078
   0.00075
   0.00072
   0.00070
   0.00068
   0.00066
   0.00064
   0.00063
   0.00062
   0.00062
   0.00064
   0.00062
   0.02174
   0.00063
   0.00063
   0.00062
   0.00062
   0.00062
   0.00061
   0.00061
   0.00061
   0.00060
   0.00060
   0.00060
   0.00060
   0.00060
   0.00059
   0.00059
   0.00059
   0.00059
   0.00059
   0.00059
   0.00059
   0.00058
   0.00058
   0.00058
   0.00058
   0.00057
   0.00057
   0.00058
   0.00058
   0.00058
   0.00057
   0.00056
   0.00057
   0.00058
   0.00057
   0.00055
   0.00053
   0.00051
   0.00049
   0.00048
   0.00046
   0.00045
   0.00044
   0.00044
   0.00044
   0.00043
   0.00041
   0.00043
   0.00041
   0.00041
   0.00041
   0.00041
   0.00041
   0.00039
   0.00038
   0.00037
   0.00036
   0.00035
   0.00034
   0.00033
   0.00034
   0.00034
   0.00035
   0.00037
   0.00041
   0.00052
   0.00082
   0.07677
   0.04603
   0.02984
   0.02168
   0.01449
   0.01105
   0.00946
   0.00804
   0.00703
   0.00607
   0.00543
   0.00488
   0.00450
   0.00419
   0.00388
   0.00346
   0.00308
   0.00292
   0.00282
   0.00263
   0.00251
   0.00252
   0.00253
   0.00247
   0.00239
   0.00231
   0.00223
   0.00217
   0.00212
   0.00209
   0.00206
   0.00202
   0.00199
   0.00197
   0.00196
   0.00194
   0.00190
   0.00185
   0.00185
   0.00179
   0.00181
   0.00179
   0.00176
   0.00165
   0.00165
   0.00157
   0.00153
   0.00148
   0.00143
   0.00137
   0.08899
   0.01647
   0.01187
   0.01002
   0.00941
   0.00897
   0.00873
   0.00862
   0.00844
   0.00824
   0.00808
   0.00791
   0.00776
   0.00767
   0.00771
   0.00795
   0.00832
   0.00823
   0.00776
   0.00737
   0.00721
   0.00728
   0.00753
   0.00761
   0.00720
   0.00664
   0.00624
   0.00601
   0.00586
   0.00574
   0.00563
   0.00553
   0.00542
   0.00532
   0.00528
   0.00530
   0.00538
   0.00544
   0.00543
   0.00532
