   0.78922
   0.81285
   0.80588
   0.79832
   0.79592
   0.79044
   0.78609
   0.78165
   0.77590
   0.77312
   0.77012
   0.76652
   0.76358
   0.76096
   0.75847
   0.75590
   0.75405
   0.75268
   0.75163
   0.74691
   0.74563
   0.74720
   0.74440
   0.74419
   0.74486
   0.75074
   0.76533
   0.75789
   0.75625
   0.75034
   0.75632
   0.75812
   0.75393
   0.75225
   0.75268
   0.73226
   0.74110
   0.73947
   0.73503
   0.73151
   0.72548
   0.72027
   0.71291
   0.70474
   0.69732
   0.68921
   0.67959
   0.67009
   0.66116
   0.65214
   0.64380
   0.63440
   0.62661
   0.62095
   0.61066
   0.60808
   0.60088
   0.59216
   0.57987
   0.56930
   0.56082
   0.55272
   0.54525
   0.53886
   0.53294
   0.52506
   0.51690
   0.50864
   0.50044
   0.49245
   0.48456
   0.47688
   0.46991
   0.46325
   0.45708
   0.45093
   0.44550
   0.43973
   0.43535
   0.42904
   0.42341
   0.41840
   0.41255
   0.40745
   0.40098
   0.39465
   0.38818
   0.38172
   0.37420
   0.36793
   0.36048
   0.35342
   0.34734
   0.34001
   0.33420
   0.32732
   0.32176
   0.31530
   0.31018
   0.30420
   0.29944
   0.29364
   0.28918
   0.28371
   0.27957
   0.27442
   0.27057
   0.26573
   0.26200
   0.25749
   0.25426
   0.24907
   0.24699
   0.24293
   0.23964
   0.23503
   0.23283
   0.22851
   0.22678
   0.22249
   0.22068
   0.21692
   0.21555
   0.21193
   0.21028
   0.20532
   0.20385
   0.20004
   0.19763
   0.19546
   0.19226
   0.18978
   0.18658
   0.18392
   0.17966
   0.17689
   0.17385
   0.17132
   0.16832
   0.16565
   0.16267
   0.16048
   0.15924
   0.15619
   0.15356
   0.15235
   0.14989
   0.14747
   0.14436
   0.14210
   0.14066
   0.13812
   0.13572
   0.13347
   0.13121
   0.12899
   0.12714
   0.12465
   0.12486
   0.12347
   0.12161
   0.11978
   0.11766
   0.11701
   0.11704
   0.11520
   0.11395
   0.11313
   0.11272
   0.11176
   0.11085
   0.10931
   0.10887
   0.10848
   0.10782
   0.10714
   0.10664
   0.10583
   0.10419
   0.10433
   0.10318
   0.10292
   0.10160
   0.10127
   0.10018
   0.09892
   0.09845
   0.09716
   0.09387
   0.09327
   0.09215
   0.08822
   0.08365
   0.08349
   0.07853
   0.07477
   0.07184
   0.06516
   0.06331
   0.05798
   0.05357
   0.05060
   0.04624
   0.04488
   0.04067
   0.03910
   0.03512
   0.03575
   0.02864
   0.04018
   0.02216
   0.05161
   0.01434
   0.05595
   0.01345
   0.01173
   0.01152
   0.01139
   0.01118
   0.01065
   0.01429
   0.01556
   0.01847
   0.01423
   0.01529
   0.01291
   0.01305
   0.01223
   0.01178
   0.01139
   0.01102
   0.01075
   0.01056
   0.01048
   0.01053
   0.01062
   0.01085
   0.01104
   0.01114
   0.01144
   0.01086
   0.01159
   0.01089
   0.01116
   0.01106
   0.00973
   0.00598
   0.00675
   0.00619
   0.00871
   0.00537
   0.00800
   0.00513
   0.00830
   0.00480
   0.01138
   0.00571
   0.00524
   0.00440
   0.00869
   0.00509
   0.00508
   0.00647
   0.00834
   0.00473
   0.00387
   0.00990
   0.00458
   0.00421
   0.00294
   0.10575
   0.04530
   0.03111
   0.02561
   0.02196
   0.02089
   0.01996
   0.01913
   0.01841
   0.01781
   0.01730
   0.01692
   0.01657
   0.01631
   0.01610
   0.01590
   0.01576
   0.01561
   0.01541
   0.01522
   0.01492
   0.01446
   0.01376
   0.01284
   0.01176
   0.01110
   0.01078
   0.01040
   0.01009
   0.00977
   0.00949
   0.00919
   0.00892
   0.00866
   0.00840
   0.00815
   0.00791
   0.00769
   0.00747
   0.00727
   0.00707
   0.00689
   0.00673
   0.00657
   0.00643
   0.00630
   0.00615
   0.00603
   0.00592
   0.00580
   0.00568
   0.00557
   0.00545
   0.00532
   0.00520
   0.00507
   0.00494
   0.00483
   0.00467
   0.00456
   0.00441
   0.00430
   0.00417
   0.00404
   0.00393
   0.00381
   0.00369
   0.00357
   0.00344
   0.00327
   0.00427
   0.00308
   0.00290
   0.00295
   0.00284
   0.00275
   0.00264
   0.00242
   0.00258
   0.00243
   0.00235
   0.00225
   0.00223
   0.00199
   0.00234
   0.00168
   0.00201
   0.00154
   0.00153
   0.00248
   0.00216
   0.00165
   0.00139
   0.00227
   0.00195
   0.00124
   0.00103
   0.00098
   0.00094
   0.66384
   0.09791
   0.04775
   0.03575
   0.03060
   0.02925
   0.02832
   0.02734
   0.02640
   0.02559
   0.02490
   0.02427
   0.02367
   0.02310
   0.02255
   0.02200
   0.02146
   0.02091
   0.02037
   0.01984
   0.01932
   0.01880
   0.01829
   0.01779
   0.01731
   0.01684
   0.01638
   0.01592
   0.01549
   0.01505
   0.01463
   0.01420
   0.01378
   0.01337
   0.01296
   0.01256
   0.01217
   0.01179
   0.01142
   0.01105
   0.01072
   0.01038
   0.01006
   0.00974
   0.00944
   0.00915
   0.00886
   0.00858
   0.00831
   0.00805
   0.00780
   0.00755
   0.00731
   0.00707
   0.00684
   0.00662
   0.00641
   0.00619
   0.00599
   0.00579
   0.00559
   0.00541
   0.00523
   0.00505
   0.00472
   0.00457
   0.00440
   0.00425
   0.00410
   0.00396
   0.00383
   0.00370
   0.00357
   0.00345
   0.00334
   0.00322
   0.00312
   0.00301
   0.00292
   0.00282
   0.00273
   0.00264
   0.00255
   0.00247
   0.00238
   0.00231
   0.00223
   0.00217
   0.00209
   0.00203
   0.00196
   0.00191
   0.00184
   0.00179
   0.00173
   0.00168
   0.00162
   0.00158
   0.00153
   0.00149
   0.00144
   0.00140
   0.00136
   0.00132
   0.00127
   0.00123
   0.00119
   0.00115
   0.00110
   0.00106
   0.00103
   0.00100
   0.00098
   0.00096
   0.00095
   0.00094
   0.00091
   0.00087
   0.00084
   0.00078
   0.00079
   0.00072
   0.15786
   0.03979
   0.03010
   0.01662
   0.01243
   0.01073
   0.01012
   0.00931
   0.00856
   0.00762
   0.00643
   0.00655
   0.00600
   0.00554
   0.00507
   0.00470
   0.00435
   0.00397
   0.00368
   0.00349
   0.00336
   0.00337
   0.00322
   0.00318
   0.00282
   0.00277
   0.00245
   0.00232
   0.00227
   0.00221
   0.00215
   0.00198
   0.00192
   0.00176
   0.00169
   0.00154
   0.00155
   0.00139
   0.00144
   0.00126
   0.00134
   0.00123
   0.00124
   0.00128
   0.00158
   0.00331
   0.00351
   0.00342
   0.00334
   0.00324
   0.00311
   0.00295
   0.00277
   0.00257
   0.00235
   0.00214
   0.00198
   0.00185
   0.00173
   0.00163
   0.00155
   0.00148
   0.00140
   0.00134
   0.00128
   0.00122
   0.00118
   0.00113
   0.00109
   0.00104
   0.00100
   0.00097
   0.00093
   0.00090
   0.00087
   0.00084
   0.00081
   0.00078
   0.00076
   0.00074
   0.00071
   0.00068
   0.00065
   0.00063
   0.00062
   0.00060
   0.00058
   0.00057
   0.00055
   0.00054
   0.00053
   0.00051
   0.00050
   0.00049
   0.00048
   0.00047
   0.00046
   0.00045
   0.00044
   0.00043
   0.00042
   0.00041
   0.00041
   0.00040
   0.00039
   0.00038
   0.00038
   0.00037
   0.00037
   0.00036
   0.00036
   0.00035
   0.00035
   0.00034
   0.00033
   0.00033
   0.00032
   0.00032
   0.00031
   0.00030
   0.00030
   0.00029
   0.00028
   0.00028
   0.00027
   0.00027
   0.00026
   0.00026
   0.00025
   0.00024
   0.00024
   0.00023
   0.00023
   0.00022
   0.00022
   0.00021
   0.00020
   0.00020
   0.00019
   0.00019
   0.00018
   0.00018
   0.00017
   0.00017
   0.00016
   0.00016
   0.00016
   0.00015
   0.00015
   0.00014
   0.00014
   0.00013
   0.00013
   0.00013
   0.00012
   0.00012
   0.00012
   0.00011
   0.00011
   0.00010
   0.00010
   0.00010
   0.00010
   0.00009
   0.00009
   0.00009
   0.00009
   0.00008
   0.00008
   0.00008
   0.00007
   0.00007
   0.00007
   0.00007
   0.00007
   0.00006
   0.00006
   0.00006
   0.00006
   0.00006
   0.00005
   0.00005
   0.00005
   0.00005
   0.00005
   0.00005
   0.00005
   0.00005
   0.00004
   0.00004
   0.00004
   0.00004
   0.00004
   0.00004
   0.00004
   0.00003
   0.00003
   0.00003
   0.00003
   0.00003
   0.00003
   0.00003
   0.00003
   0.00002
   0.00002
   0.00002
   0.00002
   0.00002
   0.00002
   0.00002
   0.00002
   0.00002
   0.00002
   0.00002
   0.00002
   0.00002
   0.00002
   0.00002
   0.00002
   0.00002
   0.00002
   0.00002
   0.00001
   0.00001
   0.00001
   0.00001
   0.00001
   0.95225
   0.01551
   0.01203
   0.00875
   0.00684
   0.00572
   0.00496
   0.00438
   0.00389
   0.00350
   0.00320
   0.00293
   0.00268
   0.00247
   0.00229
   0.00211
   0.00197
   0.00183
   0.00171
   0.00161
   0.00151
   0.00143
   0.00135
   0.00127
   0.00120
   0.00114
   0.00108
   0.00102
   0.00096
   0.00092
   0.00088
   0.00084
   0.00081
   0.00078
   0.00075
   0.00072
   0.00069
   0.00067
   0.00064
   0.00062
   0.00060
   0.00058
   0.00056
   0.00054
   0.00052
   0.00051
   0.00049
   0.00048
   0.00047
   0.00046
   0.00045
   0.00044
   0.00043
   0.00043
   0.00042
   0.00042
   0.00042
   0.00041
   0.00041
   0.00041
   0.00040
   0.00040
   0.00040
   0.00040
   0.00039
   0.00039
   0.00038
   0.00038
   0.00038
   0.00037
   0.00037
   0.00037
   0.00036
   0.00036
   0.00036
   0.00036
   0.00036
   0.00036
   0.00035
   0.00033
   0.00031
   0.00029
   0.00028
   0.00027
   0.00025
   0.00024
   0.00023
   0.00023
   0.00021
   0.00022
   0.00020
   0.00022
   0.00019
   0.00019
   0.00021
   0.00018
   0.00021
   0.00018
   0.00019
   0.00019
   0.16110
   0.00978
   0.00815
   0.00685
   0.00575
   0.00496
   0.00440
   0.00393
   0.00355
   0.00326
   0.00304
   0.00279
   0.00256
   0.00234
   0.00219
   0.00201
   0.00185
   0.00170
   0.00155
   0.00143
   0.00133
   0.00126
   0.00121
   0.00116
   0.00111
   0.00108
   0.00104
   0.00101
   0.00098
   0.00094
   0.00093
   0.00092
   0.00091
   0.00091
   0.00090
   0.00090
   0.00090
   0.00090
   0.00091
   0.00092
   0.00093
   0.00093
   0.00089
   0.00082
   0.00075
   0.00072
   0.00067
   0.00060
   0.00054
   0.00050
   0.00047
   0.00044
   0.00043
   0.00043
   0.00044
   0.00044
   0.00045
   0.00046
   0.00047
   0.00044
   0.00040
   0.00038
   0.00035
   0.00034
   0.00031
   0.00031
   0.00027
   0.00028
   0.00025
   0.00026
   0.00024
   0.00024
   0.00023
   0.00023
   0.00023
   0.00023
   0.00022
   0.00022
   0.00022
   0.00024
   0.00022
   0.00027
   0.00026
   0.00020
   0.00021
   0.00021
   0.00021
   0.00019
   0.00019
   0.00020
   0.00020
   0.00019
   0.00019
   0.00018
   0.00017
   0.00018
   0.00018
   0.00017
   0.00018
   0.00016
   0.00015
   0.00016
   0.00011
   0.00010
   0.00010
   0.00010
   0.00009
   0.00009
   0.00009
   0.00009
   0.00009
   0.00009
   0.00008
   0.00008
   0.00008
   0.00008
   0.00008
   0.00008
   0.00008
   0.00008
   0.00008
   0.00008
   0.00008
   0.00008
   0.00008
   0.00008
   0.00007
   0.00007
   0.00007
   0.00007
   0.00007
   0.00007
   0.00007
   0.00007
   0.00007
   0.00007
   0.00007
   0.00007
   0.00007
   0.00007
   0.00007
   0.00006
   0.00006
   0.00006
   0.00006
   0.00006
   0.00006
   0.00006
   0.00006
   0.00006
   0.00006
   0.00006
   0.00006
   0.00005
   0.00005
   0.00005
   0.00005
   0.00005
   0.00005
   0.00005
   0.00005
   0.00005
   0.00005
   0.00005
   0.00005
   0.00004
   0.00004
   0.00004
   0.00004
   0.00004
   0.00004
   0.00004
   0.00004
   0.00004
   0.00004
   0.00004
   0.00004
   0.00004
   0.00003
   0.00003
   0.00003
   0.00002
