   0.63730
   0.63791
   0.63676
   0.63541
   0.63463
   0.63370
   0.63315
   0.63254
   0.63228
   0.63174
   0.63128
   0.63103
   0.63068
   0.63033
   0.63002
   0.62963
   0.62939
   0.62895
   0.62853
   0.62832
   0.63245
   0.63062
   0.63044
   0.62812
   0.62718
   0.62651
   0.62595
   0.62544
   0.62490
   0.62459
   0.62414
   0.62383
   0.62339
   0.62295
   0.62253
   0.62219
   0.62193
   0.62153
   0.62191
   0.62244
   0.62138
   0.62262
   0.62057
   0.61951
   0.61906
   0.61742
   0.61664
   0.61197
   0.60914
   0.60711
   0.60469
   0.60145
   0.59822
   0.59482
   0.59134
   0.58780
   0.58430
   0.57857
   0.57571
   0.57273
   0.57025
   0.56812
   0.56642
   0.56491
   0.56343
   0.56156
   0.55873
   0.55475
   0.54983
   0.54460
   0.53960
   0.53516
   0.53133
   0.52802
   0.52503
   0.52207
   0.51876
   0.51521
   0.51129
   0.50680
   0.50154
   0.49577
   0.48992
   0.48383
   0.47750
   0.47119
   0.46489
   0.45862
   0.45255
   0.44648
   0.44069
   0.43503
   0.42948
   0.42408
   0.41878
   0.41362
   0.40850
   0.40349
   0.39852
   0.39363
   0.38879
   0.38400
   0.37926
   0.37456
   0.36988
   0.36524
   0.36064
   0.35606
   0.35151
   0.34697
   0.34245
   0.33786
   0.33337
   0.32890
   0.32444
   0.32001
   0.31555
   0.31104
   0.30666
   0.30210
   0.29765
   0.29316
   0.28874
   0.28414
   0.27969
   0.27515
   0.27055
   0.26594
   0.26132
   0.25656
   0.25187
   0.24715
   0.24263
   0.23783
   0.23295
   0.22813
   0.22329
   0.21843
   0.21357
   0.20872
   0.20388
   0.19907
   0.19432
   0.18956
   0.18489
   0.18025
   0.17564
   0.17095
   0.16679
   0.16228
   0.15826
   0.15394
   0.15006
   0.14595
   0.14224
   0.13836
   0.13474
   0.13122
   0.12780
   0.12448
   0.12125
   0.11812
   0.11510
   0.11217
   0.10934
   0.10661
   0.10397
   0.10142
   0.09895
   0.09663
   0.09431
   0.09205
   0.08985
   0.08770
   0.08561
   0.08357
   0.08156
   0.07959
   0.07765
   0.07572
   0.07380
   0.07190
   0.06999
   0.06808
   0.06616
   0.06424
   0.06231
   0.06038
   0.05845
   0.05652
   0.05459
   0.05267
   0.05077
   0.04890
   0.04707
   0.04527
   0.04352
   0.04182
   0.04018
   0.03862
   0.03712
   0.03569
   0.03433
   0.03303
   0.03180
   0.03063
   0.02952
   0.02847
   0.02746
   0.02650
   0.02558
   0.02471
   0.02387
   0.02307
   0.02231
   0.02159
   0.02089
   0.02023
   0.01961
   0.01902
   0.01846
   0.01793
   0.01743
   0.01697
   0.01652
   0.01611
   0.01572
   0.01534
   0.01500
   0.01467
   0.01436
   0.01406
   0.01378
   0.01351
   0.01325
   0.01301
   0.01278
   0.01256
   0.01235
   0.01216
   0.01198
   0.01181
   0.01166
   0.01153
   0.01143
   0.01136
   0.01132
   0.01133
   0.01138
   0.01149
   0.01167
   0.01192
   0.01225
   0.01265
   0.01313
   0.01366
   0.01422
   0.01478
   0.01524
   0.01550
   0.01550
   0.01524
   0.01486
   0.01453
   0.01439
   0.01467
   0.01581
   0.01806
   0.00425
   0.05394
   0.00294
   0.00243
   0.00331
   0.00472
   0.00462
   0.00436
   0.00441
   0.00439
   0.00427
   0.00413
   0.00399
   0.00385
   0.00371
   0.00355
   0.00335
   0.00309
   0.00285
   0.00278
   0.00275
   0.00284
   0.00274
   0.00588
   0.00239
   0.00403
   0.04500
   0.00197
   0.00203
   0.09384
   0.00177
   0.00133
   0.00112
   0.00115
   0.00497
   0.00157
   0.00148
   0.00127
   0.00126
   0.01506
   0.00144
   0.00133
   0.00123
   0.00094
   0.00081
   0.00080
   0.00088
   0.00087
   0.00090
   0.00064
   0.00078
   0.00072
   0.00064
   0.00326
   0.00330
   0.00331
   0.00328
   0.00323
   0.00315
   0.00306
   0.00296
   0.00288
   0.00286
   0.00301
   0.00342
   0.00353
   0.00175
   0.00177
   0.00174
   0.00176
   0.00178
   0.00181
   0.00185
   0.00192
   0.00202
   0.00212
   0.00210
   0.00208
   0.00239
   0.00172
   0.00232
   0.00149
   0.00195
   0.00146
   0.00180
   0.00160
   0.00177
   0.00182
   0.00160
   0.00166
   0.00148
   0.00142
   0.00137
   0.00134
   0.00158
   0.00093
   0.00069
   0.00069
   0.00070
   0.00072
   0.00076
   0.00079
   0.00082
   0.00085
   0.00086
   0.00086
   0.00085
   0.00084
   0.00083
   0.00082
   0.00080
   0.00079
   0.00077
   0.00076
   0.00075
   0.00074
   0.00074
   0.00073
   0.00071
   0.00068
   0.00066
   0.00066
   0.00065
   0.00040
   0.00049
   0.00050
   0.00050
   0.00050
   0.00050
   0.00049
   0.00036
   0.00066
   0.00052
   0.00053
   0.00054
   0.00055
   0.00056
   0.00056
   0.00056
   0.00055
   0.00053
   0.00051
   0.00049
   0.00047
   0.00046
   0.00046
   0.00047
   0.00048
   0.00049
   0.00051
   0.00052
   0.00052
   0.00053
   0.00053
   0.00052
   0.00052
   0.00050
   0.00049
   0.00047
   0.00045
   0.00051
   0.00023
   0.00046
   0.00042
   0.00043
   0.00045
   0.00046
   0.00047
   0.00048
   0.00049
   0.00050
   0.00050
   0.00050
   0.00050
   0.00049
   0.00047
   0.00045
   0.00043
   0.00042
   0.00041
   0.00041
   0.00041
   0.00043
   0.00044
   0.00045
   0.00046
   0.00047
   0.00047
   0.00047
   0.00046
   0.00045
   0.00044
   0.00042
   0.00041
   0.00040
   0.00049
   0.00024
   0.00039
   0.00050
   0.00051
   0.00051
   0.00052
   0.00052
   0.00053
   0.00053
   0.00053
   0.00053
   0.00052
   0.00052
   0.00050
   0.00048
   0.00046
   0.00044
   0.00041
   0.00040
   0.00039
   0.00039
   0.00039
   0.00040
   0.00042
   0.00043
   0.00044
   0.00044
   0.00044
   0.00044
   0.00043
   0.00042
   0.00040
   0.00039
   0.00038
   0.00037
   0.00038
   0.00038
   0.00026
   0.00024
   0.00039
   0.00040
   0.00041
   0.00042
   0.00043
   0.00043
   0.00043
   0.00043
   0.00043
   0.00042
   0.00040
   0.00039
   0.00037
   0.00036
   0.00035
   0.00035
   0.00035
   0.00035
   0.00037
   0.00038
   0.00039
   0.00040
   0.00040
   0.00039
   0.00039
   0.00037
   0.00036
   0.00035
   0.00033
   0.00032
   0.00032
   0.00033
   0.00036
   0.00016
   0.00220
   0.00030
   0.00030
   0.00030
   0.00031
   0.00032
   0.00032
   0.00033
   0.00034
   0.00035
   0.00036
   0.00037
   0.00038
   0.00038
   0.00038
   0.00038
   0.00038
   0.00037
   0.00036
   0.00034
   0.00033
   0.00032
   0.00031
   0.00030
   0.00030
   0.00030
   0.00031
   0.00032
   0.00033
   0.00034
   0.00034
   0.00034
   0.00033
   0.00032
   0.00031
   0.00030
   0.00029
   0.00028
   0.00027
   0.00027
   0.00029
   0.00029
   0.00071
   0.03254
   0.01510
   0.01112
   0.00899
   0.00766
   0.00672
   0.00605
   0.00552
   0.00505
   0.00463
   0.00428
   0.00395
   0.00366
   0.00341
   0.00319
   0.00300
   0.00282
   0.00265
   0.00248
   0.00239
   0.00260
   0.00267
   0.00270
   0.00273
   0.00280
   0.00247
   0.00208
   0.00189
   0.00179
   0.00175
   0.00176
   0.00177
   0.00189
   0.00221
   0.00238
   0.00249
   0.00253
   0.00245
   0.00229
   0.00211
   0.00193
   0.00177
   0.00162
   0.00147
   0.00133
   0.00121
   0.00110
   0.00103
   0.00097
   0.00091
   0.00086
   0.00081
   0.00077
   0.00073
   0.00069
   0.00066
   0.00062
   0.00059
   0.00056
   0.00054
   0.00051
   0.00049
   0.00047
   0.00045
   0.00043
   0.00042
   0.00040
   0.00039
   0.00037
   0.00036
   0.00035
   0.00034
   0.00032
   0.00031
   0.00030
   0.00029
   0.00028
   0.00027
   0.00026
   0.00024
   0.00023
   0.00022
   0.00021
   0.00020
   0.00020
   0.00019
   0.00018
   0.00017
   0.00016
   0.00016
   0.00015
   0.00014
   0.00013
   0.00013
   0.00012
   0.00012
   0.00011
   0.00011
   0.00010
   0.00010
   0.00009
   0.00009
   0.00008
   0.00008
   0.00008
   0.00007
   0.00007
   0.00007
   0.11557
   0.00024
   0.00010
   0.00010
   0.00010
   0.00010
   0.00010
   0.00010
   0.00010
   0.00010
   0.00010
   0.00010
   0.00010
   0.00009
   0.00009
   0.00009
   0.00009
   0.00009
   0.00009
   0.00009
   0.00009
   0.00009
   0.00009
   0.00009
   0.00009
   0.00009
   0.00009
   0.00009
   0.00009
   0.00010
   0.00010
   0.00010
   0.00010
   0.00010
   0.00010
   0.00011
   0.00011
   0.00011
   0.00011
   0.00012
   0.00012
   0.00011
   0.00011
   0.00010
   0.00010
   0.00011
   0.00012
   0.00015
   0.00018
   0.00017
   0.00017
   0.00016
   0.00015
   0.00014
   0.00013
   0.00013
   0.00012
   0.00011
   0.00009
   0.00007
   0.00017
   0.00016
   0.00015
   0.00014
   0.00014
   0.00013
   0.00012
   0.00011
   0.00010
   0.00009
   0.00153
   0.00013
   0.00013
   0.00013
   0.00012
   0.00012
   0.00012
   0.00012
   0.00012
   0.00012
   0.00012
   0.00012
   0.00011
   0.00011
   0.00011
   0.00011
   0.00011
   0.00011
   0.00011
   0.00010
   0.00010
   0.00010
   0.00010
   0.00010
   0.00010
   0.00010
   0.00010
   0.00010
   0.00010
   0.00010
   0.00009
   0.00009
   0.00009
   0.00009
   0.00009
   0.00009
   0.00009
   0.00010
   0.00010
   0.00010
   0.00010
   0.00009
   0.00009
   0.00009
   0.00008
   0.00009
   0.00009
   0.00010
   0.00012
   0.00013
   0.00013
   0.00012
   0.00012
   0.00011
   0.00011
   0.00010
   0.00009
   0.00009
   0.00007
   0.00086
   0.00010
   0.00006
   0.00006
   0.00006
   0.00006
   0.00006
   0.00006
   0.00006
   0.00006
   0.00006
   0.00006
   0.00006
   0.00006
   0.00006
   0.00006
   0.00006
   0.00006
   0.00006
   0.00006
   0.00006
   0.00006
   0.00006
   0.00006
   0.00006
   0.00006
   0.00006
   0.00006
   0.00006
   0.00006
   0.00006
   0.00007
   0.00007
   0.00007
   0.00007
   0.00007
   0.00007
   0.00007
   0.00007
   0.00008
   0.00008
   0.00008
   0.00008
   0.00008
   0.00007
   0.00007
   0.00007
   0.00007
   0.00007
   0.00007
   0.00007
   0.00008
   0.00008
   0.00009
   0.00009
   0.00009
   0.00009
   0.00008
   0.00008
   0.00007
   0.00007
   0.00006
   0.00006
   0.00030
   0.00004
   0.00009
   0.00064
   0.00005
   0.00004
   0.00004
   0.00004
   0.00004
   0.00004
   0.00004
   0.00004
   0.00004
   0.00004
   0.00004
   0.00004
   0.00004
   0.00004
   0.00004
   0.00004
   0.00004
   0.00004
   0.00004
   0.00004
   0.00004
   0.00004
   0.00004
   0.00004
   0.00004
   0.00004
   0.00004
   0.00004
   0.00004
   0.00004
   0.00004
   0.00004
   0.00004
   0.00004
   0.00004
   0.00004
   0.00004
   0.00005
   0.00005
   0.00005
   0.00005
   0.00005
   0.00005
   0.00005
   0.00005
   0.00005
   0.00005
   0.00005
   0.00006
   0.00006
   0.00006
   0.00006
   0.00006
   0.00006
   0.00006
   0.00006
   0.00006
   0.00006
   0.00006
   0.00005
   0.00005
   0.00005
   0.00005
   0.00006
   0.00006
   0.00006
   0.00007
   0.00007
   0.00007
   0.00006
   0.00006
   0.00006
   0.00005
   0.00005
   0.00005
   0.00005
   0.89443
   0.00007
   0.00006
   0.00006
   0.00006
   0.00005
   0.00005
   0.00005
   0.00005
   0.00005
   0.00005
   0.00005
   0.00005
   0.00005
   0.00005
   0.00004
   0.00004
   0.00004
   0.00004
   0.00004
   0.00004
   0.00004
   0.00004
   0.00004
   0.00004
   0.00004
   0.00004
   0.00004
   0.00004
   0.00004
   0.00004
   0.00004
   0.00004
   0.00004
   0.00004
   0.00004
   0.00004
   0.00004
   0.00004
   0.00004
