   0.78621
   0.76785
   0.76358
   0.73410
   0.72473
   0.72013
   0.71956
   0.71301
   0.70701
   0.73467
   0.72831
   0.71853
   0.70677
   0.70377
   0.70697
   0.69975
   0.69816
   0.69758
   0.70080
   0.70175
   0.69607
   0.70361
   0.69981
   0.69553
   0.69261
   0.70675
   0.69916
   0.69864
   0.70250
   0.70500
   0.70663
   0.71129
   0.71634
   0.74341
   0.73919
   0.74112
   0.74621
   0.72987
   0.71593
   0.72285
   0.70209
   0.69751
   0.68838
   0.68431
   0.67332
   0.65569
   0.64595
   0.63888
   0.63500
   0.62893
   0.62382
   0.61799
   0.61247
   0.60621
   0.59927
   0.59233
   0.58511
   0.57746
   0.56978
   0.56210
   0.55494
   0.54819
   0.54224
   0.53706
   0.53232
   0.52721
   0.52150
   0.51513
   0.50856
   0.50205
   0.49581
   0.48972
   0.48380
   0.47784
   0.47193
   0.46607
   0.46021
   0.45461
   0.44919
   0.44377
   0.43855
   0.43351
   0.42854
   0.42373
   0.41900
   0.41429
   0.40975
   0.40528
   0.40088
   0.39652
   0.39237
   0.38820
   0.38407
   0.38004
   0.37613
   0.37212
   0.36807
   0.36415
   0.36014
   0.35603
   0.35182
   0.34742
   0.34305
   0.33846
   0.33361
   0.32859
   0.32342
   0.31816
   0.31275
   0.30731
   0.30183
   0.29633
   0.29099
   0.28567
   0.28043
   0.27529
   0.27030
   0.26540
   0.26069
   0.25615
   0.25171
   0.24744
   0.24331
   0.23927
   0.23541
   0.23166
   0.22803
   0.22449
   0.22105
   0.21771
   0.21444
   0.21124
   0.20812
   0.20507
   0.20208
   0.19915
   0.19627
   0.19347
   0.19067
   0.18793
   0.18521
   0.18251
   0.17992
   0.17729
   0.17470
   0.17215
   0.16962
   0.16699
   0.16450
   0.16208
   0.16040
   0.15794
   0.15551
   0.15303
   0.15066
   0.14835
   0.14605
   0.14373
   0.14144
   0.13917
   0.13692
   0.13469
   0.13252
   0.13116
   0.12895
   0.12698
   0.12469
   0.12258
   0.12048
   0.11845
   0.11641
   0.11446
   0.11252
   0.11062
   0.10877
   0.10690
   0.10509
   0.10334
   0.10159
   0.09989
   0.09819
   0.09664
   0.09490
   0.09333
   0.09175
   0.09023
   0.08872
   0.08724
   0.08578
   0.08435
   0.08300
   0.08155
   0.08019
   0.07884
   0.07752
   0.07621
   0.07492
   0.07364
   0.07238
   0.07115
   0.06990
   0.06868
   0.06746
   0.06626
   0.06506
   0.06388
   0.06270
   0.06153
   0.06036
   0.05919
   0.05801
   0.05683
   0.05563
   0.05444
   0.05323
   0.05199
   0.05074
   0.04945
   0.04813
   0.04675
   0.04531
   0.04379
   0.04216
   0.04040
   0.03845
   0.03625
   0.03371
   0.03084
   0.02775
   0.02420
   0.02477
   0.03188
   0.03252
   0.03279
   0.03257
   0.03176
   0.03166
   0.03078
   0.03099
   0.02888
   0.02920
   0.02816
   0.02284
   0.02250
   0.02106
   0.01960
   0.01854
   0.01707
   0.01643
   0.01618
   0.01611
   0.01616
   0.01653
   0.01713
   0.01842
   0.01953
   0.01684
   0.01815
   0.01919
   0.01553
   0.13128
   0.00986
   0.04145
   0.01176
   0.01045
   0.01215
   0.01446
   0.02077
   0.03476
   0.02997
   0.02995
   0.02511
   0.02424
   0.02152
   0.02022
   0.01858
   0.01739
   0.01632
   0.01535
   0.01458
   0.01400
   0.01353
   0.01319
   0.01293
   0.01276
   0.01261
   0.01250
   0.01235
   0.01228
   0.01213
   0.01199
   0.01177
   0.01166
   0.01140
   0.01128
   0.01102
   0.01094
   0.01071
   0.01061
   0.01053
   0.01043
   0.01011
   0.02098
   0.01622
   0.00910
   0.02126
   0.01715
   0.02536
   0.02279
   0.01158
   0.00801
   0.00912
   0.01470
   0.00573
   0.00565
   0.00579
   0.00594
   0.00621
   0.00849
   0.00417
   0.01679
   4.11217
   0.01071
   0.01935
   0.01236
   0.02018
   0.00714
   0.02245
   0.01352
   0.02087
   0.01522
   0.01967
   0.01197
   0.01661
   0.00628
   0.01505
   0.00623
   0.01449
   0.00604
   0.01407
   0.00805
   0.01488
   0.01322
   0.01313
   0.01352
   0.01214
   0.01190
   0.01135
   0.01083
   0.01066
   0.01034
   0.01020
   0.00960
   0.00797
   0.00608
   0.00673
   0.00713
   0.00485
   0.00470
   0.00475
   0.00455
   0.00466
   0.00448
   0.00435
   0.00547
   0.00434
   0.00421
   0.00411
   0.00403
   0.00395
   0.00394
   0.00379
   0.00371
   0.00389
   0.00356
   0.00349
   0.00343
   0.00338
   0.00332
   0.00326
   0.00320
   0.00314
   0.00308
   0.00302
   0.00297
   0.00292
   0.00286
   0.00281
   0.00276
   0.00271
   0.00266
   0.00262
   0.00257
   0.00253
   0.00248
   0.00244
   0.00240
   0.00236
   0.00232
   0.00228
   0.00224
   0.00220
   0.00216
   0.00213
   0.00209
   0.00206
   0.00202
   0.00199
   0.00195
   0.00192
   0.00189
   0.00187
   0.00184
   0.00182
   0.00179
   0.00178
   0.00176
   0.00173
   0.00171
   0.00166
   0.00172
   0.00149
   0.00150
   0.00122
   0.00118
   0.00118
   0.00147
   0.00145
   0.00139
   0.00136
   0.00133
   0.00129
   0.00129
   0.00129
   0.00127
   0.00124
   0.00121
   0.00116
   0.00116
   0.00113
   0.00114
   0.00110
   0.00110
   0.00108
   0.00106
   0.00104
   0.00103
   0.00101
   0.00098
   0.00098
   7.63316
   0.00185
   0.00169
   0.00157
   0.00153
   0.00149
   0.00146
   0.00143
   0.00139
   0.00137
   0.00135
   0.00133
   0.00131
   0.00129
   0.00128
   0.00127
   0.00126
   0.00126
   0.00126
   0.00127
   0.00127
   0.00128
   0.00128
   0.00129
   0.00130
   0.00131
   0.00132
   0.00134
   0.00136
   0.00139
   0.00143
   0.00147
   0.00153
   0.00160
   0.00167
   0.00177
   0.00188
   0.00203
   0.00224
   0.00256
   0.00327
   0.00211
   0.00077
   0.00395
   0.00079
   1.18119
   0.02399
   0.01693
   0.02335
   0.02815
