   0.66420
   0.66013
   0.65724
   0.65300
   0.65020
   0.63582
   0.62904
   0.62624
   0.62547
   0.62451
   0.62351
   0.62377
   0.62056
   0.62267
   0.62237
   0.62105
   0.62032
   0.62023
   0.61751
   0.61739
   0.61533
   0.61117
   0.61318
   0.61080
   0.60918
   0.60733
   0.60441
   0.60283
   0.60077
   0.60597
   0.60218
   0.59913
   0.59815
   0.59677
   0.59392
   0.58774
   0.59931
   0.59328
   0.59363
   0.59320
   0.58683
   0.57486
   0.54950
   0.53239
   0.51655
   0.50299
   0.49128
   0.48154
   0.47291
   0.46497
   0.45764
   0.45061
   0.44388
   0.43729
   0.43075
   0.42417
   0.41809
   0.41238
   0.40690
   0.40190
   0.39783
   0.39400
   0.39082
   0.38800
   0.38538
   0.38219
   0.37842
   0.37466
   0.36951
   0.36367
   0.35760
   0.35032
   0.34434
   0.33790
   0.33168
   0.32647
   0.31988
   0.31471
   0.30900
   0.30508
   0.29636
   0.28989
   0.28393
   0.27792
   0.27074
   0.26336
   0.25619
   0.24886
   0.24111
   0.23300
   0.22472
   0.21586
   0.20844
   0.19755
   0.18827
   0.18108
   0.17178
   0.16213
   0.14989
   0.14149
   0.13550
   0.12631
   0.11507
   0.10802
   0.10204
   0.09627
   0.09128
   0.08709
   0.08346
   0.08046
   0.07820
   0.07558
   0.07336
   0.07210
   0.07020
   0.06924
   0.06760
   0.06597
   0.06377
   0.06214
   0.06027
   0.05869
   0.05637
   0.05425
   0.05252
   0.04991
   0.04776
   0.04631
   0.04380
   0.04260
   0.04025
   0.03885
   0.03809
   0.03829
   0.03914
   0.04389
   0.03595
   0.04181
   0.04407
   0.03561
   0.02318
   0.01679
   0.01636
   0.01634
   0.01622
   0.01527
   0.01404
   0.01292
   0.01163
   0.01073
   0.01024
   0.01034
   0.01124
   0.01622
   0.01809
   0.01997
   0.02177
   0.02352
   0.02594
   0.02902
   0.03231
   0.03575
   0.03370
   0.05017
   0.04888
   0.01471
   0.00425
   0.00444
   0.00969
   0.17552
   0.01348
   0.00508
   0.13987
   0.00303
   0.00326
   0.06964
   0.00253
   0.00269
   0.00311
   0.00273
   0.08143
   0.00341
   0.02542
   0.00256
   0.00275
   0.00271
   0.00267
   0.00269
   0.00272
   0.00279
   0.00288
   0.00297
   0.00312
   0.00332
   0.00352
   0.00394
   0.00458
   0.00572
   0.00424
   0.00339
   0.00277
   0.00331
   0.00377
   0.00386
   0.00252
   0.00249
   0.00240
   0.00214
   0.00430
   0.00256
   0.00226
   0.00447
   0.00345
   0.00349
   0.00243
   0.00210
   0.00270
   0.00250
   0.00298
   0.00114
   0.00304
   0.00278
   0.00142
   0.00572
   0.00209
   0.03806
   0.00312
   0.00275
   0.00271
   0.00255
   0.00221
   0.00228
   0.00220
   0.00200
   0.00187
   0.00167
   0.00136
   0.00244
   0.00331
   0.00278
   0.00258
   0.00259
   0.00227
   0.00189
   0.00212
   0.00072
   0.00328
   0.00263
   0.00252
   0.00239
   0.00234
   0.00183
   0.00061
   0.00308
   0.00263
   0.00230
   0.00212
   0.00205
   0.00210
   0.00205
   0.00198
   0.00182
   0.00168
   0.00150
   0.00127
   0.00121
   0.01171
   0.00150
   0.00145
   0.00129
   0.00115
   0.00110
   0.00104
   0.00085
   0.00275
   0.00273
   0.00272
   0.00272
   0.00260
   0.00249
   0.00236
   0.00219
   0.00202
   0.00186
   0.00171
   0.00157
   0.00145
   0.00133
   0.00123
   0.00115
   0.00111
   0.00112
   0.00093
   0.00068
   0.00083
   0.00973
   0.00367
   0.00307
   0.00260
   0.00231
   0.00206
   0.00210
   0.00201
   0.00190
   0.00180
   0.00169
   0.00155
   0.00145
   0.00132
   0.00123
   0.00112
   0.00103
   0.00097
   0.00088
   0.00083
   0.00078
   0.00075
   0.00072
   0.00074
   0.00041
   0.00044
   0.00044
   0.00044
   0.00043
   0.00041
   0.00039
   0.00038
   0.00037
   0.00036
   0.00035
   0.00035
   0.00036
   0.00037
   0.00039
   0.00042
   0.00051
   0.00052
   0.00048
   0.00045
   2.51808
   0.06920
   0.03416
   0.02838
   0.02643
   0.02503
   0.02379
   0.02069
   0.01986
   0.01910
   0.01829
   0.01738
   0.01638
   0.01533
   0.01422
   0.01311
   0.01201
   0.01095
   0.01002
   0.00918
   0.00848
   0.00788
   0.00739
   0.00697
   0.00665
   0.00635
   0.00607
   0.00576
   0.00547
   0.00521
   0.00485
   0.00442
   0.00409
   0.00384
   0.00355
   0.00331
   0.00310
   0.00290
   0.00272
   0.00256
   0.00241
   0.00227
   0.00214
   0.00202
   0.00188
   0.00180
   0.00169
   0.00160
   0.00151
   0.00143
   0.00135
   0.00129
   0.00122
   0.00116
   0.00111
   0.00107
   0.00103
   0.00100
   0.00098
   0.00100
   0.00117
   0.00113
   0.00097
   0.00094
   0.00092
   0.00087
   0.00082
   0.00077
   0.00066
   0.00068
   0.00116
   0.00031
   0.00045
   0.01257
   0.00058
   0.00049
   0.00046
   0.00045
   0.00048
   0.00047
   0.00044
   0.00031
   0.00029
   0.00028
   0.00026
   0.00026
   0.00026
   0.00024
   0.00023
   0.00023
   0.00023
   0.00023
   0.00023
   0.00023
   0.00022
   0.20851
   0.00470
   0.00300
   0.00236
   0.00202
   0.00175
   0.00155
   0.00139
   0.00124
   0.00113
   0.00104
   0.00097
   0.00092
   0.00088
   0.00084
   0.00080
   0.00075
   0.00070
   0.00067
   0.00060
   0.00053
   0.00049
   0.00046
   0.00044
   0.00040
   0.00037
   0.00034
   0.00031
   0.00028
   0.00025
   0.00023
   0.00022
   0.00021
   0.00021
   0.00020
   0.00020
   0.00020
   0.00019
   0.00017
   0.00016
   0.00015
   0.00014
   0.00013
   0.00012
   0.00012
   0.00011
   0.00011
   0.00011
   0.00011
   0.00011
   0.00011
   0.00011
   0.00011
   0.00012
   0.00011
   0.00014
   0.00094
   0.00015
   0.00016
   0.00016
   0.00017
   0.00018
   0.00018
   0.00019
   0.00020
   0.00021
   0.00021
   0.00022
   0.00022
   0.00022
   0.00022
   0.00022
   0.00021
   0.00020
   0.00019
   0.00019
   0.00020
   0.00021
   0.00023
   0.00024
   0.00023
   0.00022
   0.00020
   0.00018
   0.00016
   0.00015
   0.00013
   0.00012
   0.00011
   0.00011
   0.00012
   0.00013
   0.00013
   0.00012
   0.00010
   0.00009
   0.00008
   0.00008
   0.00007
   0.00006
   0.00006
   0.00006
   0.00005
   0.00005
   0.00005
   0.00005
   0.00005
   0.00005
   0.00005
   0.00006
   0.00006
   0.00006
   0.00006
   0.00006
   0.00006
   0.00057
   0.00163
   0.00114
   0.00082
   0.00064
   0.00053
   0.00045
   0.00039
   0.00036
   0.00033
   0.00031
   0.00029
   0.00027
   0.00027
   0.00026
   0.00025
   0.00025
   0.00024
   0.00024
   0.00024
   0.00024
   0.00024
   0.00024
   0.00024
   0.00023
   0.00022
   0.00021
   0.00020
   0.00021
   0.00022
   0.00023
   0.00021
   0.00020
   0.00018
   0.00018
   0.00015
   0.00014
   0.00013
   0.00012
   0.00011
   0.00010
   0.00009
   0.00009
   0.00009
   0.00009
   0.00008
   0.00008
   0.00008
   0.00007
   0.00007
   0.00006
   0.00006
   0.00006
   0.00005
   0.00005
   0.00006
   0.00006
   0.00008
   0.00005
   0.00912
   0.00553
   0.00406
   0.00307
   0.00252
   0.00214
   0.00184
   0.00160
   0.00140
   0.00125
   0.00113
   0.00104
   0.00098
   0.00092
   0.00088
   0.00084
   0.00080
   0.00078
   0.00075
   0.00073
   0.00071
   0.00070
   0.00068
   0.00067
   0.00065
   0.00063
   0.00061
   0.00058
   0.00056
   0.00055
   0.00054
   0.00054
   0.00054
   0.00054
   0.00050
   0.00044
   0.00041
   0.00037
   0.00034
   0.00032
   0.00029
   0.00026
   0.00024
   0.00022
   0.00020
   0.00019
   0.00017
   0.00016
   0.00016
   0.00015
   0.00014
   0.00014
   0.00013
   0.00013
   0.00013
   0.00013
   0.00013
   0.00012
   0.00008
   0.00017
   0.00008
   0.00014
   0.00036
   0.00015
   0.00015
   0.00015
   0.00014
   0.00014
   0.00014
   0.00014
   0.00014
   0.00014
   0.00014
   0.00014
   0.00015
   0.00015
   0.00015
   0.00015
   0.00015
   0.00015
   0.00016
   0.00016
   0.00017
   0.00018
   0.00018
   0.00019
   0.00020
   0.00021
   0.00021
   0.00022
   0.00023
   0.00024
   0.00025
   0.00026
   0.00027
   0.00028
   0.00029
   0.00029
   0.00029
   0.00028
   0.00028
   0.00027
   0.00027
   0.00028
   0.00028
   0.00029
   0.00028
   0.00026
   0.00024
   0.00022
   0.00019
   0.00017
   0.00015
   0.00014
   0.00012
   0.00011
   0.00010
   0.00010
   0.00009
   0.00009
   0.00009
   0.00009
   0.00009
   0.00009
   0.00008
   0.00008
   0.00007
   0.00005
   0.00005
   0.00119
   0.00107
   0.00074
   0.00064
   0.00057
   0.00052
   0.00048
   0.00044
   0.00041
   0.00038
   0.00036
   0.00034
   0.00033
   0.00031
   0.00029
   0.00028
   0.00027
   0.00026
   0.00025
   0.00024
   0.00023
   0.00022
   0.00021
   0.00021
   0.00019
   0.00013
   0.00012
   0.00012
   0.00012
   0.00011
   0.00011
   0.00011
   0.00011
   0.00011
   0.00011
   0.00011
   0.00011
   0.00011
   0.00011
   0.00011
   0.00011
   0.00011
   0.00010
   0.00010
   0.00010
   0.00009
   0.00008
   0.00008
   0.00008
   0.00008
   0.00008
   0.00009
   0.00009
   0.00009
   0.00009
   0.00009
   0.00008
   0.00007
   0.00007
   0.00006
   0.00006
   0.00005
   0.00005
   0.00004
   0.00004
   0.00003
   0.00003
   0.00003
   0.00003
   0.00003
   0.00003
   0.00003
   0.00003
   0.00003
   0.00003
   0.00002
   0.00002
   0.00002
   0.00002
   0.00002
   0.00002
   0.00002
   0.00001
   0.00001
   0.00001
   0.00001
   0.00001
   0.00001
   0.00001
   0.00002
   0.00002
   0.00001
   0.00001
   0.00483
   0.00295
   0.00234
   0.00209
   0.00188
   0.00172
   0.00157
   0.00143
   0.00130
   0.00119
   0.00109
   0.00101
   0.00094
   0.00087
   0.00081
   0.00075
   0.00070
   0.00065
   0.00062
   0.00058
   0.00055
   0.00053
   0.00050
   0.00050
   0.00048
   0.00046
   0.00044
   0.00042
   0.00041
   0.00039
   0.00038
   0.00036
   0.00034
   0.00033
   0.00031
   0.00030
   0.00029
   0.00028
   0.00027
   0.00026
   0.00024
   0.00023
   0.00022
   0.00021
   0.00020
   0.00019
   0.00019
   0.00017
   0.00017
   0.00016
   0.00015
   0.00015
   0.00014
   0.00013
   0.00013
   0.00013
   0.00012
   0.00012
   0.00011
   0.00011
   0.00010
   0.00010
   0.00009
   0.00008
   0.00008
   0.00007
   0.00007
   0.00006
   0.00006
   0.00005
   0.00005
   0.00005
   0.00004
   0.00004
   0.00004
   0.00003
   0.00003
   0.00003
   0.00002
   0.00002
   0.00002
   0.00002
   0.00002
   0.00002
   0.00002
   0.00002
   0.00002
   0.00001
   0.00001
   0.00001
   0.00001
   0.00001
   0.00002
   0.00003
   0.00049
   0.00007
   0.00006
   0.00006
   0.00006
   0.00006
   0.00006
   0.00006
   0.00006
   0.00006
   0.00006
   0.00006
   0.00006
   0.00006
   0.00006
   0.00006
   0.00005
   0.00005
   0.00005
   0.00005
   0.00005
   0.00005
   0.00005
   0.00005
   0.00005
   0.00005
   0.00005
   0.00005
   0.00005
   0.00005
   0.00005
   0.00005
   0.00005
   0.00005
   0.00005
   0.00005
   0.00005
   0.00005
   0.00005
   0.00005
   0.00005
   0.00005
   0.00005
   0.00005
   0.00005
   0.00005
   0.00004
   0.00004
   0.00004
   0.00004
   0.00004
   0.00004
   0.00004
   0.00004
   0.00004
   0.00004
   0.00004
   0.00004
   0.00004
   0.00004
   0.00004
   0.00004
   0.00004
   0.00004
   0.00004
   0.00004
   0.00004
   0.00004
   0.00004
   0.00004
   0.00004
   0.00004
   0.00004
   0.00004
   0.00004
   0.00004
