   0.69242
   0.69065
   0.69391
   0.69263
   0.69178
   0.69050
   0.69004
   0.68948
   0.68893
   0.68816
   0.68667
   0.68599
   0.68529
   0.68452
   0.68416
   0.68323
   0.68363
   0.68148
   0.68040
   0.67926
   0.67810
   0.67708
   0.67738
   0.67347
   0.67247
   0.67857
   0.66434
   0.66620
   0.66543
   0.67040
   0.66083
   0.65853
   0.65820
   0.65715
   0.65695
   0.65524
   0.65315
   0.65204
   0.65101
   0.65261
   0.65447
   0.65079
   0.64818
   0.64669
   0.64548
   0.64469
   0.64393
   0.64347
   0.64322
   0.64982
   0.64812
   0.65018
   0.65452
   0.65909
   0.66086
   0.66447
   0.66755
   0.67321
   0.67937
   0.68619
   0.69326
   0.69980
   0.70518
   0.70950
   0.71168
   0.71462
   0.71481
   0.71584
   0.71602
   0.71710
   0.71769
   0.71672
   0.71702
   0.71449
   0.71313
   0.71023
   0.70696
   0.70345
   0.69899
   0.69499
   0.69057
   0.68630
   0.68202
   0.67773
   0.67339
   0.66902
   0.66432
   0.65998
   0.65512
   0.65039
   0.64553
   0.64077
   0.63585
   0.63117
   0.62633
   0.62203
   0.61722
   0.61258
   0.60846
   0.60379
   0.59901
   0.59426
   0.58932
   0.58467
   0.58011
   0.57526
   0.57051
   0.56546
   0.56062
   0.55566
   0.55095
   0.54596
   0.54113
   0.53624
   0.53137
   0.52646
   0.52157
   0.51672
   0.51165
   0.50662
   0.50159
   0.49656
   0.49180
   0.48711
   0.48202
   0.47706
   0.47195
   0.46683
   0.46178
   0.45686
   0.45170
   0.44693
   0.44206
   0.43685
   0.43184
   0.42672
   0.42154
   0.41650
   0.41138
   0.40623
   0.40143
   0.39649
   0.39155
   0.38669
   0.38189
   0.37708
   0.37241
   0.36780
   0.36337
   0.35884
   0.35451
   0.35038
   0.34625
   0.34241
   0.33876
   0.33519
   0.33205
   0.32904
   0.32616
   0.32354
   0.32093
   0.31862
   0.31647
   0.31414
   0.31234
   0.31049
   0.30907
   0.30756
   0.30649
   0.30566
   0.30446
   0.30421
   0.30400
   0.30409
   0.30409
   0.30389
   0.30379
   0.30338
   0.30324
   0.30278
   0.30174
   0.30078
   0.29992
   0.29884
   0.29751
   0.29568
   0.29389
   0.29180
   0.28923
   0.28689
   0.28441
   0.28170
   0.27957
   0.27643
   0.27337
   0.27063
   0.26756
   0.26450
   0.26138
   0.25876
   0.25526
   0.25233
   0.24848
   0.24491
   0.24032
   0.23743
   0.23374
   0.23029
   0.22579
   0.22240
   0.21821
   0.21380
   0.20961
   0.20588
   0.20189
   0.19867
   0.19392
   0.19071
   0.18677
   0.18363
   0.18024
   0.17666
   0.17318
   0.17031
   0.16575
   0.16186
   0.15843
   0.15387
   0.15009
   0.14559
   0.14339
   0.13986
   0.13705
   0.13323
   0.13117
   0.12859
   0.12750
   0.12353
   0.12179
   0.11826
   0.11500
   0.11122
   0.10907
   0.10468
   0.10365
   0.10142
   0.09823
   0.09636
   0.09412
   0.09229
   0.08922
   0.08859
   0.08447
   0.08364
   0.08100
   0.08019
   0.07688
   0.07628
   0.07388
   0.07246
   0.07017
   0.06929
   0.06730
   0.06599
   0.06441
   0.06292
   0.06059
   0.06001
   0.05752
   0.05728
   0.05459
   0.05437
   0.05306
   0.05170
   0.04935
   0.04908
   0.04675
   0.04619
   0.04396
   0.04354
   0.04102
   0.04063
   0.03802
   0.03807
   0.03539
   0.03512
   0.03265
   0.03289
   0.03063
   0.03041
   0.02866
   0.02813
   0.02736
   0.02682
   0.02667
   0.02623
   0.02599
   0.02583
   0.02523
   0.02362
   0.02288
   0.07314
   0.11288
   0.11446
   0.10009
   0.08849
   0.08433
   0.08277
   0.08046
   0.07872
   0.07703
   0.07541
   0.07399
   0.07264
   0.07124
   0.06985
   0.06863
   0.06713
   0.06616
   0.06475
   0.06367
   0.06184
   0.06057
   0.05877
   0.05691
   0.05480
   0.05269
   0.05131
   0.05008
   0.04872
   0.04732
   0.04582
   0.04428
   0.04247
   0.04023
   0.03699
   0.03135
   0.01736
   0.01060
   0.01501
   0.01305
   0.01374
   0.01295
   0.01070
   0.00924
   0.01471
   0.00827
   0.00811
   0.03581
   0.00810
   0.00836
   0.00879
   0.00824
   0.00745
   0.00730
   0.02320
   0.00968
   0.10616
   0.00961
   0.04511
   0.01700
   0.01360
   0.01831
   0.01585
   0.04541
   0.00683
   0.00966
   0.02459
   0.04268
   0.00661
   0.00850
   0.01358
   0.02528
   0.04613
   0.00596
   0.00800
   0.00831
   0.00744
   0.00760
   0.00811
   0.00907
   0.01198
   0.04171
   0.01601
   0.00490
   0.00622
   0.00582
   0.00564
   0.00571
   0.00571
   0.00581
   0.00590
   0.00605
   0.00629
   0.00676
   0.00774
   0.01279
   0.04776
   0.01087
   0.05773
   0.01526
   0.07194
   0.00479
   0.00640
   0.00561
   0.00518
   0.00498
   0.00488
   0.00482
   0.00476
   0.00469
   0.00465
   0.00461
   0.00456
   0.00453
   0.00451
   0.00447
   0.00446
   0.00445
   0.00443
   0.00443
   0.00444
   0.00445
   0.00448
   0.00451
   0.00456
   0.00464
   0.00476
   0.00496
   0.00538
   0.00677
   0.02552
   0.00358
   0.00406
   0.00483
   0.00484
   0.00511
   0.00610
   0.01687
   0.00359
   0.21781
   0.06666
   0.03890
   0.00376
   0.00627
   0.00397
   0.00381
   0.00394
   0.00398
   0.00396
   0.00393
   0.00387
   0.00382
   0.00375
   0.00368
   0.00361
   0.00354
   0.00348
   0.00342
   0.00335
   0.00331
   0.00325
   0.00320
   0.00317
   0.00313
   0.00310
   0.00306
   0.00304
   0.00301
   0.00299
   0.00297
   0.00295
   0.00294
   0.00293
   0.00292
   0.00292
   0.00291
   0.00293
   0.00295
   0.00296
   0.00302
   0.00305
   0.00319
   0.00341
   0.00393
   0.01115
   0.25718
   0.00449
   0.00472
   0.00488
   0.00472
   0.00457
   0.00448
   0.00440
   0.00431
   0.00423
   0.00416
   0.00409
   0.00403
   0.00398
   0.00393
   0.00389
   0.00385
   0.00381
   0.00378
   0.00375
   0.00372
   0.00370
   0.00368
   0.00366
   0.00365
   0.00364
   0.00364
   0.00364
   0.00365
   0.00366
   0.00368
   0.00371
   0.00376
   0.00382
   0.00392
   0.00407
   0.00433
   0.00489
   0.00680
   0.03517
   1.48522
   0.01918
   0.00420
   0.00326
   0.00343
   0.00337
   0.00338
   0.00337
   0.00337
   0.00337
   0.00337
   0.00337
   0.00337
   0.00337
   0.00337
   0.00337
   0.00338
   0.00338
   0.00339
   0.00339
   0.00340
   0.00341
   0.00341
   0.00342
   0.00342
   0.00343
   0.00344
   0.00345
   0.00346
   0.00347
   0.00347
   0.00348
   0.00349
   0.00350
   0.00351
   0.00352
   0.00353
   0.00354
   0.00354
   0.00355
   0.00354
   0.00354
   0.00353
   0.00351
   0.00349
   0.00345
   0.00341
   0.00336
   0.00331
   0.00325
   0.00318
   0.00312
   0.00306
   0.00299
   0.00293
   0.00288
   0.00282
   0.00278
   0.00273
   0.00269
   0.00265
   0.00261
   0.00258
   0.00255
   0.00253
   0.00250
   0.00248
   0.00246
   0.00245
   0.00243
   0.00242
   0.00241
   0.00241
   0.00240
   0.00240
   0.00241
   0.00241
   0.00242
   0.00244
   0.00247
   0.00251
   0.00258
   0.00267
   0.00285
   0.00324
   0.00496
   0.02249
   0.00695
   0.00313
   0.00202
   0.00210
   0.00208
   0.00209
   0.00209
   0.00210
   0.00210
   0.00211
   0.00211
   0.00212
   0.00213
   0.00213
   0.00214
   0.00214
   0.00215
   0.00216
   0.00216
   0.00217
   0.00218
   0.00219
   0.00219
   0.00220
   0.00221
   0.00222
   0.00223
   0.00224
   0.00225
   0.00225
   0.00226
   0.00227
   0.00228
   0.00228
   0.00229
   0.00229
   0.00229
   0.00228
   0.00227
   0.00226
   0.00224
   0.00222
   0.00219
   0.00215
   0.00212
   0.00208
   0.00204
   0.00201
   0.00197
   0.00194
   0.00190
   0.00187
   0.00184
   0.00181
   0.00179
   0.00177
   0.00175
   0.00173
   0.00171
   0.00169
   0.00168
   0.00167
   0.00165
   0.00164
   0.00164
   0.00163
   0.00162
   0.00162
   0.00162
   0.00162
   0.00162
   0.00163
   0.00164
   0.00165
   0.00167
   0.00170
   0.00175
   0.00182
   0.00196
   0.00231
   0.00460
   3.86705
   0.44871
   0.30388
   0.21460
   0.16843
   0.12605
   0.10334
   0.09734
   0.09392
   0.09160
   0.08970
   0.08749
   0.08565
   0.08421
   0.08290
   0.08163
   0.08041
   0.07921
   0.07805
   0.07692
   0.07580
   0.07472
   0.07365
   0.07261
   0.07160
   0.07062
   0.06965
   0.06871
   0.06781
   0.06692
   0.06609
   0.06528
   0.06450
   0.06377
   0.06309
   0.06245
   0.06185
   0.06133
   0.06083
   0.06038
   0.05998
   0.05960
   0.05923
   0.05888
   0.05852
   0.05817
   0.05780
   0.05741
   0.05699
   0.05657
   0.05612
   0.05566
   0.05519
   0.05470
   0.05421
   0.05370
   0.05318
   0.05261
   0.05210
   0.05154
   0.05104
   0.05045
   0.04993
   0.04933
   0.04879
   0.04829
   0.04769
   0.04717
   0.04658
   0.04604
   0.04555
   0.04494
   0.04440
   0.04386
   0.04336
   0.04278
   0.04229
   0.04176
   0.04120
   0.04070
   0.04021
   0.03966
   0.03921
   0.03868
   0.03816
   0.03768
   0.03719
   0.03673
   0.03621
   0.03578
   0.03528
   0.03479
   0.03433
   0.03385
   0.03339
   0.03296
   0.03251
   0.03205
   0.03157
   0.03113
   0.03071
   0.03024
   0.02983
   0.02935
   0.02892
   0.02849
   0.02807
   0.02758
   0.02713
   0.02667
   0.02623
   0.02573
   0.02528
   0.02478
   0.02429
   0.02381
   0.02329
   0.02276
   0.02225
   0.02171
   0.02116
   0.02064
   0.02011
   0.01959
   0.01907
   0.01866
   0.01806
   0.01759
   0.01711
   0.01661
   0.01611
   0.01559
   0.01505
   0.01449
   0.01395
   0.01336
   0.01283
   0.01239
   0.01210
   0.01202
   0.01210
   0.01250
   0.01271
   0.01553
   0.01151
   0.10296
   0.01148
   0.02837
   0.01246
   0.02366
   0.01560
   0.00964
   0.01282
   0.00914
   0.01845
   0.01080
   0.03276
   0.01376
   0.01628
   0.01855
   0.05186
   0.00863
   0.02058
   0.00922
   0.01558
   0.01612
   0.03622
   0.01393
   0.02243
   0.01839
   0.01616
   0.01159
   0.00878
   0.01100
   0.02077
   0.01871
   0.01009
   0.02014
   0.01062
   0.01603
   0.02705
   0.01763
   0.03060
   0.01126
   0.01040
   0.01646
   0.02691
   0.01002
   0.00721
   0.01237
   0.02173
   0.01781
   0.01536
   0.00818
   0.00645
   0.00675
   0.01261
   0.02336
   0.01589
   0.01976
   0.00805
   0.00546
   0.00933
   0.01023
   0.01779
   0.01329
   0.00798
   0.00717
   0.01465
   0.02270
   0.00876
   0.00920
   0.01698
   0.01634
   0.00727
   0.00786
   0.01574
   0.01959
   0.00773
   0.00809
   0.01593
   0.01935
   0.00781
   0.00701
   0.01473
   0.02014
   0.00921
   0.01412
   0.01345
   0.01259
   0.00603
   0.00934
   0.01544
   0.01683
   0.00668
   0.00519
   0.01215
   0.00767
   0.01474
   0.01650
   0.00887
   0.01531
   0.00646
   0.00570
   0.01248
   0.00553
   0.01222
   0.00530
   0.01179
   0.00490
   0.01103
   0.00438
   0.00995
   0.00404
   0.00913
   0.00379
   0.00843
   0.00349
   0.00741
   0.00315
   0.00594
   0.00262
   0.00311
   0.00269
   0.00354
   0.00215
   0.00300
   0.00554
   0.00217
   0.00354
   0.00712
   0.00238
   0.00205
   0.00216
   0.00197
   0.00214
   0.00216
   0.00186
   0.00202
   0.00200
   0.00183
   0.00177
   0.00178
   0.00173
   0.00171
   0.00170
   0.00170
   0.00174
   0.00183
   0.00200
   0.00224
   0.00248
   0.00265
   0.00276
   0.00282
   0.00287
   0.00292
   0.00296
   0.00301
   0.00306
   0.00310
   0.00315
   0.00320
   0.00325
   0.00330
   0.00336
