   0.70034
   0.65429
   0.65836
   0.65275
   0.65026
   0.64753
   0.64486
   0.64296
   0.63999
   0.63713
   0.63355
   0.62930
   0.62647
   0.62527
   0.62154
   0.61777
   0.61334
   0.61074
   0.60687
   0.60312
   0.60196
   0.59772
   0.59362
   0.59167
   0.58738
   0.58387
   0.58034
   0.57705
   0.57375
   0.57056
   0.56710
   0.56372
   0.56030
   0.55685
   0.55338
   0.54985
   0.54316
   0.54175
   0.53878
   0.53132
   0.53032
   0.52419
   0.52092
   0.51728
   0.51349
   0.50960
   0.50575
   0.50191
   0.49799
   0.49408
   0.49016
   0.48618
   0.48217
   0.47817
   0.47416
   0.47020
   0.46619
   0.46227
   0.45829
   0.45436
   0.45046
   0.44657
   0.44279
   0.43904
   0.43538
   0.43179
   0.42828
   0.42491
   0.42170
   0.41861
   0.41568
   0.41289
   0.41037
   0.40801
   0.40593
   0.40418
   0.40263
   0.40130
   0.40024
   0.39924
   0.39829
   0.39710
   0.39560
   0.39322
   0.38976
   0.38521
   0.37975
   0.37376
   0.36777
   0.36179
   0.35597
   0.35051
   0.34509
   0.34009
   0.33518
   0.33051
   0.32595
   0.32148
   0.31709
   0.31223
   0.30787
   0.30320
   0.29884
   0.29389
   0.28925
   0.28458
   0.27929
   0.27505
   0.26994
   0.26506
   0.26005
   0.25545
   0.25015
   0.24615
   0.24122
   0.23619
   0.23192
   0.22710
   0.22234
   0.21821
   0.21328
   0.20985
   0.20481
   0.20111
   0.19678
   0.19227
   0.18862
   0.18455
   0.18066
   0.17667
   0.17294
   0.16914
   0.16541
   0.16186
   0.15824
   0.15480
   0.15148
   0.14791
   0.14505
   0.14158
   0.13811
   0.13530
   0.13219
   0.13015
   0.12727
   0.12444
   0.12153
   0.11883
   0.11608
   0.11349
   0.11089
   0.10836
   0.10452
   0.10039
   0.09601
   0.09363
   0.09198
   0.09018
   0.08854
   0.08679
   0.08505
   0.08160
   0.07918
   0.07823
   0.07591
   0.07371
   0.07218
   0.07086
   0.06952
   0.06812
   0.06683
   0.06550
   0.06418
   0.06281
   0.06163
   0.06019
   0.05901
   0.05766
   0.05643
   0.05509
   0.05404
   0.05287
   0.05184
   0.05068
   0.04962
   0.04855
   0.04762
   0.04658
   0.04574
   0.04471
   0.04393
   0.04297
   0.04221
   0.04130
   0.04057
   0.03970
   0.03905
   0.03829
   0.03757
   0.03684
   0.03625
   0.03553
   0.03497
   0.03428
   0.03385
   0.03311
   0.03268
   0.03201
   0.03164
   0.03106
   0.03056
   0.03002
   0.02961
   0.02909
   0.02879
   0.02824
   0.02788
   0.02744
   0.02709
   0.02662
   0.02633
   0.02582
   0.02549
   0.02500
   0.02475
   0.02425
   0.02382
   0.02337
   0.02298
   0.02256
   0.02210
   0.02162
   0.02113
   0.02067
   0.02018
   0.01972
   0.01922
   0.01870
   0.01828
   0.01785
   0.01733
   0.01694
   0.01646
   0.01605
   0.01563
   0.01520
   0.01485
   0.01442
   0.01408
   0.01369
   0.01335
   0.01296
   0.01259
   0.01228
   0.01194
   0.01162
   0.01132
   0.01104
   0.01075
   0.01047
   0.01021
   0.00993
   0.00972
   0.00947
   0.00928
   0.00905
   0.00893
   0.00871
   0.00854
   0.00850
   0.00836
   0.00833
   0.00838
   0.00856
   0.00887
   0.00951
   0.01081
   0.01273
   0.01485
   0.01550
   0.01354
   0.00786
   0.00631
   0.00567
   0.00551
   0.00537
   0.00526
   0.00504
   0.00496
   0.00482
   0.00469
   0.00456
   0.00444
   0.00431
   0.00420
   0.00408
   0.00396
   0.00380
   0.00374
   0.00365
   0.00354
   0.00346
   0.00335
   0.00322
   0.00318
   0.00310
   0.00298
   0.00293
   0.00287
   0.00279
   0.00272
   0.00262
   0.00256
   0.00252
   0.00246
   0.00239
   0.00234
   0.00227
   0.00222
   0.00216
   0.00212
   0.00207
   0.00200
   0.00198
   0.00194
   0.00189
   0.00186
   0.00182
   0.00177
   0.00176
   0.00173
   0.00170
   0.00170
   0.00169
   0.00169
   0.00172
   0.00178
   0.00193
   0.00220
   0.00207
   0.00204
   0.00170
   0.00155
   0.00193
   0.07789
   0.00782
   0.00179
   0.00398
   0.00332
   0.00270
   0.00252
   0.00256
   0.00259
   0.00263
   0.00267
   0.00271
   0.00276
   0.00281
   0.00286
   0.00293
   0.00299
   0.00306
   0.00316
   0.00322
   0.00334
   0.00343
   0.00359
   0.00369
   0.00388
   0.00408
   0.00432
   0.00458
   0.00491
   0.00511
   0.00551
   0.00560
   0.00619
   0.00587
   0.00725
   0.00492
   0.00951
   0.00302
   0.01019
   0.00383
   0.01193
   0.00719
   0.01337
   0.00835
   0.01436
   0.00875
   0.01454
   0.01075
   0.01669
   0.00915
   0.00564
   0.01168
   0.00465
   0.00221
   0.00083
   0.00071
   0.00078
   0.00083
   0.00085
   0.00084
   0.00083
   0.00081
   0.00080
   0.00079
   0.00078
   0.00076
   0.00075
   0.00074
   0.00073
   0.00071
   0.00070
   0.00069
   0.00068
   0.00067
   0.00065
   0.00064
   0.00063
   0.00062
   0.00061
   0.00060
   0.00059
   0.00058
   0.00057
   0.00056
   0.00056
   0.00055
   0.00054
   0.00053
   0.00052
   0.00051
   0.00050
   0.00050
   0.00049
   0.00048
   0.00047
   0.00046
   0.00046
   0.00045
   0.00044
   0.00044
   0.00043
   0.00042
   0.00042
   0.00041
   0.00040
   0.00040
   0.00039
   0.00038
   0.00038
   0.00037
   0.00037
   0.00036
   0.00035
   0.00035
   0.00034
   0.00034
   0.00033
   0.00033
   0.00032
   0.00032
   0.00031
   0.00031
   0.00030
   0.00030
   0.00029
   0.00029
   0.00029
   0.00028
   0.00028
   0.00027
   0.00027
   0.00026
   0.00026
   0.00025
   0.00025
   0.00025
   0.00024
   0.00024
   0.00024
   0.00023
   0.00023
   0.00022
   0.00022
   0.00021
   0.00021
   0.00021
   0.00020
   0.00020
   0.00019
   0.00019
   0.00018
   0.00018
   0.00017
   0.00017
   0.00017
   0.00017
   0.00016
   0.00016
   0.00016
   0.00015
   0.00015
   0.00015
   0.00015
   0.00014
   0.00014
   0.00014
   0.00013
   0.00013
   0.00013
   0.00013
   0.00012
   0.00012
   0.00012
   0.00012
   0.00011
   0.00011
   0.00011
   0.00011
   0.00011
   0.00010
   0.00010
   0.00010
   0.00010
   0.00009
   0.00009
   0.00009
   0.00009
   0.00009
   0.00009
   0.00008
   0.00008
   0.00008
   0.00008
   0.00008
   0.00008
   0.00007
   0.00007
   0.00007
   0.00007
   0.00007
   0.00007
   0.00007
   0.00006
   0.00006
   0.00006
   0.00006
   0.00006
   0.00006
   0.00006
   0.00006
   0.00005
   0.00005
   0.00005
   0.00005
   0.00005
   0.00005
   0.00005
   0.00005
   0.00005
   0.00004
   0.00004
   0.00004
   0.00004
   0.00004
   0.00004
   0.00004
   0.00004
   0.00004
   0.00004
   0.00004
   0.00003
   0.00003
   0.00003
   0.00003
   0.00003
   0.00003
   0.00003
   0.00003
   0.00003
   0.00003
   0.00003
   0.00003
   0.00003
   0.00003
   0.00003
   0.00003
   0.00003
   0.00002
   0.00002
   0.00002
   0.00002
   0.00002
   0.00002
   0.00002
   0.00002
   0.00002
   0.00002
   0.00002
   0.00002
   0.00002
   0.00002
   0.00002
   0.00002
   0.00002
   0.00002
   0.00002
   0.00002
   0.00002
   0.00002
   0.00002
   0.00002
   0.00002
   0.00002
   0.00001
   0.00001
   0.00001
   0.00001
   0.00001
   0.00001
   0.00001
   0.00001
   0.00001
   0.00001
   0.00001
   0.00001
   0.00001
   0.00001
   0.00001
   0.00001
   0.00001
   0.00001
   0.00001
   0.00001
   0.00001
   0.00001
   0.00001
   0.00001
   0.00001
   0.00001
   0.00001
   0.00001
   0.00001
   0.00001
   0.00001
   0.00001
   0.00001
   0.00001
   0.00001
   0.00001
   0.00001
   0.00001
   0.00001
   0.00001
   0.00001
   0.00001
   0.00001
   0.00001
   0.00001
   0.00001
   0.00001
   0.00001
   0.00001
   0.00001
   0.00001
   0.00001
   0.00001
   0.00001
   0.00001
   0.00001
   0.00001
   0.00001
   0.00001
   0.00000
   0.00000
   0.00000
   0.00000
   0.00000
   0.00000
   0.00000
   0.00000
   0.00000
   0.00000
   0.00000
   0.00000
   0.00000
   0.00000
   0.00000
   0.00000
   0.00000
   0.00000
   0.00000
   0.00000
   0.00000
   0.00000
   0.00000
   0.00000
   0.00000
   0.00000
   0.00000
   0.00000
   0.00000
   0.00000
   0.00000
   0.00000
   0.00000
   0.00000
   0.00000
   0.00000
   0.00000
   0.00000
   0.00000
   0.00000
   0.00000
   0.00000
   0.00000
   0.00000
   0.00000
   0.00000
   0.00000
   0.00000
   0.00000
   0.00000
   0.00000
   0.00000
   0.00000
   0.00000
   0.00000
   0.00000
   0.00000
   0.00000
   0.00000
   0.00000
   0.00000
   0.00000
   0.00000
   0.00000
   0.00000
   0.00000
   0.00000
   0.00000
   0.00000
   0.00000
   0.00000
   0.00000
   0.00000
   0.00000
   0.00000
   0.00000
   0.00000
   0.00000
   0.00000
   0.00000
   0.00000
   0.00000
   0.00000
   0.00000
   0.00000
   0.00000
   0.00000
   0.00000
   0.00000
   0.00000
   0.00000
   0.00000
   0.00000
   0.00000
   0.00000
   0.00000
   0.00000
   0.00000
   0.00000
   0.00000
   0.00000
   0.00000
   0.00000
   0.00000
   0.00000
   0.00000
   0.00000
   0.00000
   0.00000
   0.00000
   0.00000
   0.00000
   0.00000
   0.00000
   0.00000
   0.00000
   0.00000
   0.00000
   0.00000
   0.00000
   0.00000
   0.00000
   0.00000
   0.00000
   0.00000
   0.00000
   0.00000
   0.00000
   0.00000
   0.00000
   0.00000
   0.00000
   0.00000
   0.00000
   0.00000
   0.00000
   0.00000
   0.00000
   0.00000
   0.00000
   0.00000
   0.00000
   0.00000
   0.00000
   0.00000
   0.00000
   0.00000
   0.00000
   0.00000
   0.00000
   0.00000
   0.00000
   0.00000
   0.00000
   0.00000
   0.00000
   0.00000
   0.00000
   0.00000
   0.00000
   0.00000
   0.00000
   0.00000
   0.00000
   0.00000
   0.00000
   0.00000
   0.00000
   0.00000
   0.00000
   0.00000
   0.00000
   0.00000
   0.00000
   0.00000
   0.00000
   0.00000
   0.00000
   0.00000
   0.00000
   0.00000
   0.00000
   0.00000
   0.00000
   0.00000
   0.00000
   0.00000
   0.00000
   0.00000
   0.00000
   0.00000
   0.00000
   0.00000
   0.00000
   0.00000
   0.00000
   0.00000
   0.00000
   0.00000
   0.00000
   0.00000
   0.00000
   0.00000
   0.00000
   0.00000
   0.00000
   0.00000
   0.00000
   0.00000
   0.00000
   0.00000
   0.00000
   0.00000
   0.00000
   0.00000
   0.00000
   0.00000
   0.00000
   0.00000
   0.00000
   0.00000
   0.00000
   0.00000
   0.00000
   0.00000
   0.00000
   0.00000
   0.00000
   0.00000
   0.00000
   0.00000
   0.00000
   0.00000
   0.00000
   0.00000
   0.00000
   0.00000
   0.00000
   0.00000
   0.00000
   0.00000
   0.00000
   0.00000
   0.00000
   0.00000
   0.00000
   0.00000
   0.00000
   0.00000
   0.00000
   0.00000
   0.00000
   0.00000
   0.00000
   0.00000
   0.00000
   0.00000
   0.00000
   0.00000
   0.00000
   0.00000
   0.00000
   0.00000
   0.00000
   0.00000
   0.00000
   0.00000
   0.00000
   0.00000
   0.00000
   0.00000
   0.00000
   0.00000
   0.00000
   0.00000
   0.00000
   0.00000
   0.00000
   0.00000
   0.00000
   0.00000
   0.00000
   0.00000
   0.00000
   0.00000
  17.00159
   0.53905
   0.49371
   0.47197
   0.46233
   0.45779
   0.45306
   0.44920
   0.44528
   0.44126
   0.43737
   0.43350
   0.42967
   0.42588
   0.42219
   0.40468
   0.39591
   0.39467
   0.39339
   0.39080
   0.38737
   0.38366
   0.37994
   0.37621
   0.37246
   0.36883
   0.36517
   0.36161
   0.35789
   0.35437
   0.35070
   0.34716
   0.34354
   0.34003
   0.33644
   0.33289
   0.32934
   0.32581
   0.32231
