   0.64562
   0.63256
   0.62766
   0.62548
   0.62316
   0.62098
   0.61881
   0.61633
   0.61425
   0.61202
   0.60983
   0.60761
   0.60539
   0.60315
   0.60090
   0.59863
   0.59634
   0.59402
   0.59169
   0.58933
   0.58695
   0.58454
   0.58209
   0.57962
   0.57715
   0.57459
   0.57203
   0.56943
   0.56681
   0.56413
   0.56145
   0.55870
   0.55592
   0.55311
   0.55027
   0.54738
   0.54448
   0.54149
   0.53850
   0.53543
   0.53237
   0.52924
   0.52607
   0.52284
   0.51963
   0.51634
   0.51303
   0.50968
   0.50627
   0.50283
   0.49937
   0.49586
   0.49232
   0.48876
   0.48518
   0.48155
   0.47789
   0.47422
   0.47055
   0.46687
   0.46315
   0.45945
   0.45572
   0.45201
   0.44827
   0.44457
   0.44087
   0.43719
   0.43353
   0.42988
   0.42627
   0.42271
   0.41918
   0.41570
   0.41226
   0.40890
   0.40558
   0.40236
   0.39921
   0.39613
   0.39317
   0.39029
   0.38753
   0.38489
   0.38240
   0.38005
   0.37784
   0.37579
   0.37392
   0.37221
   0.37066
   0.36925
   0.36788
   0.36659
   0.36527
   0.36367
   0.36186
   0.35957
   0.35665
   0.35311
   0.34895
   0.34418
   0.33931
   0.33424
   0.32919
   0.32427
   0.31941
   0.31469
   0.31008
   0.30558
   0.30116
   0.29683
   0.29261
   0.28839
   0.28420
   0.28006
   0.27593
   0.27182
   0.26771
   0.26359
   0.25947
   0.25536
   0.25121
   0.24710
   0.24294
   0.23888
   0.23475
   0.23074
   0.22671
   0.22273
   0.21877
   0.21488
   0.21097
   0.20716
   0.20341
   0.19965
   0.19598
   0.19235
   0.18877
   0.18526
   0.18177
   0.17835
   0.17497
   0.17166
   0.16841
   0.16519
   0.16200
   0.15890
   0.15582
   0.15282
   0.14989
   0.14697
   0.14413
   0.14131
   0.13855
   0.13585
   0.13320
   0.13060
   0.12805
   0.12554
   0.12306
   0.12066
   0.11828
   0.11596
   0.11368
   0.11143
   0.10924
   0.10707
   0.10498
   0.10291
   0.10089
   0.09890
   0.09694
   0.09504
   0.09317
   0.09134
   0.08955
   0.08779
   0.08606
   0.08437
   0.08271
   0.08108
   0.07950
   0.07794
   0.07642
   0.07492
   0.07347
   0.07203
   0.07063
   0.06925
   0.06791
   0.06658
   0.06529
   0.06403
   0.06279
   0.06157
   0.06038
   0.05921
   0.05808
   0.05695
   0.05585
   0.05478
   0.05373
   0.05270
   0.05169
   0.05070
   0.04971
   0.04877
   0.04784
   0.04692
   0.04603
   0.04516
   0.04430
   0.04345
   0.04262
   0.04181
   0.04102
   0.04024
   0.03947
   0.03872
   0.03798
   0.03726
   0.03655
   0.03585
   0.03517
   0.03450
   0.03385
   0.03320
   0.03257
   0.03195
   0.03134
   0.03074
   0.03016
   0.02959
   0.02903
   0.02847
   0.02793
   0.02740
   0.02688
   0.02637
   0.02587
   0.02539
   0.02491
   0.02444
   0.02398
   0.02353
   0.02309
   0.02266
   0.02223
   0.02182
   0.02142
   0.02102
   0.02064
   0.02026
   0.01989
   0.01952
   0.01917
   0.01882
   0.01848
   0.01815
   0.01782
   0.01751
   0.01719
   0.01689
   0.01658
   0.01629
   0.01599
   0.01571
   0.01542
   0.01514
   0.01487
   0.01460
   0.01432
   0.01406
   0.01379
   0.01353
   0.01327
   0.01302
   0.01276
   0.01252
   0.01227
   0.01203
   0.01179
   0.01155
   0.01132
   0.01109
   0.01086
   0.01064
   0.01042
   0.01020
   0.00999
   0.00978
   0.00958
   0.00938
   0.00918
   0.00899
   0.00880
   0.00861
   0.00843
   0.00825
   0.00807
   0.00790
   0.00773
   0.00757
   0.00740
   0.00724
   0.00709
   0.00693
   0.00678
   0.00663
   0.00649
   0.00634
   0.00621
   0.00607
   0.00593
   0.00580
   0.00567
   0.00555
   0.00542
   0.00530
   0.00518
   0.00507
   0.00495
   0.00484
   0.00473
   0.00462
   0.00452
   0.00441
   0.00431
   0.00421
   0.00411
   0.00402
   0.00392
   0.00383
   0.00374
   0.00365
   0.00357
   0.00349
   0.00341
   0.00333
   0.00326
   0.00319
   0.00312
   0.00306
   0.00300
   0.00294
   0.00288
   0.00283
   0.00278
   0.00273
   0.00269
   0.00265
   0.00260
   0.00256
   0.00253
   0.00249
   0.00245
   0.00240
   0.00236
   0.00231
   0.00225
   0.00216
   0.00199
   0.00183
   0.00200
   0.00193
   0.00189
   0.00183
   0.00177
   0.00171
   0.00168
   0.00165
   0.00162
   0.00159
   0.00156
   0.00153
   0.00150
   0.00147
   0.00144
   0.00142
   0.00139
   0.00136
   0.00133
   0.00131
   0.00128
   0.00126
   0.00123
   0.00121
   0.00118
   0.00116
   0.00113
   0.00111
   0.00109
   0.00107
   0.00105
   0.00103
   0.00100
   0.00098
   0.00097
   0.00095
   0.00093
   0.00091
   0.00089
   0.00088
   0.00087
   0.00086
   0.00087
   0.00098
   0.00118
   0.00119
   0.00112
   0.00083
   0.00160
   0.00511
   0.00099
   0.00079
   0.00114
   0.00071
   0.00106
   0.00094
   0.00085
   0.00069
   0.00063
   0.00107
   0.00095
   0.00067
   0.00081
   0.00059
   0.00141
   0.00054
   0.00089
   0.00064
   0.00053
   0.00168
   0.00049
   0.00114
   0.00094
   0.00141
   0.00046
   0.00098
   0.00098
   0.00046
   0.00127
   0.00050
   0.00174
   0.00045
   0.00136
   0.00040
   0.00310
   0.00047
   0.00221
   0.00046
   0.00253
   0.00046
   0.00365
   0.00045
   0.00530
   0.00040
   0.01151
   0.00038
   0.01743
   0.00964
   0.02603
   0.00229
   0.00297
   0.02478
   0.00063
   0.02830
   0.00115
   0.02825
   0.00087
   0.00048
   0.00032
   0.00033
   0.00032
   0.00032
   0.00032
   0.00032
   0.00032
   0.00032
   0.00032
   0.00031
   0.00031
   0.00031
   0.00031
   0.00031
   0.00031
   0.00031
   0.00030
   0.00030
   0.00030
   0.00030
   0.00030
   0.00030
   0.00029
   0.00029
   0.00029
   0.00029
   0.00029
   0.00029
