   0.68343
   0.68927
   0.69420
   0.69461
   0.69738
   0.69466
   0.69285
   0.69482
   0.69393
   0.69899
   0.69287
   0.70231
   0.69506
   0.69871
   0.70095
   0.69781
   0.69742
   0.69630
   0.69412
   0.69446
   0.69116
   0.68914
   0.69024
   0.68721
   0.68468
   0.68258
   0.68001
   0.67715
   0.67552
   0.67321
   0.67032
   0.66625
   0.66108
   0.65531
   0.64963
   0.64447
   0.63953
   0.63477
   0.62989
   0.62468
   0.61918
   0.61312
   0.60666
   0.60019
   0.59350
   0.58684
   0.58035
   0.57400
   0.56788
   0.56232
   0.55689
   0.55180
   0.54767
   0.54439
   0.54124
   0.53952
   0.53780
   0.53650
   0.53552
   0.53445
   0.53344
   0.53216
   0.52993
   0.52741
   0.52393
   0.52025
   0.51587
   0.51308
   0.50908
   0.50555
   0.50211
   0.50092
   0.49499
   0.49000
   0.48519
   0.47905
   0.47228
   0.46174
   0.45170
   0.43746
   0.42348
   0.41063
   0.39538
   0.38531
   0.38381
   0.38703
   0.42713
   0.50177
   0.56526
   0.60272
   0.57846
   0.50008
   0.44922
   0.49538
   0.53118
   0.51743
   0.40072
   0.14923
   0.17791
   0.13017
   0.11881
   0.24564
   0.30595
   0.29131
   0.49353
   0.74000
   0.18255
   0.03682
   0.03593
   0.05797
   0.03576
   0.03343
   0.03117
   0.04303
   0.06623
   0.05399
   0.04910
   0.02876
   0.02533
   0.03476
   0.07318
   0.05496
   0.11850
   0.07760
   0.10468
   0.17992
   0.09988
   0.04894
   0.04264
   0.03200
   0.03317
   0.03324
   0.07758
   0.18057
   0.02166
   0.14844
   0.06156
   0.01995
   0.03658
   0.03883
   0.04219
   0.02292
   0.04265
   0.01738
   0.04306
   0.14845
   0.01748
   0.01554
   0.01540
   0.02589
   0.04657
   0.01736
   0.01412
   0.01420
   0.01246
   0.01458
   0.01602
   0.01290
   0.02542
   0.01493
   0.02315
   0.02013
   0.01271
   0.01560
   0.01145
   0.03096
   0.00780
   0.00729
   0.01648
   0.00870
   0.00681
   0.33233
   0.00579
   0.00629
   0.00606
   0.00571
   0.00510
   0.00444
   0.03232
   0.04528
   0.00381
   0.00358
   0.00952
   0.00383
   0.04158
   0.00517
   0.00461
   0.00439
   0.00403
   1.21358
   0.08232
   0.05433
   0.05688
   0.04575
   0.03515
   0.03387
   0.10117
   0.05756
   0.11000
   0.07993
   0.08611
   0.01584
   0.01526
   0.01563
   0.01319
   0.02798
   0.01484
   0.02166
   0.01162
   0.00993
   0.01127
   0.01403
   0.01043
   0.02349
   0.10275
   0.06895
   0.05393
   0.04592
   0.04239
   0.03967
   0.03734
   0.03511
   0.03306
   0.03138
   0.02990
   0.02861
   0.02753
   0.02664
   0.02559
   0.02385
   0.02134
   0.01947
   0.01897
   0.01742
   0.01955
   0.65016
   0.02157
   0.02116
   0.02100
   0.02103
   0.02124
   0.02168
   0.02104
   0.02253
   0.01612
   0.02684
   0.03825
   0.02029
   0.05129
   0.05939
   0.06288
   0.05983
   0.05630
   0.05206
   0.04732
   0.04212
   0.03695
   0.03220
   0.02813
   0.02546
   0.02593
   0.02568
   0.02646
   0.02757
   0.03158
   0.03361
   0.03741
   0.00504
   1.33456
   0.00458
   0.08481
   0.02001
   0.00483
   0.00817
   0.16225
   0.00653
   0.00402
   0.22137
   0.01031
   0.00506
   0.87356
   0.38064
   0.00335
   0.00332
   0.00365
   0.00432
   0.01226
   0.16677
   0.00255
   0.00454
   0.00275
   0.02469
   0.02211
   0.01465
   0.85514
   0.00567
   0.03664
   0.00407
   0.00330
   0.00265
   0.00207
   0.00170
   0.00178
   0.00229
   0.00141
   0.00142
   0.21548
   0.00551
   0.00392
   0.00301
   0.00232
   0.00185
   0.00155
   0.00148
   0.00131
   0.00138
   0.00123
   0.00154
   0.00133
   0.09482
   0.02509
   0.01226
   0.05917
   0.02130
   1.20986
   0.00549
   0.00488
   0.01652
   1.21434
   0.00564
   0.00665
   0.02407
   0.02365
   0.90588
   0.00777
   0.00666
   0.00554
   0.00397
   0.00292
   0.02685
   0.96786
   0.00211
   0.00455
   0.04121
   0.79935
   0.00376
   0.00357
   0.00335
   0.00269
   0.00207
   0.00152
   0.72933
   0.00202
   0.00211
   0.00204
   0.00179
   0.00148
   0.00444
   0.00162
   0.00159
   0.00148
   0.00123
   0.00666
   0.00095
   0.00117
   0.00099
   0.05698
   0.01169
   0.15352
   0.00631
   0.01375
   0.01014
   0.01029
   0.00473
   0.00438
   0.00703
   0.00451
   0.00467
   0.00327
   0.00376
   0.00357
   0.38452
   0.00373
   0.00376
   0.00365
   0.00329
   0.00290
   0.00282
   0.00767
   0.00270
   0.03843
   0.03334
   0.02436
   0.02058
   0.01816
   0.01660
   0.01608
   0.01339
   0.01478
   0.01159
   0.01400
   0.01024
   0.00983
   0.01378
   0.00881
   0.00840
   0.01291
   0.00753
   0.00703
   0.00699
   0.00631
   0.00605
   0.00583
   0.00544
   0.00527
   0.01250
   0.00478
   0.00472
   0.00457
   0.00440
   0.01062
   0.00404
   0.00414
   0.00374
   0.00391
   0.00443
   0.00389
   0.00371
   0.00349
   0.00325
   0.00327
   0.00307
   0.00316
   0.00350
   0.00309
   0.00280
   0.00273
   0.00280
   0.00256
   0.00242
   0.00236
   0.00223
   0.00250
   0.00210
   0.02042
   0.01817
   0.00269
   0.00194
   0.00332
   0.00447
   0.00745
   0.00559
   0.00374
   0.00318
   0.00294
   0.00266
   0.00250
   0.00422
   0.00386
   0.00382
   0.00380
   0.00365
   0.00356
   0.00360
   0.00355
   0.00340
   0.00337
   0.47175
   0.41690
   0.38799
   0.34923
   0.28506
   0.23900
   0.20909
   0.18439
   0.16292
   0.14474
   0.13188
   0.11855
   0.10698
   0.09593
   0.08661
   0.07922
   0.07239
   0.06590
   0.06057
   0.05577
   0.05135
   0.04732
   0.04361
   0.04024
   0.03708
   0.03411
   0.03151
   0.02914
   0.02694
   0.02493
   0.02312
   0.02149
   0.02003
   0.01874
   0.01760
   0.01659
   0.01569
   0.01482
   0.01398
   0.01319
   0.01248
   0.01186
   0.01130
   0.01081
   0.01038
   0.00996
   0.00957
   0.00918
   0.00882
   0.00849
   0.00820
   0.00790
   0.00765
   0.00743
   0.00723
   0.00707
   0.00692
   0.00678
   0.00664
   0.00652
   0.00644
   0.00643
   0.00649
   0.00660
   0.00661
   0.00653
   0.00643
   0.00641
   0.00643
   0.00647
   0.00657
   0.00673
   0.00734
   0.01115
   0.04754
   0.10368
   0.09471
   0.04070
   0.05244
   0.02420
   0.04027
   0.06509
   0.01745
   0.01679
   0.04056
   0.03932
   0.03315
   0.02557
   0.04004
   0.03712
   0.02907
   0.02387
   0.00828
   0.01347
   0.00494
   0.00740
   0.01273
   0.00254
   0.00580
   0.01198
   0.00955
   0.20671
   0.00748
   0.00371
   0.00697
   0.00849
   0.00668
   0.00089
   0.00434
   0.00597
   0.17982
   0.00232
   0.00241
   0.01077
   0.00396
   0.04742
   0.00085
   0.20323
   0.05851
   0.00877
   0.00102
   0.02800
   0.03212
   0.00056
   0.07947
   0.04893
   0.05208
   0.00268
   0.00316
   0.07188
   0.08198
   0.00476
   0.10620
   0.00449
   0.00235
   0.01214
   0.04824
   0.00406
   0.00415
   0.11039
   0.00043
   0.02906
   0.03821
   0.07050
   0.00046
   0.00052
   0.00183
   0.00095
   0.01870
   1.29042
   0.71028
   0.69937
   0.71070
   0.71455
   0.71561
   0.71591
   0.71601
   0.71605
   0.71608
   0.71611
   0.71613
   0.71614
   0.71616
   0.71617
   0.71617
   0.71618
   0.71618
   0.71619
   0.71619
   0.71619
   0.71620
   0.71620
   0.71620
   0.71620
   0.71620
   0.71620
   0.71620
   0.71620
   0.71620
   0.71620
   0.71620
   0.71620
   0.71620
   0.71620
   0.71620
   0.71620
   0.71620
   0.71620
   0.71620
   0.71620
   0.71620
   0.71620
   0.71620
   0.71620
   0.71620
   0.71620
   0.71620
   0.71620
   0.71620
   0.71620
   0.71620
   0.71620
   0.71620
   0.71620
   0.71620
   0.71620
   0.71620
   0.71620
   0.71620
   0.71620
   0.71620
   0.71620
   0.71620
   0.71620
   0.71620
   0.71620
   0.71620
   0.71619
   0.71619
   0.71619
   0.71619
   0.71619
   0.71619
   0.71619
   0.71619
   0.71619
   0.71619
   0.71619
   0.71619
   0.71619
   0.71619
   0.71619
   0.71619
   0.71619
   0.71619
   0.71619
   0.71619
   0.71619
   0.71619
   0.71619
   0.71619
   0.71619
   0.71619
   0.71619
   0.71619
   0.71619
   0.71619
   0.71619
   0.71619
   0.71619
   0.71619
   0.71619
   0.71619
   0.71619
   0.71619
   0.71619
   0.71619
   0.71619
   0.71619
   0.71619
   0.71619
   0.71619
   0.71619
   0.71619
   0.71619
   0.71619
   0.71619
   0.71619
   0.71619
   0.71619
   0.71619
   0.71619
   0.71619
   0.71619
   0.71618
   0.71618
   0.71618
   0.71618
   0.71618
   0.71618
   0.71618
   0.71618
   0.71618
   0.71618
   0.71618
   0.71618
   0.71618
   0.71618
   0.71618
   0.71618
   0.71618
   0.71618
   0.71618
   0.71618
   0.71618
   0.71618
   0.71618
   0.71618
   0.71618
   0.71618
   0.71618
   0.71618
   0.71618
   0.71618
   0.71618
   0.71618
   0.71618
   0.71618
   0.71618
   0.71618
   0.71618
   0.71618
   0.71618
   0.71618
   0.71618
   0.71618
   0.71618
   0.71618
   0.71618
   0.71618
   0.71618
   0.71618
   0.71618
   0.71618
   0.71618
   0.71618
   0.71618
   0.71618
   0.71618
   0.71617
   0.71617
   0.71617
   0.71617
   0.71617
   0.71617
   0.71617
   0.71617
   0.71617
   0.71617
   0.71617
   0.71617
   0.71617
   0.71617
   0.71617
   0.71617
   0.71617
   0.71617
   0.71617
   0.71617
   0.71617
   0.71617
   0.71617
   0.71617
   0.71617
   0.71617
   0.71617
   0.71617
   0.71617
   0.71617
   0.71617
   0.71617
   0.71617
   0.71617
   0.71617
   0.71617
   0.71617
   0.71617
   0.71617
   0.71617
   0.71617
   0.71617
   0.71617
   0.71617
   0.71617
   0.71617
   0.71617
   0.71617
   0.71617
   0.71617
   0.71617
   0.71617
   0.71617
   0.71617
   0.71617
   0.71617
   0.71616
   0.71616
   0.71616
   0.71616
   0.71616
   0.71616
   0.71616
   0.71616
   0.71616
   0.71616
   0.71616
   0.71616
   0.71616
   0.71616
   0.71616
   0.71616
   0.71616
   0.71616
   0.71616
   0.71616
   0.71616
   0.71616
   0.71616
   0.71616
   0.71616
   0.71616
   0.71616
   0.71616
   0.71616
   0.71616
   0.71616
   0.71616
   0.71616
   0.71616
   0.71616
   0.71616
   0.71616
   0.71616
   0.71616
   0.71616
   0.71616
   0.71616
   0.71616
   0.71616
   0.71616
   0.71616
   0.71616
   0.71616
   0.71616
   0.71616
   0.71616
   0.71616
   0.71616
   0.71616
   0.71615
   0.71615
   0.71615
   0.71615
   0.71615
   0.71615
   0.71615
   0.71615
   0.71615
   0.71615
   0.71615
   0.71615
   0.71615
   0.71615
   0.71615
   0.71615
   0.71615
   0.71615
   0.71615
   0.71615
   0.71615
   0.71615
   0.71615
   0.71615
   0.71615
   0.71615
   0.71615
   0.71615
   0.71615
   0.71615
   0.71615
   0.71615
   0.71615
   0.71615
   0.71615
   0.71615
   0.71615
   0.71615
   0.71615
   0.71615
   0.71615
   0.71615
   0.71615
   0.71615
   0.71615
   0.71615
   0.71615
   0.71615
   0.71615
   0.71615
   0.71615
   0.71615
   0.71615
   0.71615
   0.71615
   0.71614
   0.71614
   0.71614
   0.71614
   0.71614
   0.71614
   0.71614
   0.71614
   0.71614
   0.71614
   0.71614
   0.71614
   0.71614
   0.71614
   0.71614
   0.71614
   0.71614
   0.71614
   0.71614
   0.71614
   0.71614
   0.71614
   0.71614
   0.71614
   0.71614
   0.71614
   0.71614
   0.71614
   0.71614
   0.71614
   0.71614
   0.71614
   0.71614
   0.71614
   0.71614
   0.71614
   0.71614
   0.71614
   0.71614
