   0.63487
   0.63397
   0.63135
   0.62881
   0.62877
   0.62816
   0.62386
   0.62127
   0.61863
   0.61605
   0.61341
   0.61083
   0.60818
   0.60555
   0.60285
   0.60012
   0.59743
   0.59465
   0.59180
   0.58894
   0.58601
   0.58309
   0.58006
   0.57698
   0.57389
   0.57076
   0.56758
   0.56419
   0.56049
   0.55748
   0.55420
   0.55072
   0.54717
   0.54359
   0.53997
   0.53629
   0.53255
   0.52875
   0.52487
   0.52102
   0.51567
   0.51345
   0.50950
   0.50491
   0.50108
   0.49731
   0.49302
   0.48886
   0.48471
   0.48004
   0.47567
   0.47180
   0.46773
   0.46354
   0.45954
   0.45558
   0.45150
   0.44752
   0.44362
   0.44016
   0.43626
   0.43278
   0.42961
   0.42643
   0.42368
   0.42109
   0.41874
   0.41693
   0.41532
   0.41417
   0.41262
   0.41170
   0.41182
   0.41123
   0.41014
   0.40890
   0.40614
   0.40237
   0.39752
   0.39186
   0.38625
   0.37800
   0.37296
   0.36674
   0.36137
   0.35661
   0.35158
   0.34672
   0.34203
   0.33760
   0.33264
   0.32798
   0.32318
   0.31795
   0.31308
   0.30785
   0.30133
   0.29949
   0.29256
   0.28594
   0.28219
   0.27533
   0.27229
   0.26645
   0.26232
   0.25691
   0.25200
   0.24803
   0.24287
   0.23766
   0.23357
   0.22930
   0.22519
   0.22087
   0.21719
   0.21242
   0.20820
   0.20392
   0.20006
   0.19575
   0.19177
   0.18754
   0.18410
   0.18047
   0.17649
   0.17291
   0.16946
   0.16555
   0.16203
   0.15879
   0.15482
   0.15201
   0.14888
   0.14590
   0.14280
   0.13911
   0.13609
   0.13315
   0.13051
   0.12753
   0.12476
   0.12246
   0.11945
   0.11682
   0.11444
   0.11192
   0.10926
   0.10702
   0.10491
   0.10227
   0.10080
   0.09803
   0.09633
   0.09448
   0.09195
   0.09030
   0.08815
   0.08666
   0.08448
   0.08309
   0.08095
   0.07958
   0.07713
   0.07591
   0.07429
   0.07325
   0.07102
   0.07045
   0.06838
   0.06777
   0.06599
   0.06451
   0.06306
   0.06153
   0.06026
   0.05883
   0.05752
   0.05681
   0.05535
   0.05417
   0.05306
   0.05179
   0.05083
   0.05011
   0.04821
   0.04807
   0.04665
   0.04565
   0.04433
   0.04387
   0.04291
   0.04177
   0.04129
   0.04074
   0.03978
   0.03849
   0.03844
   0.03695
   0.03633
   0.03540
   0.03472
   0.03391
   0.03320
   0.03252
   0.03203
   0.03114
   0.03071
   0.03013
   0.02973
   0.02904
   0.02852
   0.02764
   0.02676
   0.02624
   0.02564
   0.02504
   0.02480
   0.02422
   0.02357
   0.02327
   0.02285
   0.02214
   0.02195
   0.02160
   0.02099
   0.02063
   0.02022
   0.01979
   0.01937
   0.01903
   0.01856
   0.01811
   0.01787
   0.01745
   0.01697
   0.01675
   0.01633
   0.01603
   0.01582
   0.01543
   0.01499
   0.01479
   0.01438
   0.01396
   0.01381
   0.01357
   0.01316
   0.01290
   0.01268
   0.01243
   0.01211
   0.01187
   0.01158
   0.01135
   0.01099
   0.01092
   0.01057
   0.01028
   0.01016
   0.00997
   0.00961
   0.00947
   0.00931
   0.00911
   0.00875
   0.00871
   0.00841
   0.00821
   0.00810
   0.00785
   0.00771
   0.00751
   0.00732
   0.00717
   0.00692
   0.00684
   0.00663
   0.00651
   0.00635
   0.00620
   0.00606
   0.00590
   0.00573
   0.00563
   0.00547
   0.00527
   0.00525
   0.00505
   0.00499
   0.00485
   0.00467
   0.00460
   0.00449
   0.00440
   0.00426
   0.00417
   0.00405
   0.00399
   0.00383
   0.00382
   0.00365
   0.00360
   0.00352
   0.00340
   0.00332
   0.00329
   0.00312
   0.00310
   0.00302
   0.00298
   0.00284
   0.00280
   0.00268
   0.00263
   0.00252
   0.00246
   0.00240
   0.00229
   0.00224
   0.00218
   0.00214
   0.00210
   0.00207
   0.00202
   0.00200
   0.00201
   0.00205
   0.00228
   0.00324
   0.00318
   0.00294
   0.00184
   0.00187
   0.00286
   0.00386
   0.00168
   0.00154
   0.00144
   0.00143
   0.00137
   0.00136
   0.00130
   0.00128
   0.00124
   0.00121
   0.00118
   0.00116
   0.00112
   0.00109
   0.00107
   0.00104
   0.00102
   0.00099
   0.00097
   0.00094
   0.00093
   0.00090
   0.00088
   0.00086
   0.00084
   0.00082
   0.00081
   0.00079
   0.00077
   0.00075
   0.00074
   0.00072
   0.00071
   0.00070
   0.00068
   0.00068
   0.00066
   0.00065
   0.00065
   0.00064
   0.00063
   0.00062
   0.00061
   0.00061
   0.00060
   0.00060
   0.00059
   0.00060
   0.00059
   0.00061
   0.00059
   0.00062
   0.00057
   0.00061
   0.00059
   0.00065
   0.00052
   0.00056
   0.00067
   0.00068
   0.00056
   0.00072
   0.00049
   0.00052
   0.00069
   0.00102
   0.00041
   0.00038
   0.00039
   0.00038
   0.00037
   0.00041
   0.00043
   0.00060
   0.00158
   0.00486
   0.01042
   0.03190
   0.00046
   0.00204
   0.00854
   0.00041
   0.00038
   0.00049
   0.00048
   0.00046
   0.00045
   0.00045
   0.00045
   0.00045
   0.00045
   0.00044
   0.00044
   0.00044
   0.00044
   0.00043
   0.00043
   0.00043
   0.00043
   0.00043
   0.00041
   0.00041
   0.00041
   0.00041
   0.00040
   0.00040
   0.00039
   0.00039
   0.00038
   0.00038
   0.00037
   0.00036
   0.00036
   0.00035
   0.00035
   0.00034
   0.00033
   0.00033
   0.00032
   0.00032
   0.00031
   0.00031
   0.00030
   0.00030
   0.00029
   0.00029
   0.00028
   0.00028
   0.00028
   0.00027
   0.00027
   0.00026
   0.00026
   0.00026
   0.00026
   0.00025
   0.00025
   0.00024
   0.00024
   0.00024
   0.00024
   0.00023
   0.00023
   0.00023
   0.00023
   0.00022
   0.00022
   0.00022
   0.00022
   0.00021
   0.00021
   0.00021
   0.00021
   0.00020
   0.00020
   0.00020
   0.00020
   0.00019
   0.00019
   0.00019
   0.00019
   0.00018
   0.00018
   0.00018
   0.00018
