   0.71087
   0.72788
   0.72243
   0.72287
   0.72398
   0.72675
   0.72415
   0.72892
   0.72776
   0.74378
   0.74814
   0.74464
   0.74379
   0.74538
   0.74670
   0.74653
   0.74618
   0.74508
   0.75103
   0.73769
   0.73972
   0.73837
   0.73999
   0.73825
   0.73670
   0.73696
   0.73499
   0.74041
   0.74502
   0.74895
   0.75473
   0.76436
   0.77264
   0.78069
   0.78901
   0.79747
   0.80640
   0.81667
   0.82667
   0.83732
   0.84917
   0.86243
   0.87623
   0.89197
   0.90758
   0.92289
   0.93911
   0.95503
   0.97178
   0.98807
   1.00520
   1.02132
   1.03657
   1.05142
   1.06742
   1.08159
   1.09653
   1.11013
   1.12884
   1.14306
   1.15676
   1.16992
   1.18278
   1.19445
   1.20578
   1.21806
   1.22878
   1.23984
   1.24843
   1.25828
   1.26788
   1.27851
   1.28754
   1.29587
   1.30277
   1.30949
   1.31560
   1.32054
   1.32432
   1.32715
   1.32811
   1.32627
   1.32393
   1.31935
   1.31152
   1.30303
   1.29273
   1.27941
   1.26410
   1.24798
   1.22947
   1.20977
   1.18762
   1.16473
   1.14011
   1.11327
   1.08617
   1.05902
   1.03058
   1.00161
   0.97128
   0.94081
   0.91014
   0.87947
   0.84953
   0.81920
   0.78994
   0.76072
   0.73253
   0.70614
   0.68082
   0.65679
   0.63344
   0.61119
   0.58987
   0.56973
   0.54971
   0.52989
   0.50990
   0.48902
   0.46533
   0.44065
   0.41335
   0.38457
   0.35606
   0.32868
   0.30298
   0.27979
   0.25894
   0.23981
   0.22232
   0.20605
   0.19075
   0.17659
   0.16342
   0.15122
   0.13988
   0.12936
   0.11976
   0.11126
   0.10413
   0.09876
   0.09591
   0.09635
   0.09293
   0.09015
   0.09194
   0.08108
   0.07559
   0.06763
   0.05760
   0.05119
   0.24498
   0.03765
   0.07734
   0.03680
   0.02506
   0.17102
   0.07919
   0.24446
   0.35696
   0.58791
   0.73830
   0.90528
   0.88978
   0.83666
   0.84166
   0.81506
   0.78218
   0.82288
   0.19409
   0.49290
   0.04336
   0.22541
   0.09979
   0.13094
   0.22649
   0.01475
   0.02617
   0.05883
   0.01239
   0.76106
   0.03722
   0.10325
   0.00997
   0.01173
   0.11916
   0.01466
   1.01831
   0.44200
   0.00847
   0.00817
   0.24775
   0.00764
   0.02754
   0.08610
   0.01689
   0.00674
   0.00647
   0.00623
   0.00823
   0.01054
   0.02966
   0.00740
   0.00596
   0.01802
   0.00504
   0.00798
   0.00996
   0.14301
   0.00713
   0.00452
   0.00526
   0.00418
   0.05141
   0.39066
   0.11104
   0.32229
   0.00378
   0.00811
   0.00776
   0.01032
   0.00353
   0.00366
   0.00782
   0.00674
   0.00332
   0.00674
   0.00582
   0.00479
   0.05383
   0.00691
   0.18676
   0.00504
   0.00411
   0.00755
   0.00592
   0.00299
   0.00278
   0.46164
   0.00223
   0.00443
   0.00310
   0.00522
   0.00326
   0.00530
   0.04361
   0.03692
   0.04454
   0.05775
   0.07684
   0.07451
   0.05599
   0.06472
   0.02221
   0.05666
   0.11569
   0.04731
   0.06547
   0.05112
   0.00900
   0.00938
   0.00804
   0.01553
   0.00958
   0.13300
   0.00700
   0.00777
   0.01433
   0.00945
   0.00939
   0.11670
   0.00664
   0.00569
   0.00550
   0.00485
   0.00493
   0.00558
   0.00589
   0.00364
   0.00406
   0.00453
   0.00401
   0.00437
   0.00466
   0.00549
   0.00457
   0.01404
   0.00452
   0.00485
   0.00500
   0.00470
   0.00291
   0.00288
   0.00355
   0.00558
   0.01422
   0.00679
   0.00556
   0.01372
   0.00819
   0.00630
   0.00561
   0.00497
   0.00434
   0.00420
   0.00335
   0.00330
   0.00346
   0.00311
   0.00404
   0.00392
   0.00403
   0.00879
   0.00498
   0.00468
   0.00404
   0.00406
   0.00424
   0.00336
   0.01032
   0.00639
   0.00450
   0.00485
   0.00992
   0.00696
   0.00580
   0.00422
   0.00416
   0.00498
   0.01423
   0.00834
   0.00668
   0.00675
   0.00580
   0.01236
   0.00815
   0.00657
   0.00420
   0.00411
   0.00346
   0.00355
   0.00308
   0.00331
   0.00322
   0.01045
   0.00404
   0.00393
   0.00404
   0.00361
   0.10707
   0.06050
   0.04404
   0.03560
   0.02905
   0.02382
   0.02008
   0.01705
   0.01438
   0.01218
   0.01032
   0.00892
   0.00775
   0.00685
   0.00611
   0.00545
   0.00488
   0.00433
   0.00386
   0.00346
   0.00311
   0.00279
   0.00251
   0.00229
   0.00211
   0.00192
   0.00179
   0.00160
   0.00147
   0.00140
   0.00130
   0.00121
   0.00111
   0.00106
   0.00101
   0.00096
   0.00099
   0.00093
   0.00094
   0.00091
   2.00424
   0.93453
   0.74776
   0.72198
   0.71755
   0.71666
   0.71649
   0.71646
   0.71646
   0.71646
   0.71646
   0.71647
   0.71647
   0.71647
   0.71647
   0.71647
   0.71646
   0.71646
   0.71646
   0.71646
   0.71646
   0.71646
   0.71646
   0.71646
   0.71646
   0.71646
   0.71646
   0.71646
   0.71646
   0.71646
   0.71646
   0.71646
   0.71646
   0.71646
   0.71646
   0.71645
   0.71645
   0.71645
   0.71645
   0.71645
   0.71645
   0.71645
   0.71645
   0.71645
   0.71645
   0.71645
   0.71645
   0.71645
   0.71645
   0.71645
   0.71645
   0.71645
   0.71645
   0.71645
   0.71644
   0.71644
   0.71644
   0.71644
   0.71644
   0.71644
   0.71644
   0.71644
   0.71644
   0.71644
   0.71644
   0.71644
   0.71644
   0.71644
   0.71644
   0.71644
   0.71644
   0.71644
   0.71644
   0.71643
   0.71643
   0.71643
   0.71643
   0.71643
   0.71643
   0.71643
   0.71643
   0.71643
   0.71643
   0.71643
   0.71643
   0.71643
   0.71643
   0.71643
   0.71643
   0.71643
   0.71643
   0.71643
   0.71643
   0.71642
   0.71642
   0.71642
   0.71642
   0.71642
   0.71642
   0.71642
   0.71642
   0.71642
   0.71642
   0.71642
   0.71642
   0.71642
   0.71642
   0.71642
   0.71642
   0.71642
