   0.66284
   0.65847
   0.65452
   0.64916
   0.64721
   0.64707
   0.64496
   0.64261
   0.64182
   0.64179
   0.64527
   0.64792
   0.65020
   0.65086
   0.64950
   0.64880
   0.64723
   0.64630
   0.64320
   0.64221
   0.62738
   0.62794
   0.62021
   0.61463
   0.61075
   0.60667
   0.60319
   0.60000
   0.58508
   0.56951
   0.55487
   0.54301
   0.53251
   0.52243
   0.51282
   0.50374
   0.49486
   0.48670
   0.48056
   0.47754
   0.47606
   0.47412
   0.47219
   0.47203
   0.47162
   0.46971
   0.46683
   0.46358
   0.45773
   0.45347
   0.44703
   0.44052
   0.43141
   0.42172
   0.41127
   0.39913
   0.38502
   0.37375
   0.35904
   0.34237
   0.32972
   0.31365
   0.30323
   0.29025
   0.27833
   0.26527
   0.25783
   0.24937
   0.24199
   0.23601
   0.22992
   0.22509
   0.22260
   0.21874
   0.21793
   0.21637
   0.21544
   0.21545
   0.21499
   0.21505
   0.21749
   0.20798
   0.20835
   0.20608
   0.19967
   0.20008
   0.19904
   0.19690
   0.19407
   0.19139
   0.18853
   0.18524
   0.18273
   0.17986
   0.17722
   0.17319
   0.17130
   0.16968
   0.16778
   0.16736
   0.16629
   0.16642
   0.16684
   0.16684
   0.16815
   0.17068
   0.17283
   0.17688
   0.18141
   0.18682
   0.19328
   0.19918
   0.20734
   0.21841
   0.23861
   0.25801
   0.12640
   0.09772
   0.11306
   0.21800
   0.09338
   0.07402
   0.07130
   0.06129
   0.05562
   0.05605
   0.13708
   0.05762
   0.04451
   0.04405
   0.30982
   0.07520
   0.08726
   0.04358
   0.04388
   0.03496
   0.17895
   0.20050
   0.08011
   0.09661
   0.09871
   0.14269
   0.22246
   0.31957
   0.33940
   0.36940
   0.39810
   0.45413
   0.42450
   0.52526
   0.22393
   0.19955
   0.17771
   0.16560
   0.14555
   0.13963
   0.43334
   0.25866
   0.21291
   0.26652
   0.31050
   0.57083
   0.48764
   0.42510
   0.43612
   0.48344
   0.45499
   0.43277
   0.40616
   0.40678
   0.33926
   0.31211
   0.29667
   0.29771
   0.27009
   0.24900
   0.22810
   0.22775
   0.21070
   0.19992
   0.18072
   0.17408
   0.16413
   0.15625
   0.25093
   0.57010
   0.02063
   0.02217
   0.00835
   0.16404
   0.00975
   0.00439
   0.02208
   0.00734
   0.02369
   0.00567
   0.00427
   0.04265
   0.00663
   0.00491
   0.00520
   0.00437
   0.00426
   0.00237
   0.12121
   0.00395
   0.00363
   0.00227
   0.35375
   0.00296
   0.05920
   0.00893
   0.00511
   0.00336
   0.00361
   0.00464
   0.00499
   0.00440
   0.00299
   0.00424
   0.00409
   0.00133
   0.00408
   0.13370
   0.00406
   0.00331
   0.00244
   0.00219
   0.00192
   0.00189
   0.00190
   0.00178
   0.00192
   0.00200
   0.00265
   0.00323
   0.00105
   0.00195
   0.43695
   0.37880
   0.35319
   0.33335
   0.31590
   0.30087
   0.28714
   0.27415
   0.26216
   0.25083
   0.24027
   0.23027
   0.22079
   0.21173
   0.20304
   0.19456
   0.18634
   0.17833
   0.17052
   0.16289
   0.15550
   0.14837
   0.14156
   0.13504
   0.12887
   0.12301
   0.11755
   0.11247
   0.10773
   0.10332
   0.09923
   0.09546
   0.09199
   0.08881
   0.08593
   0.08330
   0.08098
   0.07892
   0.07718
   0.07571
   0.07458
   0.07376
   0.07329
   0.07320
   0.07350
   0.07419
   0.07531
   0.07690
   0.07902
   0.08166
   0.08489
   0.08876
   0.09335
   0.09871
   0.10492
   0.11188
   0.11896
   0.12334
   0.11739
   0.09757
   0.07718
   0.06214
   0.05175
   0.04534
   0.04152
   0.03913
   0.03746
   0.03614
   0.03499
   0.03393
   0.03293
   0.03196
   0.03103
   0.03011
   0.02921
   0.02832
   0.02743
   0.02656
   0.02570
   0.02486
   0.02402
   0.02320
   0.02240
   0.02120
   0.02036
   0.01960
   0.01887
   0.01817
   0.01749
   0.01685
   0.01623
   0.01564
   0.01507
   0.01454
   0.01402
   0.01353
   0.01307
   0.01262
   0.01219
   0.01178
   0.01139
   0.01102
   0.01066
   0.01031
   0.00997
   0.00965
   0.00934
   0.00904
   0.00874
   0.00843
   0.00811
   0.00781
   0.00755
   0.00728
   0.00679
   0.00629
   0.00598
   0.00658
   0.00590
   0.00609
   0.00651
   0.01440
   0.00680
   0.02962
   0.02502
   0.00540
   0.00448
   0.00421
   0.00427
   0.00448
   0.00447
   0.00427
   0.00411
   0.00397
   0.00384
   0.00372
   0.00359
   0.00348
   0.00337
   0.00326
   0.00316
   0.00306
   0.00295
   0.00280
   0.00265
   0.00254
   0.00247
   0.00232
   0.00225
   0.00245
   0.00223
   0.00191
   0.00186
   0.00182
   0.00175
   0.00172
   0.00186
   0.38666
   0.00144
   0.00161
   0.40813
   0.26255
   0.00254
   0.00221
   0.00236
   0.00110
   0.00166
   0.00207
   0.00180
   0.01445
   0.00157
   0.00114
   0.00401
   0.01062
   0.00119
   0.01064
   0.00203
   0.00156
   0.00301
   0.00179
   0.00124
   0.00121
   0.00121
   0.00119
   0.00131
   0.00138
   0.00131
   0.00134
   0.00137
   0.00142
   0.00147
   0.00152
   0.00157
   0.00163
   0.00168
   0.00181
   0.00206
   0.00248
   0.00252
   0.00110
   0.00248
   0.00066
   0.00068
   0.00068
   0.00068
   0.00071
   0.00081
   0.00120
   0.00225
   0.00288
   0.00206
   0.00130
   0.00113
   0.00177
   0.00220
   0.00081
   0.00061
   0.00062
   0.00065
   0.00082
   0.00078
   0.00092
   0.00083
   0.00101
   0.00087
   0.00115
   0.00103
   0.00123
   0.00136
   0.00158
   0.00185
   0.00213
   0.00243
   0.00181
   0.00064
   0.01148
   0.00990
   0.00917
   0.00856
   0.00807
   0.00768
   0.00737
   0.00714
   0.00696
   0.00682
   0.00670
   0.00659
   0.00647
   0.00635
   0.00623
   0.00611
   0.00601
   0.00590
   0.00581
   0.00572
   0.00565
   0.00557
   0.00550
   0.00542
   0.00526
   0.00495
   0.00531
