   0.69395
   0.69577
   0.69550
   0.69387
   0.69394
   0.69300
   0.69116
   0.69030
   0.69014
   0.68930
   0.68792
   0.68722
   0.68628
   0.68547
   0.68433
   0.68340
   0.68248
   0.68138
   0.68045
   0.67934
   0.67811
   0.67713
   0.67598
   0.67494
   0.67383
   0.67232
   0.67330
   0.68522
   0.67413
   0.66997
   0.66929
   0.66851
   0.66739
   0.66611
   0.66495
   0.66374
   0.66241
   0.66144
   0.66029
   0.65922
   0.65822
   0.65725
   0.65635
   0.65564
   0.65486
   0.65433
   0.65382
   0.65344
   0.65321
   0.65233
   0.69201
   0.77012
   0.74816
   0.74865
   0.74921
   0.74971
   0.74987
   0.74919
   0.74937
   0.74917
   0.74927
   0.74919
   0.74858
   0.74784
   0.74667
   0.74591
   0.74170
   0.73932
   0.73654
   0.73245
   0.73237
   0.72791
   0.72338
   0.71906
   0.71495
   0.70934
   0.70469
   0.70078
   0.69596
   0.69072
   0.68635
   0.68040
   0.67628
   0.67118
   0.66636
   0.66212
   0.65476
   0.65040
   0.64394
   0.63777
   0.63120
   0.62582
   0.61895
   0.61303
   0.60722
   0.60032
   0.59355
   0.58699
   0.58002
   0.57329
   0.54669
   0.53464
   0.52906
   0.50468
   0.48942
   0.48092
   0.47365
   0.46577
   0.45909
   0.45225
   0.44651
   0.44150
   0.43804
   0.43296
   0.42959
   0.42651
   0.42397
   0.42169
   0.41980
   0.41821
   0.41689
   0.41618
   0.41585
   0.41576
   0.41567
   0.41597
   0.41582
   0.41508
   0.41465
   0.41356
   0.41171
   0.41025
   0.40822
   0.40661
   0.40372
   0.40172
   0.39813
   0.39615
   0.39309
   0.39051
   0.38830
   0.38492
   0.38261
   0.38097
   0.37824
   0.37613
   0.37318
   0.37089
   0.36876
   0.36671
   0.36398
   0.36152
   0.35933
   0.35749
   0.35534
   0.35393
   0.35136
   0.34930
   0.34729
   0.34530
   0.34367
   0.34214
   0.34041
   0.33837
   0.33611
   0.33393
   0.33107
   0.32869
   0.32466
   0.32144
   0.31773
   0.31340
   0.30875
   0.30420
   0.29994
   0.29572
   0.29131
   0.28760
   0.28213
   0.27821
   0.27471
   0.27155
   0.26785
   0.26403
   0.26014
   0.25663
   0.25349
   0.25036
   0.24746
   0.24447
   0.24160
   0.23858
   0.23606
   0.23306
   0.23039
   0.22769
   0.22494
   0.22225
   0.21848
   0.21528
   0.21183
   0.20904
   0.20709
   0.20342
   0.20091
   0.19840
   0.19606
   0.19365
   0.19166
   0.18950
   0.18798
   0.18521
   0.18249
   0.18042
   0.17827
   0.17604
   0.17374
   0.17263
   0.17024
   0.16738
   0.16485
   0.16241
   0.16001
   0.15774
   0.15510
   0.15286
   0.15014
   0.14781
   0.14544
   0.14374
   0.14169
   0.13926
   0.13708
   0.13468
   0.13304
   0.13072
   0.12846
   0.12644
   0.12408
   0.12186
   0.11968
   0.11795
   0.11558
   0.11428
   0.11130
   0.10957
   0.10783
   0.10561
   0.10314
   0.10163
   0.09962
   0.09783
   0.09562
   0.09357
   0.09157
   0.08962
   0.08825
   0.08586
   0.08396
   0.08214
   0.08050
   0.07899
   0.07727
   0.07514
   0.07349
   0.07204
   0.06989
   0.06851
   0.06677
   0.06517
   0.06357
   0.06163
   0.06017
   0.05862
   0.05708
   0.05565
   0.05396
   0.05268
   0.05146
   0.05004
   0.04863
   0.04768
   0.04653
   0.04554
   0.04478
   0.04407
   0.04357
   0.04282
   0.04271
   0.04240
   0.04289
   0.04307
   0.04384
   0.04495
   0.04694
   0.04927
   0.05296
   0.05731
   0.06262
   0.06858
   0.07465
   0.08081
   0.08961
   0.09707
   0.10786
   0.11713
   0.12830
   0.13990
   0.15348
   0.15538
   0.14249
   0.06688
   0.03591
   0.03440
   0.03165
   0.03232
   0.03174
   0.03176
   0.03151
   0.03142
   0.03116
   0.03107
   0.03084
   0.03077
   0.03049
   0.03030
   0.03031
   0.03010
   0.03002
   0.03010
   0.02990
   0.02989
   0.02994
   0.02992
   0.03006
   0.03010
   0.03042
   0.03065
   0.03086
   0.03129
   0.03178
   0.03240
   0.03281
   0.03331
   0.03331
   0.03283
   0.03159
   0.02994
   0.02776
   0.02566
   0.02387
   0.02262
   0.02195
   0.02151
   0.02116
   0.02087
   0.02066
   0.02042
   0.02019
   0.01994
   0.01967
   0.01937
   0.01910
   0.01886
   0.01857
   0.01827
   0.01798
   0.01770
   0.01741
   0.01713
   0.01684
   0.01657
   0.01628
   0.01602
   0.01574
   0.01548
   0.01521
   0.01496
   0.01470
   0.01444
   0.01419
   0.01394
   0.01371
   0.01348
   0.01323
   0.01301
   0.01279
   0.01256
   0.01234
   0.01214
   0.01193
   0.01172
   0.01152
   0.01131
   0.01113
   0.01093
   0.01075
   0.01057
   0.01040
   0.01021
   0.01003
   0.00990
   0.00972
   0.00957
   0.00939
   0.00925
   0.00911
   0.00892
   0.00885
   0.00861
   0.00867
   0.00829
   0.00873
   0.00806
   0.00917
   0.00777
   0.00914
   0.00748
   0.00906
   0.00716
   0.00893
   0.00686
   0.00877
   0.00656
   0.00862
   0.00628
   0.00849
   0.00601
   0.00836
   0.00576
   0.00826
   0.00552
   0.00815
   0.00529
   0.00798
   0.00511
   0.00775
   0.00506
   0.00733
   0.00522
   0.00605
   0.00513
   0.00620
   0.00530
   0.00554
   0.00523
   0.00570
   0.00533
   0.00559
   0.00545
   0.00556
   0.00565
   0.00571
   0.00581
   0.00594
   0.00605
   0.00614
   0.00617
   0.00622
   0.00634
   0.00645
   0.00663
   0.00679
   0.00698
   0.00710
   0.00731
   0.00748
   0.00744
   0.00752
   0.00726
   0.00739
   0.00525
   0.00747
   0.00212
   0.00678
   0.00712
   0.00702
   0.63441
   0.16763
   0.04050
   0.00382
   0.00239
   0.00242
   0.00239
   0.00239
   0.00238
   0.00238
   0.00237
   0.00237
   0.00236
   0.00235
   0.00235
   0.00234
   0.00233
   0.00232
   0.00231
   0.00230
   0.00230
   0.00229
   0.00229
   0.00228
   0.00228
   0.00227
   0.00226
   0.00226
   0.00225
   0.00225
   0.00225
   0.00225
   0.00225
   0.00225
   0.00225
   0.00225
   0.00225
   0.00225
   0.00225
   0.00225
   0.00224
   0.00224
   0.00224
   0.00223
   0.00223
   0.00222
   0.00222
   0.00222
   0.00222
   0.00222
   0.00223
   0.00223
   0.00223
   0.00223
   0.00223
   0.00223
   0.00222
   0.00222
   0.00222
   0.00221
   0.00221
   0.00220
   0.00219
   0.00218
   0.00218
   0.00216
   0.00215
   0.00214
   0.00212
   0.00210
   0.00208
   0.00206
   0.00204
   0.00202
   0.00200
   0.00197
   0.00195
   0.00193
   0.00191
   0.00189
   0.00187
   0.00185
   0.00184
   0.00182
   0.00181
   0.00180
   0.00179
   0.00178
   0.00177
   0.00176
   0.00176
   0.00175
   0.00175
   0.00175
   0.00175
   0.00174
   0.00175
   0.00175
   0.00175
   0.00176
   0.00177
   0.00178
   0.00180
   0.00182
   0.00185
   0.00189
   0.00194
   0.00201
   0.00214
   0.00244
   0.00353
   0.00554
   0.00109
   0.00541
   0.00108
   0.00580
   0.00880
   0.03472
   0.00413
   0.00103
   0.00105
   0.00105
   0.00104
   0.00104
   0.00104
   0.00104
   0.00103
   0.00103
   0.00103
   0.00103
   0.00103
   0.00102
   0.00102
   0.00102
   0.00102
   0.00102
   0.00102
   0.00102
   0.00101
   0.00101
   0.00101
   0.00101
   0.00101
   0.00101
   0.00101
   0.00101
   0.00100
   0.00100
   0.00100
   0.00100
   0.00100
   0.00100
   0.00100
   0.00099
   0.00099
   0.00099
   0.00099
   0.00099
   0.00098
   0.00098
   0.00098
   0.00098
   0.00097
   0.00097
   0.00097
   0.00096
   0.00096
   0.00096
   0.00095
   0.00095
   0.00094
   0.00094
   0.00093
   0.00093
   0.00092
   0.00091
   0.00091
   0.00090
   0.00089
   0.00089
   0.00088
   0.00087
   0.00087
   0.00086
   0.00085
   0.00085
   0.00084
   0.00084
   0.00083
   0.00083
   0.00082
   0.00082
   0.00081
   0.00081
   0.00081
   0.00080
   0.00080
   0.00080
   0.00080
   0.00079
   0.00079
   0.00079
   0.00079
   0.00079
   0.00079
   0.00080
   0.00080
   0.00080
   0.00081
   0.00082
   0.00083
   0.00084
   0.00086
   0.00090
   0.00096
   0.00112
   0.00206
   0.00059
   0.00287
   0.94955
   0.34690
   0.29547
   0.23695
   0.21212
   0.19551
   0.18961
   0.18237
   0.16869
   0.16390
   0.15898
   0.15466
   0.15058
   0.14666
   0.14288
   0.13922
   0.13566
   0.13222
   0.12888
   0.12565
   0.12249
   0.11943
   0.11646
   0.11355
   0.11073
   0.10799
   0.10532
   0.10271
   0.10019
   0.09773
   0.09531
   0.09291
   0.08445
   0.08082
   0.07879
   0.07688
   0.07502
   0.07322
   0.07148
   0.06978
   0.06813
   0.06653
   0.06498
   0.06347
   0.06200
   0.06057
   0.05918
   0.05783
   0.05652
   0.05524
   0.05399
   0.05277
   0.05159
   0.05044
   0.04932
   0.04822
   0.04715
   0.04611
   0.04510
   0.04411
   0.04314
   0.04220
   0.04128
   0.04039
   0.03951
   0.03866
   0.03782
   0.03701
   0.03621
   0.03543
   0.03468
   0.03393
   0.03321
   0.03250
   0.03181
   0.03114
   0.03048
   0.02983
   0.02920
   0.02859
   0.02799
   0.02740
   0.02683
   0.02627
   0.02572
   0.02519
   0.02466
   0.02416
   0.02367
   0.02319
   0.02273
   0.02228
   0.02186
   0.02145
   0.02106
   0.02071
   0.02038
   0.02009
   0.01982
   0.01961
   0.01943
   0.01932
   0.01924
   0.01921
   0.01924
   0.01932
   0.01943
   0.01958
   0.01976
   0.01995
   0.02016
   0.02038
   0.02061
   0.02085
   0.02106
   0.02105
   0.02278
   0.02384
   0.02439
   0.02469
   0.02478
   0.02452
   0.02339
   0.02042
   0.01715
   0.01634
   0.01627
   0.01596
   0.01570
   0.01545
   0.01522
   0.01497
   0.01474
   0.01452
   0.01431
   0.01410
   0.01389
   0.01369
   0.01351
   0.01333
   0.01315
   0.01298
   0.01284
   0.01268
   0.01251
   0.01237
   0.01224
   0.01211
   0.01199
   0.01188
   0.01177
   0.01167
   0.01157
   0.01150
   0.01141
   0.01135
   0.01129
   0.01125
   0.01120
   0.01118
   0.01117
   0.01115
   0.01116
   0.01118
   0.01121
   0.01124
   0.01128
   0.01134
   0.01139
   0.01144
   0.01149
   0.01154
   0.01159
   0.01163
   0.01167
   0.01171
   0.01175
   0.01180
   0.01185
   0.01191
   0.01197
   0.01205
   0.01213
   0.01219
   0.01243
   0.01323
   0.01355
   0.01363
   0.01365
   0.01363
   0.01357
   0.01331
   0.01219
   0.01252
   0.01308
   0.01356
   0.01405
   0.01434
   0.01430
   0.01432
   0.01343
   0.00197
   0.00204
   0.06552
   0.01609
   0.00170
   0.00379
   0.00326
   0.00311
   0.00306
   0.00299
   0.00292
   0.00286
   0.00280
   0.00274
   0.00269
   0.00264
   0.00259
   0.00254
   0.00249
   0.00245
   0.00241
   0.00237
   0.00233
   0.00229
   0.00226
   0.00223
   0.00219
   0.00216
   0.00213
   0.00211
   0.00208
   0.00205
   0.00203
   0.00201
   0.00198
   0.00196
   0.00194
   0.00192
   0.00190
   0.00189
   0.00187
   0.00185
   0.00184
   0.00182
   0.00180
   0.00179
   0.00178
   0.00176
   0.00175
   0.00174
   0.00172
   0.00171
   0.00170
   0.00169
   0.00168
   0.00167
   0.00166
   0.00165
   0.00164
   0.00163
   0.00162
   0.00161
   0.00160
   0.00159
   0.00158
   0.00157
   0.00156
   0.00155
   0.00154
   0.00153
   0.00152
   0.00151
   0.00150
   0.00149
   0.00148
   0.00147
   0.00146
   0.00144
   0.00143
   0.00142
   0.00140
   0.00138
   0.00137
   0.00135
   0.00134
   0.00132
   0.00131
   0.00130
   0.00128
   0.00127
   0.00126
   0.00125
   0.00124
   0.00123
   0.00122
   0.00121
   0.00120
   0.00119
   0.00119
   0.00118
   0.00117
   0.00117
   0.00116
