   0.68494
   0.68207
   0.68223
   0.68084
   0.68023
   0.67972
   0.67921
   0.67872
   0.67826
   0.67774
   0.67724
   0.67672
   0.67619
   0.67571
   0.67528
   0.67470
   0.67421
   0.67378
   0.67322
   0.67264
   0.67215
   0.67165
   0.67116
   0.67058
   0.67006
   0.66952
   0.66901
   0.66844
   0.66787
   0.66729
   0.66673
   0.66617
   0.66557
   0.66496
   0.66435
   0.66373
   0.66315
   0.66250
   0.66186
   0.66122
   0.66055
   0.65989
   0.65920
   0.65854
   0.65782
   0.65709
   0.65639
   0.65567
   0.65491
   0.65378
   0.65333
   0.65258
   0.65187
   0.65104
   0.65021
   0.64938
   0.64855
   0.64768
   0.64686
   0.64598
   0.64515
   0.64427
   0.64343
   0.64238
   0.64186
   0.64096
   0.64012
   0.63930
   0.63852
   0.63781
   0.63711
   0.63650
   0.63602
   0.63548
   0.63497
   0.63460
   0.63442
   0.63501
   0.63485
   0.63500
   0.63530
   0.63588
   0.63649
   0.63745
   0.63837
   0.63934
   0.63997
   0.64025
   0.63998
   0.63893
   0.63703
   0.63432
   0.63093
   0.62706
   0.62304
   0.61889
   0.61468
   0.61052
   0.60632
   0.60204
   0.59777
   0.59345
   0.58892
   0.58120
   0.57529
   0.56701
   0.56278
   0.55844
   0.55367
   0.54912
   0.54479
   0.54057
   0.53645
   0.53242
   0.52847
   0.52462
   0.52085
   0.51715
   0.51351
   0.50996
   0.50645
   0.50306
   0.49972
   0.49641
   0.49322
   0.49010
   0.48701
   0.48400
   0.48107
   0.47818
   0.47539
   0.47266
   0.46996
   0.46739
   0.46495
   0.46258
   0.46033
   0.45816
   0.45608
   0.45412
   0.45228
   0.45055
   0.44893
   0.44747
   0.44607
   0.44481
   0.44370
   0.44269
   0.44183
   0.44110
   0.44045
   0.43986
   0.43921
   0.43861
   0.43805
   0.43728
   0.43638
   0.43537
   0.43423
   0.43260
   0.43075
   0.42890
   0.42677
   0.42417
   0.42145
   0.41868
   0.41586
   0.41292
   0.41010
   0.40716
   0.40425
   0.40132
   0.39837
   0.39564
   0.39281
   0.38989
   0.38712
   0.38425
   0.38138
   0.37855
   0.37590
   0.37303
   0.37021
   0.36741
   0.36483
   0.36189
   0.35912
   0.35642
   0.35353
   0.35093
   0.34813
   0.34546
   0.34261
   0.34009
   0.33727
   0.33461
   0.33189
   0.32921
   0.32654
   0.32388
   0.32115
   0.31852
   0.31589
   0.31325
   0.31048
   0.30796
   0.30532
   0.30285
   0.30005
   0.29770
   0.29501
   0.29231
   0.29001
   0.28747
   0.28481
   0.28243
   0.27975
   0.27723
   0.27480
   0.27219
   0.26985
   0.26729
   0.26485
   0.26251
   0.25998
   0.25763
   0.25523
   0.25277
   0.25042
   0.24808
   0.24566
   0.24318
   0.24101
   0.23848
   0.23644
   0.23382
   0.23185
   0.22925
   0.22728
   0.22464
   0.22266
   0.22014
   0.21808
   0.21561
   0.21350
   0.21121
   0.20926
   0.20699
   0.20480
   0.20282
   0.20088
   0.19867
   0.19641
   0.19422
   0.19215
   0.18987
   0.18789
   0.18550
   0.18366
   0.18145
   0.17960
   0.17735
   0.17537
   0.17319
   0.17140
   0.16912
   0.16705
   0.16512
   0.16302
   0.16096
   0.15901
   0.15693
   0.15497
   0.15297
   0.15106
   0.14904
   0.14711
   0.14519
   0.14325
   0.14136
   0.13949
   0.13755
   0.13585
   0.13399
   0.13208
   0.13035
   0.12862
   0.12664
   0.12492
   0.12303
   0.12126
   0.11941
   0.11765
   0.11603
   0.11408
   0.11240
   0.11074
   0.10900
   0.10732
   0.10565
   0.10399
   0.10232
   0.10066
   0.09902
   0.09745
   0.09587
   0.09429
   0.09271
   0.09119
   0.08966
   0.08814
   0.08664
   0.08516
   0.08370
   0.08222
   0.08081
   0.07938
   0.07799
   0.07659
   0.07521
   0.07390
   0.07253
   0.07125
   0.07010
   0.06872
   0.06745
   0.06620
   0.06502
   0.06375
   0.06259
   0.06138
   0.06028
   0.05925
   0.05799
   0.05712
   0.05585
   0.05493
   0.05371
   0.05287
   0.05171
   0.05088
   0.04975
   0.04898
   0.04788
   0.04704
   0.04618
   0.04532
   0.04431
   0.04364
   0.04287
   0.04190
   0.04129
   0.04056
   0.03963
   0.03917
   0.03841
   0.03775
   0.03687
   0.03646
   0.03580
   0.03518
   0.03439
   0.03397
   0.03336
   0.03292
   0.03219
   0.03188
   0.03124
   0.03085
   0.03027
   0.02994
   0.02943
   0.02909
   0.02845
   0.02819
   0.02776
   0.02748
   0.02691
   0.02669
   0.02636
   0.02606
   0.02557
   0.02544
   0.02508
   0.02484
   0.02442
   0.02422
   0.02388
   0.02374
   0.02343
   0.02332
   0.02304
   0.02294
   0.02268
   0.02260
   0.02235
   0.02229
   0.02207
   0.02202
   0.02182
   0.02180
   0.02159
   0.02156
   0.02141
   0.02138
   0.02121
   0.02123
   0.02106
   0.02106
   0.02093
   0.02092
   0.02080
   0.02078
   0.02064
   0.02061
   0.02048
   0.02045
   0.02035
   0.02015
   0.02002
   0.01973
   0.01962
   0.01942
   0.01908
   0.01885
   0.01858
   0.01818
   0.01776
   0.01736
   0.01698
   0.01646
   0.01594
   0.01540
   0.01486
   0.01428
   0.01376
   0.01318
   0.01269
   0.01217
   0.01176
   0.01132
   0.01099
   0.01064
   0.01039
   0.01012
   0.00993
   0.00971
   0.00955
   0.00936
   0.00922
   0.00905
   0.00891
   0.00878
   0.00863
   0.00851
   0.00837
   0.00826
   0.00812
   0.00801
   0.00790
   0.00776
   0.00767
   0.00754
   0.00744
   0.00734
   0.00722
   0.00713
   0.00702
   0.00692
   0.00681
   0.00673
   0.00663
   0.00653
   0.00643
   0.00635
   0.00626
   0.00617
   0.00608
   0.00600
   0.00592
   0.00583
   0.00575
   0.00568
   0.00559
   0.00552
   0.00544
   0.00536
   0.00530
   0.00522
   0.00516
   0.00508
   0.00502
   0.00494
   0.00488
   0.00481
   0.00474
   0.00468
   0.00462
   0.00455
   0.00450
   0.00444
   0.00438
   0.00432
   0.00427
   0.00420
   0.00415
   0.00410
   0.00404
   0.00399
   0.00394
   0.00389
   0.00384
   0.00379
   0.00374
   0.00369
   0.00365
   0.00359
   0.00355
   0.00351
   0.00347
   0.00342
   0.00338
   0.00334
   0.00330
   0.00325
   0.00321
   0.00317
   0.00313
   0.00309
   0.00305
   0.00301
   0.00297
   0.00292
   0.00289
   0.00285
   0.00281
   0.00277
   0.00274
   0.00271
   0.00268
   0.00264
   0.00261
   0.00258
   0.00255
   0.00251
   0.00248
   0.00244
   0.00242
   0.00239
   0.00236
   0.00233
   0.00230
   0.00227
   0.00224
   0.00220
   0.00218
   0.00215
   0.00212
   0.00210
   0.00207
   0.00205
   0.00202
   0.00199
   0.00196
   0.00194
   0.00191
   0.00189
   0.00187
   0.00184
   0.00182
   0.00180
   0.00177
   0.00175
   0.00173
   0.00171
   0.00169
   0.00167
   0.00165
   0.00164
   0.00162
   0.00160
   0.00157
   0.00156
   0.00154
   0.00152
   0.00149
   0.00148
   0.00146
   0.00144
   0.00143
   0.00141
   0.00139
   0.00137
   0.00135
   0.00134
   0.00132
   0.00130
   0.00129
   0.00127
   0.00126
   0.00124
   0.00123
   0.00121
   0.00120
   0.00118
   0.00117
   0.00115
   0.00114
   0.00113
   0.00111
   0.00110
   0.00108
   0.00107
   0.00106
   0.00105
   0.00103
   0.00102
   0.00101
   0.00100
   0.00099
   0.00097
   0.00096
   0.00095
   0.00094
   0.00093
   0.00092
   0.00091
   0.00089
   0.00088
   0.00087
   0.00086
   0.00085
   0.00084
   0.00083
   0.00082
   0.00081
   0.00080
   0.00079
   0.00078
   0.00078
   0.00077
   0.00076
   0.00075
   0.00074
   0.00073
   0.00072
   0.00071
   0.00071
   0.00070
   0.00069
   0.00068
   0.00067
   0.00067
   0.00066
   0.00065
   0.00064
   0.00064
   0.00063
   0.00062
   0.00061
   0.00061
   0.00060
   0.00059
   0.00058
   0.00058
   0.00057
   0.00057
   0.00056
   0.00055
   0.00055
   0.00054
   0.00053
   0.00053
   0.00052
   0.00052
   0.00051
   0.00050
   0.00050
   0.00049
   0.00049
   0.00048
   0.00048
   0.00047
   0.00046
   0.00046
   0.00045
   0.00045
   0.00044
   0.00044
   0.00043
   0.00043
   0.00042
   0.00042
   0.00041
   0.00041
   0.00041
   0.00040
   0.00040
   0.00039
   0.00039
   0.00038
   0.00038
   0.00037
   0.00037
   0.00037
   0.00036
   0.00036
   0.00035
   0.00035
   0.00034
   0.00034
   0.00034
   0.00033
   0.00033
   0.00033
   0.00032
   0.00032
   0.00032
   0.00031
   0.00031
   0.00031
   0.00030
   0.00030
   0.00030
   0.00029
   0.00029
   0.00029
   0.00028
   0.00028
   0.00028
   0.00027
   0.00027
   0.00027
   0.00026
   0.00026
   0.00026
   0.00026
   0.00025
   0.00025
   0.00025
   0.00025
   0.00024
   0.00024
   0.00024
   0.00024
   0.00023
   0.00023
   0.00023
   0.00022
   0.00022
   0.00022
   0.00022
   0.00022
   0.00021
   0.00021
   0.00021
   0.00021
   0.00020
   0.00020
   0.00020
   0.00020
   0.00019
   0.00019
   0.00019
   0.00019
   0.00019
   0.00018
   0.00018
   0.00018
   0.00018
   0.00018
   0.00017
   0.00017
   0.00017
   0.00017
   0.00017
   0.00017
   0.00016
   0.00016
   0.00016
   0.00016
   0.00016
   0.00016
   0.00015
   0.00015
   0.00015
   0.00015
   0.00015
   0.00015
   0.00014
   0.00014
   0.00014
   0.00014
   0.00014
   0.00014
   0.00014
   0.00013
   0.00013
   0.00013
   0.00013
   0.00013
   0.00013
   0.00013
   0.00012
   0.00012
   0.00012
   0.00012
   0.00012
   0.00012
   0.00012
   0.00012
   0.00011
   0.00011
   0.00011
   0.00011
   0.00011
   0.00011
   0.00011
   0.00011
   0.00011
   0.00010
   0.00010
   0.00010
   0.00010
   0.00010
   0.00010
   0.00010
   0.00010
   0.00010
   0.00009
   0.00009
   0.00009
   0.00009
   0.00009
   0.00009
   0.00009
   0.00009
   0.00009
   0.00009
   0.00009
   0.00008
   0.00008
   0.00008
   0.00008
   0.00008
   0.00008
   0.00008
   0.00008
   0.00008
   0.00008
   0.00008
   0.00008
   0.00007
   0.00007
   0.00007
   0.00007
   0.00007
   0.00007
   0.00007
   0.00007
   0.00007
   0.00007
   0.00007
   0.00007
   0.00007
   0.00007
   0.00006
   0.00006
   0.00006
   0.00006
   0.00006
   0.00006
   0.00006
   0.00006
   0.00006
   0.00006
   0.00006
   0.00006
   0.00006
   0.00006
   0.00006
   0.00006
   0.00006
   0.00005
   0.00005
   0.00005
   0.00005
   0.00005
   0.00005
   0.00005
   0.00005
   0.00005
   0.00005
   0.00005
   0.00005
   0.00005
   0.00005
   0.00005
   0.00005
   0.00005
   0.00005
   0.00005
   0.00005
   0.00004
   0.00004
   0.00004
   0.00004
   0.00004
   0.00004
   0.00004
   0.00004
   0.00004
   0.00004
   0.00004
   0.00004
   0.00004
   0.00004
   0.00004
   0.00004
   0.00004
   0.00004
   0.00004
   0.00004
   0.00004
   0.00004
   0.00004
   0.00004
   0.00004
   0.00004
   0.00003
   0.00003
   0.00003
   0.00003
   0.00003
   0.00003
   0.00003
   0.00003
   0.00003
   0.00003
   0.00003
   0.00003
   0.00003
   0.00003
   0.00003
   0.00003
   0.00003
   0.00003
   0.00003
   0.00003
   0.00003
   0.00003
   0.00003
   0.00003
   0.00003
   0.00003
   0.00003
   0.00003
   0.00003
   0.00003
   0.00003
   0.00003
   0.00003
   0.00003
   0.00003
   0.00003
   0.00002
   0.00002
   0.00002
   0.00002
   0.00002
   0.00002
   0.00002
   0.00002
   0.00002
   0.00002
   0.00002
   0.00002
   0.00002
   0.00002
   0.00002
   0.00002
   0.00002
   0.00002
   0.00002
   0.00002
   0.00002
   0.00002
   0.00002
   0.00002
   0.00002
   0.00002
   0.00002
   0.00002
   0.00002
   0.00002
   0.00002
   0.00002
   0.00002
   0.00002
   0.00002
