   0.59694
   0.61176
   0.60689
   0.59305
   0.58226
   0.60288
   0.58660
   0.57626
   0.57231
   0.58682
   0.59066
   0.56291
   0.52655
   0.53426
   0.53417
   0.54399
   0.55651
   0.56542
   0.57810
   0.58045
   0.57200
   0.59449
   0.55300
   0.54242
   0.52671
   0.54856
   0.55727
   0.56757
   0.57127
   0.56095
   0.54320
   0.51203
   0.47004
   0.42531
   0.38822
   0.35598
   0.33076
   0.31003
   0.29350
   0.28103
   0.26781
   0.25806
   0.24810
   0.24012
   0.23332
   0.22689
   0.22053
   0.21580
   0.21087
   0.20544
   0.20267
   0.19790
   0.19420
   0.18976
   0.18546
   0.18102
   0.17589
   0.17049
   0.16483
   0.15847
   0.15117
   0.14345
   0.13499
   0.12599
   0.11640
   0.10686
   0.09683
   0.08680
   0.07703
   0.06798
   0.05917
   0.05158
   0.04474
   0.03864
   0.03339
   0.02860
   0.02519
   0.02219
   0.01999
   0.01812
   0.01661
   0.01536
   0.01423
   0.01320
   0.01235
   0.01168
   0.01120
   0.01086
   0.01063
   0.01051
   0.01048
   0.01044
   0.01039
   0.01035
   0.01010
   0.00996
   0.00982
   0.00993
   0.00982
   0.00995
   0.01003
   0.01024
   0.01046
   0.01072
   0.01058
   0.01062
   0.01323
   0.01077
   0.01237
   0.01304
   0.01434
   0.01382
   0.01324
   0.01262
   0.01203
   0.01137
   0.01071
   0.00998
   0.00941
   0.00875
   0.00168
   0.00790
   0.00267
   0.00027
   0.00031
   0.00241
   0.00033
   0.00091
   0.00064
   0.00058
   0.00057
   0.00058
   0.00071
   0.00067
   0.00046
   0.00044
   0.00045
   0.00050
   0.00043
   0.00038
   0.00037
   0.00035
   0.00036
   0.00060
   0.00005
   0.00016
   0.00017
   0.00013
   0.00020
   0.00025
   0.00109
   0.00100
   0.00015
   0.00011
   0.00072
   0.00033
   0.00067
   0.00056
   0.00045
   0.00015
   0.00017
   0.00024
   0.00013
   0.00012
   0.00094
   0.00009
   0.00010
   0.00099
   0.00074
   0.00055
   0.00033
   0.00511
   0.00140
   0.00057
   0.00042
   0.00034
   0.00014
   0.00026
   0.00014
   0.00007
   0.00018
   0.00016
   0.00004
   0.00025
   0.00012
   0.00012
   0.00008
   0.00010
   0.00009
   0.00018
   0.00007
   0.00224
   0.00182
   0.00106
   0.00055
   0.00055
   0.00035
   0.00087
   0.00011
   0.00042
   0.00016
   0.00244
   0.00216
   0.00138
   0.00098
   0.00067
   0.00036
   0.00008
   0.00009
   0.00007
   0.00009
   0.00008
   0.00007
   0.00020
   0.00023
   0.06987
   0.01650
   0.00833
   0.00460
   0.00326
   0.00845
   0.00722
   0.00194
   0.00798
   0.00796
   0.00738
   0.00741
   0.00603
   0.00560
   0.00363
   0.07854
   0.01153
   0.00643
   0.00382
   0.00413
   0.00101
   0.00082
   0.00076
   0.00073
   0.00071
   0.00070
   0.00077
   0.00073
   0.00195
   0.00244
   0.00259
   0.00214
   0.00246
   0.00125
   0.00594
   0.00541
   0.00504
   0.00497
   0.00429
   0.00227
   0.00296
   0.00191
   0.00309
   0.00163
   0.00071
   0.00116
   0.00250
   0.00280
   0.00200
   0.00066
   0.00310
   0.00347
   0.00339
   0.00340
   0.00238
   0.00044
   0.00041
   0.00040
   0.00041
   0.00044
   0.00058
   0.00127
   0.00261
   0.00230
   0.00237
   0.00104
   0.00225
   0.00181
   0.00197
   0.00230
   0.00016
   0.00020
   0.00019
   0.00019
   0.00019
   0.00021
   0.00024
   0.00033
   0.00065
   0.00101
   0.00538
   0.00183
   0.00117
   0.00090
   0.00077
   0.00068
   0.00062
   0.00061
   0.00064
   0.00075
   0.00092
   0.00084
   0.00028
   0.00032
   0.00037
   0.00043
   0.00048
   0.00054
   0.00016
   0.00014
   0.00013
   0.00013
   0.00012
   0.00013
   0.00015
   0.00019
   0.00022
   0.00026
   0.00032
   0.00032
   0.00023
   0.00041
   0.00030
   0.00024
   0.00021
   0.00019
   0.00017
   0.00015
   0.00014
   0.00013
   0.00012
   0.00012
   0.00016
   0.00019
   0.00021
   0.00022
   0.00024
   0.00025
   0.00025
   0.00032
   0.00028
   0.00024
   0.00022
   0.00019
   0.00017
   0.00016
   0.00014
   0.00013
   0.00012
   0.00011
   0.00011
   0.00010
   0.00009
   0.00009
   0.00010
   0.00012
   0.00015
   0.00016
   0.00017
   0.00018
   0.00018
   0.00019
   0.00019
   0.44936
   0.01505
   0.01066
   0.00764
   0.00678
   0.00507
   0.00433
   0.00029
   0.00315
   0.00336
   0.00347
   0.00340
   0.00273
   0.00110
   0.00245
   0.00245
   0.00250
   0.00267
   0.00298
   0.00299
   0.00230
   0.00156
   0.00278
   0.00323
   0.00097
   0.00158
   0.00065
   0.00054
   0.00022
   0.00059
   0.00036
   0.00041
   0.00049
   0.00048
   0.00060
   0.00085
   0.00118
   0.00091
   0.00051
   0.00019
   0.00028
   0.00032
   0.05750
   0.00017
   0.00017
   0.00016
   0.00016
   0.00015
   0.00016
   0.00017
   0.00020
   0.00022
   0.00048
   0.00036
   0.00026
   0.00027
   0.00025
   0.00018
   0.00012
   0.00012
   0.00011
   0.00011
   0.00011
   0.00011
   0.00010
   0.00010
   0.00010
   0.00010
   0.00012
   0.00014
   0.00019
   0.00024
   0.00031
   0.00024
   0.00022
   0.00018
   0.00014
   0.00011
   0.00009
   0.00010
   0.00015
   0.00013
   0.00012
   0.00012
   0.00011
   0.00011
   0.00011
   0.00010
   0.00010
   0.00010
   0.00009
   0.00009
   0.00009
   0.00010
   0.00012
   0.00040
   0.00036
   0.00019
   0.00027
   0.00027
   0.00032
   0.00027
   0.00022
   0.00018
   0.00015
   0.00013
   0.00011
   0.00010
   0.00009
   0.00008
   0.00007
   0.00006
   0.00006
   0.00005
   0.00005
   0.00004
   0.00004
   0.00004
   0.00004
   0.00004
   0.00005
   0.00005
   0.01724
   0.00081
   0.00063
   0.00050
   0.00042
   0.00036
   0.00031
   0.00027
   0.00023
   0.00020
