   0.69491
   0.69903
   0.72019
   0.72977
   0.73713
   0.73478
   0.74622
   0.74711
   0.74818
   0.74746
   0.73577
   0.73877
   0.73669
   0.74350
   0.73900
   0.73834
   0.73230
   0.74274
   0.74227
   0.74482
   0.73852
   0.74167
   0.75104
   0.74844
   0.74985
   0.74815
   0.74725
   0.75095
   0.74199
   0.74614
   0.74651
   0.74601
   0.74248
   0.74319
   0.74079
   0.72709
   0.71059
   0.70430
   0.69829
   0.69513
   0.69378
   0.69295
   0.69204
   0.69137
   0.68901
   0.68667
   0.68362
   0.67994
   0.67614
   0.67236
   0.66868
   0.66492
   0.66097
   0.65674
   0.65213
   0.64730
   0.64213
   0.63688
   0.63126
   0.62554
   0.61968
   0.61372
   0.60766
   0.60144
   0.59628
   0.59018
   0.58336
   0.57638
   0.57020
   0.56369
   0.55716
   0.55038
   0.54378
   0.53716
   0.53045
   0.52356
   0.51675
   0.51041
   0.50356
   0.49669
   0.48987
   0.48332
   0.47653
   0.46868
   0.46183
   0.45505
   0.44819
   0.44122
   0.43466
   0.42796
   0.42057
   0.41402
   0.40732
   0.40133
   0.39455
   0.38772
   0.38169
   0.37487
   0.36802
   0.36122
   0.35436
   0.34756
   0.34075
   0.33398
   0.32727
   0.32058
   0.31385
   0.30715
   0.30053
   0.29397
   0.28750
   0.28122
   0.27487
   0.26881
   0.26253
   0.25632
   0.25017
   0.24409
   0.23819
   0.23222
   0.22633
   0.22053
   0.21486
   0.20925
   0.20375
   0.19834
   0.19304
   0.18786
   0.18279
   0.17783
   0.17302
   0.16830
   0.16372
   0.15926
   0.15494
   0.15042
   0.14627
   0.14225
   0.13836
   0.13463
   0.13101
   0.12736
   0.12403
   0.12078
   0.11768
   0.11471
   0.10955
   0.10654
   0.10404
   0.10127
   0.09854
   0.09587
   0.09321
   0.09385
   0.09138
   0.08885
   0.08611
   0.08351
   0.08031
   0.07699
   0.07359
   0.07021
   0.06685
   0.06374
   0.06079
   0.05801
   0.05553
   0.05329
   0.05123
   0.04933
   0.04757
   0.04595
   0.04445
   0.04303
   0.04170
   0.04038
   0.03911
   0.03790
   0.03670
   0.03546
   0.03427
   0.03306
   0.03175
   0.03057
   0.02945
   0.02838
   0.02741
   0.02651
   0.02565
   0.02481
   0.02399
   0.02324
   0.02245
   0.02176
   0.02101
   0.02039
   0.01979
   0.01911
   0.01867
   0.01814
   0.01781
   0.01767
   0.01778
   0.01813
   0.01859
   0.01904
   0.01910
   0.01718
   0.01220
   0.01124
   0.01196
   0.01184
   0.01220
   0.02018
   0.02935
   0.03331
   0.03555
   0.03681
   0.03940
   0.04113
   0.03436
   0.03480
   0.03597
   0.02975
   0.04225
   0.03047
   0.02605
   0.03481
   0.03233
   0.02933
   0.03476
   0.02384
   0.03209
   0.02653
   0.03154
   0.02367
   0.03287
   0.04295
   0.04169
   0.03031
   0.02211
   0.16106
   0.15114
   0.13742
   0.12308
   0.10419
   0.10195
   0.08770
   0.04515
   0.03162
   0.01095
   0.00454
   0.00528
   0.00749
   0.01052
   0.00387
   0.00684
   0.00568
   0.00775
   0.00548
   0.00363
   0.00441
   0.00327
   0.00368
   0.00290
   0.00327
   0.00317
   0.01446
   0.00233
   0.00513
   0.00237
   0.02203
   0.00266
   0.00288
   0.00267
   0.00460
   0.00327
   0.00334
   0.00210
   0.00427
   0.00317
   0.00249
   0.00262
   0.00955
   0.00204
   0.00194
   0.00199
   0.00915
   0.06536
   0.01179
   0.00470
   0.00174
   0.00113
   0.21265
   0.00130
   0.00165
   0.00711
   0.01029
   0.00165
   0.00156
   0.07539
   0.00159
   0.00145
   0.00530
   0.00753
   0.00235
   0.00169
   0.00218
   0.06188
   0.03035
   0.02878
   0.02821
   0.03177
   0.03309
   0.03407
   0.03332
   0.03248
   0.03136
   0.03044
   0.02935
   0.02804
   0.02760
   0.02704
   0.02696
   0.02533
   0.02567
   0.02437
   0.02439
   0.02566
   0.10760
   0.10858
   0.02651
   0.09467
   0.02304
   0.10420
   0.02964
   0.02276
   0.01756
   0.01813
   0.01923
   0.01565
   0.04950
   0.01862
   0.01379
   0.06873
   0.01305
   0.09443
   0.01789
   0.01269
   0.14625
   0.13330
   0.01027
   0.18120
   0.15787
   0.01299
   0.00888
   0.20877
   0.13514
   0.00998
   0.00896
   0.00895
   0.01047
   0.01030
   0.00901
   0.00575
   0.71287
   0.71609
   0.71612
   0.71600
   0.71590
   0.71583
   0.71578
   0.71575
   0.71572
   0.71571
   0.71569
   0.71568
   0.71568
   0.71567
   0.71567
   0.71566
   0.71566
   0.71566
   0.71566
   0.71566
   0.71566
   0.71566
   0.71566
   0.71565
   0.71565
   0.71565
   0.71565
   0.71565
   0.71565
   0.71565
   0.71565
   0.71565
   0.71565
   0.71565
   0.71565
   0.71565
   0.71565
   0.71565
   0.71565
   0.71565
   0.71565
   0.71565
   0.71565
   0.71565
   0.71565
   0.71565
   0.71565
   0.71565
   0.71565
   0.71565
   0.71565
   0.71565
   0.71565
   0.71565
   0.71565
   0.71565
   0.71565
   0.71565
   0.71565
   0.71565
   0.71565
   0.71565
   0.71565
   0.71565
   0.71565
   0.71565
   0.71565
   0.71565
   0.71565
   0.71565
   0.71565
   0.71565
   0.71565
   0.71565
   0.71565
   0.71565
   0.71565
   0.71565
   0.71565
   0.71565
   0.71565
   0.71565
   0.71565
   0.71565
   0.71564
   0.71564
   0.71564
   0.71564
   0.71564
   0.71564
   0.71564
   0.71564
   0.71564
   0.71564
   0.71564
   0.71564
   0.71564
   0.71564
   0.71564
   0.71564
   0.71564
   0.71564
   0.71564
   0.71564
   0.71564
   0.71564
   0.71564
   0.71564
   0.71564
   0.71564
   0.71564
   0.71564
   0.71564
   0.71564
   0.71564
   0.71564
   0.71564
   0.71564
   0.71564
   0.71564
   0.71564
   0.71564
   0.71564
   0.71564
   0.71564
   0.71564
   0.71564
   0.71564
   0.71564
   0.71564
   0.71564
   0.71564
   0.71564
   0.71564
   0.71564
   0.71564
   0.71564
   0.71564
   0.71564
   0.71564
   0.71564
   0.71564
   0.71564
   0.71564
   0.71564
   0.71564
   0.71564
   0.71564
   0.71564
   0.71564
   0.71564
   0.71564
   0.71563
   0.71563
   0.71563
   0.71563
   0.71563
   0.71563
   0.71563
   0.71563
   0.71563
   0.71563
   0.71563
   0.71563
   0.71563
   0.71563
   0.71563
   0.71563
   0.71563
   0.71563
   0.71563
   0.71563
   0.71563
   0.71563
   0.71563
   0.71563
   0.71563
   0.71563
   0.71563
   0.71563
   0.71563
   0.71563
   0.71563
   0.71563
   0.71563
   0.71563
   0.71563
   0.71563
   0.71563
   0.71563
   0.71563
   0.71563
   0.71563
   0.71563
   0.71563
   0.71563
   0.71563
   0.71563
   0.71563
   0.71563
   0.71563
   0.71563
   0.71563
   0.71563
   0.71563
   0.71563
   0.71563
   0.71563
   0.71563
   0.71563
   0.71563
   0.71563
   0.71563
   0.71563
   0.71563
   0.71563
   0.71562
   0.71562
   0.71562
   0.71562
   0.71562
   0.71562
   0.71562
   0.71562
   0.71562
   0.71562
   0.71562
   0.71562
   0.71562
   0.71562
   0.71562
   0.71562
   0.71562
   0.71562
   0.71562
   0.71562
   0.71562
   0.71562
   0.71562
   0.71562
   0.71562
   0.71562
   0.71562
   0.71562
   0.71562
   0.71562
   0.71562
   0.71562
   0.71562
   0.71562
   0.71562
   0.71562
   0.71562
   0.71562
   0.71562
   0.71562
   0.71562
   0.71562
   0.71562
   0.71562
   0.71562
   0.71562
   0.71562
   0.71562
   0.71562
   0.71562
   0.71562
   0.71562
   0.71562
   0.71562
   0.71562
   0.71562
   0.71562
   0.71562
   0.71562
   0.71562
   0.71562
   0.71562
   0.71562
   0.71562
   0.71562
   0.71562
   0.71562
   0.71562
   0.71561
   0.71561
   0.71561
   0.71561
   0.71561
   0.71561
   0.71561
   0.71561
   0.71561
   0.71561
   0.71561
   0.71561
   0.71561
   0.71561
   0.71561
   0.71561
   0.71561
   0.71561
   0.71561
   0.71561
   0.71561
   0.71561
   0.71561
   0.71561
   0.71561
   0.71561
   0.71561
   0.71561
   0.71561
   0.71561
   0.71561
   0.71561
   0.71561
   0.71561
   0.71561
   0.71561
   0.71561
   0.71561
   0.71561
   0.71561
   0.71561
   0.71561
   0.71561
   0.71561
   0.71561
   0.71561
   0.71561
   0.71561
   0.71561
   0.71561
   0.71561
   0.71561
   0.71561
   0.71561
   0.71561
   0.71561
   0.71561
   0.71561
   0.71561
   0.71561
   0.71561
   0.71561
   0.71561
   0.71560
   0.71560
   0.71560
   0.71560
   0.71560
   0.71560
   0.71560
   0.71560
   0.71560
   0.71560
   0.71560
   0.71560
   0.71560
   0.71560
   0.71560
   0.71560
   0.71560
   0.71560
   0.71560
   0.71560
   0.71560
   0.71560
   0.71560
   0.71560
   0.71560
   0.71560
   0.71560
   0.71560
   0.71560
   0.71560
   0.71560
   0.71560
   0.71560
   0.71560
   0.71560
   0.71560
   0.71560
   0.71560
   0.71560
   0.71560
   0.71560
   0.71560
   0.71560
   0.71560
   0.71560
   0.71560
   0.71560
   0.71560
   0.71560
   0.71560
   0.71560
   0.71560
   0.71560
   0.71560
   0.71560
   0.71560
   0.71560
   0.71560
   0.71560
   0.71559
   0.71559
   0.71559
   0.71559
   0.71559
   0.71559
   0.71559
   0.71559
   0.71559
   0.71559
   0.71559
   0.71559
   0.71559
   0.71559
   0.71559
   0.71559
   0.71559
   0.71559
   0.71559
   0.71559
   0.71559
   0.71559
   0.71559
   0.71559
   0.71559
   0.71559
   0.71559
   0.71559
   0.71559
   0.71559
   0.71559
   0.71559
   0.71559
   0.71559
   0.71559
   0.71559
   0.71559
   0.71559
   0.71559
   0.71559
   0.71559
   0.71559
   0.71559
   0.71559
   0.71559
   0.71559
   0.71559
   0.71559
   0.71559
   0.71559
   0.71559
   0.71559
   0.71558
   0.71558
   0.71558
   0.71558
   0.71558
   0.71558
   0.71558
   0.71558
   0.71558
   0.71558
   0.71558
   0.71558
   0.71558
   0.71558
   0.71558
   0.71559
   0.71557
   0.71557
   0.71557
   0.71557
   0.71557
   0.71557
   0.71557
   0.71557
   0.71556
   0.71556
   0.71556
   0.71556
   0.71556
   0.71556
   0.71556
   0.71556
   0.71556
   0.71556
   0.71556
   0.71556
   0.71556
   0.71556
   0.71556
   0.71556
   0.71556
   0.71556
   0.71556
   0.71556
   0.71556
   0.71556
   0.71556
   0.71556
   0.71556
   0.71556
   0.71556
   0.71556
   0.71556
   0.71556
   0.71556
   0.71556
   0.71556
   0.71556
   0.71556
   0.71556
   0.71556
   0.71556
   0.71556
   0.71556
   0.71556
   0.71556
   0.71556
   0.71556
   0.71556
   0.71556
   0.71556
   0.71556
   0.71556
   0.71556
   0.71556
   0.71556
   0.71556
   0.71556
   0.71556
   0.71556
   0.71556
   0.71556
   0.71556
   0.71556
   0.71556
   0.71555
   0.71555
   0.71555
   0.71555
   0.71555
   0.71555
   0.71555
   0.71555
   0.71555
   0.71555
   0.71555
   0.71555
   0.71555
   0.71555
   0.71555
   0.71555
   0.71555
   0.71555
   0.71555
   0.71555
   0.71555
   0.71555
   0.71555
   0.71555
   0.71555
   0.71555
   0.71555
   0.71555
   0.71555
   0.71555
   0.71555
   0.71555
   0.71555
   0.71555
   0.71555
   0.71555
   0.71555
   0.71555
   0.71555
   0.71555
   0.71555
   0.71555
   0.71555
   0.71555
   0.71555
   0.71555
   0.71555
   0.71555
   0.71555
   0.71555
   0.71555
   0.71555
   0.71555
   0.71555
   0.71555
   0.71555
   0.71555
   0.71555
   0.71555
   0.71555
   0.71555
   0.71555
   0.71555
   0.71555
   0.71555
   0.71555
   0.71555
   0.71555
   0.71555
   0.71555
   0.71555
   0.71555
   0.71555
   0.71555
   0.71555
   0.71555
   0.71555
   0.71555
   0.71555
   0.71555
   0.71555
   0.71555
   0.71555
   0.71555
   0.71555
   0.71555
   0.71555
   0.71555
   0.71555
   0.71555
   0.71555
   0.71555
