   0.49447
   0.44183
   0.42101
   0.40634
   0.40998
   0.39815
   0.42159
   0.47824
   0.44965
   0.50953
   0.43020
   0.44367
   0.45068
   0.45350
   0.44519
   0.44346
   0.46401
   0.44685
   0.45999
   0.45483
   0.46887
   0.45140
   0.44595
   0.46854
   0.45579
   0.47173
   0.45867
   0.44323
   0.45612
   0.44087
   0.46346
   0.43774
   0.43506
   0.41348
   0.42788
   0.41371
   0.41918
   0.41064
   0.40595
   0.40048
   0.40215
   0.38871
   0.40434
   0.40166
   0.39831
   0.40481
   0.40686
   0.40240
   0.42881
   0.43043
   0.42977
   0.43514
   0.44146
   0.46074
   0.47802
   0.49756
   0.51205
   0.53392
   0.54316
   0.55458
   0.56266
   0.56763
   0.57101
   0.56728
   0.55832
   0.54583
   0.53155
   0.51792
   0.50492
   0.49453
   0.48662
   0.48134
   0.47658
   0.47248
   0.46866
   0.46475
   0.46004
   0.45488
   0.44868
   0.44215
   0.43522
   0.42742
   0.41932
   0.41128
   0.40290
   0.39494
   0.38666
   0.37847
   0.37053
   0.36261
   0.35482
   0.34708
   0.33970
   0.33202
   0.32446
   0.31684
   0.30952
   0.30204
   0.29502
   0.28816
   0.28148
   0.27486
   0.26683
   0.26046
   0.25384
   0.24751
   0.24124
   0.23528
   0.22921
   0.22326
   0.21753
   0.21173
   0.20592
   0.20000
   0.19438
   0.18914
   0.18403
   0.17908
   0.17402
   0.16909
   0.16428
   0.15951
   0.15459
   0.15011
   0.14564
   0.14128
   0.13694
   0.13265
   0.12842
   0.12441
   0.12048
   0.11675
   0.11306
   0.10944
   0.10599
   0.10253
   0.09864
   0.09541
   0.09241
   0.08938
   0.08658
   0.08396
   0.08129
   0.07859
   0.07607
   0.07342
   0.07104
   0.06870
   0.06653
   0.06438
   0.06236
   0.06055
   0.05867
   0.05685
   0.05506
   0.05327
   0.05160
   0.05001
   0.04840
   0.04681
   0.04530
   0.04382
   0.04237
   0.04094
   0.03964
   0.03834
   0.03695
   0.03561
   0.03432
   0.03306
   0.03181
   0.03055
   0.02929
   0.02797
   0.02675
   0.02545
   0.02428
   0.02299
   0.02173
   0.02054
   0.01935
   0.01816
   0.01696
   0.01592
   0.01499
   0.01424
   0.01354
   0.01296
   0.01241
   0.01196
   0.01156
   0.01118
   0.01081
   0.01041
   0.01005
   0.00970
   0.00930
   0.00898
   0.00850
   0.00794
   0.00751
   0.00712
   0.00670
   0.00626
   0.00591
   0.00556
   0.00526
   0.00501
   0.00481
   0.00460
   0.00445
   0.00419
   0.00405
   0.00381
   0.00354
   0.00334
   0.00316
   0.00292
   0.00282
   0.00279
   0.00278
   0.00266
   0.00252
   0.00253
   0.00255
   0.00258
   0.00260
   0.00262
   0.00262
   0.00261
   0.00260
   0.00259
   0.00257
   0.00254
   0.00251
   0.00248
   0.00244
   0.00241
   0.00237
   0.00233
   0.00229
   0.00224
   0.00219
   0.00215
   0.00210
   0.00204
   0.00196
   0.00187
   0.00180
   0.00171
   0.00163
   0.00152
   0.00139
   0.00266
   0.00396
   0.00178
   0.00194
   0.00212
   0.00194
   0.00185
   0.00183
   0.00177
   0.00176
   0.00185
   0.00221
   0.00177
   0.00685
   0.00574
   0.01304
   0.00380
   0.00155
   0.00155
   0.00143
   0.01808
   0.00507
   0.00466
   0.00158
   0.00331
   0.01002
   0.01378
   0.01369
   0.01584
   0.00146
   0.00112
   0.00240
   0.00086
   0.00233
   0.00080
   0.00444
   0.00146
   0.00058
   0.00139
   0.00751
   0.00085
   0.00151
   0.00397
   0.00792
   0.00096
   0.00079
   0.00068
   0.00077
   0.00085
   0.00296
   0.00123
   0.00265
   0.00032
   0.00048
   0.00078
   0.00225
   0.00209
   0.00032
   0.00031
   0.00031
   0.00030
   0.00030
   0.00032
   0.00042
   0.00144
   0.00059
   0.00078
   0.00024
   0.00026
   0.00040
   0.00031
   0.00193
   0.00015
   0.00018
   0.00018
   0.00018
   0.00018
   0.00029
   0.00116
   0.00014
   0.00014
   0.00015
   0.00015
   0.00016
   0.00016
   0.00016
   0.00016
   0.00016
   0.00016
   0.00016
   0.00015
   0.00015
   0.00014
   0.00015
   0.00021
   0.00034
   0.00036
   0.00037
   0.00037
   0.00037
   0.00037
   0.00036
   0.00034
   0.00033
   0.00032
   0.00031
   0.00030
   0.00029
   0.00027
   0.00026
   0.00024
   0.00024
   0.01972
   0.00040
   0.00039
   0.00038
   0.00038
   0.00038
   0.00038
   0.00038
   0.00037
   0.00036
   0.00034
   0.00033
   0.00031
   0.00029
   0.00027
   0.00025
   0.00024
   0.00025
   0.03768
   0.00215
   0.00195
   0.00172
   0.00152
   0.00135
   0.00119
   0.00106
   0.00096
   0.00087
   0.00079
   0.00073
   0.00066
   0.00061
   0.00055
   0.00049
   0.00044
   0.01526
   0.00400
   0.00316
   0.00256
   0.00210
   0.00176
   0.00148
   0.00127
   0.00111
   0.00098
   0.00088
   0.00078
   0.00070
   0.00063
   0.00054
   0.00050
   0.00047
   0.00043
   0.00040
   0.00039
   0.00039
   0.00037
   0.00036
   0.00034
   0.00032
   0.00030
   0.00028
   0.00025
   0.00023
   0.00021
   0.00020
   0.00029
   0.00030
   0.00029
   0.00028
   0.00027
   0.00027
   0.00026
   0.00026
   0.00026
   0.00025
   0.00025
   0.00024
   0.00023
   0.00022
   0.00020
   0.00019
   0.00018
   0.00013
   0.00013
   0.00013
   0.00013
   0.00013
   0.00013
   0.00013
   0.00013
   0.00013
   0.00013
   0.00013
   0.00012
   0.00012
   0.00012
   0.00011
   0.00010
   0.00010
   0.00008
   0.00008
   0.00008
   0.00008
   0.00008
   0.00008
   0.00008
   0.00008
   0.00008
   0.00008
   0.00008
   0.00008
   0.00008
   0.00008
   0.00007
   0.00007
   0.00007
   0.00006
   0.00214
   0.00177
   0.00156
   0.00138
   0.00122
   0.00108
   0.00095
   0.00084
   0.00074
   0.00066
   0.00058
   0.00052
   0.00047
   0.00043
   0.00039
   0.00036
   0.00033
