   0.58966
   0.60565
   0.61308
   0.62006
   0.60822
   0.61935
   0.60834
   0.61129
   0.60702
   0.62307
   0.59470
   0.54924
   0.59272
   0.58765
   0.57119
   0.56671
   0.55934
   0.54946
   0.53697
   0.51957
   0.51583
   0.51378
   0.51759
   0.52483
   0.53273
   0.53334
   0.53310
   0.51502
   0.48289
   0.44259
   0.39888
   0.36106
   0.32998
   0.30467
   0.28489
   0.26998
   0.25806
   0.24340
   0.23906
   0.22746
   0.22256
   0.21895
   0.21519
   0.20928
   0.20228
   0.20395
   0.19859
   0.19240
   0.18769
   0.18001
   0.17286
   0.16642
   0.15800
   0.14899
   0.13965
   0.12920
   0.12071
   0.11125
   0.10547
   0.09454
   0.08400
   0.07334
   0.06511
   0.05843
   0.05206
   0.04592
   0.04001
   0.03165
   0.03076
   0.02421
   0.02164
   0.01951
   0.01753
   0.01656
   0.01603
   0.01525
   0.01462
   0.01711
   0.01371
   0.01453
   0.01399
   0.01319
   0.01214
   0.01129
   0.01009
   0.00900
   0.00783
   0.00532
   0.00509
   0.00656
   0.00691
   0.00705
   0.00730
   0.00689
   0.00641
   0.00616
   0.00991
   0.00170
   0.00304
   0.00139
   0.00417
   0.00545
   0.00810
   0.00810
   0.00705
   0.00744
   0.00778
   0.00852
   0.00982
   0.01446
   0.01659
   0.01671
   0.01545
   0.01601
   0.01719
   0.00612
   0.00215
   0.00206
   0.00245
   0.01297
   0.00133
   0.00092
   0.00329
   0.01574
   0.00064
   0.01500
   0.00092
   0.01334
   0.00082
   0.00972
   0.01229
   0.00095
   0.00063
   0.00047
   0.00056
   0.00147
   0.00632
   0.00300
   0.00034
   0.00030
   0.00037
   0.00378
   0.00012
   0.00044
   0.00016
   0.00043
   0.00045
   0.00036
   0.00629
   0.00048
   0.00016
   0.00069
   0.00052
   0.00052
   0.00388
   0.00036
   0.00010
   0.00032
   0.00051
   0.00074
   0.00018
   0.00022
   0.00017
   0.00015
   0.00020
   0.00019
   0.00015
   0.00015
   0.00020
   0.00014
   0.00012
   0.00221
   0.00009
   0.00009
   0.00008
   0.00006
   0.00007
   0.00006
   0.00367
   0.00006
   0.00021
   0.00013
   0.00012
   0.00011
   0.00009
   0.00012
   0.00092
   0.00007
   0.00006
   0.00053
   0.00005
   0.00005
   0.00008
   0.00005
   0.00330
   0.00007
   0.00007
   0.00006
   0.00005
   0.00005
   0.00005
   0.00565
   0.00025
   0.00015
   0.00012
   0.00011
   0.00009
   0.00009
   0.00008
   0.00005
   0.03204
   0.00956
   0.00513
   0.00297
   0.00189
   0.00114
   0.00335
   0.00155
   0.00413
   0.00364
   0.00020
   0.00155
   0.00041
   0.00112
   0.00117
   0.00159
   0.00321
   0.00016
   0.00056
   0.00055
   0.00078
   0.00079
   0.00073
   0.00050
   0.00005
   0.00062
   0.00056
   0.00024
   0.00027
   0.00019
   0.00018
   0.00018
   0.00016
   0.00016
   0.00015
   0.00014
   0.00013
   0.00015
   0.00012
   0.00011
   0.00012
   0.00012
   0.00026
   0.00027
   0.00024
   0.00022
   0.00020
   0.00015
   0.00024
   0.00005
   0.00025
   0.00025
   0.00025
   0.00023
   0.00022
   0.00020
   0.00019
   0.00039
   0.00023
   0.00021
   0.00021
   0.00020
   0.00019
   0.00018
   0.00016
   0.00012
   0.00013
   0.00012
   0.00007
   0.00007
   0.00011
   0.00009
   0.00009
   0.00009
   0.00008
   0.00006
   0.00004
   0.00050
   0.00019
   0.00018
   0.00013
   0.00011
   0.00011
   0.00014
   0.00011
   0.00010
   0.00049
   0.00064
   0.00051
   0.00044
   0.00046
   0.00049
   0.00038
   0.00039
   0.00011
   0.00026
   0.00018
   0.00007
   0.00011
   0.00022
   0.00016
   0.00018
   0.00019
   0.00006
   0.00043
   0.00027
   0.00020
   0.00013
   0.00017
   0.00016
   0.00016
   0.00017
   0.00020
   0.00011
   0.00016
   0.00012
   0.00006
   0.00006
   0.00797
   0.00576
   0.00113
   0.00053
   0.00045
   0.00015
   0.00048
   0.00058
   0.00045
   0.00131
   0.00020
   0.00084
   0.00067
   0.00051
   0.00039
   0.00026
   0.00003
   0.00045
   0.00049
   0.00052
   0.00050
   0.00043
   0.00035
   0.00028
   0.00021
   0.00025
   0.00001
   0.00014
   0.00021
   0.00018
   0.00019
   0.00022
   0.00024
   0.00024
   0.00021
   0.00017
   0.00015
   0.00012
   0.00008
   0.00007
   0.00012
   0.00012
   0.00012
   0.00012
   0.00012
   0.00012
   0.00014
   0.00015
   0.00016
   0.00014
   0.00012
   0.00011
   0.00009
   0.00007
   0.00006
   0.00015
   0.00005
   0.00009
   0.00024
   0.00004
   0.00005
   0.00005
   0.00005
   0.00005
   0.00006
   0.00006
   0.00006
   0.00005
   0.00005
   0.00005
   0.00005
   0.00005
   0.00005
   0.00006
   0.00005
   0.00005
   0.00005
   0.00004
   0.00004
   0.00003
   0.00003
   0.00002
   0.00002
   0.08024
   0.02990
   0.02334
   0.01870
   0.01598
   0.01386
   0.01211
   0.01065
   0.00943
   0.00835
   0.00741
   0.00659
   0.00587
   0.00524
   0.00466
   0.00416
   0.00372
   0.00332
   0.00297
   0.00266
   0.00238
   0.00214
   0.00192
   0.00172
   0.00155
   0.00139
   0.00125
   0.00113
   0.00102
   0.00091
   0.00082
   0.00073
   0.00065
   0.00058
   0.00051
   0.00046
   0.00042
   0.00039
   0.00036
   0.00034
   0.00031
   0.00025
   0.00056
   0.00035
   0.00075
   0.00020
   0.00018
   0.00016
   0.00015
   0.00013
   0.00012
   0.00009
   0.00041
   0.00021
   0.00017
   0.00024
   0.00003
   0.00019
   0.00002
   0.00012
   0.00002
   0.00008
   0.00004
   0.00002
   0.00002
   0.00004
   0.00004
   0.00004
   0.00002
   0.00002
   0.00004
   0.00010
   0.00001
   0.00002
   0.00002
   0.00002
   0.00002
   0.00002
   0.00002
   0.00002
   0.00001
   0.00001
   0.00001
   0.00001
   0.00001
   0.00001
   0.00001
   0.00002
   0.00002
