   0.46505
   0.46668
   0.46546
   0.46317
   0.46221
   0.47061
   0.46144
   0.46089
   0.46078
   0.46297
   0.46039
   0.45967
   0.45935
   0.45848
   0.45828
   0.45847
   0.45905
   0.45759
   0.45671
   0.45594
   0.45606
   0.45673
   0.45479
   0.45595
   0.45702
   0.46562
   0.47092
   0.45398
   0.45111
   0.45537
   0.47503
   0.49171
   0.49146
   0.52562
   0.52706
   0.52830
   0.52388
   0.50417
   0.48352
   0.46262
   0.42947
   0.39304
   0.34848
   0.31212
   0.28017
   0.24417
   0.22024
   0.19412
   0.18026
   0.15889
   0.14521
   0.13432
   0.12450
   0.11720
   0.11031
   0.10420
   0.09952
   0.09526
   0.09173
   0.08881
   0.08509
   0.08297
   0.08193
   0.08152
   0.08183
   0.08285
   0.08195
   0.08173
   0.08069
   0.07937
   0.07916
   0.07858
   0.07833
   0.07832
   0.07846
   0.07875
   0.07832
   0.07954
   0.08119
   0.08222
   0.08127
   0.08014
   0.08084
   0.08448
   0.08160
   0.08098
   0.08182
   0.08173
   0.08204
   0.08091
   0.08072
   0.08187
   0.08231
   0.08226
   0.08156
   0.08047
   0.07901
   0.07992
   0.07824
   0.07823
   0.07969
   0.07858
   0.07629
   0.07417
   0.07032
   0.07032
   0.06944
   0.06751
   0.06531
   0.06435
   0.06041
   0.05922
   0.05821
   0.05609
   0.05440
   0.05555
   0.05055
   0.04849
   0.04658
   0.04439
   0.04176
   0.03969
   0.03647
   0.03655
   0.03383
   0.03370
   0.03312
   0.03173
   0.03099
   0.03006
   0.02948
   0.02898
   0.02866
   0.02806
   0.02742
   0.02686
   0.02607
   0.02603
   0.02595
   0.02780
   0.03308
   0.03496
   0.03359
   0.03352
   0.03693
   0.03365
   0.03203
   0.02365
   0.01208
   0.02561
   0.02529
   0.01989
   0.03471
   0.02213
   0.01861
   0.01601
   0.00905
   0.01002
   0.00709
   0.00577
   0.00506
   0.00428
   0.00360
   0.00314
   0.00281
   0.00255
   0.00230
   0.00210
   0.00194
   0.00180
   0.00170
   0.00164
   0.00161
   0.00189
   0.00302
   0.00307
   0.00243
   0.00271
   0.00385
   0.00358
   0.00274
   0.00279
   0.00204
   0.00794
   0.00412
   0.00522
   0.00761
   0.00405
   0.00291
   0.00548
   0.00310
   0.00497
   0.00905
   0.00743
   0.00728
   0.00553
   0.00605
   0.00639
   0.01132
   0.00749
   0.01105
   0.00801
   0.00421
   0.00861
   0.00456
   0.00695
   0.00665
   0.00399
   0.00243
   0.00411
   0.00147
   0.00424
   0.00383
   0.00157
   0.00121
   0.00373
   0.00485
   0.00328
   0.01121
   0.00633
   0.00508
   0.00119
   0.01322
   0.00477
   0.00588
   0.00118
   0.00363
   0.00489
   0.00104
   0.00521
   0.00306
   0.00343
   0.00239
   0.00159
   0.00070
   0.00280
   0.00575
   0.00249
   0.00146
   0.00308
   0.00250
   0.00395
   0.00312
   0.00264
   0.00919
   0.00423
   0.00116
   0.02355
   0.00392
   0.00243
   0.00766
   0.00293
   0.00292
   0.00217
   0.00226
   0.00615
   0.00288
   0.00071
   0.01114
   0.00289
   0.00906
   0.00566
   0.04897
   0.00263
   0.00117
   0.00135
   0.10109
   0.05218
   0.04035
   0.02303
   0.01187
   0.02584
   0.05831
   0.05308
   0.02556
   0.02301
   0.02383
   0.02370
   0.02622
   0.03149
   0.03788
   0.02203
   0.02318
   0.01709
   0.01444
   0.01014
   0.03958
   0.02039
   0.02870
   0.05365
   0.00747
   0.03818
   0.04596
   0.03901
   0.04204
   0.00555
   0.00452
   0.00523
   0.00545
   0.09508
   0.01207
   0.00346
   0.00558
   0.00806
   0.00430
   0.00535
   0.00440
   0.00335
   0.00338
   0.00295
   0.00282
   0.00667
   0.00227
   0.00203
   0.00153
   0.00483
   0.00161
   0.00541
   0.00194
   0.00132
   0.00904
   0.00134
   0.00117
   0.00175
   0.00207
   0.00624
   0.00179
   0.00297
   0.00383
   0.00472
   0.00890
   0.01197
   0.00636
   0.01258
   0.00328
   0.01026
   0.00386
   0.00414
   4.70835
   0.85160
   0.52318
   0.49764
   0.49525
   0.49499
   0.49495
   0.49494
   0.49493
   0.49493
   0.49494
   0.49494
   0.49494
   0.49494
   0.49494
   0.49494
   0.49494
   0.49494
   0.49494
   0.49494
   0.49494
   0.49494
   0.49494
   0.49494
   0.49494
   0.49495
   0.49495
   0.49495
   0.49495
   0.49495
   0.49495
   0.49495
   0.49495
   0.49495
   0.49495
   0.49495
   0.49495
   0.49495
   0.49495
   0.49495
   0.49496
   0.49496
   0.49496
   0.49496
   0.49496
   0.49496
   0.49496
   0.49496
   0.49496
   0.49496
   0.49496
   0.49496
   0.49496
   0.49496
   0.49497
   0.49497
   0.49497
   0.49497
   0.49497
   0.49497
   0.49497
   0.49497
   0.49497
   0.49497
   0.49497
   0.49497
   0.49497
   0.49497
   0.49497
   0.49498
   0.49498
   0.49498
   0.49498
   0.49498
   0.49498
   0.49498
   0.49498
   0.49498
   0.49498
   0.49498
   0.49498
   0.49498
   0.49498
   0.49498
   0.49499
   0.49499
   0.49499
   0.49499
   0.49499
   0.49499
   0.49499
   0.49499
   0.49499
   0.49499
   0.49499
   0.49499
   0.49499
   0.49499
   0.49500
   0.49500
   0.49500
   0.49500
   0.49500
   0.49500
   0.49500
   0.49500
   0.49500
   0.49500
   0.49500
   0.49500
   0.49500
   0.49500
   0.49500
   0.49501
   0.49501
   0.49501
   0.49501
   0.49501
   0.49501
   0.49501
   0.49501
   0.49501
   0.49501
   0.49501
   0.49501
   0.49501
   0.49501
   0.49502
   0.49502
   0.49502
   0.49502
   0.49502
   0.49502
   0.49502
   0.49502
   0.49502
   0.49502
   0.49502
   0.49502
   0.49502
   0.49502
   0.49503
   0.49503
   0.49503
   0.49503
   0.49503
   0.49503
   0.49503
   0.49503
   0.49503
   0.49503
   0.49503
   0.49503
   0.49503
   0.49503
   0.49504
   0.49504
   0.49504
   0.49504
   0.49504
   0.49504
   0.49504
