   0.69433
   0.68896
   0.68419
   0.68384
   0.68248
   0.68392
   0.68270
   0.68262
   0.68175
   0.68081
   0.68095
   0.68001
   0.67925
   0.67929
   0.67818
   0.67827
   0.67709
   0.67673
   0.67603
   0.67611
   0.67485
   0.67451
   0.67381
   0.67375
   0.67284
   0.67240
   0.67150
   0.67116
   0.66930
   0.66854
   0.66796
   0.66734
   0.66671
   0.66637
   0.66561
   0.66528
   0.66435
   0.66401
   0.66332
   0.66275
   0.66204
   0.66158
   0.66075
   0.66045
   0.65943
   0.65922
   0.65854
   0.65751
   0.65709
   0.65612
   0.65592
   0.65513
   0.65437
   0.65370
   0.65318
   0.65282
   0.65205
   0.65137
   0.65214
   0.65076
   0.65111
   0.65042
   0.64925
   0.65081
   0.64908
   0.65057
   0.64887
   0.65156
   0.65124
   0.65148
   0.65271
   0.65554
   0.66299
   0.66247
   0.66067
   0.65872
   0.65668
   0.65452
   0.65134
   0.64786
   0.64408
   0.64048
   0.63682
   0.63292
   0.62918
   0.62536
   0.62138
   0.61755
   0.61358
   0.60957
   0.60562
   0.60140
   0.59729
   0.59327
   0.58915
   0.58502
   0.58092
   0.57692
   0.57301
   0.56884
   0.56537
   0.56159
   0.55745
   0.55614
   0.55161
   0.54397
   0.53841
   0.53457
   0.53151
   0.52861
   0.52569
   0.52271
   0.51968
   0.51665
   0.51366
   0.51073
   0.50768
   0.50531
   0.50223
   0.49951
   0.49744
   0.49459
   0.49358
   0.49224
   0.49066
   0.48884
   0.48708
   0.48547
   0.48398
   0.48276
   0.48178
   0.48103
   0.48061
   0.48026
   0.48000
   0.47992
   0.47978
   0.47963
   0.47932
   0.47838
   0.47719
   0.47588
   0.47370
   0.47027
   0.46701
   0.46425
   0.46091
   0.45701
   0.45348
   0.44990
   0.44675
   0.44323
   0.43962
   0.43664
   0.43305
   0.42989
   0.42637
   0.42335
   0.41987
   0.41655
   0.41374
   0.41020
   0.40707
   0.40387
   0.40072
   0.39759
   0.39442
   0.39123
   0.38801
   0.38484
   0.38171
   0.37862
   0.37541
   0.37230
   0.36910
   0.36604
   0.36295
   0.35978
   0.35672
   0.35373
   0.35044
   0.34764
   0.34420
   0.34171
   0.33837
   0.33550
   0.33270
   0.32941
   0.32673
   0.32381
   0.32084
   0.31819
   0.31517
   0.31241
   0.30939
   0.30662
   0.30407
   0.30108
   0.29827
   0.29551
   0.29272
   0.28997
   0.28720
   0.28500
   0.28215
   0.27918
   0.27612
   0.27450
   0.27157
   0.26867
   0.26621
   0.26367
   0.26113
   0.25846
   0.25592
   0.25360
   0.25087
   0.24872
   0.24582
   0.24384
   0.24108
   0.23908
   0.23638
   0.23404
   0.23170
   0.22927
   0.22677
   0.22450
   0.22220
   0.21986
   0.21734
   0.21507
   0.21261
   0.21050
   0.20809
   0.20597
   0.20340
   0.20150
   0.19957
   0.19680
   0.19490
   0.19253
   0.19052
   0.18801
   0.18612
   0.18371
   0.18174
   0.17937
   0.17770
   0.17514
   0.17311
   0.17091
   0.16922
   0.16670
   0.16499
   0.16241
   0.16084
   0.15836
   0.15649
   0.15433
   0.15271
   0.15026
   0.14832
   0.14618
   0.14456
   0.14220
   0.14039
   0.13834
   0.13647
   0.13451
   0.13270
   0.13075
   0.12889
   0.12691
   0.12519
   0.12330
   0.12158
   0.11968
   0.11788
   0.11601
   0.11431
   0.11228
   0.11077
   0.10891
   0.10732
   0.10540
   0.10386
   0.10199
   0.10049
   0.09871
   0.09702
   0.09530
   0.09385
   0.09207
   0.09059
   0.08911
   0.08737
   0.08586
   0.08423
   0.08278
   0.08131
   0.07989
   0.07841
   0.07695
   0.07562
   0.07424
   0.07282
   0.07154
   0.07012
   0.06884
   0.06748
   0.06622
   0.06487
   0.06356
   0.06248
   0.06112
   0.05997
   0.05890
   0.05770
   0.05656
   0.05559
   0.05440
   0.05339
   0.05245
   0.05140
   0.05049
   0.04959
   0.04863
   0.04783
   0.04694
   0.04612
   0.04528
   0.04457
   0.04380
   0.04306
   0.04235
   0.04170
   0.04103
   0.04037
   0.03973
   0.03912
   0.03857
   0.03797
   0.03741
   0.03685
   0.03632
   0.03578
   0.03532
   0.03479
   0.03431
   0.03380
   0.03334
   0.03286
   0.03245
   0.03198
   0.03154
   0.03109
   0.03066
   0.03026
   0.02985
   0.02941
   0.02902
   0.02860
   0.02827
   0.02785
   0.02748
   0.02712
   0.02676
   0.02636
   0.02603
   0.02567
   0.02535
   0.02494
   0.02467
   0.02431
   0.02401
   0.02371
   0.02334
   0.02309
   0.02276
   0.02251
   0.02215
   0.02195
   0.02161
   0.02138
   0.02107
   0.02087
   0.02056
   0.02036
   0.02005
   0.01990
   0.01961
   0.01941
   0.01922
   0.01900
   0.01880
   0.01863
   0.01843
   0.01828
   0.01811
   0.01794
   0.01785
   0.01765
   0.01765
   0.01735
   0.01747
   0.01718
   0.01737
   0.01700
   0.01728
   0.01697
   0.01733
   0.01689
   0.01761
   0.01667
   0.01810
   0.01616
   0.01903
   0.01472
   0.02025
   0.01229
   0.02252
   0.01189
   0.02351
   0.01154
   0.02455
   0.01180
   0.02491
   0.01140
   0.02829
   0.01355
   0.02648
   0.01472
   0.03106
   0.01973
   0.02662
   0.02676
   0.01720
   0.01865
   0.05507
   0.02592
   0.02898
   0.07210
   0.03539
   0.05768
   0.07482
   0.03570
   0.05536
   0.08850
   0.06951
   0.08988
   0.06361
   0.04635
   0.00778
   0.01233
   0.01087
   0.01005
   0.00979
   0.00971
   0.00966
   0.00959
   0.00952
   0.00943
   0.00934
   0.00925
   0.00916
   0.00908
   0.00898
   0.00891
   0.00883
   0.00875
   0.00866
   0.00858
   0.00851
   0.00843
   0.00836
   0.00828
   0.00819
   0.00813
   0.00806
   0.00798
   0.00790
   0.00783
   0.00776
   0.00769
   0.00763
   0.00755
   0.00749
   0.00742
   0.00735
   0.00729
   0.00722
   0.00715
   0.00710
   0.00703
   0.00696
   0.00691
   0.00685
   0.00678
   0.00672
