   0.71838
   0.70952
   0.70992
   0.70870
   0.70612
   0.70536
   0.70676
   0.70199
   0.70000
   0.69934
   0.70119
   0.69770
   0.69715
   0.69657
   0.69604
   0.69556
   0.69529
   0.71034
   0.69856
   0.69750
   0.69687
   0.69620
   0.69578
   0.69521
   0.69501
   0.69442
   0.69414
   0.69388
   0.72544
   0.69761
   0.69502
   0.69390
   0.69326
   0.69315
   0.69311
   0.69379
   0.69396
   0.69488
   0.69664
   0.69848
   0.70203
   0.70549
   0.70882
   0.71314
   0.74699
   0.74813
   0.74545
   0.74110
   0.73944
   0.73275
   0.72632
   0.71932
   0.71167
   0.70404
   0.69391
   0.68314
   0.67291
   0.66205
   0.65149
   0.64107
   0.63155
   0.62312
   0.61576
   0.60918
   0.60276
   0.59610
   0.58904
   0.58138
   0.57355
   0.56563
   0.55780
   0.55041
   0.54359
   0.53768
   0.53249
   0.52783
   0.52317
   0.51824
   0.51294
   0.50745
   0.50185
   0.49640
   0.49113
   0.48605
   0.48114
   0.47639
   0.47173
   0.46709
   0.46246
   0.45785
   0.45334
   0.44879
   0.44427
   0.43981
   0.43548
   0.43109
   0.42683
   0.42256
   0.41803
   0.41426
   0.40976
   0.40575
   0.40175
   0.39726
   0.39333
   0.38940
   0.38549
   0.38156
   0.37784
   0.37400
   0.37027
   0.36659
   0.36291
   0.35915
   0.35551
   0.35189
   0.34828
   0.34484
   0.34105
   0.33744
   0.33398
   0.33050
   0.32678
   0.32290
   0.31891
   0.31529
   0.31144
   0.30764
   0.30397
   0.30011
   0.29609
   0.29235
   0.28872
   0.28495
   0.28111
   0.27724
   0.27363
   0.27006
   0.26668
   0.26311
   0.25982
   0.25657
   0.25340
   0.25027
   0.24723
   0.24410
   0.24127
   0.23823
   0.23538
   0.23276
   0.22977
   0.22703
   0.22433
   0.22173
   0.21908
   0.21651
   0.21390
   0.21136
   0.20883
   0.20630
   0.20383
   0.20125
   0.19877
   0.19623
   0.19377
   0.19124
   0.18875
   0.18635
   0.18396
   0.18147
   0.17899
   0.17650
   0.17404
   0.17151
   0.16869
   0.16641
   0.16379
   0.16093
   0.15849
   0.15550
   0.15336
   0.15082
   0.14770
   0.14559
   0.14260
   0.14039
   0.13754
   0.13509
   0.13241
   0.13001
   0.12747
   0.12499
   0.12258
   0.11965
   0.11736
   0.11509
   0.11241
   0.11008
   0.10775
   0.10530
   0.10293
   0.10095
   0.09824
   0.09622
   0.09352
   0.09120
   0.08911
   0.08719
   0.08465
   0.08278
   0.08064
   0.07849
   0.07765
   0.07451
   0.07193
   0.07052
   0.06955
   0.06646
   0.06536
   0.06285
   0.06081
   0.05889
   0.05693
   0.05508
   0.05329
   0.05140
   0.04965
   0.04917
   0.04644
   0.04422
   0.04241
   0.04067
   0.03896
   0.03732
   0.03569
   0.03416
   0.03262
   0.03118
   0.02975
   0.02865
   0.02739
   0.02622
   0.02509
   0.02414
   0.02319
   0.02235
   0.02162
   0.02099
   0.02039
   0.01975
   0.01923
   0.01866
   0.01815
   0.01764
   0.01715
   0.01668
   0.01618
   0.01576
   0.01536
   0.01464
   0.01402
   0.01380
   0.01359
   0.01321
   0.01273
   0.01248
   0.01157
   0.01138
   0.01152
   0.01136
   0.01090
   0.00997
   0.01041
   0.00980
   0.00975
   0.00864
   0.00957
   0.00805
   0.00779
   0.00753
   1.88351
   0.01338
   0.00939
   0.01382
   0.00922
   0.01112
   0.00904
   0.00986
   0.00885
   0.00905
   0.00862
   0.00854
   0.00834
   0.00821
   0.00808
   0.00798
   0.00791
   0.00787
   0.00783
   0.00775
   0.00761
   0.00746
   0.00732
   0.00718
   0.00705
   0.00694
   0.00683
   0.00673
   0.00664
   0.00654
   0.00644
   0.00699
   0.03163
   0.00599
   0.00590
   0.00585
   0.00583
   0.02798
   0.00987
   0.00733
   0.00740
   0.00720
   0.00695
   0.00670
   0.00646
   0.00622
   0.00600
   0.00578
   0.00558
   0.00539
   0.00522
   0.00507
   0.00494
   0.00482
   0.00472
   0.00463
   0.00455
   0.00448
   0.00441
   0.00434
   0.00428
   0.00421
   0.00413
   0.00402
   0.00388
   0.00369
   0.00501
   0.01581
   0.00354
   0.01416
   0.00557
   0.00407
   0.00397
   0.00390
   0.00384
   0.00377
   0.00370
   0.00362
   0.00351
   0.00338
   0.00322
   0.00301
   0.00279
   0.00264
   0.00287
   0.00641
   0.00391
   0.00941
   0.00264
   0.00582
   0.00424
   0.00660
   0.00260
   0.00517
   0.00595
   0.00412
   0.00447
   0.00451
   0.00432
   0.00402
   0.00380
   0.00364
   0.00348
   0.00332
   0.00315
   0.00297
   0.00276
   0.00253
   0.00228
   0.00206
   0.00189
   0.00176
   0.00166
   0.00156
   0.00149
   0.00139
   0.00135
   0.00126
   0.00124
   0.00114
   0.00115
   0.00106
   0.00106
   0.00100
   0.00098
   0.00094
   0.00091
   0.00088
   0.00085
   0.00082
   0.00080
   0.00077
   0.00075
   0.00072
   0.00070
   0.00068
   0.00066
   0.00064
   0.00062
   0.00060
   0.00059
   0.00057
   0.00055
   0.00053
   0.00061
   0.00049
   0.36082
   0.01026
   0.00053
   0.00055
   0.00055
   0.00055
   0.00056
   0.00056
   0.00056
   0.00057
   0.00057
   0.00058
   0.00058
   0.00059
   0.00060
   0.00060
   0.00061
   0.00062
   0.00062
   0.00063
   0.00064
   0.00065
   0.00066
   0.00066
   0.00067
   0.00068
   0.00069
   0.00070
   0.00071
   0.00072
   0.00073
   0.00074
   0.00075
   0.00076
   0.00078
   0.00080
   0.00083
   0.00087
   0.00092
   0.00099
   0.00110
   0.00126
   0.00129
   0.00112
   0.00054
   0.00131
   0.00305
   0.00102
   3.47174
   0.00056
   0.00049
   0.00049
   0.00049
   0.00049
   0.00049
   0.00049
   0.00049
   0.00049
   0.00050
   0.00050
   0.00050
   0.00050
   0.00051
   0.00051
   0.00052
   0.00052
   0.00052
   0.00053
   0.00053
   0.00054
   0.00055
   0.00055
   0.00056
   0.00056
   0.00057
   0.00058
   0.00058
   0.00059
   0.00060
   0.00060
   0.00061
   0.00062
   0.00063
   0.00064
   0.00062
   0.00066
   0.00067
   0.00069
   0.00071
   0.00073
   0.00076
   0.00079
   0.00083
   0.00089
   0.00096
   0.00104
   0.00106
   0.00096
   0.00077
   0.00043
   0.00083
   0.00212
   0.00079
   0.00519
   0.00075
   0.00047
   0.00195
   0.00078
   0.00047
   0.00188
   0.00076
   0.00207
   0.00064
   0.00182
   0.00064
   0.00193
   0.00072
   0.00219
   0.00072
   0.00219
   0.00071
   0.00195
   0.00070
   0.00180
   0.00069
   0.00174
   0.00069
   0.00181
   0.00068
   0.00189
   0.00066
   0.00173
   0.00063
   0.00152
   0.00059
   0.00131
   0.00057
   0.00126
   0.00055
   0.00125
   0.00054
   0.00129
   0.00055
   0.00134
   0.00055
   0.00130
   0.00065
   0.00127
   0.00102
   0.00111
   0.00066
   0.00086
   0.00211
   0.00041
   0.00105
   0.00060
   0.00053
   0.00068
   0.00110
   0.00085
   0.00208
   0.81723
   0.00809
   0.00793
   0.00571
   0.00493
   0.00457
   0.00430
   0.00406
   0.00388
   0.00371
   0.00356
   0.00341
   0.00327
   0.00314
   0.00301
   0.00290
   0.00280
   0.00270
   0.00261
   0.00253
   0.00245
   0.00237
   0.00230
   0.00222
   0.00215
   0.00207
   0.00200
   0.00194
   0.00188
   0.00181
   0.00176
   0.00171
   0.00167
   0.00163
   0.00159
   0.00155
   0.00151
   0.00148
   0.00144
   0.00141
   0.00138
   0.00135
   0.00132
   0.00129
   0.00126
   0.00125
   0.00123
   0.00121
   0.00120
   0.00122
   0.00123
   0.00124
   0.00124
   0.00124
   0.00122
   0.00116
   0.00107
   0.00096
   0.00084
   0.00077
   0.00073
   0.00069
   0.00066
   0.00064
   0.00062
   0.00062
   0.00061
   0.00061
   0.00062
   0.00063
   0.00065
   0.00069
   0.00073
   0.00078
   0.00084
   0.00092
   0.00101
   0.00111
   0.00114
   0.00114
   0.00118
   0.00114
   0.00123
   0.00113
   0.00131
   0.00114
   0.00136
   0.00123
   0.00137
   0.00139
   0.00146
   0.00153
   0.00159
   0.00161
   0.00161
   0.00161
   0.00161
   0.00162
   0.00167
   0.00175
   0.00057
   0.00065
   0.00039
   0.00039
   0.00040
   0.00040
   0.00040
   0.00041
   0.00041
   0.00041
   0.00042
   0.00043
   0.00043
   0.00044
   0.00044
   0.00045
   0.00046
   0.00047
   0.00048
   0.00048
   0.00049
   0.00050
   0.00051
   0.00052
   0.00053
   0.00054
   0.00054
   0.00055
   0.00056
   0.00056
   0.00057
   0.00058
   0.00058
   0.00059
   0.00059
   0.00060
   0.00061
   0.00062
   0.00064
   0.00065
   0.00066
   0.00068
   0.00069
   0.00068
   0.00067
   0.00064
   0.00059
   0.00053
   0.00047
   0.00042
   0.00039
   0.00036
   0.00034
   0.00033
   0.00032
   0.00031
   0.00031
   0.00031
   0.00031
   0.00031
   0.00032
   0.00033
   0.00035
   0.00037
   0.00040
   0.00043
   0.00046
   0.00050
   0.00053
   0.00057
   0.00060
   0.00064
   0.00066
   0.00068
   0.00069
   0.00070
   0.00070
   0.00071
   0.00071
   0.00072
   0.00073
   0.00073
   0.00074
   0.00075
   0.00075
   0.00075
   0.00075
   0.00074
   0.00073
   0.00072
   0.00071
   0.00070
   0.00068
   0.00067
   0.00066
   0.00065
   0.00064
   0.00062
   0.00059
   0.00057
   0.00055
   0.00053
   0.00050
   0.00048
   0.00046
   0.00044
   0.00042
   0.00040
   0.00037
   0.00035
   0.00032
   0.00030
   0.00027
   0.00025
   0.00023
   0.00022
   0.00020
   0.00019
   0.00018
   0.00017
   0.00017
   0.00016
   0.00015
   0.00014
   0.00014
   0.00013
   0.00013
   0.00012
   0.00012
   0.00012
   0.00011
   0.00011
   0.00010
   0.00010
   0.00010
   0.00009
   0.00009
   0.00009
   0.00009
   0.00008
   0.00008
   0.00008
   0.00007
   0.00007
   0.00007
   0.00007
   0.00006
   0.00006
   0.00006
   0.00006
   0.00006
   0.00005
   0.00005
   0.00005
   0.00005
   0.00005
   0.00004
   0.00004
   0.00004
   0.00004
   0.00004
   0.00004
   0.00004
   0.00004
   0.00003
   0.00003
   0.00003
   0.00003
   0.00003
   0.00003
   0.00003
   0.00003
   0.00003
   0.00003
   0.00002
   0.00002
   0.00002
   0.00002
   0.00002
   0.00002
   0.00002
   0.00002
   0.00002
   0.00002
   0.00002
   0.00002
   0.00002
   0.00002
   0.00002
   0.00002
   0.00001
   0.00001
   0.00001
   0.00001
   0.00001
   0.00001
   0.00001
   0.00001
   0.00001
   0.00001
   0.00001
   0.00001
   0.00001
   0.00001
   0.00001
   0.00001
   0.00001
   0.00001
   0.00001
   0.00001
   0.00001
   0.00001
   0.00079
   0.00020
   0.00002
   0.00001
   0.00001
   0.00001
   0.00001
   0.00001
   0.00001
   0.00001
   0.00001
   0.00001
   0.00001
   0.00001
   0.00001
   0.00001
   0.00001
   0.00001
   0.00001
   0.00001
   0.00001
   0.00001
   0.00001
   0.00001
   0.00001
   0.00001
   0.00001
   0.00001
   0.00001
   0.00001
   0.00001
   0.00001
   0.00001
   0.00001
   0.00001
   0.00001
   0.00001
   0.00001
   0.00001
   0.00001
   0.00001
   0.00001
   0.00001
   0.00001
   0.00001
   0.00001
   0.00001
   0.00001
   0.00001
   0.00001
   0.00001
   0.00001
   0.00001
   0.00001
   0.00001
   0.00001
   0.00001
   0.00001
   0.00001
   0.00001
   0.00001
   0.00001
   0.00001
   0.00001
   0.00001
   0.00001
   0.00001
   0.00001
   0.00001
   0.00001
   0.00001
   0.00001
   0.00001
   0.00001
   0.00001
   0.00001
   0.00001
   0.00001
   0.00001
   0.00001
   0.00001
   0.00001
   0.00001
   0.00001
   0.00001
   0.00001
   0.00001
   0.00001
   0.00001
   0.00001
   0.00001
   0.00001
   0.00001
   0.00001
   0.00001
   0.00001
   0.00001
   0.00001
   0.00001
   0.00001
   0.00001
