   0.70539
   0.69652
   0.69779
   0.69676
   0.69672
   0.69582
   0.69505
   0.69475
   0.69412
   0.69363
   0.69303
   0.69244
   0.69183
   0.68986
   0.68685
   0.68740
   0.68691
   0.68630
   0.68570
   0.68496
   0.68423
   0.68333
   0.68276
   0.68099
   0.68084
   0.67970
   0.67846
   0.67744
   0.67587
   0.67481
   0.67388
   0.67113
   0.66991
   0.67103
   0.67232
   0.66254
   0.66164
   0.66099
   0.65964
   0.65831
   0.65701
   0.65565
   0.65411
   0.65280
   0.65148
   0.64981
   0.64859
   0.64716
   0.64587
   0.64456
   0.64330
   0.64218
   0.64114
   0.63999
   0.63915
   0.63857
   0.63824
   0.63768
   0.63737
   0.64203
   0.63857
   0.64346
   0.66889
   0.68115
   0.68549
   0.68995
   0.69418
   0.69962
   0.70334
   0.70672
   0.70774
   0.70861
   0.70819
   0.70799
   0.70777
   0.70766
   0.70729
   0.70577
   0.70380
   0.70231
   0.69945
   0.69567
   0.69290
   0.68836
   0.68375
   0.67914
   0.67456
   0.66957
   0.66449
   0.65882
   0.65409
   0.64854
   0.64370
   0.63834
   0.63287
   0.62733
   0.62189
   0.61613
   0.61020
   0.60464
   0.59886
   0.59330
   0.58738
   0.58130
   0.57558
   0.56638
   0.55767
   0.55289
   0.54775
   0.54239
   0.53674
   0.53097
   0.52535
   0.51939
   0.51333
   0.50747
   0.50134
   0.49520
   0.48904
   0.48300
   0.47668
   0.47049
   0.46429
   0.45832
   0.45213
   0.44591
   0.43977
   0.43365
   0.42795
   0.42230
   0.41715
   0.41060
   0.40589
   0.39971
   0.39417
   0.39001
   0.38407
   0.37968
   0.37484
   0.37023
   0.36639
   0.36265
   0.35860
   0.35524
   0.35197
   0.34875
   0.34588
   0.34307
   0.34025
   0.33771
   0.33523
   0.33296
   0.33074
   0.32871
   0.32681
   0.32500
   0.32333
   0.32184
   0.32019
   0.31865
   0.31753
   0.31597
   0.31454
   0.31306
   0.31104
   0.30849
   0.30649
   0.30335
   0.30067
   0.29738
   0.29393
   0.29025
   0.28613
   0.28202
   0.27725
   0.27306
   0.26756
   0.26258
   0.25694
   0.25225
   0.24753
   0.24251
   0.23786
   0.23336
   0.22893
   0.22508
   0.22079
   0.21683
   0.21324
   0.20935
   0.20562
   0.20178
   0.19827
   0.19454
   0.19105
   0.18734
   0.18375
   0.18034
   0.17680
   0.17329
   0.16981
   0.16637
   0.16325
   0.16009
   0.15688
   0.15383
   0.15079
   0.14786
   0.14495
   0.14212
   0.13935
   0.13636
   0.13371
   0.13137
   0.12868
   0.12598
   0.12364
   0.12107
   0.11869
   0.11616
   0.11405
   0.11164
   0.10940
   0.10736
   0.10508
   0.10320
   0.10082
   0.09900
   0.09686
   0.09501
   0.09315
   0.09121
   0.08915
   0.08786
   0.08560
   0.08395
   0.08207
   0.08057
   0.07862
   0.07731
   0.07490
   0.07396
   0.07266
   0.07060
   0.06958
   0.06758
   0.06610
   0.06490
   0.06294
   0.06260
   0.06023
   0.05956
   0.05763
   0.05688
   0.05480
   0.05437
   0.05223
   0.05179
   0.04968
   0.04943
   0.04720
   0.04689
   0.04493
   0.04446
   0.04265
   0.04213
   0.04029
   0.03994
   0.03826
   0.03781
   0.03643
   0.03584
   0.03485
   0.03428
   0.03369
   0.03309
   0.03316
   0.03245
   0.03329
   0.03276
   0.03413
   0.03329
   0.03538
   0.03474
   0.03586
   0.03818
   0.03664
   0.04251
   0.04243
   0.04551
   0.04423
   0.05760
   0.08883
   0.03362
   0.05684
   0.09805
   0.03958
   0.07651
   0.02457
   0.07470
   0.01816
   0.10663
   0.08260
   0.01982
   0.01718
   0.06192
   0.06718
   0.01617
   0.01551
   0.01651
   0.01691
   0.01830
   0.02533
   0.10246
   0.08654
   0.08951
   0.01254
   0.01223
   0.01208
   0.01188
   0.01173
   0.01154
   0.01139
   0.01121
   0.01105
   0.01089
   0.01073
   0.01057
   0.01042
   0.01028
   0.01013
   0.00998
   0.00984
   0.00970
   0.00956
   0.00943
   0.00929
   0.00916
   0.00903
   0.00890
   0.00877
   0.00864
   0.00852
   0.00840
   0.00828
   0.00816
   0.00804
   0.00792
   0.00782
   0.00770
   0.00758
   0.00747
   0.00738
   0.00726
   0.00715
   0.00705
   0.00695
   0.00684
   0.00675
   0.00665
   0.00655
   0.00645
   0.00636
   0.00627
   0.00618
   0.00608
   0.00599
   0.00591
   0.00582
   0.00574
   0.00565
   0.00556
   0.00548
   0.00540
   0.00532
   0.00524
   0.00516
   0.00508
   0.00500
   0.00493
   0.00486
   0.00479
   0.00471
   0.00464
   0.00457
   0.00450
   0.00443
   0.00436
   0.00430
   0.00424
   0.00417
   0.00410
   0.00404
   0.00398
   0.00392
   0.00386
   0.00380
   0.00374
   0.00369
   0.00362
   0.00357
   0.00351
   0.00347
   0.00340
   0.00336
   0.00330
   0.00326
   0.00320
   0.00316
   0.00311
   0.00306
   0.00301
   0.00297
   0.00291
   0.00289
   0.00282
   0.00281
   0.00273
   0.00273
   0.00264
   0.00266
   0.00254
   0.00261
   0.00243
   0.00260
   0.00232
   0.00266
   0.00223
   0.00279
   0.00216
   0.00297
   0.00210
   0.00294
   0.00201
   0.00294
   0.00192
   0.00295
   0.00185
   0.00292
   0.00179
   0.00290
   0.00173
   0.00288
   0.00168
   0.00284
   0.00163
   0.00280
   0.00158
   0.00275
   0.00154
   0.00268
   0.00149
   0.00263
   0.00145
   0.00252
   0.00140
   0.00242
   0.00136
   0.00228
   0.00129
   0.00211
   0.00119
   0.00191
   0.00110
   0.00169
   0.00108
   0.00151
   0.00110
   0.00138
   0.00113
   0.00128
   0.00113
   0.00121
   0.00113
   0.00116
   0.00111
   0.00113
   0.00109
   0.00109
   0.00107
   0.00106
   0.00104
   0.00103
   0.00103
   0.00100
   0.00100
   0.00099
   0.00097
   0.00096
   0.00095
   0.00094
   0.00093
   0.00092
   0.00092
   0.00091
   0.00091
   0.00089
   0.00088
   0.00088
   0.00087
