   0.63332
   0.61660
   0.60754
   0.58640
   0.58248
   0.56633
   0.60017
   0.46395
   0.44367
   0.43145
   0.42221
   0.41404
   0.41498
   0.40937
   0.41426
   0.41393
   0.41533
   0.41602
   0.42288
   0.42198
   0.42996
   0.43356
   0.44220
   0.56853
   0.50136
   0.51199
   0.51483
   0.53037
   0.53672
   0.54569
   0.55624
   0.56794
   0.57690
   0.58125
   0.57403
   0.55078
   0.52783
   0.51027
   0.50303
   0.50806
   0.51817
   0.52301
   0.51925
   0.50504
   0.48304
   0.45469
   0.42148
   0.38620
   0.35483
   0.32508
   0.29834
   0.27650
   0.25624
   0.23966
   0.22506
   0.21228
   0.20111
   0.19123
   0.18232
   0.17436
   0.16762
   0.16149
   0.15591
   0.15063
   0.14645
   0.14132
   0.13715
   0.13350
   0.13029
   0.12908
   0.12643
   0.12446
   0.12224
   0.12014
   0.11796
   0.11558
   0.11275
   0.11000
   0.10695
   0.10331
   0.09918
   0.09617
   0.09121
   0.08583
   0.08022
   0.07449
   0.06825
   0.06234
   0.05658
   0.05079
   0.04528
   0.04021
   0.03561
   0.02943
   0.02648
   0.02368
   0.02133
   0.01926
   0.01765
   0.01626
   0.01507
   0.01418
   0.01351
   0.01292
   0.01235
   0.01207
   0.01166
   0.01125
   0.01090
   0.01065
   0.01086
   0.01094
   0.01117
   0.01159
   0.01215
   0.01244
   0.01270
   0.01311
   0.01298
   0.01372
   0.01268
   0.01137
   0.01097
   0.00986
   0.00930
   0.00934
   0.01009
   0.01063
   0.00877
   0.00555
   0.00408
   0.00300
   0.00226
   0.00180
   0.00148
   0.00158
   0.00153
   0.00148
   0.00133
   0.00143
   0.00143
   0.00170
   0.00107
   0.00114
   0.00085
   0.00068
   0.00051
   0.00047
   0.00607
   0.00048
   0.00046
   0.00034
   0.00038
   0.00028
   0.00030
   0.00021
   0.00037
   0.00027
   0.00016
   0.00052
   0.00042
   0.00013
   0.00017
   0.00015
   0.00055
   0.00049
   0.00047
   0.00082
   0.00061
   0.00051
   0.00039
   0.00029
   0.00013
   0.00088
   0.00064
   0.00060
   0.00049
   0.00045
   0.00020
   0.00008
   0.00031
   0.00024
   0.00007
   0.00025
   0.00025
   0.00017
   0.00021
   0.00026
   0.00016
   0.00020
   0.00022
   0.00019
   0.00014
   0.00016
   0.00017
   0.00016
   0.00015
   0.00011
   0.00011
   0.00015
   0.00015
   0.00008
   0.00013
   0.00012
   0.00016
   0.00006
   0.00006
   0.00007
   0.00008
   0.00009
   0.00008
   0.00008
   0.00014
   0.00043
   0.00027
   0.00020
   0.00016
   0.00014
   0.00011
   0.00005
   0.00014
   0.00237
   0.00153
   0.00093
   0.00066
   0.00045
   0.00028
   0.00019
   0.00021
   0.00024
   0.00361
   0.00019
   0.00013
   0.00016
   0.00022
   0.00046
   0.00005
   0.00016
   0.00014
   0.00010
   0.00007
   0.00015
   0.00013
   0.00001
   0.00303
   0.00154
   0.00092
   0.00076
   0.00063
   0.00052
   0.00045
   0.00035
   0.00025
   0.00022
   0.00017
   0.00016
   0.00015
   0.00015
   0.00014
   0.00014
   0.00016
   0.00016
   0.00017
   0.00017
   0.00017
   0.00016
   0.00014
   0.00012
   0.00008
   0.00005
   0.00005
   0.00006
   0.00016
   0.00030
   0.00026
   0.00023
   0.00018
   0.00015
   0.00010
   0.00005
   0.00005
   0.00006
   0.00005
   0.00004
   0.00000
   0.00941
   0.00374
   0.00219
   0.00157
   0.00123
   0.00106
   0.00093
   0.00080
   0.00068
   0.00058
   0.00051
   0.00013
   0.00030
   0.00031
   0.00028
   0.00026
   0.00025
   0.00025
   0.00027
   0.00033
   0.00038
   0.00039
   0.00038
   0.00034
   0.00030
   0.00027
   0.00021
   0.00008
   0.00047
   0.00035
   0.00036
   0.00037
   0.00034
   0.00033
   0.00030
   0.00026
   0.00022
   0.00020
   0.00017
   0.00007
   0.00008
   0.00007
   0.00007
   0.10985
   0.05022
   0.03791
   0.03063
   0.02554
   0.02187
   0.01904
   0.01694
   0.01517
   0.01370
   0.01246
   0.01141
   0.01057
   0.00991
   0.00934
   0.00884
   0.00836
   0.00791
   0.00747
   0.00707
   0.00668
   0.00630
   0.00597
   0.00339
   0.00357
   0.00328
   0.00197
   0.00175
   0.00257
   0.00848
   0.00680
   0.08201
   0.00258
   0.00293
   0.00312
   0.00397
   0.00417
   0.00375
   0.00282
   0.00224
   0.00089
   0.00069
   0.00075
   0.00078
   0.00170
   0.00183
   0.00056
   0.00216
   0.01433
   0.00125
   0.00128
   0.00132
   0.00162
   0.00167
   0.00148
   0.00091
   0.00091
   0.00021
   0.00001
   0.51966
   0.00019
   0.00020
   0.00021
   0.00023
   0.00023
   0.00022
   0.00021
   0.00021
   0.00024
   0.00029
   0.00037
   0.00045
   0.00047
   0.00081
   0.00072
   0.00068
   0.00055
   0.00020
   0.00008
   0.00015
   0.00016
   0.00016
   0.00016
   0.00016
   0.00015
   0.00015
   0.00017
   0.00021
   0.00026
   0.00032
   0.00033
   0.00065
   0.00054
   0.00047
   0.00038
   0.00014
   0.00025
   0.00026
   0.00026
   0.00140
   0.00005
   0.00005
   0.00005
   0.00005
   0.00006
   0.00003
   0.00003
   0.00003
   0.00004
   0.00004
   0.00004
   0.00004
   0.00004
   0.00005
   0.00003
   0.00006
   0.00005
   0.00005
   0.00004
   0.00004
   0.00004
   0.00004
   0.00004
   0.00004
   0.00004
   0.00004
   0.00005
   0.00005
   0.00005
   0.00005
   0.00005
   0.00005
   0.00005
   0.00004
   0.00004
   0.00004
   0.00005
   0.00005
   0.00006
   0.00007
   0.00008
   0.00000
   0.00003
   0.00003
   0.00003
   0.00003
   0.00002
   0.00002
   0.00002
   0.00002
   0.00002
   0.00002
   0.00002
   0.00003
   0.00003
   0.00003
   0.00003
   0.00003
   0.00003
   0.00003
   0.00003
   0.00003
   0.00003
   0.00003
   0.00003
   0.00003
   0.00004
   0.00004
   0.00017
   0.00001
   0.00001
   0.00003
