   0.64663
   0.66006
   0.66201
   0.65782
   0.65643
   0.65598
   0.65536
   0.65464
   0.65391
   0.65325
   0.65258
   0.65191
   0.65122
   0.65060
   0.64995
   0.64931
   0.64868
   0.64806
   0.64744
   0.64682
   0.64620
   0.64558
   0.64498
   0.64436
   0.64374
   0.64313
   0.64251
   0.64189
   0.64112
   0.64066
   0.64001
   0.63934
   0.63861
   0.63804
   0.63729
   0.63668
   0.63594
   0.63520
   0.63454
   0.63370
   0.63295
   0.63214
   0.63142
   0.63046
   0.62973
   0.62870
   0.62778
   0.62662
   0.62590
   0.62479
   0.62362
   0.62273
   0.62142
   0.62047
   0.61906
   0.61783
   0.61647
   0.61513
   0.61383
   0.61225
   0.61068
   0.60923
   0.60747
   0.60589
   0.60416
   0.60232
   0.60059
   0.59859
   0.59656
   0.59479
   0.59262
   0.59064
   0.58860
   0.58640
   0.58433
   0.58201
   0.57988
   0.57759
   0.57546
   0.57314
   0.57100
   0.56875
   0.56656
   0.56435
   0.56227
   0.56017
   0.55812
   0.55606
   0.55402
   0.55197
   0.54987
   0.54767
   0.54538
   0.54293
   0.54027
   0.53738
   0.53429
   0.53098
   0.52752
   0.52391
   0.52018
   0.51637
   0.51243
   0.50841
   0.50432
   0.50015
   0.49590
   0.49160
   0.48723
   0.48284
   0.47838
   0.47387
   0.46937
   0.46477
   0.46024
   0.45560
   0.45091
   0.44631
   0.44160
   0.43698
   0.43226
   0.42760
   0.42300
   0.41843
   0.41376
   0.40919
   0.40472
   0.40011
   0.39565
   0.39118
   0.38672
   0.38245
   0.37816
   0.37387
   0.36958
   0.36561
   0.36135
   0.35732
   0.35336
   0.34933
   0.34555
   0.34160
   0.33795
   0.33414
   0.33059
   0.32705
   0.32330
   0.31990
   0.31641
   0.31312
   0.30962
   0.30663
   0.30323
   0.30020
   0.29691
   0.29398
   0.29080
   0.28801
   0.28513
   0.28247
   0.27947
   0.27684
   0.27389
   0.27144
   0.26880
   0.26644
   0.26379
   0.26146
   0.25897
   0.25682
   0.25463
   0.25241
   0.25020
   0.24823
   0.24623
   0.24436
   0.24217
   0.24017
   0.23850
   0.23654
   0.23469
   0.23300
   0.23125
   0.22937
   0.22757
   0.22560
   0.22370
   0.22175
   0.21971
   0.21765
   0.21556
   0.21327
   0.21107
   0.20862
   0.20623
   0.20360
   0.20102
   0.19841
   0.19580
   0.19307
   0.19030
   0.18753
   0.18510
   0.18195
   0.17964
   0.17697
   0.17443
   0.17179
   0.16926
   0.16673
   0.16432
   0.16175
   0.15937
   0.15658
   0.15470
   0.15198
   0.14984
   0.14746
   0.14518
   0.14294
   0.14064
   0.13844
   0.13621
   0.13408
   0.13191
   0.12941
   0.12792
   0.12567
   0.12345
   0.12181
   0.11943
   0.11754
   0.11611
   0.11346
   0.11217
   0.11008
   0.10798
   0.10665
   0.10475
   0.10270
   0.10101
   0.09969
   0.09770
   0.09607
   0.09433
   0.09312
   0.09136
   0.08965
   0.08847
   0.08678
   0.08522
   0.08364
   0.08266
   0.08104
   0.07955
   0.07814
   0.07713
   0.07548
   0.07428
   0.07310
   0.07171
   0.07058
   0.06934
   0.06814
   0.06696
   0.06585
   0.06473
   0.06358
   0.06253
   0.06139
   0.06049
   0.05934
   0.05842
   0.05738
   0.05637
   0.05549
   0.05446
   0.05365
   0.05272
   0.05187
   0.05100
   0.05013
   0.04929
   0.04848
   0.04765
   0.04701
   0.04621
   0.04554
   0.04474
   0.04413
   0.04339
   0.04259
   0.04190
   0.04124
   0.04065
   0.03993
   0.03936
   0.03869
   0.03808
   0.03746
   0.03689
   0.03625
   0.03534
   0.03483
   0.03441
   0.03374
   0.03311
   0.03268
   0.03210
   0.03162
   0.03108
   0.03062
   0.03010
   0.02961
   0.02916
   0.02869
   0.02823
   0.02769
   0.02739
   0.02681
   0.02637
   0.02602
   0.02564
   0.02509
   0.02486
   0.02428
   0.02389
   0.02354
   0.02320
   0.02287
   0.02243
   0.02212
   0.02177
   0.02132
   0.02098
   0.02060
   0.02044
   0.01994
   0.01970
   0.01929
   0.01910
   0.01867
   0.01844
   0.01806
   0.01787
   0.01747
   0.01726
   0.01693
   0.01668
   0.01632
   0.01616
   0.01582
   0.01561
   0.01529
   0.01511
   0.01476
   0.01453
   0.01415
   0.01404
   0.01374
   0.01344
   0.01334
   0.01296
   0.01293
   0.01278
   0.01240
   0.01216
   0.01207
   0.01183
   0.01163
   0.01137
   0.01128
   0.01107
   0.01087
   0.01068
   0.01055
   0.01031
   0.01015
   0.00998
   0.00983
   0.00964
   0.00951
   0.00932
   0.00920
   0.00901
   0.00889
   0.00871
   0.00859
   0.00842
   0.00831
   0.00814
   0.00803
   0.00787
   0.00777
   0.00761
   0.00751
   0.00738
   0.00724
   0.00714
   0.00702
   0.00690
   0.00678
   0.00667
   0.00656
   0.00645
   0.00634
   0.00623
   0.00613
   0.00603
   0.00594
   0.00584
   0.00574
   0.00566
   0.00555
   0.00548
   0.00537
   0.00530
   0.00520
   0.00513
   0.00503
   0.00497
   0.00487
   0.00480
   0.00472
   0.00465
   0.00457
   0.00450
   0.00441
   0.00434
   0.00428
   0.00421
   0.00414
   0.00409
   0.00398
   0.00392
   0.00387
   0.00383
   0.00374
   0.00368
   0.00366
   0.00356
   0.00351
   0.00348
   0.00342
   0.00334
   0.00330
   0.00324
   0.00320
   0.00316
   0.00311
   0.00304
   0.00300
   0.00297
   0.00286
   0.00288
   0.00276
   0.00277
   0.00272
   0.00269
   0.00264
   0.00260
   0.00256
   0.00251
   0.00248
   0.00243
   0.00240
   0.00237
   0.00232
   0.00229
   0.00225
   0.00222
   0.00218
   0.00215
   0.00212
   0.00209
   0.00206
   0.00203
   0.00200
   0.00197
   0.00196
   0.00187
   0.00190
   0.00186
   0.00185
   0.00177
   0.00181
   0.00173
   0.00177
   0.00169
   0.00173
   0.00165
   0.00170
   0.00161
   0.00167
   0.00158
   0.00163
   0.00155
   0.00161
   0.00153
   0.00159
   0.00152
   0.00159
   0.00151
   0.00157
   0.00151
   0.00159
   0.00152
   0.00157
   0.00156
   0.00161
   0.00160
   0.00165
   0.00167
   0.00171
   0.00175
   0.00180
   0.00186
   0.00193
   0.00204
   0.00201
   0.00226
   0.00231
   0.00267
   0.00295
   0.00336
   0.00393
   0.00438
   0.00501
   0.00554
   0.00590
   0.00565
   0.00399
   0.00101
   0.00086
   0.00084
   0.00085
   0.00084
   0.00083
   0.00082
   0.00081
   0.00080
   0.00079
   0.00079
   0.00078
   0.00077
   0.00076
   0.00075
   0.00074
   0.00074
   0.00073
   0.00072
   0.00071
   0.00070
   0.00070
   0.00068
   0.00068
   0.00067
   0.00067
   0.00066
   0.00065
   0.00064
   0.00064
   0.00063
   0.00062
   0.00061
   0.00061
   0.00060
   0.00059
   0.00059
   0.00058
   0.00057
   0.00057
   0.00056
   0.00055
   0.00055
   0.00054
   0.00054
   0.00053
   0.00052
   0.00052
   0.00051
   0.00050
   0.00050
   0.00049
   0.00049
   0.00048
   0.00047
   0.00047
   0.00046
   0.00046
   0.00045
   0.00044
   0.00044
   0.00043
   0.00043
   0.00042
   0.00042
   0.00041
   0.00041
   0.00040
   0.00039
   0.00039
   0.00038
   0.00037
   0.00037
   0.00036
   0.00036
   0.00035
   0.00035
   0.00034
   0.00034
   0.00033
   0.00033
   0.00032
   0.00032
   0.00031
   0.00031
   0.00030
   0.00030
   0.00029
   0.00029
   0.00028
   0.00028
   0.00027
   0.00027
   0.00027
   0.00026
   0.00026
   0.00025
   0.00025
   0.00024
   0.00024
   0.00023
   0.00024
   0.00023
   0.00023
   0.00022
   0.00022
   0.00021
   0.00021
   0.00020
   0.00020
   0.00020
   0.00020
   0.00019
   0.00019
   0.00018
   0.00018
   0.00018
   0.00018
   0.00017
   0.00017
   0.00017
   0.00017
   0.00016
   0.00016
   0.00015
   0.00015
   0.00015
   0.00015
   0.00014
   0.00014
   0.00014
   0.00014
   0.00013
   0.00013
   0.00013
   0.00013
   0.00012
   0.00012
   0.00012
   0.00012
   0.00012
   0.00012
   0.00011
   0.00011
   0.00011
   0.00011
   0.00011
   0.00010
   0.00010
   0.00010
   0.00010
   0.00010
   0.00009
   0.00009
   0.00009
   0.00009
   0.00009
   0.00009
   0.00009
   0.00008
   0.00008
   0.00008
   0.00008
   0.00008
   0.00008
   0.00008
   0.00007
   0.00007
   0.00007
   0.00007
   0.00007
   0.00007
   0.00007
   0.00007
   0.00007
   0.00006
   0.00006
   0.00006
   0.00006
   0.00006
   0.00006
   0.00006
   0.00006
   0.00006
   0.00006
   0.00006
   0.00006
   0.00005
   0.00005
   0.00005
   0.00005
   0.00005
   0.00005
   0.00005
   0.00005
   0.00005
   0.00005
   0.00005
   0.00005
   0.00005
   0.00005
   0.00005
   0.00004
   0.00004
   0.00004
   0.00004
   0.00004
   0.00004
   0.00004
   0.00004
   0.00004
   0.00004
   0.00004
   0.00004
   0.00004
   0.00004
   0.00004
   0.00004
   0.00004
   0.00004
   0.00004
   0.00004
   0.00004
   0.00004
   0.00004
   0.00004
   0.00004
   0.00003
   0.00003
   0.00003
   0.00003
   0.00003
   0.00003
   0.00003
   0.00003
   0.00003
   0.00003
   0.00003
   0.00003
   0.00003
   0.00003
   0.00003
   0.00003
   0.00003
   0.00003
   0.00003
   0.00003
   0.00003
   0.00003
   0.00003
   0.00003
   0.00003
   0.00003
   0.00003
   0.00003
   0.00003
   0.00003
   0.00003
   0.00003
   0.00003
   0.00003
   0.00003
   0.00003
   0.00003
   0.00003
   0.00003
   0.00003
   0.00003
   0.00003
   0.00003
   0.00003
   0.00003
   0.00003
   0.00003
   0.00003
   0.00003
   0.00003
   0.00003
   0.00003
   0.00003
   0.00003
   0.00003
   0.00003
   0.00002
   0.00002
   0.00002
   0.00002
   0.00002
   0.00003
   0.00002
   0.00002
   0.00002
   0.00002
   0.00002
   0.01341
   0.27090
   0.05969
   0.03591
   0.02654
   0.02247
   0.01978
   0.01858
   0.01799
   0.01752
   0.01711
   0.01673
   0.01638
   0.01605
   0.01575
   0.01546
   0.01519
   0.01493
   0.01468
   0.01444
   0.01421
   0.01398
   0.01376
   0.01354
   0.01331
   0.01307
   0.01284
   0.01256
   0.01224
   0.01178
   0.01118
   0.01031
   0.00850
   0.00663
   0.00609
   0.00565
   0.00546
   0.00528
   0.00515
   0.00505
   0.00496
   0.00487
   0.00479
   0.00471
   0.00464
   0.00457
   0.00450
   0.00443
   0.00436
   0.00430
   0.00424
   0.00418
   0.00412
   0.00406
   0.00400
   0.00395
   0.00389
   0.00384
   0.00379
   0.00374
   0.00369
   0.00364
   0.00360
   0.00355
   0.00351
   0.00346
   0.00342
   0.00338
   0.00334
   0.00329
   0.00325
   0.00321
   0.00317
   0.00313
   0.00309
   0.00305
   0.00302
   0.00298
   0.00294
   0.00290
   0.00287
   0.00283
   0.00279
   0.00276
   0.00272
   0.00268
   0.00265
   0.00261
   0.00257
   0.00254
   0.00250
   0.00246
   0.00243
   0.00239
   0.00235
   0.00230
   0.00223
   0.00213
   0.00198
   0.00172
   0.00133
   0.00122
   0.00118
   0.00113
   0.00110
   0.00107
   0.00104
   0.00102
   0.00099
   0.00097
   0.00095
   0.00094
   0.00092
   0.00091
   0.00089
   0.00088
   0.00087
   0.00085
   0.00084
   0.00083
   0.00082
   0.00081
   0.00080
   0.00079
   0.00078
   0.00077
   0.00076
   0.00075
   0.00074
   0.00073
   0.00072
   0.00071
   0.00070
   0.00070
   0.00069
   0.00068
   0.00067
   0.00067
   0.00066
   0.00065
   0.00064
   0.00064
   0.00063
   0.00062
   0.00062
   0.00061
   0.00060
   0.00060
   0.00059
   0.00058
   0.00058
   0.00057
   0.00056
   0.00056
   0.00055
   0.00055
   0.00054
   0.00053
   0.00053
   0.00052
   0.00052
   0.00051
   0.00050
   0.00050
   0.00049
   0.00049
   0.00048
   0.00048
   0.00047
   0.00047
   0.00046
   0.00045
   0.00045
   0.00044
