   0.68918
   0.68769
   0.68748
   0.68744
   0.68726
   0.68714
   0.68698
   0.68684
   0.68671
   0.68655
   0.68643
   0.68627
   0.68616
   0.68600
   0.68588
   0.68571
   0.68559
   0.68544
   0.68529
   0.68514
   0.68500
   0.68483
   0.68467
   0.68451
   0.68434
   0.68416
   0.68399
   0.68379
   0.68361
   0.68342
   0.68323
   0.68303
   0.68283
   0.68263
   0.68244
   0.68223
   0.68204
   0.68184
   0.68164
   0.68149
   0.68130
   0.68113
   0.68098
   0.68087
   0.68075
   0.68069
   0.68063
   0.68061
   0.68058
   0.68062
   0.68064
   0.68067
   0.70309
   0.67848
   0.67793
   0.67806
   0.67801
   0.67776
   0.67742
   0.67658
   0.67522
   0.67339
   0.67200
   0.67011
   0.66802
   0.66713
   0.66730
   0.66756
   0.66756
   0.70723
   0.69723
   0.75316
   0.67233
   0.66993
   0.66898
   0.66915
   0.67303
   0.67516
   0.67784
   0.68044
   0.68340
   0.68638
   0.68833
   0.68970
   0.69010
   0.68848
   0.68717
   0.68507
   0.68181
   0.67710
   0.67081
   0.66335
   0.55837
   0.61043
   0.63741
   0.63063
   0.62099
   0.60986
   0.59944
   0.58930
   0.57818
   0.56804
   0.55886
   0.54935
   0.54048
   0.53173
   0.52360
   0.51590
   0.50910
   0.50253
   0.49634
   0.49065
   0.48533
   0.48026
   0.47546
   0.47072
   0.46618
   0.46181
   0.45743
   0.45309
   0.44851
   0.44420
   0.43986
   0.43551
   0.43116
   0.42676
   0.42240
   0.41801
   0.41368
   0.40937
   0.40510
   0.40086
   0.39668
   0.39256
   0.38849
   0.38451
   0.38059
   0.37678
   0.37304
   0.36941
   0.36587
   0.36241
   0.35898
   0.35567
   0.35239
   0.34913
   0.34582
   0.34247
   0.33911
   0.33558
   0.33203
   0.32839
   0.32467
   0.32089
   0.31710
   0.31324
   0.30943
   0.30564
   0.30186
   0.29810
   0.29435
   0.29066
   0.28699
   0.28336
   0.27978
   0.27623
   0.27271
   0.26923
   0.26578
   0.26241
   0.25900
   0.25564
   0.25232
   0.24905
   0.24579
   0.24254
   0.23933
   0.23612
   0.23297
   0.22982
   0.22668
   0.22360
   0.22049
   0.21740
   0.21434
   0.21128
   0.20825
   0.20523
   0.20223
   0.19924
   0.19628
   0.19331
   0.19036
   0.18750
   0.18461
   0.18173
   0.17893
   0.17608
   0.17331
   0.17055
   0.16780
   0.16508
   0.16240
   0.15978
   0.15705
   0.15454
   0.15192
   0.14937
   0.14681
   0.14435
   0.14183
   0.13942
   0.13699
   0.13462
   0.13222
   0.12989
   0.12757
   0.12529
   0.12304
   0.12082
   0.11862
   0.11646
   0.11432
   0.11222
   0.11012
   0.10805
   0.10602
   0.10404
   0.10207
   0.10014
   0.09829
   0.09638
   0.09455
   0.09271
   0.09092
   0.08915
   0.08742
   0.08573
   0.08406
   0.08243
   0.08083
   0.07924
   0.07769
   0.07617
   0.07468
   0.07322
   0.07179
   0.07041
   0.06901
   0.06769
   0.06638
   0.06509
   0.06384
   0.06257
   0.06139
   0.06016
   0.05904
   0.05789
   0.05678
   0.05565
   0.05464
   0.05357
   0.05261
   0.05161
   0.05068
   0.04969
   0.04881
   0.04789
   0.04703
   0.04622
   0.04541
   0.04453
   0.04375
   0.04293
   0.04216
   0.04144
   0.04069
   0.04001
   0.03935
   0.03866
   0.03803
   0.03740
   0.03682
   0.03624
   0.03577
   0.03531
   0.03483
   0.03433
   0.03399
   0.03355
   0.03337
   0.03299
   0.03287
   0.03250
   0.03242
   0.03209
   0.03209
   0.03170
   0.03194
   0.03171
   0.03130
   0.03133
   0.03099
   0.03111
   0.03094
   0.03035
   0.03074
   0.02975
   0.02894
   0.02905
   0.02889
   0.02846
   0.02825
   0.02748
   0.02762
   0.02732
   0.02676
   0.02651
   0.02611
   0.02572
   0.02532
   0.02496
   0.02457
   0.02438
   0.02342
   0.02320
   0.02266
   0.02230
   0.02180
   0.02143
   0.02096
   0.02059
   0.02012
   0.01981
   0.01929
   0.01908
   0.01874
   0.01803
   0.01792
   0.01728
   0.01718
   0.01649
   0.01658
   0.01559
   0.01598
   0.01432
   0.01543
   0.01321
   0.01586
   0.01358
   0.01340
   0.01344
   0.01117
   0.01030
   0.00980
   0.01871
   0.01312
   0.00548
   0.03251
   0.02077
   0.00641
   0.00531
   0.00757
   0.00723
   0.01150
   0.00607
   0.01150
   0.00542
   0.01020
   0.00534
   0.00725
   0.00566
   0.00482
   0.00709
   0.00505
   0.00534
   0.00496
   0.00487
   0.00458
   0.00987
   0.00620
   0.00365
   0.00433
   0.00435
   0.00426
   0.00437
   0.00394
   0.00383
   0.00523
   0.00436
   0.00318
   0.00375
   0.00305
   0.00361
   0.00300
   0.00336
   0.00274
   0.00308
   0.00265
   0.00276
   0.00261
   0.00253
   0.00244
   0.00236
   0.00231
   0.00236
   0.00264
   0.00336
   0.00502
   0.00501
   0.00499
   0.00514
   0.00493
   0.00532
   0.00478
   0.00537
   0.00479
   0.00519
   0.00492
   0.00497
   0.00489
   0.00482
   0.00475
   0.00467
   0.00458
   0.00449
   0.00439
   0.00430
   0.00420
   0.00411
   0.00402
   0.00393
   0.00384
   0.00375
   0.00366
   0.00358
   0.00349
   0.00341
   0.00332
   0.00324
   0.00316
   0.00309
   0.00301
   0.00293
   0.00286
   0.00279
   0.00272
   0.00264
   0.00258
   0.00251
   0.00245
   0.00237
   0.00231
   0.00225
   0.00219
   0.00213
   0.00207
   0.00201
   0.00195
   0.00190
   0.00185
   0.00179
   0.00174
   0.00169
   0.00164
   0.00160
   0.00155
   0.00152
   0.00147
   0.00143
   0.00139
   0.00135
   0.00132
   0.00128
   0.00124
   0.00121
   0.00118
   0.00115
   0.00112
   0.00109
   0.00106
   0.00103
   0.00100
   0.00098
   0.00095
   0.00093
   0.00090
   0.00088
   0.00086
   0.00083
   0.00081
   0.00079
   0.00077
   0.00075
   0.00073
   0.00071
   0.00069
   0.00068
   0.00066
   0.00064
