   0.46072
   0.54665
   0.47127
   0.47153
   0.56070
   0.45690
   0.48655
   0.46667
   0.45948
   0.45783
   0.46749
   0.51829
   0.49508
   0.47924
   0.47658
   0.49027
   0.47595
   0.46772
   0.47357
   0.47408
   0.46528
   0.47014
   0.46496
   0.46041
   0.45363
   0.45337
   0.46370
   0.45837
   0.45648
   0.45470
   0.45584
   0.45741
   0.45860
   0.50979
   0.50728
   0.50787
   0.51441
   0.52091
   0.52705
   0.53217
   0.53604
   0.53838
   0.53895
   0.53756
   0.53398
   0.52808
   0.51981
   0.50917
   0.49626
   0.48132
   0.46442
   0.44595
   0.42613
   0.40524
   0.38373
   0.36187
   0.33995
   0.31857
   0.29773
   0.27795
   0.25931
   0.24169
   0.22543
   0.21045
   0.19669
   0.18349
   0.17207
   0.16186
   0.15254
   0.14388
   0.13597
   0.12889
   0.12234
   0.11643
   0.11104
   0.10612
   0.10164
   0.09775
   0.09399
   0.09054
   0.08733
   0.08444
   0.08179
   0.07935
   0.07715
   0.07511
   0.07324
   0.07151
   0.06987
   0.06850
   0.06712
   0.06585
   0.06509
   0.06412
   0.06312
   0.06217
   0.06132
   0.06057
   0.06002
   0.05923
   0.05858
   0.05799
   0.05778
   0.05731
   0.05647
   0.05588
   0.05481
   0.05438
   0.05398
   0.05355
   0.05316
   0.05276
   0.05237
   0.05188
   0.05148
   0.05109
   0.05031
   0.04987
   0.04902
   0.04859
   0.04789
   0.04775
   0.04730
   0.04660
   0.04632
   0.04585
   0.04519
   0.04470
   0.04408
   0.04299
   0.04191
   0.04126
   0.04073
   0.04027
   0.03976
   0.03846
   0.03726
   0.03678
   0.03611
   0.03505
   0.03439
   0.03376
   0.03279
   0.03211
   0.03145
   0.03077
   0.03010
   0.02941
   0.02869
   0.02795
   0.02722
   0.02646
   0.02567
   0.02488
   0.02402
   0.02318
   0.02229
   0.02138
   0.02043
   0.01946
   0.01845
   0.01744
   0.01643
   0.01548
   0.01462
   0.01389
   0.01332
   0.01288
   0.01255
   0.01236
   0.01225
   0.01229
   0.01246
   0.01244
   0.01153
   0.00859
   0.00614
   0.00185
   0.00114
   0.00149
   0.00358
   0.00091
   0.00333
   0.00046
   0.00038
   0.00038
   0.00037
   0.00065
   0.00061
   0.00018
   0.00032
   0.00032
   0.00036
   0.00049
   0.00057
   0.00066
   0.00065
   0.00009
   0.00061
   0.00045
   0.00058
   0.00054
   0.00030
   0.00016
   0.00721
   0.00035
   0.00558
   0.00207
   0.00102
   0.00151
   0.00021
   0.00049
   0.00148
   0.00129
   0.00089
   0.00095
   0.00041
   0.00085
   0.00074
   0.00026
   0.00265
   0.00075
   0.00366
   0.00238
   0.00403
   0.00195
   0.00136
   0.00236
   0.00151
   0.01079
   0.00295
   0.00168
   0.00573
   0.00912
   0.00574
   0.01223
   0.00764
   0.00448
   0.00581
   0.00479
   0.00372
   0.00509
   0.00144
   0.00620
   0.00749
   0.00602
   0.00828
   0.00486
   0.00477
   0.00884
   0.00778
   0.00544
   0.00389
   0.00748
   0.00475
   0.01735
   0.00562
   0.00031
   0.00713
   0.00182
   0.01056
   0.00003
   0.00720
   0.00429
   0.03104
   0.00040
   0.00619
   0.00271
   0.00481
   0.00682
   0.00516
   0.00475
   0.00506
   0.00318
   0.00414
   0.00221
   0.00838
   0.00599
   0.00944
   0.00295
   0.00925
   0.00347
   0.00244
   0.00245
   0.00156
   0.00453
   0.00054
   0.00295
   0.00227
   0.00857
   0.00578
   0.02164
   0.00375
   0.00974
   0.00272
   0.00850
   0.00364
   0.00619
   0.00301
   0.00586
   0.00357
   0.00509
   0.00747
   0.00217
   0.03835
   0.00587
   0.04935
   0.00579
   0.02178
   0.00681
   0.00463
   0.00003
   0.50184
   0.50218
   0.50229
   0.50233
   0.50234
   0.50235
   0.50235
   0.50235
   0.50235
   0.50235
   0.50235
   0.50236
   0.50236
   0.50236
   0.50236
   0.50236
   0.50236
   0.50236
   0.50236
   0.50236
   0.50237
   0.50237
   0.50237
   0.50237
   0.50237
   0.50237
   0.50237
   0.50237
   0.50238
   0.50238
   0.50238
   0.50238
   0.50238
   0.50238
   0.50238
   0.50238
   0.50239
   0.50239
   0.50239
   0.50239
   0.50239
   0.50239
   0.50239
   0.50239
   0.50240
   0.50240
   0.50240
   0.50240
   0.50240
   0.50240
   0.50240
   0.50241
   0.50241
   0.50241
   0.50241
   0.50241
   0.50241
   0.50241
   0.50242
   0.50242
   0.50242
   0.50242
   0.50242
   0.50242
   0.50243
   0.50243
   0.50243
   0.50243
   0.50243
   0.50243
   0.50244
   0.50244
   0.50244
   0.50244
   0.50245
   0.50245
   0.50245
   0.50245
   0.50245
   0.50245
   0.50246
   0.50246
   0.50246
   0.50246
   0.50246
   0.50246
   0.50246
   0.50246
   0.50246
   0.50247
   0.50247
   0.50247
   0.50247
   0.50247
   0.50247
   0.50247
   0.50247
   0.50247
   0.50248
   0.50248
   0.50248
   0.50248
   0.50248
   0.50248
   0.50248
   0.50248
   0.50248
   0.50248
   0.50249
   0.50249
   0.50249
   0.50249
   0.50249
   0.50249
   0.50249
   0.50249
   0.50249
   0.50250
   0.50250
   0.50250
   0.50250
   0.50250
   0.50250
   0.50250
   0.50250
   0.50250
   0.50251
   0.50251
   0.50251
   0.50251
   0.50251
   0.50251
   0.50251
   0.50251
   0.50251
   0.50252
   0.50252
   0.50252
   0.50252
   0.50252
   0.50252
   0.50252
   0.50252
   0.50252
   0.50253
   0.50253
   0.50253
   0.50253
   0.50253
   0.50253
   0.50253
   0.50253
   0.50253
   0.50254
   0.50254
   0.50254
   0.50254
   0.50254
   0.50254
   0.50254
   0.50254
   0.50254
   0.50255
   0.50255
   0.50255
   0.50255
   0.50255
   0.50255
   0.50255
   0.50255
   0.50255
   0.50256
   0.50256
   0.50256
   0.50256
   0.50256
   0.50256
   0.50256
   0.50256
   0.50257
   0.50257
   0.50257
   0.50257
   0.50257
   0.50257
   0.50257
   0.50257
   0.50257
   0.50258
   0.50258
   0.50258
   0.50258
   0.50258
   0.50258
   0.50258
   0.50258
   0.50259
   0.50259
   0.50259
   0.50259
   0.50259
   0.50259
   0.50259
   0.50259
   0.50260
   0.50260
   0.50260
   0.50260
   0.50260
   0.50260
   0.50260
   0.50260
   0.50261
   0.50261
   0.50261
   0.50261
   0.50261
   0.50261
   0.50261
   0.50261
   0.50262
   0.50262
   0.50262
   0.50262
   0.50262
   0.50262
   0.50262
   0.50262
   0.50263
   0.50263
   0.50263
   0.50263
   0.50263
   0.50263
   0.50264
   0.50264
   0.50264
   0.50264
   0.50264
   0.50264
   0.50265
   0.50265
   0.50265
   0.50265
   0.50265
   0.50266
   0.50266
   0.50266
   0.50267
   0.50267
   0.50267
   0.50267
   0.50267
   0.50267
   0.50267
   0.50267
   0.50267
   0.50268
   0.50268
   0.50268
   0.50268
   0.50268
   0.50268
   0.50268
   0.50268
   0.50268
   0.50268
   0.50269
   0.50269
   0.50269
   0.50269
   0.50269
   0.50269
   0.50269
   0.50269
   0.50269
   0.50270
   0.50270
   0.50270
   0.50270
   0.50270
   0.50270
   0.50270
   0.50270
   0.50270
   0.50270
   0.50271
   0.50271
   0.50271
   0.50271
   0.50271
   0.50271
   0.50271
   0.50271
   0.50271
   0.50271
   0.50272
   0.50272
   0.50272
   0.50272
   0.50272
   0.50272
   0.50272
   0.50272
   0.50272
   0.50273
   0.50273
   0.50273
   0.50273
   0.50273
   0.50273
   0.50273
   0.50273
   0.50273
   0.50274
   0.50274
   0.50274
   0.50274
   0.50274
   0.50274
   0.50274
   0.50274
   0.50274
   0.50275
   0.50275
   0.50275
   0.50275
   0.50275
   0.50275
   0.50275
   0.50275
   0.50275
   0.50275
   0.50276
   0.50276
   0.50276
   0.50276
   0.50276
   0.50276
   0.50276
   0.50276
   0.50277
   0.50277
   0.50277
   0.50277
   0.50277
   0.50277
   0.50277
   0.50277
   0.50277
   0.50278
   0.50278
   0.50278
   0.50278
   0.50278
   0.50278
   0.50278
   0.50278
   0.50278
   0.50279
   0.50279
   0.50279
   0.50279
   0.50279
   0.50279
   0.50279
   0.50279
   0.50280
   0.50280
   0.50280
   0.50280
   0.50280
   0.50280
   0.50280
   0.50281
   0.50281
   0.50281
   0.50281
   0.50281
   0.50281
   0.50281
   0.50282
   0.50282
   0.50282
   0.50282
   0.50282
   0.50283
   0.50283
   0.50283
   0.50284
   0.50284
   0.50284
   0.50284
   0.50284
   0.50284
   0.50284
   0.50284
   0.50284
   0.50284
   0.50285
   0.50285
   0.50285
   0.50285
   0.50285
   0.50285
   0.50285
   0.50285
   0.50285
   0.50285
   0.50285
   0.50286
   0.50286
   0.50286
   0.50286
   0.50286
   0.50286
   0.50286
   0.50286
   0.50286
   0.50286
   0.50287
   0.50287
   0.50287
   0.50287
   0.50287
   0.50287
   0.50287
   0.50287
   0.50287
   0.50287
   0.50288
   0.50288
   0.50288
   0.50288
   0.50288
   0.50288
   0.50288
   0.50288
   0.50288
   0.50288
   0.50288
   0.50289
   0.50289
   0.50289
   0.50289
   0.50289
   0.50289
   0.50289
   0.50289
   0.50289
   0.50289
   0.50290
   0.50290
   0.50290
   0.50290
   0.50290
   0.50290
   0.50290
   0.50290
   0.50290
   0.50290
   0.50291
   0.50291
   0.50291
   0.50291
   0.50291
   0.50291
   0.50291
   0.50291
   0.50291
   0.50291
   0.50292
   0.50292
   0.50292
   0.50292
   0.50292
   0.50292
   0.50292
   0.50292
   0.50292
   0.50293
   0.50293
   0.50293
   0.50293
   0.50293
   0.50293
   0.50293
   0.50293
   0.50293
   0.50294
   0.50294
   0.50294
   0.50294
   0.50294
   0.50294
   0.50294
   0.50294
   0.50294
   0.50294
   0.50295
   0.50295
   0.50295
   0.50295
   0.50295
   0.50295
   0.50295
   0.50295
   0.50295
   0.50296
   0.50296
   0.50296
   0.50296
   0.50296
   0.50296
   0.50296
   0.50296
   0.50296
   0.50297
   0.50297
   0.50297
   0.50297
   0.50297
   0.50297
   0.50297
   0.50297
   0.50297
   0.50298
   0.50298
   0.50298
   0.50298
   0.50298
   0.50298
   0.50298
   0.50298
   0.50298
   0.50299
   0.50299
   0.50299
   0.50299
   0.50299
   0.50299
   0.50299
   0.50299
   0.50300
   0.50300
   0.50300
   0.50300
   0.50300
   0.50300
   0.50300
   0.50300
   0.50300
   0.50301
   0.50301
   0.50301
   0.50301
   0.50301
   0.50301
   0.50301
   0.50301
   0.50302
   0.50302
   0.50302
   0.50302
   0.50302
   0.50302
   0.50302
   0.50303
   0.50303
   0.50303
   0.50303
   0.50303
   0.50307
   0.50305
   0.50304
   0.50304
   0.50304
   0.50304
   0.50304
   0.50304
   0.50304
   0.50304
   0.50304
   0.50304
   0.50305
   0.50305
   0.50305
   0.50305
   0.50305
   0.50305
   0.50305
   0.50305
   0.50305
   0.50305
   0.50305
   0.50305
   0.50306
   0.50306
   0.50306
   0.50306
   0.50306
   0.50306
   0.50306
   0.50306
   0.50306
   0.50306
   0.50306
   0.50307
   0.50307
   0.50307
   0.50307
   0.50307
   0.50307
   0.50307
   0.50307
   0.50307
   0.50307
   0.50307
   0.50307
   0.50308
   0.50308
   0.50308
   0.50308
   0.50308
   0.50308
   0.50308
   0.50308
   0.50308
   0.50308
   0.50308
   0.50309
   0.50309
   0.50309
   0.50309
   0.50309
   0.50309
   0.50309
   0.50309
   0.50309
   0.50309
   0.50309
   0.50310
   0.50310
   0.50310
   0.50310
   0.50310
   0.50310
   0.50310
   0.50310
   0.50310
   0.50310
   0.50310
   0.50311
   0.50311
   0.50311
   0.50311
   0.50311
   0.50311
   0.50311
   0.50311
   0.50311
   0.50311
   0.50311
   0.50312
   0.50312
   0.50312
   0.50312
   0.50312
   0.50312
   0.50312
   0.50312
   0.50312
   0.50312
   0.50312
   0.50313
   0.50313
   0.50313
   0.50313
   0.50313
   0.50313
   0.50313
   0.50313
   0.50313
   0.50313
   0.50313
   0.50314
   0.50314
   0.50314
