   0.59385
   0.59247
   0.52183
   0.46973
   0.48728
   0.49192
   0.49237
   0.47255
   0.46686
   0.46587
   0.46649
   0.50922
   0.46356
   0.46453
   0.46030
   0.46373
   0.57965
   0.54032
   0.52172
   0.51272
   0.50836
   0.50624
   0.50520
   0.50473
   0.50450
   0.50439
   0.50434
   0.50432
   0.50432
   0.50432
   0.50432
   0.50433
   0.50434
   0.50435
   0.50436
   0.50436
   0.50437
   0.50437
   0.50438
   0.50438
   0.50438
   0.50439
   0.50439
   0.50439
   0.50439
   0.50440
   0.50440
   0.50440
   0.50441
   0.50441
   0.50442
   0.50442
   0.50443
   0.50443
   0.50444
   0.50444
   0.50444
   0.50445
   0.50445
   0.50445
   0.50446
   0.50446
   0.50447
   0.50447
   0.50448
   0.50448
   0.50449
   0.50449
   0.50449
   0.50449
   0.50450
   0.50450
   0.50450
   0.50451
   0.50451
   0.50451
   0.50451
   0.50452
   0.50452
   0.50452
   0.50453
   0.50453
   0.50453
   0.50454
   0.50454
   0.50454
   0.50454
   0.50455
   0.50455
   0.50455
   0.50455
   0.50455
   0.50456
   0.50456
   0.50456
   0.50457
   0.50457
   0.50458
   0.50458
   0.50458
   0.50458
   0.50460
   0.50461
   0.50462
   0.50463
   0.50464
   0.50464
   0.50464
   0.50465
   0.50465
   0.50465
   0.50465
   0.50466
   0.50466
   0.50466
   0.50466
   0.50466
   0.50467
   0.50467
   0.50467
   0.50467
   0.50467
   0.50468
   0.50468
   0.50468
   0.50468
   0.50469
   0.50470
   0.50470
   0.50470
   0.50471
   0.50471
   0.50471
   0.50471
   0.50471
   0.50472
   0.50472
   0.50472
   0.50472
   0.50472
   0.50472
   0.50472
   0.50472
   0.50472
   0.50472
   0.50472
   0.50472
   0.50473
   0.50473
   0.50473
   0.50473
   0.50473
   0.50473
   0.50474
   0.50474
   0.50474
   0.50474
   0.50474
   0.50474
   0.50475
   0.50475
   0.50475
   0.50475
   0.50475
   0.50475
   0.50476
   0.50476
   0.50476
   0.50476
   0.50476
   0.50477
   0.50477
   0.50477
   0.50477
   0.50477
   0.50478
   0.50478
   0.50478
   0.50478
   0.50478
   0.50479
   0.50479
   0.50479
   0.50480
   0.50480
   0.50481
   0.50481
   0.50481
   0.50481
   0.50482
   0.50482
   0.50482
   0.50482
   0.50482
   0.50482
   0.50483
   0.50483
   0.50483
   0.50483
   0.50483
   0.50484
   0.50484
   0.50484
   0.50484
   0.50484
   0.50485
   0.50485
   0.50485
   0.50485
   0.50485
   0.50485
   0.50485
   0.50485
   0.50485
   0.50485
   0.50485
   0.50485
   0.50485
   0.50486
   0.50486
   0.50486
   0.50487
   0.50487
   0.50487
   0.50487
   0.50487
   0.50487
   0.50487
   0.50487
   0.50487
   0.50487
   0.50487
   0.50487
   0.50487
   0.50487
   0.50486
   0.50486
   0.50486
   0.50486
   0.50486
   0.50486
   0.50486
   0.50486
   0.50486
   0.50486
   0.50486
   0.50486
   0.50486
   0.50486
   0.50486
   0.50486
   0.50486
   0.50486
   0.50487
   0.50487
   0.50487
   0.50487
   0.50487
   0.50487
   0.50487
   0.50487
   0.50487
   0.50487
   0.50487
   0.50487
   0.50487
   0.50488
   0.50488
   0.50488
   0.50488
   0.50488
   0.50488
   0.50488
   0.50488
   0.50488
   0.50488
   0.50488
   0.50488
   0.50488
   0.50489
   0.50489
   0.50489
   0.50489
   0.50489
   0.50489
   0.50489
   0.50489
   0.50489
   0.50489
   0.50489
   0.50489
   0.50489
   0.50490
   0.50490
   0.50490
   0.50490
   0.50490
   0.50490
   0.50490
   0.50490
   0.50490
   0.50490
   0.50490
   0.50490
   0.50491
   0.50491
   0.50491
   0.50491
   0.50491
   0.50491
   0.50491
   0.50491
   0.50491
   0.50491
   0.50491
   0.50492
   0.50492
   0.50492
   0.50492
   0.50492
   0.50492
   0.50492
   0.50492
   0.50492
   0.50492
   0.50492
   0.50492
   0.50493
   0.50493
   0.50493
   0.50493
   0.50493
   0.50493
   0.50493
   0.50493
   0.50493
   0.50493
   0.50493
   0.50494
   0.50494
   0.50494
   0.50494
   0.50494
   0.50494
   0.50494
   0.50494
   0.50494
   0.50494
   0.50495
   0.50495
   0.50495
   0.50495
   0.50495
   0.50495
   0.50495
   0.50495
   0.50495
   0.50496
   0.50496
   0.50496
   0.50496
   0.50496
   0.50496
   0.50496
   0.50496
   0.50496
   0.50497
   0.50497
   0.50497
   0.50497
   0.50497
   0.50497
   0.50497
   0.50497
   0.50498
   0.50498
   0.50498
   0.50498
   0.50498
   0.50498
   0.50498
   0.50499
   0.50499
   0.50499
   0.50499
   0.50500
   0.50500
   0.50501
   0.50501
   0.50501
   0.50501
   0.50501
   0.50501
   0.50501
   0.50501
   0.50501
   0.50501
   0.50501
   0.50501
   0.50501
   0.50501
   0.50501
   0.50501
   0.50501
   0.50501
   0.50502
   0.50502
   0.50502
   0.50502
   0.50502
   0.50503
   0.50503
   0.50503
   0.50504
   0.50504
   0.50504
   0.50504
   0.50504
   0.50504
   0.50504
   0.50504
   0.50504
   0.50504
   0.50504
   0.50505
   0.50505
   0.50505
   0.50505
   0.50505
   0.50505
   0.50505
   0.50505
   0.50505
   0.50505
   0.50505
   0.50505
   0.50505
   0.50505
   0.50506
   0.50506
   0.50506
   0.50506
   0.50506
   0.50506
   0.50506
   0.50506
   0.50506
   0.50506
   0.50506
   0.50506
   0.50506
   0.50506
   0.50507
   0.50507
   0.50507
   0.50507
   0.50507
   0.50507
   0.50507
   0.50507
   0.50506
   0.50506
   0.50506
   0.50506
   0.50506
   0.50506
   0.50506
   0.50506
   0.50506
   0.50506
   0.50506
   0.50506
   0.50506
   0.50507
   0.50507
   0.50507
   0.50507
   0.50507
   0.50507
   0.50507
   0.50507
   0.50507
   0.50507
   0.50507
   0.50507
   0.50507
   0.50507
   0.50508
   0.50508
   0.50508
   0.50508
   0.50508
   0.50508
   0.50508
   0.50508
   0.50508
   0.50508
   0.50508
   0.50508
   0.50508
   0.50508
   0.50508
   0.50509
   0.50509
   0.50509
   0.50509
   0.50509
   0.50509
   0.50509
   0.50509
   0.50509
   0.50509
   0.50509
   0.50509
   0.50508
   0.50508
   0.50508
   0.50508
   0.50508
   0.50508
   0.50508
   0.50509
   0.50509
   0.50509
   0.50509
   0.50509
   0.50509
   0.50509
   0.50509
   0.50509
   0.50508
   0.50508
   0.50508
   0.50508
   0.50508
   0.50508
   0.50508
   0.50508
   0.50507
   0.50507
   0.50507
   0.50507
   0.50507
   0.50507
   0.50507
   0.50507
   0.50507
   0.50507
   0.50507
   0.50507
   0.50507
   0.50507
   0.50507
   0.50507
   0.50507
   0.50507
   0.50507
   0.50507
   0.50508
   0.50508
   0.50508
   0.50508
   0.50508
   0.50508
   0.50508
   0.50508
   0.50508
   0.50508
   0.50508
   0.50508
   0.50508
   0.50508
   0.50508
   0.50508
   0.50508
   0.50508
   0.50508
   0.50508
   0.50508
   0.50508
   0.50509
   0.50509
   0.50509
   0.50509
   0.50509
   0.50509
   0.50509
   0.50509
   0.50509
   0.50509
   0.50509
   0.50509
   0.50509
   0.50509
   0.50509
   0.50509
   0.50509
   0.50509
   0.50509
   0.50509
   0.50509
   0.50510
   0.50510
   0.50510
   0.50510
   0.50510
   0.50510
   0.50510
   0.50510
   0.50510
   0.50510
   0.50510
   0.50510
   0.50510
   0.50511
   0.50511
   0.50511
   0.50511
   0.50511
   0.50512
   0.50512
   0.50512
   0.50512
   0.50513
   0.50513
   0.50513
   0.50513
   0.50513
   0.50513
   0.50513
   0.50513
   0.50513
   0.50513
   0.50513
   0.50513
   0.50513
   0.50513
   0.50513
   0.50513
   0.50513
   0.50513
   0.50513
   0.50513
   0.50513
   0.50513
   0.50513
   0.50513
   0.50513
   0.50513
   0.50514
   0.50514
   0.50514
   0.50514
   0.50514
   0.50514
   0.50514
   0.50514
   0.50514
   0.50514
   0.50514
   0.50514
   0.50514
   0.50514
   0.50514
   0.50514
   0.50514
   0.50514
   0.50514
   0.50514
   0.50514
   0.50514
   0.50514
   0.50514
   0.50514
   0.50514
   0.50514
   0.50514
   0.50514
   0.50514
   0.50514
   0.50514
   0.50514
   0.50514
   0.50515
   0.50515
   0.50515
   0.50515
   0.50515
   0.50515
   0.50515
   0.50515
   0.50515
   0.50515
   0.50515
   0.50515
   0.50515
   0.50515
   0.50515
   0.50515
   0.50515
   0.50515
   0.50515
   0.50515
   0.50515
   0.50515
   0.50515
   0.50515
   0.50515
   0.50515
   0.50515
   0.50515
   0.50515
   0.50515
   0.50515
   0.50515
   0.50515
   0.50515
   0.50516
   0.50516
   0.50516
   0.50516
   0.50516
   0.50516
   0.50516
   0.50516
   0.50516
   0.50516
   0.50516
   0.50516
   0.50516
   0.50516
   0.50516
   0.50516
   0.50516
   0.50516
   0.50516
   0.50516
   0.50516
   0.50516
   0.50516
   0.50516
   0.50516
   0.50516
   0.50516
   0.50516
   0.50516
   0.50516
   0.50517
   0.50517
   0.50517
   0.50517
   0.50517
   0.50517
   0.50517
   0.50517
   0.50517
   0.50517
   0.50517
   0.50517
   0.50517
   0.50517
   0.50517
   0.50517
   0.50517
   0.50517
   0.50517
   0.50517
   0.50517
   0.50517
   0.50517
   0.50517
   0.50517
   0.50517
   0.50518
   0.50518
   0.50518
   0.50518
   0.50518
   0.50518
   0.50518
   0.50518
   0.50518
   0.50518
   0.50518
   0.50518
   0.50518
   0.50518
   0.50518
   0.50518
   0.50518
   0.50518
   0.50518
   0.50518
   0.50518
   0.50518
   0.50518
   0.50518
   0.50519
   0.50519
   0.50519
   0.50519
   0.50519
   0.50519
   0.50519
   0.50519
   0.50519
   0.50518
   0.50518
   0.50518
   0.50518
   0.50518
   0.50518
   0.50518
   0.50518
   0.50518
   0.50518
   0.50518
   0.50518
   0.50518
   0.50518
   0.50518
   0.50518
   0.50518
   0.50518
   0.50518
   0.50518
   0.50518
   0.50518
   0.50518
   0.50518
   0.50518
   0.50518
   0.50518
   0.50518
   0.50518
   0.50518
   0.50517
   0.50517
   0.50517
   0.50517
   0.50517
   0.50517
   0.50517
   0.50517
   0.50517
   0.50517
   0.50517
   0.50517
   0.50517
   0.50517
   0.50517
   0.50517
   0.50517
   0.50517
   0.50517
   0.50517
   0.50517
   0.50517
   0.50517
   0.50517
   0.50517
   0.50517
   0.50517
   0.50517
   0.50517
   0.50517
   0.50517
   0.50517
   0.50518
   0.50518
   0.50518
   0.50518
   0.50518
   0.50518
   0.50518
   0.50518
   0.50518
   0.50518
   0.50518
   0.50518
   0.50518
   0.50518
   0.50518
   0.50518
   0.50518
   0.50518
   0.50518
   0.50518
   0.50518
   0.50518
   0.50518
   0.50518
   0.50518
   0.50518
   0.50518
   0.50518
   0.50518
   0.50518
   0.50518
   0.50518
   0.50518
   0.50518
   0.50518
   0.50518
   0.50518
   0.50518
   0.50518
   0.50518
   0.50518
   0.50519
   0.50519
   0.50519
   0.50519
   0.50519
   0.50519
   0.50519
   0.50519
   0.50519
   0.50519
   0.50519
   0.50519
   0.50519
   0.50519
   0.50519
   0.50519
   0.50519
   0.50519
   0.50519
   0.50519
   0.50519
   0.50519
   0.50519
   0.50519
   0.50519
   0.50519
   0.50519
   0.50519
   0.50519
   0.50519
   0.50519
   0.50519
   0.50519
   0.50519
   0.50519
   0.50519
   0.50519
   0.50520
   0.50520
   0.50520
   0.50520
   0.50520
   0.50520
   0.50520
   0.50520
   0.50520
   0.50520
   0.50520
   0.50520
   0.50520
   0.50520
   0.50520
   0.50520
   0.50520
   0.50520
   0.50520
   0.50520
   0.50520
   0.50520
   0.50520
   0.50520
   0.50520
   0.50520
   0.50520
   0.50520
   0.50520
   0.50520
   0.50520
   0.50521
   0.50521
   0.50521
   0.50521
   0.50521
   0.50521
   0.50521
   0.50521
   0.50520
   0.50520
   0.50520
   0.50520
   0.50520
   0.50519
   0.50519
   0.50519
   0.50519
   0.50519
   0.50519
   0.50519
   0.50519
   0.50519
   0.50519
