   0.44780
   0.40144
   0.39370
   0.42602
   0.41364
   0.41896
   0.40404
   0.41518
   0.41947
   0.44045
   0.43128
   0.43345
   0.43295
   0.42849
   0.44523
   0.45229
   0.43813
   0.43311
   0.44133
   0.45019
   0.42326
   0.42878
   0.40325
   0.40182
   0.40479
   0.40396
   0.39698
   0.38917
   0.38262
   0.38079
   0.37877
   0.38838
   0.38445
   0.38908
   0.40561
   0.42391
   0.45978
   0.48749
   0.49060
   0.49359
   0.49481
   0.49618
   0.49895
   0.49988
   0.49815
   0.49320
   0.48320
   0.46806
   0.44958
   0.43039
   0.41054
   0.39313
   0.37885
   0.36747
   0.35888
   0.35271
   0.34840
   0.34391
   0.33955
   0.33491
   0.32943
   0.32337
   0.31664
   0.30995
   0.30305
   0.29599
   0.28848
   0.28122
   0.27391
   0.26658
   0.25889
   0.25163
   0.24450
   0.23735
   0.23009
   0.22296
   0.21590
   0.20890
   0.20189
   0.19501
   0.18835
   0.18173
   0.17535
   0.16889
   0.16260
   0.15650
   0.15059
   0.14476
   0.13909
   0.13346
   0.12798
   0.12258
   0.11742
   0.11227
   0.10728
   0.10250
   0.09787
   0.09338
   0.08905
   0.08489
   0.08090
   0.07705
   0.07337
   0.06986
   0.06654
   0.06340
   0.06061
   0.05772
   0.05504
   0.05252
   0.05019
   0.04797
   0.04596
   0.04400
   0.04215
   0.04046
   0.03888
   0.03736
   0.03593
   0.03457
   0.03329
   0.03209
   0.03095
   0.02985
   0.02881
   0.02782
   0.02686
   0.02594
   0.02505
   0.02418
   0.02333
   0.02251
   0.02172
   0.02098
   0.02019
   0.01941
   0.01863
   0.01787
   0.01714
   0.01640
   0.01580
   0.01514
   0.01437
   0.01362
   0.01289
   0.01218
   0.01147
   0.01079
   0.01011
   0.00943
   0.00879
   0.00817
   0.00758
   0.00702
   0.00649
   0.00599
   0.00551
   0.00506
   0.00465
   0.00427
   0.00392
   0.00359
   0.00330
   0.00304
   0.00280
   0.00259
   0.00240
   0.00224
   0.00209
   0.00196
   0.00184
   0.00174
   0.00164
   0.00156
   0.00149
   0.00141
   0.00135
   0.00128
   0.00122
   0.00116
   0.00110
   0.00105
   0.00100
   0.00095
   0.00091
   0.00087
   0.00084
   0.00083
   0.00086
   0.00094
   0.00105
   0.00117
   0.00130
   0.00145
   0.00167
   0.00200
   0.00239
   0.00265
   0.00260
   0.00250
   0.00248
   0.00245
   0.00243
   0.00240
   0.00237
   0.00234
   0.00230
   0.00226
   0.00222
   0.00218
   0.00213
   0.00208
   0.00203
   0.00198
   0.00193
   0.00187
   0.00182
   0.00176
   0.00170
   0.00165
   0.00159
   0.00152
   0.00147
   0.00141
   0.00136
   0.00130
   0.00125
   0.00119
   0.00114
   0.00109
   0.00104
   0.00099
   0.00095
   0.00090
   0.00085
   0.00081
   0.00077
   0.00073
   0.00069
   0.00065
   0.00062
   0.00058
   0.00055
   0.00052
   0.00049
   0.00046
   0.00043
   0.00040
   0.00038
   0.00035
   0.00034
   0.00031
   0.00011
   0.00014
   0.00015
   0.00013
   0.00013
   0.00012
   0.00013
   0.00014
   0.00013
   0.00013
   0.00013
   0.00012
   0.00011
   0.00012
   0.00012
   0.00012
   0.00011
   0.00011
   0.00015
   0.00011
   0.00010
   0.00008
   0.00008
   0.00013
   0.00021
   0.00007
   0.00006
   0.00006
   0.00006
   0.00006
   0.00006
   0.00006
   0.00006
   0.00007
   0.00007
   0.00007
   0.00007
   0.00404
   0.00021
   0.00013
   0.00010
   0.00008
   0.00008
   0.00008
   0.00011
   0.00007
   0.00007
   0.00006
   0.00006
   0.00006
   0.00006
   0.00006
   0.00006
   0.00006
   0.00019
   0.00035
   0.00016
   0.00013
   0.00011
   0.00010
   0.00009
   0.00008
   0.01164
   0.00009
   0.00009
   0.00008
   0.00008
   0.00008
   0.00008
   0.00007
   0.00006
   0.00006
   0.00006
   0.00005
   0.00005
   0.00005
   0.00005
   0.00005
   0.00004
   0.00004
   0.00004
   0.00004
   0.00004
   0.00004
   0.00004
   0.00004
   0.00004
   0.00004
   0.00004
   0.00004
   0.00004
   0.00004
   0.00003
   0.00003
   0.00003
   0.00003
   0.00003
   0.00003
   0.00002
   0.00004
   0.00009
   0.00007
   0.00005
   0.00005
   0.00004
   0.00004
   0.00004
   0.00004
   0.00003
   0.00003
   0.00002
   0.00002
   0.00002
   0.00002
   0.00002
   0.00002
   0.00002
   0.00002
   0.00002
   0.00002
   0.00002
   0.00002
   0.00002
   0.00001
   0.00001
   0.00001
   0.00001
   0.00002
   0.00001
   0.00001
   0.00001
   0.00001
   0.00001
   0.00001
   0.00002
   0.00002
   0.00001
   0.00002
   0.00001
   0.00001
   0.00001
   0.00001
   0.00001
   0.00002
   0.00002
   0.00229
   0.00122
   0.00099
   0.00082
   0.00066
   0.00048
   0.00039
   0.00032
   0.00027
   0.00022
   0.00020
   0.00018
   0.00016
   0.00014
   0.00012
   0.00011
   0.00008
   0.00008
   0.00006
   0.00006
   0.00006
   0.00005
   0.00006
   0.00004
   0.00004
   0.00004
   0.00004
   0.00004
   0.00004
   0.00004
   0.00004
   0.00004
   0.00003
   0.00003
   0.00003
   0.00003
   0.00003
   0.00003
   0.00003
   0.00003
   0.00003
   0.00003
   0.00003
   0.00003
   0.00003
   0.00003
   0.00003
   0.00003
   0.00003
   0.00002
   0.00003
   0.00003
   0.00003
   0.00003
   0.00003
   0.00003
   0.00003
   0.00003
   0.00003
   0.00003
   0.00003
   0.00003
   0.00003
   0.00003
   0.00003
   0.00004
   0.00004
   0.00003
   0.00047
   0.00001
   0.00001
   0.00001
   0.00001
   0.00001
   0.00002
   0.00002
   0.00002
   0.00002
   0.00002
   0.00002
   0.00002
   0.00002
   0.00002
   0.00002
   0.00002
   0.00002
   0.00431
   0.00052
   0.00040
   0.00027
   0.00024
   0.00016
   0.00014
   0.00013
   0.00012
   0.00011
   0.00011
   0.00010
   0.00009
   0.00007
   0.00007
   0.00007
   0.00007
