   0.70168
   0.70291
   0.69970
   0.69969
   0.69882
   0.69822
   0.69755
   0.69678
   0.69742
   0.69647
   0.69724
   0.69300
   0.69355
   0.69293
   0.69234
   0.69176
   0.69118
   0.69036
   0.69002
   0.68964
   0.68877
   0.69080
   0.69247
   0.68771
   0.68631
   0.68597
   0.68848
   0.69613
   0.69079
   0.68749
   0.68595
   0.68480
   0.68411
   0.68336
   0.68295
   0.68277
   0.68244
   0.68273
   0.68299
   0.68359
   0.68470
   0.68632
   0.68788
   0.70433
   0.70505
   0.70769
   0.71040
   0.74042
   0.74086
   0.74171
   0.74048
   0.73859
   0.73567
   0.73409
   0.73114
   0.72675
   0.72350
   0.71551
   0.71185
   0.70255
   0.69687
   0.68926
   0.67826
   0.67111
   0.66039
   0.65108
   0.64175
   0.63153
   0.62103
   0.61092
   0.60114
   0.59147
   0.58209
   0.57358
   0.56677
   0.55265
   0.54990
   0.54517
   0.54034
   0.53542
   0.53073
   0.52515
   0.51962
   0.51418
   0.50880
   0.50326
   0.49751
   0.49182
   0.48626
   0.48060
   0.47498
   0.46960
   0.46443
   0.45947
   0.45483
   0.45054
   0.44668
   0.44310
   0.43958
   0.43592
   0.43209
   0.42794
   0.42325
   0.41829
   0.41312
   0.40794
   0.40284
   0.39786
   0.39313
   0.38823
   0.38352
   0.37887
   0.37439
   0.37003
   0.36571
   0.36148
   0.35726
   0.35292
   0.34858
   0.34421
   0.33982
   0.33521
   0.33083
   0.32633
   0.32177
   0.31730
   0.31271
   0.30829
   0.30387
   0.29958
   0.29515
   0.29064
   0.28632
   0.28218
   0.27798
   0.27389
   0.26981
   0.26574
   0.26174
   0.25772
   0.25379
   0.24989
   0.24606
   0.24218
   0.23838
   0.23463
   0.23092
   0.22714
   0.22340
   0.21966
   0.21606
   0.21204
   0.20860
   0.20513
   0.20129
   0.19795
   0.19419
   0.19102
   0.18669
   0.18418
   0.17991
   0.17662
   0.17451
   0.17137
   0.16829
   0.16524
   0.16200
   0.15727
   0.15637
   0.15137
   0.15090
   0.14507
   0.14530
   0.14062
   0.14045
   0.13777
   0.13290
   0.13398
   0.13094
   0.12535
   0.12702
   0.12505
   0.12174
   0.12068
   0.11805
   0.11560
   0.11372
   0.11286
   0.10897
   0.10903
   0.10457
   0.10552
   0.10047
   0.10159
   0.09690
   0.09764
   0.09315
   0.09135
   0.08942
   0.08787
   0.08776
   0.08491
   0.08286
   0.08283
   0.08290
   0.07920
   0.07907
   0.07588
   0.07579
   0.07259
   0.07283
   0.06966
   0.06925
   0.06636
   0.06678
   0.06457
   0.06265
   0.06099
   0.05899
   0.05733
   0.05557
   0.05393
   0.05196
   0.05013
   0.04821
   0.04661
   0.04488
   0.04297
   0.04121
   0.03891
   0.03735
   0.03583
   0.03442
   0.03282
   0.03132
   0.03033
   0.02906
   0.02768
   0.02616
   0.02507
   0.02400
   0.02294
   0.02205
   0.02108
   0.02016
   0.01963
   0.01881
   0.01798
   0.01720
   0.01650
   0.01542
   0.01485
   0.01424
   0.01365
   0.01309
   0.01243
   0.01194
   0.01154
   0.01116
   0.01080
   0.01046
   0.01014
   0.00983
   0.00953
   0.00924
   0.00896
   0.00870
   0.00844
   0.00819
   0.00795
   0.00772
   0.00750
   0.00728
   0.00707
   0.00688
   0.00669
   0.00650
   0.00633
   0.00616
   0.00599
   0.00583
   0.00568
   0.00554
   0.00538
   0.00525
   0.00512
   0.00501
   0.00488
   0.00476
   0.00463
   0.00452
   0.00440
   0.00432
   0.00422
   0.00412
   0.00403
   0.00400
   0.00394
   0.00384
   0.00367
   0.00368
   0.00351
   0.00352
   0.00344
   0.00337
   0.00330
   0.00322
   0.00315
   0.00307
   0.00299
   0.00291
   0.00286
   0.00276
   0.00268
   0.00256
   0.00253
   0.00245
   0.00235
   0.00229
   0.00220
   0.00214
   0.00207
   0.00198
   0.00193
   0.00188
   0.00183
   0.00178
   0.00176
   0.00173
   0.00175
   0.00176
   0.00180
   0.00201
   0.00267
   0.00107
   0.00125
   0.02891
   0.01886
   0.01569
   0.01324
   0.01219
   0.01124
   0.01027
   0.00964
   0.00863
   0.00773
   0.00648
   0.00481
   0.00377
   0.00314
   0.00284
   0.00273
   0.00271
   0.00265
   0.00277
   0.00289
   0.00312
   0.00347
   0.00411
   0.00416
   0.00362
   0.00372
   0.00326
   0.00334
   0.00296
   0.00297
   0.00265
   0.00261
   0.00237
   0.00229
   0.00211
   0.00200
   0.00186
   0.00176
   0.00166
   0.00159
   0.00153
   0.00147
   0.00144
   0.00140
   0.00138
   0.00136
   0.00135
   0.00134
   0.00134
   0.00137
   0.00139
   0.00146
   0.00161
   0.00194
   0.00265
   0.01076
   0.00247
   0.00293
   0.00312
   0.00302
   0.00314
   0.00244
   0.00338
   0.00298
   0.00095
   0.00090
   0.00089
   0.00088
   0.00087
   0.00086
   0.00088
   0.00085
   0.00090
   0.00086
   0.00095
   0.00095
   0.00108
   0.00173
   0.00208
   0.00185
   0.00202
   0.00189
   0.00195
   0.00190
   0.00188
   0.00184
   0.00170
   0.00279
   0.02355
   0.00620
   0.00734
   0.00553
   0.00567
   0.00515
   0.00496
   0.00463
   0.00441
   0.00419
   0.00400
   0.00383
   0.00368
   0.00354
   0.00342
   0.00330
   0.00320
   0.00311
   0.00303
   0.00295
   0.00289
   0.00284
   0.00280
   0.00276
   0.00273
   0.00271
   0.00269
   0.00268
   0.00269
   0.00270
   0.00272
   0.00278
   0.00288
   0.00308
   0.00350
   0.00415
   0.00421
   0.00402
   0.00398
   0.00386
   0.00379
   0.00371
   0.00364
   0.00357
   0.00350
   0.00343
   0.00336
   0.00328
   0.00321
   0.00313
   0.00306
   0.00298
   0.00290
   0.00282
   0.00274
   0.00266
   0.00257
   0.00249
   0.00241
   0.00232
   0.00224
   0.00215
   0.00207
   0.00198
   0.00189
   0.00183
   0.00172
   0.00163
   0.00153
   0.00144
   0.00134
   0.00123
   0.00112
   0.00104
   0.00105
   0.00105
   0.00136
   0.00728
   4.65758
   0.00519
   0.00238
   0.00213
   0.00192
   0.00179
   0.00168
   0.00159
   0.00152
   0.00148
   0.00144
   0.00142
   0.00142
   0.00141
   0.00143
   0.00144
   0.00144
   0.00147
   0.00150
   0.00152
   0.00153
   0.00159
   0.00163
   0.00166
   0.00170
   0.00172
   0.00175
   0.00174
   0.00178
   0.00179
   0.00179
   0.00179
   0.00179
   0.00179
   0.00179
   0.00179
   0.00179
   0.00181
   0.00183
   0.00186
   0.00191
   0.00199
   0.00211
   0.00231
   0.00270
   0.00350
   0.00315
   0.00286
   0.00279
   0.00250
   0.00245
   0.00221
   0.00212
   0.00195
   0.00183
   0.00170
   0.00160
   0.00149
   0.00140
   0.00131
   0.00123
   0.00116
   0.00110
   0.00104
   0.00099
   0.00094
   0.00090
   0.00086
   0.00085
   0.00080
   0.00078
   0.00075
   0.00073
   0.00072
   0.00070
   0.00069
   0.00068
   0.00068
   0.00066
   0.00066
   0.00065
   0.00065
   0.00065
   0.00065
   0.00065
   0.00065
   0.00066
   0.00067
   0.00068
   0.00069
   0.00070
   0.00070
   0.00071
   0.00072
   0.00072
   0.00073
   0.00073
   0.00073
   0.00073
   0.00073
   0.00072
   0.00072
   0.00071
   0.00071
   0.00070
   0.00069
   0.00068
   0.00067
   0.00066
   0.00064
   0.00063
   0.00061
   0.00060
   0.00058
   0.00056
   0.00055
   0.00053
   0.00051
   0.00049
   0.00047
   0.00045
   0.00043
   0.00042
   0.00040
   0.00039
   0.00038
   0.00037
   0.00037
   0.00036
   0.00035
   0.00035
   0.00034
   0.00033
   0.00033
   0.00032
   0.00032
   0.00030
   0.00033
   0.00027
   0.81232
   0.01400
   0.01979
   0.01434
   0.01289
   0.01175
   0.01085
   0.01016
   0.00957
   0.00908
   0.00868
   0.00809
   0.00771
   0.00727
   0.00683
   0.00643
   0.00607
   0.00576
   0.00538
   0.00500
   0.00464
   0.00441
   0.00416
   0.00391
   0.00366
   0.00336
   0.00305
   0.00278
   0.00252
   0.00233
   0.00214
   0.00203
   0.00192
   0.00180
   0.00170
   0.00163
   0.00153
   0.00146
   0.00140
   0.00134
   0.00128
   0.00124
   0.00118
   0.00113
   0.00109
   0.00103
   0.00098
   0.00093
   0.00089
   0.00085
   0.00081
   0.00077
   0.00074
   0.00070
   0.00068
   0.00065
   0.00063
   0.00062
   0.00061
   0.00060
   0.00059
   0.00059
   0.00059
   0.00058
   0.00057
   0.00056
   0.00057
   0.00056
   0.00056
   0.00056
   0.00055
   0.00056
   0.00057
   0.00058
   0.00059
   0.00063
   0.00068
   0.00076
   0.00099
   0.00139
   0.00115
   0.00120
   0.00102
   0.00112
   0.00092
   0.00097
   0.00083
   0.00086
   0.00075
   0.00074
   0.00069
   0.00064
   0.00060
   0.00057
   0.00053
   0.00050
   0.00048
   0.00044
   0.00041
   0.00039
   0.00036
   0.00035
   0.00032
   0.00031
   0.00029
   0.00029
   0.00026
   0.00026
   0.00025
   0.00025
   0.00024
   0.00023
   0.00023
   0.00022
   0.00022
   0.00022
   0.00022
   0.00021
   0.00021
   0.00021
   0.00021
   0.00021
   0.00021
   0.00021
   0.00022
   0.00022
   0.00022
   0.00022
   0.00023
   0.00023
   0.00023
   0.00023
   0.00023
   0.00023
   0.00023
   0.00023
   0.00022
   0.00022
   0.00022
   0.00022
   0.00021
   0.00021
   0.00021
   0.00020
   0.00020
   0.00019
   0.00019
   0.00018
   0.00018
   0.00017
   0.00017
   0.00016
   0.00015
   0.00015
   0.00014
   0.00013
   0.00013
   0.00012
   0.00012
   0.00011
   0.00011
   0.00011
   0.00010
   0.00010
   0.00010
   0.00010
   0.00010
   0.00011
   0.00010
   3.13539
   0.04215
   0.00394
   0.00428
   0.00401
   0.00384
   0.00369
   0.00356
   0.00345
   0.00334
   0.00323
   0.00315
   0.00306
   0.00298
   0.00291
   0.00284
   0.00278
   0.00273
   0.00267
   0.00261
   0.00257
   0.00252
   0.00247
   0.00243
   0.00239
   0.00235
   0.00232
   0.00228
   0.00224
   0.00221
   0.00218
   0.00215
   0.00213
   0.00211
   0.00210
   0.00207
   0.00206
   0.00204
   0.00203
   0.00203
   0.00202
   0.00201
   0.00200
   0.00200
   0.00199
   0.00198
   0.00197
   0.00195
   0.00194
   0.00193
   0.00192
   0.00191
   0.00189
   0.00188
   0.00188
   0.00186
   0.00185
   0.00183
   0.00182
   0.00182
   0.00183
   0.00183
   0.00185
   0.00187
   0.00192
   0.00197
   0.00205
   0.00215
   0.00224
   0.00234
   0.00246
   0.00253
   0.00255
   0.00249
   0.00239
   0.00228
   0.00217
   0.00206
   0.00195
   0.00185
   0.00175
   0.00166
   0.00157
   0.00149
   0.00142
   0.00135
   0.00129
   0.00123
   0.00118
   0.00113
   0.00107
   0.00105
   0.00101
   0.00097
   0.00095
   0.00093
   0.00090
   0.00089
   0.00087
   0.00086
   0.00085
   0.00084
   0.00083
   0.00084
   0.00083
   0.00083
   0.00083
   0.00084
   0.00084
   0.00084
   0.00084
   0.00084
   0.00084
   0.00083
   0.00082
   0.00081
   0.00080
   0.00079
   0.00077
   0.00075
   0.00073
   0.00072
   0.00070
   0.00068
   0.00066
   0.00064
   0.00063
   0.00061
   0.00059
   0.00057
   0.00056
   0.00054
   0.00052
   0.00051
   0.00049
   0.00047
   0.00046
   0.00044
   0.00042
   0.00041
   0.00039
   0.00037
   0.00037
   0.00036
   0.00036
   0.00036
   0.00035
   0.00035
   0.00034
   0.00033
   0.00031
   0.00030
   0.00029
   0.00028
   0.00027
   0.00026
   0.00025
   0.00024
   0.00024
   0.00023
   0.00022
   0.00021
   0.00021
   0.00021
   0.00020
   0.00020
   0.00019
   0.00019
   0.00019
   0.00018
   0.00018
   0.00018
   0.00017
   0.00017
   0.00017
   0.00016
   0.00016
   0.00016
   0.00015
   0.00015
   0.00015
   0.00014
   0.00014
   0.00014
   0.00014
   0.00013
   0.00014
   0.00018
   0.00018
   0.00020
