   0.63745
   0.64719
   0.64080
   0.64007
   0.63953
   0.63760
   0.63736
   0.63622
   0.63677
   0.63565
   0.63425
   0.63395
   0.63337
   0.63238
   0.63204
   0.63134
   0.63078
   0.62948
   0.62882
   0.62810
   0.62711
   0.62614
   0.62684
   0.62479
   0.62425
   0.62328
   0.62161
   0.62150
   0.61988
   0.61471
   0.61454
   0.61451
   0.61447
   0.61339
   0.61235
   0.61149
   0.61023
   0.60934
   0.60802
   0.60594
   0.60562
   0.60428
   0.60236
   0.60115
   0.59947
   0.59811
   0.59613
   0.59374
   0.59244
   0.59099
   0.58961
   0.58773
   0.58554
   0.58287
   0.57611
   0.57434
   0.56869
   0.56322
   0.55984
   0.55621
   0.55239
   0.54859
   0.54467
   0.54067
   0.53660
   0.53239
   0.52807
   0.52365
   0.51913
   0.51453
   0.50985
   0.50508
   0.50026
   0.49536
   0.49042
   0.48543
   0.48037
   0.47529
   0.47019
   0.46506
   0.45989
   0.45475
   0.44956
   0.44442
   0.43929
   0.43418
   0.42910
   0.42407
   0.41907
   0.41413
   0.40928
   0.40448
   0.39970
   0.39512
   0.39051
   0.38624
   0.38184
   0.37743
   0.37368
   0.36950
   0.36598
   0.36170
   0.35809
   0.35551
   0.35283
   0.35023
   0.34793
   0.34573
   0.34365
   0.34177
   0.34002
   0.33825
   0.33645
   0.33439
   0.33207
   0.32949
   0.32652
   0.32297
   0.31863
   0.31437
   0.30979
   0.30538
   0.30081
   0.29639
   0.29203
   0.28819
   0.28387
   0.27974
   0.27570
   0.27193
   0.26797
   0.26443
   0.26053
   0.25647
   0.25284
   0.24916
   0.24559
   0.24171
   0.23814
   0.23425
   0.23071
   0.22695
   0.22336
   0.21967
   0.21610
   0.21267
   0.20900
   0.20560
   0.20207
   0.19863
   0.19537
   0.19207
   0.18862
   0.18545
   0.18189
   0.17867
   0.17590
   0.17272
   0.16922
   0.16641
   0.16336
   0.16045
   0.15751
   0.15452
   0.15230
   0.14874
   0.14684
   0.14329
   0.14087
   0.13819
   0.13567
   0.13312
   0.13069
   0.12826
   0.12575
   0.12353
   0.12103
   0.11884
   0.11653
   0.11453
   0.11228
   0.11000
   0.10797
   0.10600
   0.10391
   0.10204
   0.10012
   0.09818
   0.09626
   0.09444
   0.09260
   0.09093
   0.08923
   0.08746
   0.08580
   0.08403
   0.08259
   0.08093
   0.07941
   0.07784
   0.07628
   0.07488
   0.07353
   0.07204
   0.07072
   0.06925
   0.06809
   0.06651
   0.06531
   0.06416
   0.06280
   0.06185
   0.06038
   0.05931
   0.05809
   0.05701
   0.05597
   0.05484
   0.05387
   0.05275
   0.05187
   0.05071
   0.04981
   0.04893
   0.04794
   0.04698
   0.04604
   0.04516
   0.04407
   0.04336
   0.04250
   0.04168
   0.04088
   0.04013
   0.03921
   0.03848
   0.03780
   0.03709
   0.03636
   0.03564
   0.03495
   0.03428
   0.03361
   0.03303
   0.03234
   0.03179
   0.03119
   0.03056
   0.03000
   0.02943
   0.02886
   0.02833
   0.02774
   0.02722
   0.02671
   0.02620
   0.02569
   0.02521
   0.02466
   0.02421
   0.02387
   0.02332
   0.02281
   0.02244
   0.02197
   0.02155
   0.02113
   0.02071
   0.02031
   0.01992
   0.01954
   0.01916
   0.01878
   0.01842
   0.01804
   0.01770
   0.01734
   0.01701
   0.01667
   0.01635
   0.01604
   0.01571
   0.01542
   0.01509
   0.01483
   0.01448
   0.01421
   0.01392
   0.01364
   0.01341
   0.01303
   0.01284
   0.01251
   0.01232
   0.01195
   0.01178
   0.01147
   0.01125
   0.01099
   0.01078
   0.01052
   0.01031
   0.01008
   0.00987
   0.00966
   0.00945
   0.00924
   0.00903
   0.00883
   0.00863
   0.00844
   0.00824
   0.00806
   0.00787
   0.00769
   0.00751
   0.00734
   0.00717
   0.00702
   0.00684
   0.00670
   0.00653
   0.00639
   0.00624
   0.00610
   0.00595
   0.00582
   0.00567
   0.00555
   0.00543
   0.00530
   0.00518
   0.00506
   0.00495
   0.00484
   0.00473
   0.00462
   0.00452
   0.00442
   0.00432
   0.00422
   0.00414
   0.00404
   0.00395
   0.00387
   0.00378
   0.00371
   0.00363
   0.00355
   0.00347
   0.00340
   0.00333
   0.00325
   0.00318
   0.00312
   0.00304
   0.00299
   0.00292
   0.00286
   0.00280
   0.00274
   0.00267
   0.00263
   0.00257
   0.00250
   0.00246
   0.00240
   0.00236
   0.00229
   0.00225
   0.00220
   0.00215
   0.00211
   0.00206
   0.00202
   0.00197
   0.00193
   0.00189
   0.00184
   0.00181
   0.00177
   0.00173
   0.00169
   0.00165
   0.00162
   0.00157
   0.00155
   0.00151
   0.00148
   0.00144
   0.00141
   0.00138
   0.00135
   0.00132
   0.00129
   0.00126
   0.00123
   0.00120
   0.00118
   0.00115
   0.00112
   0.00109
   0.00107
   0.00104
   0.00102
   0.00100
   0.00098
   0.00095
   0.00093
   0.00091
   0.00089
   0.00087
   0.00085
   0.00083
   0.00081
   0.00079
   0.00077
   0.00075
   0.00074
   0.00072
   0.00070
   0.00069
   0.00067
   0.00066
   0.00064
   0.00063
   0.00061
   0.00060
   0.00058
   0.00057
   0.00056
   0.00054
   0.00053
   0.00052
   0.00051
   0.00050
   0.00048
   0.00047
   0.00046
   0.00045
   0.00044
   0.00043
   0.00042
   0.00041
   0.00040
   0.00040
   0.00039
   0.00039
   0.00039
   0.00040
   0.00041
   0.00044
   0.00051
   0.00056
   0.00057
   0.00059
   0.00056
   0.00050
   0.00039
   0.00029
   0.00029
   0.00029
   0.00030
   0.00029
   0.00029
   0.00028
   0.00028
   0.00027
   0.00028
   0.00027
   0.00027
   0.00026
   0.00026
   0.00025
   0.00025
   0.00025
   0.00024
   0.00024
   0.00024
   0.00023
   0.00023
   0.00022
   0.00022
   0.00021
   0.00021
   0.00019
   0.00019
   0.00016
   0.00016
   0.00018
   0.00017
   0.00016
   0.00016
   0.00016
   0.00016
   0.00016
   0.00016
   0.00016
   0.00019
   0.00051
   0.00013
   0.00017
   0.00023
   0.00011
   0.00014
   0.00013
   0.00012
   0.00014
   0.00012
   0.00017
   0.00048
   0.00013
   0.00012
   0.00011
   0.00158
   0.00023
   0.00029
   0.00015
   0.00011
   0.00012
   0.00012
   0.00011
   0.00011
   0.00011
   0.00011
   0.00011
   0.00011
   0.00011
   0.00011
   0.00011
   0.00011
   0.00011
   0.00010
   0.00010
   0.00010
   0.00010
   0.00010
   0.00010
   0.00010
   0.00010
   0.00010
   0.00010
   0.00010
   0.00009
   0.00009
   0.00009
   0.00009
   0.00009
   0.00009
   0.00009
   0.00009
   0.00009
   0.00009
   0.00009
   0.00009
   0.00009
   0.00009
   0.00009
   0.00009
   0.00008
   0.00008
   0.00008
   0.00008
   0.00008
   0.00008
   0.00008
   0.00008
   0.00008
   0.00008
   0.00008
   0.00008
   0.00008
   0.00008
   0.00008
   0.00008
   0.00008
   0.00008
   0.00008
   0.00008
   0.00008
   0.00008
   0.00008
   0.00008
   0.00008
   0.00008
   0.00008
   0.00008
   0.00007
   0.00007
   0.00007
   0.00007
   0.00007
   0.00007
   0.00007
   0.00007
   0.00007
   0.00007
   0.00007
   0.00007
   0.00007
   0.00007
   0.00007
   0.00007
   0.00007
   0.00007
   0.00007
   0.00006
   0.00007
   0.00006
   0.00006
   0.00006
   0.00006
   0.00006
   0.00006
   0.00006
   0.00006
   0.00006
   0.00006
   0.00006
   0.00006
   0.00006
   0.00006
   0.00006
   0.00006
   0.00005
   0.00006
   0.00005
   0.00005
   0.00005
   0.00005
   0.00005
   0.00005
   0.00005
   0.00005
   0.00005
   0.00005
   0.00005
   0.00005
   0.00005
   0.00005
   0.00005
   0.00005
   0.00005
   0.00004
   0.00004
   0.00004
   0.00004
   0.00004
   0.00004
   0.00004
   0.00004
   0.00004
   0.00004
   0.00004
   0.00004
   0.00004
   0.00004
   0.00004
   0.00004
   0.00004
   0.00003
   0.00003
   0.00003
   0.00003
   0.00003
   0.00003
   0.00003
   0.00003
   0.00003
   0.00003
   0.00003
   0.00003
   0.00003
   0.00003
   0.00003
   0.00003
   0.00003
   0.00003
   0.00003
   0.00003
   0.00003
   0.00003
   0.00002
   0.00002
   0.00002
   0.00002
   0.00002
   0.00002
   0.00002
   0.00002
   0.00002
   0.00002
   0.00002
   0.00002
   0.00002
   0.00002
   0.00002
   0.00002
   0.00002
   0.00002
   0.00002
   0.00002
   0.00002
   0.00002
   0.00002
   0.00002
   0.00002
   0.00002
   0.00002
   0.00002
   0.00002
   0.00002
   0.00001
   0.00001
   0.00001
   0.00001
   0.00001
   0.00001
   0.00001
   0.00001
   0.00001
   0.00001
   0.00001
   0.00001
   0.00001
   0.00001
   0.00001
   0.00001
   0.00001
   0.00001
   0.00001
   0.00001
   0.00001
   0.00001
   0.00001
   0.00001
   0.00001
   0.00001
   0.00001
   0.00001
   0.00001
   0.00001
   0.00001
   0.00001
   0.00001
   0.00001
   0.00001
   0.00001
   0.00001
   0.00001
   0.00001
   0.00001
   0.00001
   0.00001
   0.00001
   0.00001
   0.00001
   0.00001
   0.00001
   0.00001
   0.00001
   0.00001
   0.00001
   0.00001
   0.00001
   0.00001
   0.00001
   0.00001
   0.00001
   0.00001
   0.00001
   0.00001
   0.00001
   0.00001
   0.00001
   0.00001
   0.00001
   0.00000
   0.00000
   0.00000
   0.00000
   0.00000
   0.00000
   0.00000
   0.00000
   0.00000
   0.00000
   0.00000
   0.00000
   0.00000
   0.00000
   0.00000
   0.00000
   0.00000
   0.00000
   0.00000
   0.00000
   0.00000
   0.00000
   0.00000
   0.00000
   0.00000
   0.00000
   0.00000
   0.00000
   0.00000
   0.00000
   0.00000
   0.00000
   0.00000
   0.00000
   0.00000
   0.00000
   0.00000
   0.00000
   0.00000
   0.00000
   0.00000
   0.00000
   0.00000
   0.00000
   0.00000
   0.00000
   0.00000
   0.00000
   0.00000
   0.00000
   0.00000
   0.00000
   0.00000
   0.00000
   0.00000
   0.00000
   0.00000
   0.00000
   0.00000
   0.00000
   0.00000
   0.00000
   0.00000
   0.00000
   0.00000
   0.00000
   0.00000
   0.00000
   0.00000
   0.00000
   0.00000
   0.00000
   0.00000
   0.00000
   0.00000
   0.00000
   0.00000
   0.00000
   0.00000
   0.00000
   0.00000
   0.00000
   0.00000
   0.00000
   0.00000
   0.00000
   0.00000
   0.00000
   0.00000
   0.00000
   0.00000
   0.00000
   0.00000
   0.00000
   0.00000
   0.00000
   0.00000
   0.00000
   0.00000
   0.00000
   0.00000
   0.00000
   0.00000
   0.00000
   0.00000
   0.00000
   0.00000
   0.00000
   0.00000
   0.00000
   0.00000
   0.00000
   0.00000
   0.00000
   0.00000
   0.00000
   0.00000
   0.00000
   0.00000
   0.00000
   0.00000
   0.00000
   0.00000
   0.00000
   0.00000
   0.00000
   0.00000
   0.00000
   0.00000
   0.00000
   0.00000
   0.00000
   0.00000
   0.00000
   0.00000
   0.00000
   0.00000
   0.00000
   0.00000
   0.00000
   0.00000
   0.00000
   0.00000
   0.00000
   0.00000
   0.00000
   0.00000
   0.00000
   0.00000
   0.00000
   0.00000
   0.00000
   0.00000
   0.00000
   0.00000
   0.00000
   0.00000
   0.00000
   0.00000
   0.00000
   0.00000
   0.00000
   0.00000
   0.00000
   0.00000
   0.00000
   0.00000
   0.00000
   0.00000
   0.00000
   0.00000
   0.00000
   0.00000
   0.00000
   0.00000
   0.00000
   0.00000
   0.00000
   0.00000
   0.00000
   0.00000
   0.00000
   0.00000
   0.00000
   0.00000
   0.00000
   0.00000
   0.00000
   0.00000
   0.00000
   0.00000
   0.00000
   0.00000
   0.00000
   0.00000
   0.00000
   0.00000
   0.00000
   0.00000
   0.00000
   0.00000
   0.00000
   0.00000
   0.00000
   0.00000
   0.00000
   0.00000
   0.00000
   0.00000
   0.00000
   0.00000
   0.00000
   0.00000
   0.00000
   0.00000
   0.00000
   0.00000
   0.00000
   0.00000
   0.00000
   0.00000
   0.00000
   0.00000
