   0.66818
   0.66868
   0.67693
   0.67797
   0.67894
   0.67807
   0.67346
   0.67844
   0.67850
   0.66510
   0.67587
   0.67541
   0.67468
   0.67313
   0.67083
   0.67102
   0.66834
   0.66763
   0.66710
   0.66466
   0.66714
   0.66239
   0.66287
   0.66276
   0.65928
   0.65975
   0.65759
   0.65617
   0.65179
   0.65347
   0.63998
   0.64178
   0.62490
   0.62170
   0.61379
   0.61266
   0.60397
   0.59908
   0.59109
   0.58440
   0.57660
   0.56915
   0.56212
   0.55515
   0.54652
   0.53472
   0.51965
   0.50393
   0.48978
   0.47683
   0.46574
   0.45533
   0.44578
   0.43677
   0.42857
   0.42086
   0.41408
   0.40834
   0.40221
   0.39674
   0.39129
   0.38599
   0.38072
   0.37551
   0.37042
   0.36552
   0.35979
   0.35508
   0.35153
   0.34731
   0.34315
   0.33900
   0.33555
   0.33153
   0.32809
   0.32432
   0.32107
   0.31842
   0.31536
   0.31200
   0.30979
   0.30713
   0.30446
   0.30179
   0.29973
   0.29607
   0.29343
   0.29038
   0.28694
   0.28427
   0.27961
   0.27641
   0.27186
   0.26695
   0.26150
   0.25567
   0.24980
   0.24243
   0.23580
   0.22818
   0.22030
   0.21179
   0.20403
   0.19499
   0.18664
   0.17838
   0.17051
   0.16221
   0.15523
   0.14855
   0.14272
   0.13721
   0.13225
   0.12800
   0.12428
   0.12108
   0.11839
   0.11611
   0.11425
   0.11260
   0.11132
   0.11003
   0.10902
   0.10798
   0.10694
   0.10574
   0.10516
   0.10365
   0.10229
   0.10103
   0.10092
   0.09917
   0.09766
   0.09671
   0.09485
   0.09301
   0.09135
   0.08885
   0.08620
   0.08275
   0.07844
   0.07421
   0.06771
   0.06084
   0.05345
   0.04878
   0.04361
   0.03971
   0.03824
   0.03964
   0.04730
   0.04589
   0.05799
   0.06884
   0.08420
   0.08738
   0.09651
   0.03789
   0.05088
   0.05568
   0.05723
   0.05426
   0.02455
   0.05956
   0.04172
   0.05962
   0.03082
   0.04842
   0.01644
   0.01958
   0.01472
   0.04626
   0.01632
   0.02648
   0.05684
   0.02303
   0.02266
   0.02145
   0.04291
   0.00938
   0.01984
   0.01721
   0.01686
   0.01703
   0.01524
   0.03407
   0.00780
   0.00748
   0.00748
   0.00609
   0.01135
   0.00597
   0.00510
   0.00607
   0.00511
   0.00524
   0.00484
   0.00406
   0.00855
   0.00380
   0.00965
   0.03237
   0.00342
   0.00599
   0.00360
   0.00341
   0.03942
   0.13028
   0.00825
   0.01611
   0.00877
   0.00703
   0.00579
   0.00512
   0.00599
   0.00547
   0.00521
   0.00664
   0.21152
   0.12708
   0.00705
   0.01133
   0.00679
   0.16330
   0.02022
   0.01128
   0.00634
   0.00662
   0.00730
   0.00606
   0.00596
   0.00645
   0.00569
   0.00567
   0.00535
   0.00475
   2.14890
   0.01142
   0.01049
   0.00933
   0.00847
   0.00674
   0.00680
   0.00504
   0.00603
   0.00515
   0.00619
   0.00517
   0.00527
   0.00542
   0.00212
   0.00267
   0.00254
   0.00235
   0.00219
   0.00208
   0.00186
   0.00175
   0.00164
   0.00267
   0.00145
   0.00137
   0.00128
   0.00127
   0.00121
   0.00117
   0.00113
   0.00109
   0.00104
   0.00321
   0.00126
   0.00116
   0.00117
   0.00112
   0.00110
   0.00108
   0.00107
   0.00116
   0.00098
   0.00091
   0.00088
   0.00087
   0.00088
   0.00493
   0.00166
   0.00170
   0.00163
   0.00146
   0.00135
   0.00127
   0.00124
   0.00114
   0.00105
   0.00094
   0.00071
   0.00141
   0.00125
   0.00120
   0.00105
   0.00096
   0.00089
   0.00081
   0.00074
   0.00070
   0.00065
   0.00059
   0.00056
   0.00052
   0.00072
   0.00047
   0.00045
   0.00044
   0.00042
   0.00041
   0.00040
   0.00039
   0.00037
   0.00036
   0.00034
   0.00033
   0.00189
   0.00500
   0.00324
   0.00272
   0.00197
   0.00168
   0.00149
   0.00131
   0.00122
   0.00111
   0.00102
   0.00091
   0.00085
   0.02591
   0.00106
   0.00091
   0.00087
   0.00083
   0.00078
   0.00073
   0.00069
   0.00065
   0.00062
   0.00058
   0.00063
   0.00092
   0.00088
   0.00083
   0.00078
   0.00073
   0.00068
   0.00063
   0.00059
   0.00057
   0.00055
   0.00053
   0.00051
   0.00048
   0.00046
   0.00044
   0.00042
   0.00040
   0.00039
   0.00038
   0.00281
   0.00300
   0.00183
   0.00148
   0.00129
   0.00118
   0.00106
   0.00096
   0.00087
   0.00079
   0.00072
   0.00067
   0.00063
   0.00060
   0.00057
   0.00055
   0.00052
   0.00050
   0.00048
   0.00046
   0.00044
   0.00043
   0.00041
   0.00040
   0.00039
   0.00038
   0.00047
   0.00046
   0.00032
   0.13824
   0.03900
   0.02648
   0.02289
   0.02376
   0.02226
   0.02307
   0.02152
   0.01884
   0.01648
   0.01428
   0.01245
   0.01055
   0.00919
   0.00886
   0.01001
   0.01203
   0.01217
   0.00497
   0.00456
   0.00394
   0.00361
   0.00319
   0.00289
   0.00264
   0.00234
   0.00218
   0.00199
   0.00181
   0.00166
   0.00145
   0.00193
   0.00113
   0.02560
   0.00210
   0.00212
   0.00213
   0.00209
   0.00194
   0.00178
   0.00165
   0.00155
   0.00145
   0.00137
   0.00130
   0.00123
   0.00119
   0.00116
   0.00118
   0.00123
   0.00132
   0.00144
   0.00165
   0.00202
   0.00380
   0.00295
   0.00258
   0.06094
   0.00050
   0.00306
   0.00279
   0.00222
   0.00194
   0.00181
   0.00173
   0.00164
   0.00155
   0.00148
   0.00146
   0.00147
   0.00142
   0.00133
   0.00130
   0.00100
   0.01698
   0.00110
   0.00113
   0.00111
   0.00109
   0.00105
   0.00102
   0.00102
   0.00104
   0.00105
   0.00100
   0.00095
   0.00091
   0.00052
   0.00051
   0.00084
   0.00118
   0.00108
   0.00097
   0.00089
   0.00083
   0.00078
   0.00074
   0.00070
   0.00068
   0.00068
   0.00069
   0.00069
   0.00069
   0.00069
   0.00068
   0.00066
   0.00065
