   0.84717
   0.79103
   0.72554
   0.68896
   0.68396
   0.68420
   0.68370
   0.68270
   0.68217
   0.68115
   0.68021
   0.67934
   0.67863
   0.67769
   0.67679
   0.67615
   0.67496
   0.67403
   0.67312
   0.67212
   0.67126
   0.67030
   0.66939
   0.66841
   0.66753
   0.66669
   0.66575
   0.66473
   0.66375
   0.66288
   0.66205
   0.66194
   0.65991
   0.65916
   0.65840
   0.65776
   0.65681
   0.65634
   0.65520
   0.65436
   0.65382
   0.65331
   0.69725
   0.68935
   0.67300
   0.66499
   0.66046
   0.65812
   0.65572
   0.65457
   0.65402
   0.65444
   0.65589
   0.65670
   0.65847
   0.66038
   0.66344
   0.66655
   0.67079
   0.67619
   0.68232
   0.68881
   0.69561
   0.70162
   0.70827
   0.71363
   0.71691
   0.71870
   0.71975
   0.72107
   0.72286
   0.72323
   0.72512
   0.72478
   0.72571
   0.72383
   0.72242
   0.71967
   0.71801
   0.71529
   0.71177
   0.70746
   0.70295
   0.69882
   0.68265
   0.69378
   0.68736
   0.67854
   0.67272
   0.65164
   0.65685
   0.65516
   0.65142
   0.64604
   0.63869
   0.63268
   0.62812
   0.62135
   0.60438
   0.59544
   0.58994
   0.58366
   0.57882
   0.57274
   0.56559
   0.55835
   0.55047
   0.54312
   0.53575
   0.52783
   0.52068
   0.51139
   0.50319
   0.49506
   0.48699
   0.47850
   0.47088
   0.46316
   0.45511
   0.44824
   0.44244
   0.43624
   0.43087
   0.42611
   0.42090
   0.41676
   0.41300
   0.40935
   0.40601
   0.40275
   0.40008
   0.39784
   0.39568
   0.39408
   0.39287
   0.39165
   0.38994
   0.38740
   0.38424
   0.38016
   0.37483
   0.36812
   0.36120
   0.35336
   0.34559
   0.33892
   0.33194
   0.32580
   0.32040
   0.31530
   0.31031
   0.30527
   0.30043
   0.29547
   0.29058
   0.28548
   0.28035
   0.27535
   0.27068
   0.26612
   0.26105
   0.25666
   0.25236
   0.24731
   0.24276
   0.23798
   0.23320
   0.22855
   0.22393
   0.21935
   0.21497
   0.21053
   0.20593
   0.20246
   0.19823
   0.19344
   0.18984
   0.18612
   0.18233
   0.17842
   0.17464
   0.17089
   0.16719
   0.16354
   0.15998
   0.15629
   0.15296
   0.14944
   0.14597
   0.14227
   0.13908
   0.13574
   0.13259
   0.12951
   0.12638
   0.12343
   0.12054
   0.11766
   0.11494
   0.11226
   0.10969
   0.10706
   0.10456
   0.10209
   0.09975
   0.09738
   0.09508
   0.09290
   0.09068
   0.08857
   0.08646
   0.08451
   0.08243
   0.08058
   0.07862
   0.07681
   0.07498
   0.07329
   0.07156
   0.06989
   0.06827
   0.06671
   0.06522
   0.06376
   0.06235
   0.06098
   0.05975
   0.05852
   0.05746
   0.05636
   0.05554
   0.05466
   0.05410
   0.05355
   0.05329
   0.05310
   0.05311
   0.05333
   0.05372
   0.05446
   0.05501
   0.05609
   0.05710
   0.05830
   0.06001
   0.06199
   0.06391
   0.06586
   0.06822
   0.06950
   0.07551
   0.07307
   0.09409
   0.04147
   0.06598
   0.03146
   0.06825
   0.03147
   0.05605
   0.03364
   0.05371
   0.02842
   0.04520
   0.02646
   0.03920
   0.03019
   0.03208
   0.08189
   0.03820
   0.09087
   0.04456
   0.03997
   0.02432
   0.08312
   0.05803
   0.06294
   0.02974
   0.07951
   0.02878
   0.02075
   0.02013
   0.08034
   0.03509
   0.03204
   0.01785
   0.07712
   0.02176
   0.04614
   0.02371
   0.07232
   0.01916
   0.03071
   0.02132
   0.04875
   0.01936
   0.01857
   0.01945
   0.02461
   0.01896
   0.01255
   0.01878
   0.01408
   0.01813
   0.01841
   0.01923
   0.04533
   0.02394
   0.01348
   0.01556
   0.01597
   0.01691
   0.01564
   0.01783
   0.01530
   0.01752
   0.01343
   0.01440
   0.01404
   0.01574
   0.01377
   0.01623
   0.01321
   0.01513
   0.01114
   0.01251
   0.01241
   0.01375
   0.01517
   0.01901
   0.01480
   0.02046
   0.01173
   0.01412
   0.01295
   0.01647
   0.01163
   0.01436
   0.11492
   0.09251
   0.01453
   0.00668
   0.00678
   0.00687
   0.01707
   0.00638
   0.05089
   0.00917
   0.04990
   0.00657
   0.05798
   0.00692
   0.07442
   0.07555
   0.00480
   0.03032
   0.00806
   0.04542
   0.00802
   0.05781
   0.04107
   0.05066
   0.04404
   0.04635
   0.04469
   0.04441
   0.04337
   0.04275
   0.04168
   0.04120
   0.04045
   0.03956
   0.03833
   0.03807
   0.03742
   0.03670
   0.03613
   0.03550
   0.03496
   0.03449
   0.03421
   0.03297
   0.03322
   0.03272
   0.03168
   0.03126
   0.03024
   0.02974
   0.02915
   0.02870
   0.02794
   0.02774
   0.02748
   0.02677
   0.02665
   0.02606
   0.02590
   0.02529
   0.02520
   0.02466
   0.02470
   0.02414
   0.02417
   0.02392
   0.02442
   0.02534
   0.02481
   0.02174
   0.00548
   0.01203
   0.01766
   0.01775
   0.01795
   0.01705
   0.01735
   0.01672
   0.01686
   0.01670
   0.01659
   0.01649
   0.01608
   0.01641
   0.01631
   0.01585
   0.01647
   0.01590
   0.01701
   0.01607
   0.01687
   0.01757
   0.01715
   0.01798
   0.01870
   0.01821
   0.02051
   0.01818
   0.02295
   0.01839
   0.01793
   0.01708
   0.01669
   0.01757
   0.01709
   0.01756
   0.01731
   0.01767
   0.01856
   0.01909
   0.01928
   0.01985
   0.02153
   0.02170
   0.02289
   0.02473
   0.02596
   0.02988
   0.01656
   0.03351
   0.60580
   0.23000
   0.11156
   0.08149
   0.08135
   0.07263
   0.07215
   0.06931
   0.06787
   0.06590
   0.06435
   0.06267
   0.06117
   0.05968
   0.05838
   0.05707
   0.05581
   0.05456
   0.05342
   0.05232
   0.05124
   0.05024
   0.04928
   0.04830
   0.04748
   0.04663
   0.04577
   0.04504
   0.04425
   0.04360
   0.04284
   0.04222
   0.04157
   0.04095
   0.04035
   0.03970
   0.03918
   0.03856
   0.03801
   0.03743
   0.03682
   0.03627
   0.03569
   0.03516
   0.03427
   0.02524
   0.02398
   0.02336
   0.02286
   0.02239
   0.02194
   0.02151
   0.02107
   0.02067
   0.02028
   0.01988
   0.01945
   0.01907
   0.01868
   0.01829
   0.01789
   0.01750
   0.01713
   0.01674
   0.01638
   0.01602
   0.01565
   0.01530
   0.01495
   0.01460
   0.01426
   0.01392
   0.01357
   0.01324
   0.01295
   0.01261
   0.01201
   0.00858
   0.00760
   0.00755
   0.00751
   0.00739
   0.00729
   0.00718
   0.00706
   0.00697
   0.00686
   0.00675
   0.00665
   0.00656
   0.00646
   0.00636
   0.00627
   0.00618
   0.00609
   0.00601
   0.00593
   0.00584
   0.00575
   0.00567
   0.00559
   0.00551
   0.00543
   0.00536
   0.00528
   0.00520
   0.00513
   0.00506
   0.00498
   0.00491
   0.00484
   0.00477
   0.00470
   0.00464
   0.00457
   0.00450
   0.00443
   0.00437
   0.00430
   0.00424
   0.00418
   0.00412
   0.00405
   0.00399
   0.00393
   0.00387
   0.00382
   0.00376
   0.00370
   0.00364
   0.00358
   0.00353
   0.00348
   0.00343
   0.00338
   0.00332
   0.00327
   0.00322
   0.00317
   0.00312
   0.00307
   0.00302
   0.00297
   0.00293
   0.00288
   0.00283
   0.00279
   0.00275
   0.00270
   0.00266
   0.00262
   0.00257
   0.00254
   0.00249
   0.00246
   0.00241
   0.00238
   0.00233
   0.00230
   0.00226
   0.00222
   0.00219
   0.00214
   0.00213
   0.00206
   0.00207
   0.00199
   0.00201
   0.00191
   0.00197
   0.00182
   0.00196
   0.00171
   0.00199
   0.00156
   0.00215
   0.00140
   0.00254
   0.00141
   0.00304
   0.00372
   0.36937
   0.24517
   0.13259
   0.10267
   0.10076
   0.09691
   0.09416
   0.09123
   0.08870
   0.08619
   0.08381
   0.08161
   0.07954
   0.07751
   0.07566
   0.07387
   0.07212
   0.07053
   0.06894
   0.06751
   0.06606
   0.06469
   0.06333
   0.06209
   0.06081
   0.05969
   0.05853
   0.05745
   0.05635
   0.05540
   0.05412
   0.04543
   0.03856
   0.03876
   0.03801
   0.03735
   0.03668
   0.03605
   0.03543
   0.03486
   0.03427
   0.03371
   0.03317
   0.03265
   0.03217
   0.03168
   0.03119
   0.03075
   0.03029
   0.02987
   0.02944
   0.02905
   0.02863
   0.02826
   0.02787
   0.02751
   0.02714
   0.02679
   0.02644
   0.02609
   0.02576
   0.02541
   0.02508
   0.02475
   0.02441
   0.02409
   0.02375
   0.02343
   0.02310
   0.02277
   0.02244
   0.02211
   0.02179
   0.02146
   0.02114
   0.02083
   0.02051
   0.02019
   0.01988
   0.01958
   0.01928
   0.01898
   0.01868
   0.01839
   0.01808
   0.01781
   0.01752
   0.01724
   0.01697
   0.01668
   0.01640
   0.01615
   0.01588
   0.01563
   0.01539
   0.01512
   0.01488
   0.01464
   0.01440
   0.01416
   0.01394
   0.01370
   0.01349
   0.01325
   0.01305
   0.01282
   0.01262
   0.01241
   0.01221
   0.01200
   0.01181
   0.01161
   0.01143
   0.01123
   0.01105
   0.01086
   0.01068
   0.01051
   0.01034
   0.01017
   0.00999
   0.00984
   0.00967
   0.00952
   0.00935
   0.00921
   0.00904
   0.00891
   0.00874
   0.00862
   0.00846
   0.00834
   0.00819
   0.00807
   0.00792
   0.00781
   0.00766
   0.00756
   0.00741
   0.00731
   0.00718
   0.00707
   0.00694
   0.00683
   0.00672
   0.00661
   0.00650
   0.00639
   0.00629
   0.00618
   0.00609
   0.00599
   0.00589
   0.00579
   0.00570
   0.00561
   0.00552
   0.00542
   0.00534
   0.00525
   0.00517
   0.00509
   0.00500
   0.00492
   0.00484
   0.00476
   0.00469
   0.00461
   0.00454
   0.00447
   0.00440
   0.00432
   0.00426
   0.00419
   0.00412
   0.00406
   0.00399
   0.00394
   0.00387
   0.00381
   0.00375
   0.00369
   0.00364
   0.00358
   0.00352
   0.00347
   0.00342
   0.00337
   0.00331
   0.00327
   0.00322
   0.00317
   0.00312
   0.00308
   0.00302
   0.00298
   0.00294
   0.00290
   0.00286
   0.00280
   0.00277
   0.00273
   0.00269
   0.00265
   0.00260
   0.00257
   0.00254
   0.00250
   0.00246
   0.00242
   0.00238
   0.00235
   0.00232
   0.00227
   0.00223
   0.00220
   0.00216
   0.00211
   0.00206
   0.00201
   0.00193
   0.00182
   0.00166
   0.00146
   0.00133
   0.00129
   0.00127
   0.00127
   0.00126
   0.00125
   0.00124
   0.00122
   0.00118
   0.00114
   0.00115
   0.00121
   0.00123
   0.00131
   0.00140
   0.00164
   2.31031
   0.13020
   0.09981
   0.05134
   0.01455
   0.01755
   0.01729
   0.01689
   0.01644
   0.01316
   0.00729
   0.00550
   0.00494
   0.00476
   0.00449
   0.00396
   0.00383
   0.00366
   0.00346
   0.00325
   0.00310
   0.00301
   0.00295
   0.00290
   0.00285
   0.00280
   0.00275
   0.00271
   0.00267
   0.00263
   0.00258
   0.00254
   0.00250
   0.00246
   0.00243
   0.00239
   0.00236
   0.00233
   0.00230
   0.00227
   0.00224
   0.00221
   0.00219
   0.00216
   0.00214
   0.00211
   0.00209
   0.00207
   0.00205
   0.00203
   0.00201
   0.00199
   0.00197
   0.00196
   0.00194
   0.00192
   0.00191
   0.00189
   0.00188
   0.00187
   0.00185
   0.00184
   0.00182
   0.00181
   0.00179
   0.00178
   0.00176
   0.00175
   0.00173
   0.00172
   0.00170
   0.00169
   0.00167
   0.00165
   0.00164
   0.00162
   0.00160
   0.00159
   0.00157
   0.00156
   0.00154
   0.00152
   0.00151
   0.00149
   0.00148
   0.00146
   0.00145
   0.00144
   0.00142
   0.00141
   0.00140
   0.00138
   0.00137
   0.00136
   0.00135
   0.00134
   0.00133
   0.00132
   0.00131
   0.00131
   0.00130
   0.00130
   0.00130
   0.00130
   0.00131
   0.00134
   0.00139
   0.00154
   0.00231
   0.00753
   0.00115
   0.00105
   0.00101
   0.00104
   0.00103
   0.00104
   0.00105
   0.00107
   0.00110
   0.00118
   0.00144
   0.00388
