   0.53629
   0.49567
   0.43426
   0.41977
   0.41439
   0.40253
   0.38737
   0.38016
   0.38266
   0.38045
   0.38262
   0.38477
   0.37987
   0.37720
   0.38132
   0.36795
   0.38193
   0.38128
   0.41441
   0.41447
   0.38805
   0.41443
   0.39721
   0.40108
   0.42233
   0.40128
   0.42279
   0.41975
   0.43637
   0.46142
   0.46889
   0.48944
   0.49614
   0.51750
   0.52163
   0.52456
   0.52506
   0.52090
   0.50938
   0.49395
   0.47425
   0.45182
   0.43338
   0.41908
   0.40920
   0.40311
   0.39977
   0.39616
   0.38954
   0.38078
   0.36982
   0.36002
   0.34556
   0.33161
   0.31273
   0.29647
   0.27962
   0.26367
   0.24931
   0.23388
   0.21874
   0.20475
   0.19110
   0.17878
   0.16677
   0.15565
   0.14612
   0.13634
   0.12738
   0.11897
   0.11114
   0.10404
   0.09739
   0.09132
   0.08570
   0.08051
   0.07582
   0.07145
   0.06739
   0.06379
   0.06040
   0.05751
   0.05466
   0.05205
   0.04976
   0.04775
   0.04580
   0.04436
   0.04291
   0.04156
   0.04037
   0.03907
   0.03805
   0.03709
   0.03608
   0.03560
   0.03455
   0.03375
   0.03295
   0.03207
   0.03117
   0.02996
   0.02954
   0.02869
   0.02815
   0.02716
   0.02659
   0.02593
   0.02518
   0.02446
   0.02412
   0.02406
   0.02312
   0.02247
   0.02178
   0.02105
   0.02046
   0.01980
   0.01927
   0.01877
   0.01830
   0.01784
   0.01744
   0.01710
   0.01680
   0.01656
   0.01636
   0.01618
   0.01605
   0.01591
   0.01582
   0.01571
   0.01550
   0.01527
   0.01506
   0.01480
   0.01431
   0.01366
   0.01309
   0.01249
   0.01180
   0.01094
   0.01011
   0.00821
   0.00754
   0.00606
   0.00560
   0.00520
   0.00485
   0.00402
   0.00360
   0.00338
   0.00300
   0.00275
   0.00256
   0.00237
   0.00220
   0.00206
   0.00194
   0.00183
   0.00177
   0.00188
   0.00170
   0.00162
   0.00174
   0.00151
   0.00135
   0.00121
   0.00107
   0.00094
   0.00085
   0.00081
   0.00078
   0.00076
   0.00075
   0.00074
   0.00072
   0.00072
   0.00071
   0.00070
   0.00068
   0.00066
   0.00063
   0.00061
   0.00086
   0.00092
   0.00083
   0.00066
   0.00061
   0.00050
   0.00057
   0.00056
   0.00047
   0.00051
   0.00039
   0.00045
   0.00045
   0.00044
   0.00043
   0.00041
   0.00039
   0.00047
   0.00046
   0.00036
   0.00044
   0.00034
   0.00036
   0.00043
   0.00043
   0.00041
   0.00037
   0.00036
   0.00035
   0.00036
   0.00029
   0.00011
   0.00010
   0.00030
   0.00018
   0.00020
   0.00018
   0.00032
   0.00011
   0.00010
   0.00015
   0.00013
   0.00017
   0.00009
   0.00018
   0.00015
   0.00024
   0.00012
   0.00018
   0.00023
   0.00037
   0.00052
   0.00052
   0.00027
   0.00030
   0.00017
   0.00030
   0.00020
   0.00011
   0.00990
   0.00356
   0.00272
   0.00177
   0.00138
   0.00126
   0.00109
   0.00098
   0.00088
   0.00077
   0.00069
   0.00062
   0.00055
   0.00049
   0.00044
   0.00040
   0.00035
   0.00023
   0.00023
   0.00025
   0.00025
   0.00026
   0.00028
   0.00023
   0.00036
   0.00023
   0.00020
   0.00026
   0.00012
   0.00012
   0.00016
   0.00015
   0.00009
   0.00015
   0.00012
   0.00011
   0.00014
   0.00014
   0.00013
   0.00013
   0.00007
   0.00011
   0.00011
   0.00010
   0.00010
   0.00010
   0.00011
   0.00015
   0.00012
   0.00013
   0.00008
   0.00014
   0.00012
   0.00011
   0.00007
   0.00006
   0.00011
   0.00014
   0.00008
   0.00008
   0.00008
   0.00008
   0.00007
   0.00007
   0.00007
   0.00008
   0.00011
   0.00014
   0.00006
   0.00008
   0.00008
   0.00006
   0.00008
   0.01195
   0.00005
   0.00004
   0.00004
   0.00004
   0.00004
   0.00005
   0.00006
   0.00005
   0.00272
   0.00048
   0.00035
   0.00027
   0.00022
   0.00018
   0.00016
   0.00014
   0.00018
   0.00002
   0.00848
   0.00480
   0.00217
   0.00180
   0.00123
   0.00091
   0.00074
   0.00067
   0.00059
   0.00055
   0.00051
   0.00047
   0.00042
   0.00031
   0.00045
   0.00037
   0.00036
   0.00017
   0.00016
   0.00015
   0.00014
   0.00013
   0.00014
   0.00013
   0.00013
   0.00009
   0.00011
   0.00008
   0.00006
   0.00009
   0.01953
   0.00165
   0.00106
   0.00068
   0.00054
   0.00045
   0.00039
   0.00026
   0.00029
   0.00046
   0.00027
   0.00025
   0.00036
   0.00021
   0.00020
   1.74367
   0.01502
   0.00748
   0.00630
   0.00351
   0.00223
   0.00188
   0.00262
   0.00130
   0.00126
   0.00302
   0.00316
   0.00073
   0.00067
   0.00257
   0.00237
   0.00046
   0.00045
   0.00043
   0.00079
   0.00036
   0.00191
   0.00037
   0.00028
   0.00183
   0.00240
   0.00256
   0.00132
   0.00018
   0.00027
   0.00026
   0.00023
   0.00025
   0.00018
   0.00020
   0.00019
   0.00023
   0.00023
   0.00020
   0.00018
   0.00017
   0.00016
   0.00018
   0.00014
   0.00012
   0.00012
   0.00013
   0.00017
   0.00016
   0.00012
   0.00011
   0.00011
   0.00011
   0.00011
   0.00011
   0.00011
   0.00011
   0.00011
   0.00011
   0.00010
   0.00010
   0.00008
   0.00006
   0.00085
   0.00318
   0.00079
   0.00059
   0.00046
   0.00036
   0.00027
   0.00023
   0.00021
   0.00023
   0.00018
   0.00020
   0.00300
   0.00036
   0.00029
   0.00022
   0.00019
   0.00017
   0.00016
   0.00014
   0.00013
   0.00012
   0.00011
   0.00010
   0.00008
   0.00008
   0.00007
   0.00006
   0.00008
   0.00008
   0.00185
   0.00907
   0.00454
   0.00323
   0.00252
   0.00207
   0.00180
   0.00157
   0.00139
   0.00125
   0.00110
   0.00100
   0.00092
   0.00085
   0.00079
   0.00073
   0.00068
   0.00064
   0.00060
   0.00056
   0.00053
   0.00052
   0.00051
   0.00047
   0.00042
   0.00039
   0.00036
   0.00034
   0.00032
   0.00030
   0.00029
   0.00028
   0.00152
   0.00034
   0.00021
   0.00025
   0.00023
   0.00024
   0.00020
   0.00022
   0.00022
   0.00023
   0.00018
   0.00018
   0.00012
   0.00017
   0.00017
   0.00028
   0.00027
   0.00021
   0.00014
   0.00028
   0.00112
   0.00011
   0.00012
   0.00012
   0.00011
   0.00011
   0.00011
   0.00011
   0.00011
   0.00009
   0.00012
   0.00012
   0.00012
   0.00012
   0.00012
   0.00012
   0.00011
   0.00011
   0.00011
   0.00010
   0.00010
   0.00009
   0.00009
   0.00014
   0.00007
   0.00007
   0.00007
   0.00007
   0.00006
   0.00006
   0.00006
   0.00005
   0.00005
   0.00006
   0.00006
   0.00006
   0.00006
   0.00006
   0.00005
   0.00007
   0.00005
   0.06029
   0.00021
   0.00020
   0.00019
   0.00017
   0.00017
   0.00016
   0.00015
   0.00014
   0.00013
   0.00013
   0.00012
   0.00010
   0.00009
   0.00009
   0.00010
   0.00009
   0.00017
   0.00008
   0.00008
   0.00008
   0.00007
   0.00007
   0.00007
   0.00006
   0.00006
   0.00006
   0.00005
   0.00005
   0.00005
   0.00005
   0.00005
   0.00005
   0.00005
   0.00006
   0.00005
   0.00003
   0.00004
   0.00003
   0.00003
   0.00003
   0.00003
   0.00003
   0.00004
   0.00003
   0.00003
   0.00023
   0.00048
   0.00038
   0.00030
   0.00025
   0.00021
   0.00018
   0.00016
   0.00014
   0.00012
   0.00011
   0.00009
   0.00009
   0.00008
   0.00007
   0.00008
   0.00009
   0.00008
   0.00008
   0.00006
   0.00021
   0.00005
   0.00005
   0.00005
   0.00004
   0.00004
   0.00004
   0.00004
   0.00004
   0.00004
   0.00003
   0.00003
   0.00003
   0.00003
   0.00003
   0.00003
   0.00003
   0.00003
   0.00002
   0.00003
   0.00002
   0.00002
   0.00002
   0.00003
   0.00003
   0.00003
   0.00002
   0.00002
   0.00035
   0.00007
   0.00007
   0.00006
   0.00006
   0.00006
   0.00006
   0.00005
   0.00005
   0.00005
   0.00004
   0.00004
   0.00004
   0.00004
   0.00004
   0.00003
   0.00003
   0.00003
   0.00003
   0.00003
   0.00002
   0.00003
   0.00002
   0.00002
   0.00002
   0.00003
   0.00002
   0.00002
   0.00002
   0.00001
   0.00001
   0.00001
   0.00001
   0.00001
   0.00001
   0.00001
   0.00001
   0.00001
   0.00001
   0.00001
   0.00001
   0.00001
   0.00001
   0.00001
   0.00001
   0.00001
   0.00001
   0.00001
   0.00001
   0.00001
   0.00001
   0.00001
   0.00830
   0.00053
   0.00043
   0.00037
   0.00032
   0.00028
   0.00024
   0.00021
   0.00018
   0.00016
   0.00014
   0.00012
   0.00011
   0.00009
   0.00008
   0.00007
   0.00006
   0.00005
   0.00004
   0.00004
   0.00003
   0.00003
   0.00003
   0.00002
   0.00002
   0.00002
   0.00002
   0.00001
   0.00001
   0.00001
   0.00001
   0.00002
   0.00001
   0.00001
   0.00458
   0.00367
   0.00238
   0.00171
   0.00132
   0.00106
   0.00087
   0.00071
   0.00055
   0.00047
   0.00044
   0.00046
   0.00044
   0.00051
   0.00042
   0.00027
   0.00025
   0.00021
   0.00035
   0.00031
   0.00028
   0.00025
   0.00023
   0.00021
   0.00019
   0.00017
   0.00015
   0.00013
   0.00011
   0.00013
   0.00016
   0.00014
   0.00012
   0.00010
   0.00008
   0.00009
   0.00007
   0.00006
   0.00006
   0.00005
   0.00005
   0.00005
   0.00004
   0.00004
   0.00004
   0.00003
   0.00003
   0.00003
   0.00003
   0.00005
   0.00015
   0.00014
   0.00013
   0.00011
   0.00010
   0.00010
   0.00009
   0.00008
   0.00007
   0.00007
   0.00006
   0.00006
   0.00006
   0.00006
   0.00005
   0.00005
   0.00005
   0.00004
   0.00004
   0.00004
   0.00004
   0.00003
   0.00003
   0.00003
   0.00003
   0.00003
   0.00003
   0.00002
   0.00002
   0.00002
   0.00002
   0.00002
   0.00002
   0.00002
   0.00002
   0.00001
   0.00002
   0.00001
   0.00001
   0.00001
   0.00006
   0.00002
   0.00002
   0.00002
   0.00002
   0.00002
   0.00002
   0.00002
   0.00002
   0.00002
   0.00001
   0.00001
   0.00001
   0.00001
   0.00001
   0.00001
   0.00001
   0.00001
   0.00001
   0.03346
   0.01544
   0.01026
   0.00845
   0.00741
   0.00677
   0.00634
   0.00607
   0.00579
   0.00554
   0.00532
   0.00511
   0.00488
   0.00465
   0.00441
   0.00416
   0.00391
   0.00365
   0.00340
   0.00316
   0.00293
   0.00272
   0.00252
   0.00234
   0.00217
   0.00202
   0.00189
   0.00177
   0.00166
   0.00156
   0.00147
   0.00139
   0.00131
   0.00124
   0.00118
   0.00112
   0.00106
   0.00101
   0.00096
   0.00092
   0.00088
   0.00084
   0.00080
   0.00076
   0.00073
   0.00070
   0.00067
   0.00064
   0.00061
   0.00058
   0.00055
   0.00053
   0.00050
   0.00048
   0.00045
   0.00043
   0.00041
   0.00039
   0.00037
   0.00035
   0.00033
   0.00031
   0.00029
   0.00027
   0.00026
   0.00024
   0.00023
   0.00021
   0.00020
   0.00018
   0.00017
   0.00016
   0.00015
   0.00014
   0.00013
   0.00208
   0.00093
   0.00100
   0.00105
   0.00102
   0.00022
   0.00061
   0.00079
   0.00086
   0.00094
   0.00098
   0.00081
   0.00023
   0.00033
   0.00031
   0.00049
   0.00050
   0.00052
   0.00062
   0.00071
   0.00075
   0.00072
   0.00064
   0.00092
   0.00099
   0.00087
   0.00026
   0.00033
   0.00070
   0.00074
   0.00066
   0.00054
   0.00058
   0.00064
   0.00067
   0.00064
   0.00055
   0.00050
   0.00021
   0.00014
   0.00016
   0.00020
   0.00024
   0.00030
   0.00036
   0.00042
   0.00049
   0.00058
   0.00067
   0.00071
   0.00056
   0.00028
   0.00037
   0.00055
   0.00057
   0.00048
   0.00041
   0.00044
   0.00048
   0.00050
   0.00049
   0.00044
   0.00038
   0.00049
   0.00048
   0.00043
   0.00037
   0.00030
   0.00024
   0.00018
