   0.63243
   0.63711
   0.64223
   0.64191
   0.64231
   0.64077
   0.63952
   0.63869
   0.63802
   0.63739
   0.63670
   0.63602
   0.63535
   0.63462
   0.63402
   0.63331
   0.63124
   0.63192
   0.63158
   0.63083
   0.62995
   0.62897
   0.62824
   0.62733
   0.62661
   0.62562
   0.62481
   0.62402
   0.62310
   0.62122
   0.62124
   0.62036
   0.61904
   0.61802
   0.61700
   0.61586
   0.61484
   0.61059
   0.61207
   0.60290
   0.60036
   0.60352
   0.60368
   0.60322
   0.60125
   0.59860
   0.59743
   0.59626
   0.59491
   0.59341
   0.59165
   0.58982
   0.58809
   0.58637
   0.58419
   0.58229
   0.58013
   0.57829
   0.57416
   0.57265
   0.57127
   0.56845
   0.56587
   0.56388
   0.56188
   0.55986
   0.55778
   0.55590
   0.55318
   0.55133
   0.54838
   0.54473
   0.54121
   0.53748
   0.53353
   0.52941
   0.52514
   0.52073
   0.51618
   0.51153
   0.50677
   0.50190
   0.49696
   0.49195
   0.48687
   0.48170
   0.47652
   0.47124
   0.46593
   0.46056
   0.45189
   0.44602
   0.43918
   0.43424
   0.42921
   0.42324
   0.41701
   0.41182
   0.40630
   0.40115
   0.39578
   0.39064
   0.38562
   0.38063
   0.37578
   0.37109
   0.36646
   0.36197
   0.35771
   0.35348
   0.34957
   0.34576
   0.34219
   0.33871
   0.33556
   0.33238
   0.32949
   0.32730
   0.32494
   0.32255
   0.32064
   0.31891
   0.31711
   0.31532
   0.31337
   0.31133
   0.30920
   0.30660
   0.30336
   0.29957
   0.29522
   0.29067
   0.28564
   0.28056
   0.27540
   0.27035
   0.26553
   0.26076
   0.25620
   0.25167
   0.24729
   0.24303
   0.23885
   0.23464
   0.23056
   0.22660
   0.22257
   0.21862
   0.21474
   0.21088
   0.20698
   0.20321
   0.19935
   0.19571
   0.19193
   0.18832
   0.18463
   0.18102
   0.17750
   0.17400
   0.17050
   0.16713
   0.16373
   0.16045
   0.15708
   0.15399
   0.15077
   0.14765
   0.14464
   0.14160
   0.13865
   0.13581
   0.13291
   0.13011
   0.12736
   0.12469
   0.12206
   0.11945
   0.11690
   0.11446
   0.11203
   0.10963
   0.10726
   0.10500
   0.10271
   0.10051
   0.09832
   0.09623
   0.09415
   0.09209
   0.09010
   0.08815
   0.08624
   0.08435
   0.08254
   0.08074
   0.07894
   0.07728
   0.07558
   0.07391
   0.07230
   0.07074
   0.06916
   0.06764
   0.06619
   0.06470
   0.06329
   0.06190
   0.06054
   0.05920
   0.05788
   0.05661
   0.05536
   0.05412
   0.05294
   0.05173
   0.05061
   0.04947
   0.04835
   0.04728
   0.04622
   0.04519
   0.04418
   0.04318
   0.04218
   0.04124
   0.04032
   0.03941
   0.03849
   0.03762
   0.03677
   0.03593
   0.03510
   0.03429
   0.03348
   0.03274
   0.03197
   0.03122
   0.03050
   0.02979
   0.02907
   0.02839
   0.02771
   0.02706
   0.02643
   0.02579
   0.02518
   0.02457
   0.02398
   0.02340
   0.02284
   0.02228
   0.02174
   0.02121
   0.02070
   0.02018
   0.01969
   0.01920
   0.01873
   0.01826
   0.01781
   0.01736
   0.01693
   0.01650
   0.01609
   0.01569
   0.01529
   0.01491
   0.01453
   0.01416
   0.01380
   0.01345
   0.01311
   0.01278
   0.01246
   0.01214
   0.01183
   0.01153
   0.01124
   0.01096
   0.01068
   0.01041
   0.01015
   0.00990
   0.00965
   0.00941
   0.00917
   0.00895
   0.00873
   0.00851
   0.00830
   0.00810
   0.00790
   0.00771
   0.00752
   0.00734
   0.00716
   0.00699
   0.00682
   0.00666
   0.00650
   0.00634
   0.00619
   0.00604
   0.00589
   0.00575
   0.00561
   0.00547
   0.00534
   0.00521
   0.00508
   0.00496
   0.00484
   0.00472
   0.00461
   0.00449
   0.00439
   0.00428
   0.00417
   0.00407
   0.00397
   0.00387
   0.00378
   0.00368
   0.00359
   0.00350
   0.00342
   0.00333
   0.00325
   0.00317
   0.00308
   0.00301
   0.00293
   0.00286
   0.00278
   0.00271
   0.00264
   0.00258
   0.00251
   0.00244
   0.00238
   0.00232
   0.00226
   0.00220
   0.00214
   0.00209
   0.00203
   0.00198
   0.00193
   0.00188
   0.00183
   0.00178
   0.00174
   0.00169
   0.00165
   0.00160
   0.00156
   0.00152
   0.00148
   0.00144
   0.00140
   0.00136
   0.00132
   0.00129
   0.00125
   0.00121
   0.00118
   0.00115
   0.00111
   0.00108
   0.00105
   0.00102
   0.00099
   0.00096
   0.00093
   0.00090
   0.00087
   0.00085
   0.00082
   0.00080
   0.00077
   0.00075
   0.00073
   0.00071
   0.00069
   0.00067
   0.00065
   0.00063
   0.00061
   0.00059
   0.00058
   0.00059
   0.00063
   0.00057
   0.00053
   0.00053
   0.00060
   0.00053
   0.00052
   0.00051
   0.00050
   0.00049
   0.00047
   0.00046
   0.00045
   0.00044
   0.00043
   0.00042
   0.00041
   0.00040
   0.00039
   0.00038
   0.00037
   0.00036
   0.00036
   0.00035
   0.00034
   0.00033
   0.00032
   0.00032
   0.00031
   0.00030
   0.00030
   0.00029
   0.00028
   0.00028
   0.00027
   0.00027
   0.00026
   0.00026
   0.00025
   0.00024
   0.00024
   0.00024
   0.00023
   0.00023
   0.00022
   0.00022
   0.00021
   0.00021
   0.00021
   0.00020
   0.00020
   0.00019
   0.00019
   0.00019
   0.00018
   0.00018
   0.00018
   0.00017
   0.00017
   0.00017
   0.00017
   0.00016
   0.00016
   0.00016
   0.00015
   0.00015
   0.00015
   0.00014
   0.00014
   0.00013
   0.00012
   0.00011
   0.00011
   0.00010
   0.00011
   0.00010
   0.00010
   0.00011
   0.00011
   0.00013
   0.00019
   0.00018
   0.00016
   0.00020
   0.00022
   0.00016
   0.00015
   0.00016
   0.00016
   0.00015
   0.00014
   0.00012
   0.00011
   0.00009
   0.00008
   0.00008
   0.00008
   0.00008
   0.00008
   0.00007
   0.00007
   0.00007
   0.00007
   0.00007
   0.00006
   0.00006
   0.00006
   0.00006
   0.00006
   0.00004
   0.00055
   0.00122
   0.00174
   0.00027
   0.00006
   0.00007
   0.00007
   0.00007
   0.00007
   0.00007
   0.00007
   0.00007
   0.00007
   0.00007
   0.00007
   0.00007
   0.00007
   0.00007
   0.00007
   0.00006
   0.00006
   0.00006
   0.00006
   0.00006
   0.00006
   0.00006
   0.00006
   0.00006
   0.00006
   0.00006
   0.00006
   0.00006
   0.00006
   0.00006
   0.00006
   0.00006
   0.00006
   0.00006
   0.00006
   0.00006
   0.00006
   0.00006
   0.00006
   0.00006
   0.00006
   0.00006
   0.00006
   0.00006
   0.00006
   0.00006
   0.00006
   0.00006
   0.00006
   0.00006
   0.00006
   0.00006
   0.00005
   0.00005
   0.00005
   0.00005
   0.00005
   0.00005
   0.00005
   0.00005
   0.00005
   0.00005
   0.00005
   0.00005
   0.00005
   0.00005
   0.00005
   0.00005
   0.00005
   0.00005
   0.00005
   0.00005
   0.00005
   0.00005
   0.00005
   0.00005
   0.00005
   0.00005
   0.00005
   0.00005
   0.00005
   0.00005
   0.00005
   0.00004
   0.00004
   0.00004
   0.00004
   0.00004
   0.00004
   0.00004
   0.00004
   0.00004
   0.00004
   0.00004
   0.00004
   0.00004
   0.00004
   0.00004
   0.00004
   0.00004
   0.00004
   0.00004
   0.00004
   0.00004
   0.00004
   0.00004
   0.00004
   0.00004
   0.00004
   0.00004
   0.00004
   0.00004
   0.00004
   0.00003
   0.00003
   0.00003
   0.00003
   0.00003
   0.00003
   0.00003
   0.00003
   0.00003
   0.00003
   0.00003
   0.00003
   0.00003
   0.00003
   0.00003
   0.00003
   0.00003
   0.00003
   0.00003
   0.00003
   0.00003
   0.00003
   0.00003
   0.00003
   0.00003
   0.00003
   0.00003
   0.00003
   0.00003
   0.00003
   0.00003
   0.00003
   0.00003
   0.00003
   0.00003
   0.00003
   0.00003
   0.00003
   0.00003
   0.00003
   0.00003
   0.00003
   0.00002
   0.00002
   0.00002
   0.00002
   0.00002
   0.00002
   0.00002
   0.00002
   0.00002
   0.00002
   0.00002
   0.00002
   0.00002
   0.00002
   0.00002
   0.00002
   0.00002
   0.00002
   0.00002
   0.00002
   0.00002
   0.00002
   0.00002
   0.00002
   0.00002
   0.00002
   0.00002
   0.00002
   0.00002
   0.00002
   0.00002
   0.00002
   0.00002
   0.00002
   0.00002
   0.00002
   0.00002
   0.00002
   0.00002
   0.00002
   0.00002
   0.00002
   0.00002
   0.00002
   0.00002
   0.00002
   0.00002
   0.00002
   0.00002
   0.00002
   0.00002
   0.00002
   0.00001
   0.00001
   0.00001
   0.00001
   0.00001
   0.00001
   0.00001
   0.00001
   0.00001
   0.00001
   0.00001
   0.00001
   0.00001
   0.00001
   0.00001
   0.00001
   0.00001
   0.00001
   0.00001
   0.00001
   0.00001
   0.00001
   0.00001
   0.00001
   0.00001
   0.00001
   0.00001
   0.00001
   0.00001
   0.00001
   0.00001
   0.00001
   0.00001
   0.00001
   0.00001
   0.00001
   0.00001
   0.00001
   0.00001
   0.00001
   0.00001
   0.00001
   0.00001
   0.00001
   0.00001
   0.00001
   0.00001
   0.00001
   0.00001
   0.00001
   0.00001
   0.00001
   0.00001
   0.00001
   0.00001
   0.00001
   0.00001
   0.00001
   0.00001
   0.00001
   0.00001
   0.00001
   0.00001
   0.00001
   0.00001
   0.00001
   0.00001
   0.00001
   0.00001
   0.00001
   0.00001
   0.00001
   0.00001
   0.00001
   0.00001
   0.00001
   0.00001
   0.00001
   0.00001
   0.00001
   0.00001
   0.00000
   0.00000
   0.00000
   0.00000
   0.00000
   0.00000
   0.00000
   0.00000
   0.00000
   0.00000
   0.00000
   0.00000
   0.00000
   0.00000
   0.00000
   0.00000
   0.00000
   0.00000
   0.00000
   0.00000
   0.00000
   0.00000
   0.00000
   0.00000
   0.00000
   0.00000
   0.00000
   0.00000
   0.00000
   0.00000
   0.00000
   0.00000
   0.00000
   0.00000
   0.00000
   0.00000
   0.00000
   0.00000
   0.00000
   0.00000
   0.00000
   0.00000
   0.00000
   0.00000
   0.00000
   0.00000
   0.00000
   0.00000
   0.00000
   0.00000
   0.00000
   0.00000
   0.00000
   0.00000
   0.00000
   0.00000
   0.00000
   0.00000
   0.00000
   0.00000
   0.00000
   0.00000
   0.00000
   0.00000
   0.00000
   0.00000
   0.00000
   0.00000
   0.00000
   0.00000
   0.00000
   0.00000
   0.00000
   0.00000
   0.00000
   0.00000
   0.00000
   0.00000
   0.00000
   0.00000
   0.00000
   0.00000
   0.00000
   0.00000
   0.00000
   0.00000
   0.00000
   0.00000
   0.00000
   0.00000
   0.00000
   0.00000
   0.00000
   0.00000
   0.00000
   0.00000
   0.00000
   0.00000
   0.00000
   0.00000
   0.00000
   0.00000
   0.00000
   0.00000
   0.00000
   0.00000
   0.00000
   0.00000
   0.00000
   0.00000
   0.00000
   0.00000
   0.00000
   0.00000
   0.00000
   0.00000
   0.00000
   0.00000
   0.00000
   0.00000
   0.00000
   0.00000
   0.00000
   0.00000
   0.00000
   0.00000
   0.00000
   0.00000
   0.00000
   0.00000
   0.00000
   0.00000
   0.00000
   0.00000
   0.00000
   0.00000
   0.00000
   0.00000
   0.00000
   0.00000
   0.00000
   0.00000
   0.00000
   0.00000
   0.00000
   0.00000
   0.00000
   0.00000
   0.00000
   0.00000
   0.00000
   0.00000
   0.00000
   0.00000
   0.00000
   0.00000
   0.00000
   0.00000
   0.00000
   0.00000
   0.00000
   0.00000
   0.00000
   0.00000
   0.00000
   0.00000
   0.00000
   0.00000
   0.00000
   0.00000
   0.00000
   0.00000
   0.00000
   0.00000
   0.00000
   0.00000
   0.00000
   0.00000
   0.00000
   0.00000
   0.00000
   0.00000
   0.00000
   0.00000
   0.00000
   0.00000
   0.00000
   0.00000
   0.00000
   0.00000
   0.00000
   0.00000
   0.00000
   0.00000
   0.00000
   0.00000
   0.00000
   0.00000
   0.00000
   0.00000
   0.00000
   0.00000
   0.00000
   0.00000
   0.00000
   0.00000
