   0.68796
   0.69427
   0.69976
   0.70553
   0.70750
   0.70987
   0.71150
   0.71285
   0.73833
   0.73972
   0.74123
   0.74223
   0.74251
   0.73784
   0.73821
   0.73749
   0.74040
   0.73261
   0.73461
   0.73519
   0.73224
   0.72917
   0.72972
   0.72747
   0.72805
   0.70882
   0.69914
   0.70214
   0.70113
   0.69838
   0.69491
   0.69144
   0.68795
   0.68558
   0.68394
   0.68284
   0.68173
   0.68027
   0.67849
   0.67707
   0.67659
   0.67693
   0.67744
   0.67744
   0.67647
   0.67440
   0.67175
   0.66875
   0.66559
   0.66229
   0.65873
   0.65483
   0.65056
   0.64587
   0.64082
   0.63543
   0.62971
   0.62370
   0.61743
   0.61097
   0.60427
   0.59744
   0.59047
   0.58342
   0.57619
   0.56895
   0.56165
   0.55425
   0.54675
   0.53916
   0.53166
   0.52287
   0.51439
   0.50581
   0.49708
   0.48816
   0.47902
   0.46989
   0.46033
   0.45058
   0.44060
   0.43041
   0.42018
   0.40984
   0.39956
   0.38938
   0.37942
   0.36956
   0.36008
   0.35068
   0.34144
   0.33232
   0.32316
   0.31395
   0.30458
   0.29492
   0.28499
   0.27473
   0.26423
   0.25355
   0.24271
   0.23183
   0.22099
   0.21028
   0.19978
   0.18957
   0.17970
   0.17022
   0.16119
   0.15265
   0.14463
   0.13711
   0.13012
   0.12361
   0.11753
   0.11184
   0.10648
   0.10137
   0.09651
   0.09186
   0.08744
   0.08326
   0.07936
   0.07578
   0.07249
   0.06917
   0.06414
   0.06350
   0.05798
   0.07074
   0.05351
   0.10227
   0.07177
   0.08252
   0.04311
   0.04061
   0.04458
   0.04306
   0.03507
   0.03956
   0.04020
   0.02986
   0.03306
   0.04867
   0.03191
   0.02425
   0.02349
   0.02313
   0.02141
   0.05618
   0.02052
   0.02322
   0.01674
   0.02213
   0.01885
   0.58271
   0.11879
   0.07443
   0.07668
   0.06445
   0.06488
   0.06579
   0.07874
   0.07488
   0.01413
   0.05675
   0.03963
   0.03796
   0.03517
   0.03174
   0.03046
   0.01029
   0.03247
   0.03101
   0.02801
   0.01565
   0.01450
   0.01361
   0.01092
   0.00905
   0.05007
   0.00916
   0.00733
   0.00708
   0.00630
   0.02469
   0.03404
   0.00870
   0.00687
   0.00604
   0.00535
   0.00474
   0.00424
   0.00380
   0.00341
   0.00308
   0.00272
   0.00245
   0.00223
   0.00206
   0.00197
   0.00221
   0.00192
   0.00206
   0.00246
   0.00683
   0.00321
   0.00352
   0.00263
   0.00201
   0.00215
   0.00197
   0.00187
   0.00163
   0.00173
   0.00148
   0.00157
   0.00146
   0.00180
   0.00127
   0.00117
   0.00132
   0.00282
   0.00235
   0.00174
   0.00114
   0.00157
   0.00105
   0.00826
   0.00497
   0.00406
   0.00990
   0.00465
   0.00984
   0.00754
   0.00466
   0.00410
   0.00763
   0.00388
   0.00351
   0.00807
   0.00425
   0.00378
   0.01106
   0.00497
   0.00461
   0.00363
   0.00827
   0.00495
   0.01209
   0.00962
   0.00604
   0.00490
   0.00512
   0.00465
   0.00978
   0.00325
   0.00634
   0.00584
   0.00431
   0.00365
   0.00303
   0.00241
   0.00237
   0.00223
   0.00177
   0.00181
   0.00732
   0.00304
   0.00303
   0.00302
   0.00231
   0.00217
   0.00188
   0.00161
   0.00153
   0.00154
   0.00129
   0.04223
   0.18647
   0.15877
   0.14477
   0.13232
   0.12227
   0.11270
   0.10443
   0.09687
   0.09017
   0.08373
   0.07784
   0.07222
   0.06692
   0.06207
   0.05759
   0.05353
   0.05002
   0.04697
   0.04504
   0.04452
   0.04535
   0.04286
   0.10916
   0.02876
   0.05750
   0.04201
   0.02899
   0.03205
   0.02914
   0.02718
   0.02639
   0.02598
   0.02558
   0.02507
   0.02412
   0.02271
   0.02120
   0.01983
   0.01869
   0.01777
   0.01696
   0.01624
   0.01557
   0.01492
   0.01431
   0.01369
   0.01303
   0.01192
   0.89940
   0.01497
   0.01243
   0.01064
   0.00985
   0.01236
   0.01178
   0.01012
   0.01011
   0.02435
   0.01643
   0.01848
   0.01127
   0.00926
   0.00803
   0.00913
   0.00791
   0.00866
   0.00736
   0.00626
   0.03603
   0.01937
   0.01214
   0.01299
   0.01253
   0.01102
   0.00897
   0.00717
   0.00602
   0.00528
   0.00616
   0.01534
   0.00504
   0.00496
   0.00488
   0.00477
   0.00464
   0.04795
   0.01723
   0.01117
   0.01204
   0.01360
   0.01491
   0.01287
   0.01114
   0.01461
   0.01073
   0.01344
   0.01485
   0.01459
   0.01063
   0.01233
   0.01308
   0.01360
   0.01416
   0.00892
   0.01111
   0.02658
   0.01256
   0.00656
   0.00635
   0.02658
   0.00771
   0.18359
   0.00936
   0.00755
   0.00515
   0.00558
   0.00586
   0.00485
   0.01712
   0.00444
   0.00810
   0.00496
   0.00470
   0.00430
   0.00396
   0.00368
   0.00403
   0.00588
   0.00762
   0.00311
   0.00297
   0.00301
   0.00354
   0.00310
   0.00297
   0.00281
   0.00266
   0.00265
   0.00307
   0.00459
   0.00283
   0.00220
   0.00258
   0.00254
   0.00233
   0.00221
   0.00210
   0.00203
   0.00197
   0.00192
   0.00187
   0.00180
   0.00175
   0.00174
   0.00186
   0.00235
   0.00397
   0.00188
   0.00223
   0.00176
   0.00205
   0.00175
   0.00165
   0.00158
   0.00154
   0.00150
   0.00147
   0.00144
   0.00140
   0.00139
   0.00142
   0.00162
   0.00230
   0.00373
   0.00159
   0.00202
   0.00153
   0.00213
   0.00284
   0.00261
   0.00239
   0.00218
   0.00198
   0.00180
   0.00164
   0.00152
   0.00142
   0.00134
   0.00128
   0.00122
   0.00117
   0.00112
   0.00108
   0.00108
   0.00111
   0.00126
   0.00210
   0.00236
   0.00162
   0.00114
   0.00174
   0.00169
   0.00455
   0.00348
   0.00348
   0.00293
   0.00249
   0.00213
   0.00187
   0.00165
   0.00146
   0.00130
   0.00116
   0.00105
   0.00096
   0.00090
   0.00085
   0.00079
   0.00075
   0.00072
   0.00069
   0.00068
   0.00069
   0.00082
   0.00139
   0.00093
   0.00068
   0.00084
   0.00061
   0.00113
   0.00130
   0.00147
   0.00136
   0.00125
   0.00114
   0.00104
   0.00094
   0.00085
   0.00077
   0.00070
   0.00064
   0.00060
   0.00056
   0.00053
   0.00050
   0.00048
   0.00046
   0.00044
   0.00043
   0.00044
   0.00045
   0.00062
   0.00098
   0.00048
   0.00051
   0.00063
   0.00276
   0.00239
   0.00209
   0.00183
   0.00160
   0.00141
   0.00123
   0.00108
   0.00094
   0.00083
   0.00073
   0.00065
   0.00058
   0.00052
   0.00048
   0.00045
   0.00042
   0.00041
   0.00039
   0.00037
   0.00036
   0.00035
   0.00035
   0.00037
   0.00063
   0.00060
   0.00062
   0.00030
   0.00041
   0.00033
   0.00033
   0.00032
   0.00031
   0.00030
   0.00028
   0.00027
   0.00025
   0.00024
   0.00023
   0.00023
   0.00022
   0.00022
   0.00021
   0.00020
   0.00020
   0.00020
   0.00021
   0.00028
   0.00042
   0.00018
   0.00021
   0.00025
   0.00024
   0.00015
   0.00014
   0.00014
   0.00015
   0.00015
   0.00015
   0.00015
   0.00015
   0.00015
   0.00015
   0.00015
   0.00014
   0.00014
   0.00013
   0.00012
   0.00012
   0.00011
   0.00011
   0.00011
   0.00011
   0.00011
   0.00010
   0.00010
   0.00010
   0.00011
   0.00012
   0.00013
   0.00016
   0.00024
   0.00015
   0.00015
   0.00017
   0.00016
   0.00037
   0.00034
   0.00032
   0.00030
   0.00027
   0.00025
   0.00023
   0.00021
   0.00019
   0.00018
   0.00016
   0.00015
   0.00013
   0.00012
   0.00011
   0.00011
   0.00010
   0.00010
   0.00009
   0.00009
   0.00009
   0.00008
   0.00008
   0.00008
   0.00009
   0.00009
   0.00010
   0.00015
   0.00014
   0.00011
   0.00012
   0.00005
   0.00005
   0.00005
   0.00005
   0.00005
   0.00006
   0.00006
   0.00006
   0.00006
   0.00006
   0.00006
   0.00006
   0.00006
   0.00006
   0.00006
   0.00006
   0.00006
   0.00006
   0.00006
   0.00006
   0.00006
   0.00005
   0.00005
   0.00005
   0.00005
   0.00005
   0.00005
   0.00005
   0.00004
   0.00004
   0.00004
   0.00004
   0.00004
   0.00005
   0.00005
   0.00006
   0.00007
   0.00006
   0.00008
   0.00110
   0.00058
   0.00054
   0.00051
   0.00048
   0.00045
   0.00042
   0.00039
   0.00036
   0.00033
   0.00030
   0.00028
   0.00025
   0.00022
   0.00020
   0.00018
   0.00016
   0.00014
   0.00013
   0.00011
   0.00010
   0.00009
   0.00008
   0.00007
   0.00006
   0.00006
   0.00005
   0.00005
   0.00004
   0.00004
   0.00004
   0.00004
   0.00003
   0.00003
   0.00003
   0.00003
   0.00221
   0.00038
   0.00037
   0.00035
   0.00034
   0.00032
   0.00030
   0.00029
   0.00027
   0.00025
   0.00023
   0.00021
   0.00020
   0.00018
   0.00016
   0.00015
   0.00013
   0.00012
   0.00011
   0.00010
   0.00009
   0.00008
   0.00007
   0.00006
   0.00005
   0.00005
   0.00004
   0.00004
   0.00003
   0.00003
   0.00003
   0.00003
   0.00003
   0.00003
   0.00003
   0.00002
   0.00002
   0.00002
   0.02007
   0.00341
   0.00295
   0.00266
   0.00241
   0.00219
   0.00198
   0.00179
   0.00162
   0.00145
   0.00130
   0.00114
   0.00098
   0.00088
   0.00080
   0.00074
   0.00073
   0.00072
   0.00063
   0.00057
   0.00053
   0.00046
   0.00035
   0.00029
   0.00215
   0.00049
   0.00051
   0.00053
   0.00054
   0.00055
   0.00055
   0.00054
   0.00052
   0.00048
   0.00045
   0.00042
   0.00039
   0.00038
   0.00037
   0.00038
   0.00040
   0.00041
   0.00040
   0.00036
   0.00034
   0.00029
   0.00026
   0.00022
   0.00019
   0.00016
   0.00013
   0.55642
   0.00028
   0.00024
   0.00023
   0.00022
   0.00021
   0.00020
   0.00020
   0.00020
   0.00020
   0.00020
   0.00020
   0.00020
   0.00020
   0.00020
   0.00020
   0.00019
   0.00019
   0.00018
   0.00017
   0.00016
   0.00014
   0.00013
   0.00012
   0.00011
   0.00010
   0.00010
   0.00009
   0.00009
   0.00010
   0.00009
   0.00009
   0.00008
   0.00006
   0.00007
   0.00007
   0.00007
   0.00008
   0.00008
   0.00008
   0.00008
   0.00008
   0.00009
   0.00009
   0.00009
   0.00010
   0.00010
   0.00010
   0.00011
   0.00011
   0.00011
   0.00011
   0.00010
   0.00010
   0.00009
   0.00008
   0.00007
   0.00007
   0.00007
   0.00007
   0.00007
   0.00008
   0.00007
   0.00006
   0.00006
   0.00006
   0.00006
   0.00006
   0.00006
   0.00006
   0.00006
   0.00006
   0.00006
   0.00006
   0.00007
   0.00007
   0.00007
   0.00007
   0.00007
   0.00007
   0.00008
   0.00008
   0.00008
   0.00008
   0.00008
   0.00007
   0.00007
   0.00006
   0.00005
   0.00005
   0.00004
   0.00004
   0.00004
   0.00004
   0.00004
   0.00005
   0.00004
   0.00012
   0.00013
   0.00013
   0.00013
   0.00013
   0.00013
   0.00013
   0.00012
   0.00012
   0.00012
   0.00012
   0.00012
   0.00011
   0.00011
   0.00011
   0.00010
   0.00010
   0.00009
   0.00009
   0.00008
   0.00008
   0.00008
   0.00007
   0.00007
   0.00006
   0.00006
   0.00005
   0.00005
   0.00004
   0.00004
   0.00004
   0.00004
   0.00004
   0.00004
   0.00004
   0.00397
   0.00003
   0.00003
   0.00003
   0.00003
   0.00003
   0.00003
   0.00003
   0.00003
   0.00003
   0.00004
   0.00004
   0.00004
   0.00004
   0.00004
   0.00004
   0.00004
   0.00005
   0.00005
   0.00005
   0.00004
   0.00004
   0.00004
   0.00003
   0.00003
   0.00003
   0.00003
   0.00003
   0.00003
   0.00003
   0.00003
   0.00003
   0.00003
   0.00003
   0.00002
   0.00002
   0.00001
   0.00017
   0.00014
   0.00015
   0.00015
   0.00014
   0.00014
   0.00014
   0.00014
   0.00013
   0.00013
   0.00013
   0.00012
   0.00012
   0.00011
   0.00011
