   0.89854
   0.84309
   0.79867
   0.77277
   0.74592
   0.71703
   0.70472
   0.69862
   0.69495
   0.69266
   0.69071
   0.68926
   0.68764
   0.68715
   0.68518
   0.68338
   0.68239
   0.68136
   0.68058
   0.67951
   0.67863
   0.67756
   0.67644
   0.69000
   0.76979
   0.73845
   0.70872
   0.69259
   0.68310
   0.67947
   0.67459
   0.67200
   0.67712
   0.67395
   0.68608
   0.69121
   0.68733
   0.68204
   0.67827
   0.67605
   0.67462
   0.67396
   0.67415
   0.67459
   0.67509
   0.67687
   0.67758
   0.68202
   0.68310
   0.69000
   0.69349
   0.69885
   0.70288
   0.74551
   0.75121
   0.75228
   0.75850
   0.75772
   0.75781
   0.75935
   0.76026
   0.76146
   0.76326
   0.76470
   0.76525
   0.76628
   0.76604
   0.76463
   0.76382
   0.75671
   0.76109
   0.75565
   0.75266
   0.74832
   0.74512
   0.74065
   0.73623
   0.73228
   0.72736
   0.72371
   0.71859
   0.71387
   0.70820
   0.70324
   0.69759
   0.69242
   0.68652
   0.68034
   0.67469
   0.66874
   0.66248
   0.65596
   0.64967
   0.64344
   0.63736
   0.63069
   0.62336
   0.61643
   0.60889
   0.60298
   0.59518
   0.58911
   0.57913
   0.57142
   0.56308
   0.55635
   0.54577
   0.53684
   0.52836
   0.52091
   0.51102
   0.50181
   0.49335
   0.48472
   0.47707
   0.46913
   0.46205
   0.45458
   0.44904
   0.44306
   0.43878
   0.43450
   0.43130
   0.42755
   0.42550
   0.42227
   0.42069
   0.41974
   0.41813
   0.41786
   0.41708
   0.41742
   0.41712
   0.41733
   0.41847
   0.41626
   0.41599
   0.41203
   0.41036
   0.40511
   0.40203
   0.39517
   0.39237
   0.38638
   0.37963
   0.37253
   0.36528
   0.35764
   0.35045
   0.34276
   0.33538
   0.32855
   0.32222
   0.31640
   0.31102
   0.30598
   0.30071
   0.29578
   0.29099
   0.28636
   0.28124
   0.27646
   0.27128
   0.26642
   0.26146
   0.25644
   0.25152
   0.24717
   0.24248
   0.23805
   0.23369
   0.22921
   0.22507
   0.22056
   0.21661
   0.21219
   0.20833
   0.20384
   0.19945
   0.19604
   0.19204
   0.18761
   0.18461
   0.18064
   0.17698
   0.17353
   0.16982
   0.16585
   0.16260
   0.15906
   0.15546
   0.15228
   0.14888
   0.14561
   0.14251
   0.13904
   0.13595
   0.13268
   0.13013
   0.12682
   0.12375
   0.12133
   0.11820
   0.11527
   0.11263
   0.11013
   0.10771
   0.10518
   0.10263
   0.10017
   0.09793
   0.09560
   0.09356
   0.09136
   0.08933
   0.08715
   0.08519
   0.08318
   0.08131
   0.07948
   0.07755
   0.07542
   0.07405
   0.07230
   0.07037
   0.06913
   0.06743
   0.06559
   0.06493
   0.06290
   0.06139
   0.06027
   0.05894
   0.05763
   0.05659
   0.05489
   0.05484
   0.05274
   0.05236
   0.05104
   0.05107
   0.04936
   0.04952
   0.04863
   0.04903
   0.04815
   0.04841
   0.04825
   0.04884
   0.04839
   0.04864
   0.04885
   0.04871
   0.04915
   0.04864
   0.04913
   0.04898
   0.04948
   0.04826
   0.04477
   0.04459
   0.04646
   0.04937
   0.03859
   0.05605
   0.09850
   0.06174
   0.06895
   0.10033
   0.09871
   0.12578
   0.10266
   0.12336
   0.03792
   0.08306
   0.14411
   0.13777
   0.16298
   0.12094
   0.09100
   0.12439
   0.03116
   0.11174
   0.04784
   0.12451
   0.02966
   0.07289
   0.04645
   0.11792
   0.03103
   0.01395
   0.02662
   0.01476
   0.02212
   0.04367
   0.02177
   0.04696
   0.02732
   0.04383
   0.04320
   0.01206
   0.01667
   0.13276
   0.03045
   0.01105
   0.09027
   0.13069
   0.01188
   0.04722
   0.03709
   0.02053
   0.14038
   0.01269
   0.10802
   0.06865
   0.03080
   0.01285
   0.08785
   0.11411
   0.00784
   0.01562
   0.11966
   0.00908
   0.00890
   0.04627
   0.00722
   0.00700
   0.00729
   0.01248
   0.12125
   0.00658
   0.02287
   0.10724
   0.00614
   0.00643
   0.01044
   0.10079
   0.00568
   0.02270
   0.09534
   0.00865
   0.00699
   0.00947
   0.09489
   0.00511
   0.03308
   0.06026
   0.01222
   0.07951
   0.00589
   0.00776
   0.02998
   0.00595
   0.00418
   0.02076
   0.05864
   0.00800
   0.06138
   0.00826
   0.05846
   0.01242
   0.00665
   0.00360
   0.00810
   0.00362
   0.01149
   0.00325
   0.00337
   0.01471
   0.06127
   0.00304
   0.00322
   0.01045
   0.00513
   0.01822
   0.00419
   0.00293
   0.01025
   0.00275
   0.00298
   0.00851
   0.00410
   0.00628
   0.00629
   0.00606
   0.00603
   0.00623
   0.00639
   0.00651
   0.00668
   0.00696
   0.00731
   0.00729
   0.00704
   0.00708
   0.00697
   0.00657
   0.00640
   0.00647
   0.00637
   0.00640
   0.00643
   0.00640
   0.00631
   0.00625
   0.00592
   0.00589
   0.00580
   0.00559
   0.00549
   0.00542
   0.00531
   0.00512
   0.00496
   0.00484
   0.00465
   0.00440
   0.00424
   0.00410
   0.00386
   0.00367
   0.00334
   0.00305
   0.00275
   0.00246
   0.00207
   0.00155
   0.00149
   0.00127
   0.00114
   0.00128
   0.00111
   0.00109
   0.00122
   0.00109
   0.00116
   0.00108
   0.00102
   0.00102
   0.00104
   0.00105
   0.00112
   0.00123
   0.00131
   0.00146
   0.00171
   0.00226
   0.00625
   0.00958
   0.00918
   0.00841
   0.00893
   0.00872
   0.00865
   0.00834
   0.00813
   0.00819
   0.00800
   0.00773
   0.00770
   0.00764
   0.00759
   0.00755
   0.00755
   0.00722
   0.00736
   0.00773
   0.00758
   0.00735
   0.00735
   0.00728
   0.00695
   0.00699
   0.00691
   0.00710
   0.00761
   0.00744
   0.00706
   0.00705
   0.00710
   0.00709
   0.00685
   0.00666
   0.00522
   0.64520
   0.64497
   0.65264
   0.67800
   0.72377
   0.77064
   0.70657
   0.74911
   0.71407
   0.69605
   0.68494
   0.67520
   0.66803
   0.66161
   0.65550
   0.65050
