   0.69125
   0.74613
   0.74262
   0.74083
   0.73869
   0.73718
   0.73624
   0.73418
   0.73378
   0.73324
   0.73361
   0.73397
   0.73546
   0.73050
   0.73683
   0.73358
   0.73096
   0.72813
   0.73093
   0.72314
   0.72875
   0.72230
   0.71343
   0.71473
   0.71567
   0.68473
   0.67453
   0.68043
   0.67940
   0.67265
   0.66987
   0.66753
   0.66408
   0.66029
   0.65351
   0.65394
   0.64902
   0.64536
   0.63912
   0.63100
   0.62562
   0.61319
   0.61516
   0.61112
   0.60434
   0.59797
   0.58168
   0.57712
   0.57275
   0.56628
   0.56088
   0.55484
   0.54849
   0.54160
   0.53426
   0.52600
   0.51752
   0.50962
   0.50256
   0.49679
   0.49203
   0.48815
   0.48490
   0.48051
   0.47468
   0.46704
   0.45681
   0.44547
   0.43306
   0.42164
   0.41085
   0.40077
   0.39137
   0.38257
   0.37417
   0.36636
   0.35884
   0.35144
   0.34460
   0.33789
   0.33136
   0.32503
   0.31892
   0.31297
   0.30708
   0.30147
   0.29626
   0.29092
   0.28594
   0.28088
   0.27625
   0.27145
   0.26674
   0.26234
   0.25789
   0.25393
   0.24981
   0.24574
   0.24166
   0.23789
   0.23413
   0.23032
   0.22666
   0.22315
   0.21955
   0.21604
   0.21249
   0.20870
   0.20548
   0.20192
   0.19836
   0.19519
   0.19198
   0.18852
   0.18487
   0.18136
   0.17778
   0.17510
   0.17137
   0.16816
   0.16454
   0.16103
   0.15745
   0.15376
   0.15043
   0.14702
   0.14350
   0.14020
   0.13683
   0.13322
   0.13018
   0.12701
   0.12389
   0.12092
   0.11810
   0.11585
   0.11300
   0.11042
   0.10837
   0.10616
   0.10395
   0.10188
   0.09999
   0.09824
   0.09657
   0.09513
   0.09335
   0.09253
   0.09099
   0.09043
   0.08952
   0.08875
   0.08835
   0.08796
   0.08685
   0.08811
   0.08750
   0.08792
   0.08808
   0.08822
   0.08879
   0.08985
   0.09075
   0.09171
   0.09324
   0.09565
   0.09565
   0.09811
   0.09998
   0.10232
   0.10443
   0.10662
   0.10907
   0.11160
   0.11445
   0.11726
   0.12002
   0.12296
   0.12593
   0.12904
   0.13202
   0.13455
   0.13611
   0.13419
   0.13192
   0.12493
   0.12953
   0.10589
   0.14139
   0.04061
   0.01696
   0.02230
   0.02956
   0.02720
   0.02536
   0.02388
   0.02244
   0.02125
   0.01996
   0.01878
   0.01756
   0.01623
   0.01460
   0.01170
   0.01511
   0.01657
   0.01528
   0.01343
   0.00952
   0.01236
   0.02086
   0.04705
   0.02839
   0.01113
   0.02488
   0.00942
   0.01245
   0.05188
   0.01027
   0.01606
   0.06235
   0.00927
   0.00930
   0.05611
   0.00984
   0.00750
   0.05213
   0.10705
   0.00731
   0.07536
   0.04986
   0.11437
   0.11437
   0.00655
   0.07728
   0.00720
   0.07505
   0.04182
   0.00865
   0.01032
   0.00793
   0.00913
   0.00860
   0.00855
   0.00874
   0.00895
   0.00923
   0.00950
   0.00978
   0.01030
   0.01095
   0.01146
   0.01242
   0.01253
   0.01271
   0.01262
   0.01229
   0.01213
   0.01168
   0.01162
   0.01244
   0.01389
   0.01102
   0.01057
   0.01038
   0.00994
   0.00937
   0.00865
   0.00829
   0.00786
   0.00696
   0.00697
   0.00233
   0.14132
   0.01025
   0.00699
   0.00656
   0.00798
   0.00599
   0.01211
   0.00889
   0.00514
   0.00547
   0.00416
   0.00556
   0.00423
   0.00358
   0.00355
   0.00333
   0.00323
   0.00323
   0.00329
   0.00334
   0.00346
   0.00380
   0.00244
   0.00917
   0.00252
   0.00290
   0.00286
   0.00278
   0.00271
   0.00265
   0.00259
   0.00253
   0.00248
   0.00242
   0.00236
   0.00231
   0.00225
   0.00220
   0.00215
   0.00210
   0.00205
   0.00199
   0.00194
   0.00189
   0.00184
   0.00180
   0.00175
   0.00171
   0.00166
   0.00162
   0.00158
   0.00154
   0.00150
   0.00146
   0.00142
   0.00138
   0.00135
   0.00131
   0.00128
   0.00124
   0.00121
   0.00118
   0.00115
   0.00112
   0.00109
   0.00106
   0.00103
   0.00100
   0.00098
   0.00095
   0.00093
   0.00090
   0.00088
   0.00086
   0.00084
   0.00081
   0.00079
   0.00076
   0.00074
   0.00072
   0.00070
   0.00068
   0.00066
   0.00064
   0.00062
   0.00061
   0.00059
   0.00057
   0.00056
   0.00054
   0.00052
   0.00051
   0.00049
   0.00048
   0.00047
   0.00045
   0.00044
   0.00043
   0.00041
   0.00040
   0.00039
   0.00038
   0.00037
   0.00036
   0.00034
   0.00033
   0.00032
   0.00031
   0.00030
   0.00029
   0.00028
   0.00028
   0.00027
   0.00026
   0.00025
   0.00024
   0.00023
   0.00023
   0.00022
   0.00021
   0.00020
   0.00020
   0.00019
   0.00018
   0.00018
   0.00017
   0.00017
   0.00016
   0.00016
   0.00015
   0.00014
   0.00014
   0.00013
   0.00013
   0.00013
   0.00012
   0.00012
   0.00011
   0.00011
   0.00010
   0.00010
   0.00010
   0.00009
   0.00009
   0.00009
   0.00009
   0.00008
   0.00008
   0.08917
   0.02387
   0.01904
   0.01658
   0.01517
   0.01385
   0.01327
   0.01260
   0.01205
   0.01123
   0.01086
   0.01046
   0.01001
   0.00961
   0.00919
   0.00878
   0.00828
   0.00798
   0.00761
   0.00729
   0.00700
   0.00674
   0.00647
   0.00615
   0.00591
   0.00572
   0.00554
   0.00533
   0.00520
   0.00500
   0.00487
   0.00473
   0.00453
   0.00435
   0.00410
   0.00392
   0.00378
   0.00367
   0.00356
   0.00341
   0.00330
   0.00308
   0.00293
   0.00273
   0.00272
   0.00259
   0.00252
   0.00245
   0.00236
   0.00229
   0.00223
   0.00216
   0.00209
   0.00203
   0.00197
   0.00192
   0.00185
   0.00180
   0.00173
   0.00167
   0.00159
   0.00150
   0.00145
   0.00140
   0.00134
   0.00130
   0.00126
   0.00122
   0.00118
   0.00114
   0.00111
   0.00108
   0.00104
   0.00101
   0.00098
   0.00095
   0.00092
   0.00090
   0.00087
   0.00084
   0.00082
   0.00080
   0.00077
   0.00075
   0.00073
   0.00071
   0.00069
   0.00065
   0.00062
   0.00060
   0.00058
   0.00056
   0.00055
   0.00053
   0.00052
   0.00050
   0.00049
   0.00047
   0.00046
   0.00045
   0.00043
   0.00042
   0.00041
   0.00040
   0.00039
   0.00037
   0.00036
   0.00035
   0.00034
   0.00033
   0.00032
   0.00031
   0.00030
   0.00030
   0.00028
   0.00027
   0.00026
   0.00025
   0.00024
   0.00024
   0.00023
   0.00022
   0.00022
   0.00021
   0.00020
   0.00020
   0.00020
   0.00018
   0.03265
   0.09865
   0.07093
   0.05909
   0.05660
   0.04869
   0.04760
   0.04698
   0.04630
   0.04525
   0.04405
   0.04257
   0.04099
   0.03932
   0.03765
   0.03600
   0.03438
   0.03281
   0.03131
   0.02988
   0.02852
   0.02724
   0.02603
   0.02490
   0.02384
   0.02286
   0.02192
   0.02105
   0.02021
   0.01942
   0.01867
   0.01796
   0.01727
   0.01661
   0.01597
   0.01536
   0.01478
   0.01422
   0.01369
   0.01318
   0.01270
   0.01224
   0.01180
   0.01137
   0.01097
   0.01059
   0.01022
   0.00987
   0.00953
   0.00920
   0.00889
   0.00858
   0.00829
   0.00800
   0.00773
   0.00746
   0.00721
   0.00696
   0.00671
   0.00640
   0.00573
   0.00551
   0.00533
   0.00515
   0.00498
   0.00482
   0.00466
   0.00450
   0.00435
   0.00421
   0.00407
   0.00393
   0.00380
   0.00367
   0.00355
   0.00343
   0.00331
   0.00320
   0.00309
   0.00299
   0.00289
   0.00279
   0.00269
   0.00260
   0.00251
   0.00243
   0.00235
   0.00227
   0.00219
   0.00212
   0.00205
   0.00198
   0.00192
   0.00185
   0.00179
   0.00174
   0.00168
   0.00163
   0.00160
   0.00158
   0.00154
   0.00150
   0.00146
   0.00141
   0.00137
   0.00136
   0.00128
   0.10562
   0.01219
   0.01154
   0.00975
   0.00889
   0.00813
   0.00726
   0.00680
   0.00643
   0.00617
   0.00596
   0.00580
   0.00560
   0.00537
   0.00522
   0.00507
   0.00491
   0.00478
   0.00466
   0.00455
   0.00443
   0.00425
   0.00332
   0.00292
   0.00268
   0.00242
   0.00212
   0.00177
   0.00161
   0.00164
   0.00162
   0.00172
   0.00196
   0.00245
   0.00254
   0.00250
   0.00244
   0.00237
   0.00230
   0.00224
   0.00218
   0.00211
   0.00204
   0.00197
   0.00191
   0.00184
   0.00177
   0.00170
   0.00164
   0.00158
   0.00152
   0.00146
   0.00140
   0.00134
   0.00129
   0.00124
   0.00118
   0.00113
   0.00108
   0.00104
   0.00099
   0.00095
   0.00090
   0.00086
   0.00082
   0.00078
   0.00075
   0.00071
   0.00068
   0.00065
   0.00062
   0.00059
   0.00057
   0.00055
   0.00052
   0.00050
   0.00049
   0.00047
   0.00045
   0.00044
   0.00043
   0.00042
   0.00042
   0.00041
   0.00042
   0.00043
   0.00044
   0.00046
   0.00048
   0.00050
   0.00051
   0.00051
   0.00050
   0.00050
   0.00049
   0.00048
   0.00047
   0.00046
   0.00045
   0.00043
   0.00042
   0.00041
   0.00040
   0.00039
   0.00038
   0.00036
   0.00035
   0.00033
   0.00030
   0.00029
   0.00028
   0.00029
   0.00031
   0.00031
   0.00030
   0.00028
   0.00028
   0.00027
   0.00026
   0.00025
   0.00023
   0.00022
   0.00020
   0.00019
   0.00019
   0.00018
   0.00016
   0.00013
   0.00010
   0.00009
   0.00008
   0.00007
   0.00007
   1.76943
   0.03543
   0.02168
   0.01047
   0.00752
   0.00628
   0.00604
   0.00616
   0.00569
   0.00522
   0.00484
   0.00449
   0.00421
   0.00394
   0.00371
   0.00348
   0.00328
   0.00306
   0.00281
   0.00249
   0.00210
   0.00229
   0.00255
   0.00242
   0.00233
   0.00226
   0.00192
   0.00208
   0.00171
   0.00188
   0.00166
   0.00163
   0.00165
   0.00163
   0.00168
   0.00221
   0.00567
   0.00637
   0.00538
   0.00578
   0.00494
   0.00544
   0.00465
   0.00503
   0.00453
   0.00458
   0.00435
   0.00424
   0.00409
   0.00399
   0.00381
   0.00367
   0.00353
   0.00340
   0.00325
   0.00311
   0.00300
   0.00285
   0.00273
   0.00262
   0.00250
   0.00240
   0.00229
   0.00220
   0.00210
   0.00201
   0.00192
   0.00185
   0.00177
   0.00170
   0.00163
   0.00157
   0.00151
   0.00145
   0.00139
   0.00135
   0.00130
   0.00125
   0.00121
   0.00117
   0.00113
   0.00109
   0.00105
   0.00102
   0.00099
   0.00096
   0.00093
   0.00090
   0.00087
   0.00085
   0.00082
   0.00080
   0.00077
   0.00075
   0.00073
   0.00071
   0.00069
   0.00067
   0.00065
   0.00063
   0.00062
   0.00060
   0.00059
   0.00057
   0.00056
   0.00054
   0.00053
   0.00051
   0.00050
   0.00049
   0.00047
   0.00046
   0.00045
   0.00044
   0.00043
   0.00042
   0.00041
   0.00040
   0.00039
   0.00038
   0.00038
   0.00037
   0.00036
   0.00035
   0.00034
   0.00034
   0.00033
   0.00032
   0.00031
   0.00031
   0.00030
   0.00029
   0.00029
   0.00028
   0.00027
   0.00027
   0.00026
   0.00025
   0.00025
   0.00024
   0.00024
   0.00023
   0.00022
   0.00021
   0.00018
   0.00016
   0.00015
   0.00015
   0.00015
   0.00014
   0.00014
   0.00013
   0.00013
   0.00013
   0.00012
   0.00012
   0.00011
   0.00011
   0.00010
   0.00010
   0.00010
   0.00009
   0.00009
   0.00009
   0.00009
   0.00009
   0.00008
   0.00008
   0.00008
   0.00008
   0.00008
   0.00007
   0.00007
   0.00007
   0.00007
   0.00007
   0.00007
   0.00006
   0.00006
   0.00006
   0.00006
   0.00006
   0.00006
   0.00006
   0.00005
   0.00005
   0.00005
   0.00005
   0.00005
   0.00005
   0.00005
   0.00004
   0.00004
   0.00004
   0.00004
   0.00004
   0.00004
   0.00004
   0.00004
   0.00004
   0.00003
   0.00003
   0.00003
   0.00003
   0.00003
   0.00003
   0.00003
   0.00003
   0.00003
   0.00003
   0.00003
