   0.63790
   0.63757
   0.63637
   0.63566
   0.63406
   0.63326
   0.63254
   0.63192
   0.63323
   0.63557
   0.63246
   0.63165
   0.63110
   0.63079
   0.63035
   0.63028
   0.63110
   0.62935
   0.62888
   0.62853
   0.62830
   0.62765
   0.63363
   0.63119
   0.63026
   0.63180
   0.63054
   0.63007
   0.62958
   0.62907
   0.62853
   0.62796
   0.62738
   0.62680
   0.62623
   0.62567
   0.62527
   0.62490
   0.62455
   0.62360
   0.62339
   0.62278
   0.62233
   0.62199
   0.62205
   0.62190
   0.62052
   0.61858
   0.61719
   0.61548
   0.61313
   0.61070
   0.60793
   0.60524
   0.60201
   0.59868
   0.59520
   0.59172
   0.58819
   0.58157
   0.57481
   0.57380
   0.57211
   0.56969
   0.56710
   0.56436
   0.56080
   0.55639
   0.55136
   0.54623
   0.54155
   0.53732
   0.53358
   0.53022
   0.52707
   0.52421
   0.52118
   0.51811
   0.51517
   0.51132
   0.50723
   0.50357
   0.49884
   0.49382
   0.48846
   0.48365
   0.47810
   0.47248
   0.46671
   0.46104
   0.45533
   0.44967
   0.44405
   0.43853
   0.43302
   0.42761
   0.42224
   0.41694
   0.41182
   0.40664
   0.40152
   0.39647
   0.39143
   0.38547
   0.38046
   0.37554
   0.37069
   0.36589
   0.36115
   0.35646
   0.35182
   0.34722
   0.34267
   0.33817
   0.33371
   0.32929
   0.32492
   0.32057
   0.31626
   0.31199
   0.30776
   0.30350
   0.29932
   0.29516
   0.29101
   0.28690
   0.28280
   0.27868
   0.27459
   0.27055
   0.26650
   0.26249
   0.25842
   0.25434
   0.25029
   0.24621
   0.24215
   0.23809
   0.23400
   0.22994
   0.22574
   0.22165
   0.21749
   0.21330
   0.20917
   0.20495
   0.20075
   0.19653
   0.19228
   0.18808
   0.18388
   0.17967
   0.17547
   0.17145
   0.16730
   0.16314
   0.15905
   0.15516
   0.15121
   0.14728
   0.14353
   0.13973
   0.13601
   0.13243
   0.12894
   0.12551
   0.12216
   0.11845
   0.11529
   0.11220
   0.10916
   0.10617
   0.10324
   0.10039
   0.09760
   0.09487
   0.09221
   0.08965
   0.08717
   0.08476
   0.08236
   0.08001
   0.07775
   0.07556
   0.07339
   0.07138
   0.06941
   0.06749
   0.06562
   0.06381
   0.06204
   0.06032
   0.05864
   0.05702
   0.05543
   0.05390
   0.05231
   0.05085
   0.04944
   0.04808
   0.04677
   0.04549
   0.04426
   0.04308
   0.04194
   0.04085
   0.03980
   0.03881
   0.03786
   0.03698
   0.03614
   0.03537
   0.03464
   0.03399
   0.03338
   0.03285
   0.03238
   0.03198
   0.03163
   0.03136
   0.03114
   0.03099
   0.03088
   0.03084
   0.03084
   0.03087
   0.03095
   0.03107
   0.03120
   0.03136
   0.03153
   0.03171
   0.03190
   0.03209
   0.03230
   0.03250
   0.03271
   0.03292
   0.03314
   0.03337
   0.03361
   0.03386
   0.03413
   0.03442
   0.03472
   0.03502
   0.03528
   0.03547
   0.03557
   0.03559
   0.03553
   0.03541
   0.03521
   0.03493
   0.03459
   0.03419
   0.03374
   0.03325
   0.03273
   0.03220
   0.03165
   0.03111
   0.03059
   0.03008
   0.02957
   0.02884
   0.02652
   0.01896
   0.01219
   0.01215
   0.01655
   0.01644
   0.01477
   0.01360
   0.01260
   0.01116
   0.01008
   0.00991
   0.01113
   0.01087
   0.01017
   0.00897
   0.00763
   0.00675
   0.00631
   0.00598
   0.00571
   0.00548
   0.00527
   0.00507
   0.00487
   0.00465
   0.00441
   0.00414
   0.00387
   0.00362
   0.00338
   0.00304
   0.00258
   0.00239
   0.00233
   0.00227
   0.00220
   0.00213
   0.00207
   0.00236
   0.00197
   0.00239
   0.00193
   0.00216
   0.00201
   0.00201
   0.00198
   0.00193
   0.00190
   0.00184
   0.00176
   0.00168
   0.00159
   0.00150
   0.00142
   0.00133
   0.00125
   0.00117
   0.00110
   0.00105
   0.00100
   0.00095
   0.00093
   0.00096
   0.00166
   0.00073
   0.00067
   0.00069
   0.00110
   0.00111
   0.00103
   0.00091
   0.00083
   0.00097
   0.00110
   0.00098
   0.00077
   0.00087
   0.00088
   0.00077
   0.00054
   0.00044
   0.00089
   0.14955
   0.00037
   0.00039
   0.00034
   0.00033
   0.00032
   0.00035
   0.00033
   0.00121
   0.00030
   0.00029
   0.00028
   0.00027
   0.00026
   0.00029
   0.00026
   0.00027
   0.00026
   0.00053
   0.00026
   0.00026
   0.00026
   0.00027
   0.00037
   0.00031
   0.00037
   0.00034
   0.00036
   0.00035
   0.00036
   0.00036
   0.00038
   0.00037
   0.00036
   0.00034
   0.00032
   0.00031
   0.00029
   0.00027
   0.00026
   0.00023
   0.00022
   0.00021
   0.00020
   0.00019
   0.00019
   0.00018
   0.00018
   0.00017
   0.00016
   0.00016
   0.00015
   0.00013
   0.00013
   0.00013
   0.00012
   0.00011
   0.00010
   0.00010
   0.00010
   0.00009
   0.00009
   0.00009
   0.00008
   0.00008
   0.00007
   0.00007
   0.00007
   0.00007
   0.00006
   0.00006
   0.00006
   0.00005
   0.00005
   0.00005
   0.00005
   0.00004
   0.00004
   0.00004
   0.00004
   0.00004
   0.00004
   0.00003
   0.00003
   0.00003
   0.00003
   0.00003
   0.00003
   0.00003
   0.00004
   0.05300
   0.00294
   0.00236
   0.00198
   0.00174
   0.00156
   0.00144
   0.00135
   0.00127
   0.00122
   0.00121
   0.00149
   0.00112
   0.00105
   0.00106
   0.00093
   0.00088
   0.00084
   0.00084
   0.00085
   0.00090
   0.00083
   0.00067
   0.00064
   0.00062
   0.00060
   0.00058
   0.00056
   0.00055
   0.00053
   0.00052
   0.00051
   0.00050
   0.00056
   0.00079
   0.00073
   0.00062
   0.00048
   0.00052
   0.00050
   0.00050
   0.00048
   0.00043
   0.00042
   0.00038
   0.00037
   0.00035
   0.00034
   0.00033
   0.00032
   0.00031
   0.00031
   0.00030
   0.00029
   0.00028
   0.00027
   0.00027
   0.00026
   0.00025
   0.00024
   0.00024
