   0.63620
   0.64346
   0.64555
   0.64331
   0.64183
   0.64041
   0.63888
   0.63661
   0.63800
   0.63124
   0.63060
   0.63039
   0.63024
   0.62982
   0.62939
   0.62919
   0.62915
   0.62862
   0.63011
   0.63260
   0.62902
   0.62762
   0.62665
   0.62630
   0.62599
   0.62525
   0.62535
   0.62433
   0.62434
   0.62200
   0.63116
   0.63037
   0.62533
   0.62671
   0.62110
   0.61716
   0.61491
   0.61357
   0.61043
   0.60679
   0.60308
   0.59961
   0.59633
   0.59282
   0.58914
   0.58589
   0.58332
   0.58107
   0.57917
   0.57822
   0.57768
   0.57680
   0.57346
   0.56777
   0.56262
   0.56063
   0.56126
   0.56252
   0.56133
   0.55447
   0.54434
   0.53234
   0.51959
   0.50792
   0.49783
   0.48904
   0.48142
   0.47460
   0.46846
   0.46276
   0.45741
   0.45229
   0.44735
   0.44251
   0.43773
   0.43301
   0.42831
   0.42360
   0.41890
   0.41418
   0.40943
   0.40466
   0.39984
   0.39498
   0.39006
   0.38510
   0.38006
   0.37497
   0.36976
   0.36447
   0.35907
   0.35358
   0.34796
   0.34227
   0.33638
   0.33033
   0.32414
   0.31783
   0.31141
   0.30490
   0.29833
   0.29178
   0.28502
   0.27855
   0.27222
   0.26602
   0.25997
   0.25412
   0.24845
   0.24298
   0.23775
   0.23304
   0.22823
   0.22360
   0.21911
   0.21473
   0.21045
   0.20628
   0.20218
   0.19817
   0.19419
   0.19028
   0.18644
   0.18261
   0.17877
   0.17500
   0.17113
   0.16842
   0.16434
   0.16023
   0.15598
   0.15146
   0.14681
   0.14197
   0.13696
   0.13177
   0.12644
   0.12099
   0.11547
   0.10994
   0.10443
   0.09898
   0.09365
   0.08848
   0.08349
   0.07869
   0.07424
   0.06980
   0.06570
   0.06182
   0.05818
   0.05482
   0.05154
   0.04852
   0.04574
   0.04304
   0.04055
   0.03825
   0.03603
   0.03399
   0.03204
   0.03025
   0.02854
   0.02697
   0.02548
   0.02409
   0.02276
   0.02155
   0.02039
   0.01932
   0.01830
   0.01736
   0.01648
   0.01565
   0.01487
   0.01414
   0.01346
   0.01281
   0.01220
   0.01161
   0.01104
   0.01050
   0.00995
   0.00941
   0.00886
   0.00830
   0.00775
   0.00721
   0.00668
   0.00617
   0.00567
   0.00518
   0.00399
   0.03724
   0.00377
   0.00335
   0.00528
   0.00416
   0.01780
   0.00861
   0.00531
   0.00726
   0.00692
   0.00904
   0.01174
   0.00362
   0.01860
   0.00358
   0.01470
   0.00299
   0.01708
   0.00396
   0.01500
   0.00359
   0.01103
   0.01509
   0.00360
   0.00210
   0.00295
   0.00291
   0.00366
   0.00453
   0.00609
   0.01019
   0.01113
   0.00506
   0.00900
   0.00159
   0.00708
   0.00832
   0.00129
   0.00508
   0.00621
   0.00607
   0.00110
   0.00410
   0.00586
   0.00608
   0.00107
   0.00199
   0.00086
   0.00626
   0.00209
   0.00076
   0.00422
   0.00586
   0.00067
   0.00521
   0.00062
   0.00483
   0.00338
   0.00442
   0.00052
   0.00050
   0.00096
   0.00061
   0.00056
   0.00054
   0.00053
   0.00165
   0.00057
   0.00143
   0.00071
   0.00130
   0.00049
   0.00061
   0.00109
   0.00257
   0.00046
   0.00060
   0.00093
   0.00065
   0.00042
   0.00083
   0.00071
   0.00074
   0.00066
   0.00065
   0.00059
   0.00052
   0.00040
   0.00057
   0.00042
   0.00041
   0.00047
   0.00037
   0.00035
   0.00033
   0.00031
   0.00029
   0.00026
   0.00022
   0.00024
   0.00022
   0.00020
   0.00024
   0.00018
   0.00021
   0.00019
   0.00070
   0.00229
   0.00188
   0.00153
   0.00136
   0.00120
   0.00108
   0.00097
   0.00087
   0.00078
   0.00070
   0.00063
   0.00056
   0.00048
   0.00042
   0.00038
   0.00034
   0.00036
   0.00047
   0.00061
   0.00051
   0.00049
   0.00029
   0.55761
   0.00061
   0.00069
   0.00076
   0.00080
   0.00077
   0.00073
   0.00068
   0.00062
   0.00057
   0.00052
   0.00047
   0.00042
   0.00038
   0.00032
   0.00028
   0.00024
   0.00023
   0.00033
   0.00031
   0.00027
   0.00033
   0.00048
   0.00020
   0.00041
   0.00039
   0.00031
   0.00022
   0.02510
   0.00031
   0.00032
   0.00034
   0.00035
   0.00037
   0.00039
   0.00042
   0.00045
   0.00048
   0.00048
   0.00047
   0.00045
   0.00042
   0.00038
   0.00035
   0.00032
   0.00029
   0.00026
   0.00024
   0.00021
   0.00019
   0.00016
   0.00014
   0.00023
   0.00018
   0.00018
   0.00016
   0.00085
   0.00041
   0.00074
   0.00061
   0.00027
   0.00345
   0.00331
   0.00259
   0.00246
   0.00218
   0.00189
   0.00161
   0.00135
   0.00118
   0.00096
   0.00084
   0.00075
   0.00067
   0.00062
   0.00057
   0.00046
   0.00078
   0.00030
   0.00040
   0.00027
   0.00028
   0.00025
   0.00028
   0.00025
   0.00021
   0.00037
   0.00031
   0.00030
   0.00027
   0.00024
   0.00023
   0.00022
   0.00021
   0.00021
   0.00021
   0.00022
   0.00025
   0.00044
   0.00033
   0.00024
   0.00020
   0.00018
   0.00020
   0.00021
   0.00026
   0.00028
   0.00025
   0.00014
   0.00013
   0.00013
   0.00016
   0.00011
   0.00009
   0.00010
   0.00008
   0.00011
   0.00008
   0.00008
   0.00008
   0.00049
   0.00062
   0.00057
   0.00052
   0.00048
   0.00044
   0.00041
   0.00038
   0.00036
   0.00034
   0.00031
   0.00030
   0.00028
   0.00026
   0.00025
   0.00024
   0.00023
   0.00023
   0.00022
   0.00022
   0.00022
   0.00022
   0.00022
   0.00022
   0.00022
   0.00022
   0.00021
   0.00021
   0.00020
   0.00019
   0.00018
   0.00017
   0.00016
   0.00015
   0.00014
   0.00013
   0.00012
   0.00010
   0.00009
   0.00008
   0.00007
   0.00006
   0.00009
   0.00009
   0.00009
   0.00008
   0.00007
   0.00007
   0.00007
   0.00007
   0.00006
   0.00006
   0.00005
   0.00005
   0.00005
   0.00004
   0.00004
   0.00004
   0.00004
   0.00004
   0.00003
   0.00003
   0.00003
   0.00003
   0.00003
   0.00003
   0.00003
   0.00003
   0.00002
   0.00002
   0.00002
   0.00002
   0.00002
   0.00002
   0.00002
   0.00002
   0.00002
   0.00002
   0.00002
   0.00002
   0.00002
   0.00008
   0.00013
   0.00013
   0.00013
   0.00012
   0.00012
   0.00011
   0.00011
   0.00010
   0.00010
   0.00009
   0.00008
   0.00008
   0.00008
   0.00008
   0.00008
   0.00008
   0.00008
   0.00008
   0.00008
   0.00008
   0.00009
   0.00009
   0.00009
   0.00009
   0.00009
   0.00009
   0.00008
   0.00008
   0.00008
   0.00008
   0.00008
   0.00007
   0.00007
   0.00007
   0.00006
   0.00006
   0.00005
   0.00004
   0.00004
   0.00003
   0.00004
   0.00003
   0.00003
   0.00003
   0.00003
   0.00002
   0.00002
   0.00002
   0.00002
   0.00002
   0.00002
   0.00002
   0.00001
   0.00002
   0.00159
   0.00051
   0.00046
   0.00040
   0.00036
   0.00032
   0.00029
   0.00026
   0.00023
   0.00021
   0.00019
   0.00018
   0.00016
   0.00015
   0.00014
   0.00013
   0.00012
   0.00011
   0.00010
   0.00009
   0.00009
   0.00008
   0.00008
   0.00007
   0.00007
   0.00007
   0.00006
   0.00006
   0.00006
   0.00006
   0.00005
   0.00005
   0.00005
   0.00005
   0.00005
   0.00005
   0.00005
   0.00005
   0.00005
   0.00005
   0.00005
   0.00005
   0.00005
   0.00004
   0.00004
   0.00004
   0.00004
   0.00004
   0.00004
   0.00004
   0.00004
   0.00003
   0.00003
   0.00003
   0.00003
   0.00003
   0.00003
   0.00002
   0.00001
   0.00002
   0.00001
   0.00001
   0.00001
   0.00001
   0.00001
   0.00001
   0.00001
   0.00031
   0.00021
   0.00019
   0.00016
   0.00015
   0.00013
   0.00012
   0.00011
   0.00010
   0.00009
   0.00009
   0.00008
   0.00008
   0.00007
   0.00007
   0.00006
   0.00006
   0.00006
   0.00006
   0.00006
   0.00006
   0.00006
   0.00006
   0.00006
   0.00006
   0.00006
   0.00005
   0.00005
   0.00005
   0.00005
   0.00005
   0.00004
   0.00004
   0.00004
   0.00004
   0.00004
   0.00004
   0.00004
   0.00004
   0.00004
   0.00004
   0.00004
   0.00004
   0.00004
   0.00004
   0.00004
   0.00004
   0.00003
   0.00003
   0.00003
   0.00003
   0.00003
   0.00003
   0.00003
   0.00003
   0.00003
   0.00002
   0.00002
   0.00002
   0.00002
   0.00002
   0.00002
   0.00001
   0.00001
   0.00001
   0.00001
   0.00001
   0.00001
   0.00001
   0.00001
   0.00001
   0.00001
   0.00001
   0.00001
   0.00001
   0.00001
   0.00001
   0.00001
   0.00001
   0.00001
   0.00160
   0.05069
   0.02811
   0.01590
   0.01124
   0.00902
   0.00764
   0.00669
   0.00608
   0.00574
   0.00553
   0.00545
   0.00541
   0.00538
   0.00534
   0.00525
   0.00514
   0.00514
   0.00518
   0.00520
   0.00508
   0.00484
   0.00451
   0.00399
   0.00368
   0.00338
   0.00315
   0.00293
   0.00264
   0.00241
   0.00222
   0.00212
   0.00206
   0.00202
   0.00199
   0.00199
   0.00197
   0.00194
   0.00188
   0.00180
   0.00170
   0.00160
   0.00151
   0.00146
   0.00126
   0.00061
   0.00056
   0.00054
   0.00104
   0.00056
   0.00044
   0.00587
   0.00078
   0.00097
   0.00094
   0.00090
   0.00086
   0.00081
   0.00076
   0.00072
   0.00070
   0.00068
   0.00067
   0.00066
   0.00066
   0.00066
   0.00066
   0.00064
   0.00062
   0.00060
   0.00059
   0.00060
   0.00066
   0.00063
   0.00061
   0.00060
   0.00059
   0.00058
   0.00057
   0.00056
   0.00054
   0.00051
   0.00048
   0.00045
   0.00044
   0.00043
   0.00043
   0.00042
   0.00042
   0.00042
   0.00040
   0.00038
   0.00035
   0.00032
   0.00031
   0.00035
   0.25016
   0.00047
   0.00051
   0.00050
   0.00049
   0.00048
   0.00047
   0.00046
   0.00045
   0.00044
   0.00042
   0.00036
   0.00034
   0.00033
   0.00031
   0.00030
   0.00029
   0.00028
   0.00028
   0.00027
   0.00027
   0.00027
   0.00028
   0.00028
   0.00029
   0.00030
   0.00031
   0.00031
   0.00031
   0.00031
   0.00031
   0.00030
   0.00029
   0.00028
   0.00026
   0.00025
   0.00023
   0.00022
   0.00021
   0.00020
   0.00020
   0.00020
   0.00020
   0.00020
   0.00019
   0.00018
   0.00017
   0.00016
   0.00015
   0.00015
   0.00017
   0.00018
   0.00018
   0.00017
   0.00017
   0.00015
   0.00015
   0.00015
   0.00016
   0.00015
   0.00015
   0.00013
   0.00011
   0.00011
   0.00011
   0.00011
   0.00011
   0.00011
   0.00011
   0.00011
   0.00010
   0.00009
   0.00009
   0.00008
   0.00009
   0.25585
   0.00017
   0.00013
   0.00013
   0.00012
   0.00012
   0.00011
   0.00011
   0.00011
   0.00010
   0.00010
   0.00010
   0.00010
   0.00009
   0.00009
   0.00009
   0.00009
   0.00009
   0.00008
   0.00008
   0.00008
   0.00008
   0.00008
   0.00008
   0.00008
   0.00008
   0.00008
   0.00008
   0.00008
   0.00008
   0.00008
   0.00008
   0.00008
   0.00007
   0.00007
   0.00007
   0.00007
   0.00006
   0.00006
   0.00006
   0.00006
   0.00006
   0.00006
   0.00006
   0.00007
   0.00007
   0.00007
   0.00007
   0.00007
   0.00007
   0.00007
   0.00007
   0.00007
   0.00007
   0.00006
   0.00006
   0.00006
   0.00005
   0.00005
   0.00005
   0.00005
   0.00005
   0.00005
   0.00005
   0.00004
   0.00004
   0.00003
   0.00003
   0.00003
   0.00003
   0.00003
   0.00003
   0.00003
   0.00003
   0.00003
   0.00003
   0.00003
   0.00003
   0.00003
   0.00003
   0.00003
   0.00002
   0.00002
   0.00002
   0.00002
   0.00002
   0.00002
   0.00002
   0.00002
   0.00002
   0.00002
   0.00002
   0.00002
   0.00002
   0.00002
   0.00002
   0.00002
   0.00002
   0.00002
   0.00001
   0.00002
   0.00001
   0.00001
   0.00001
