   0.68311
   0.68922
   0.69677
   0.70298
   0.70017
   0.69460
   0.69185
   0.69138
   0.68961
   0.68724
   0.68540
   0.68488
   0.68262
   0.68103
   0.67967
   0.67803
   0.67991
   0.67716
   0.67502
   0.67398
   0.67297
   0.67221
   0.67281
   0.67244
   0.66958
   0.66849
   0.66894
   0.66793
   0.66735
   0.66667
   0.66610
   0.66565
   0.66514
   0.66511
   0.66472
   0.66473
   0.66461
   0.66471
   0.66864
   0.67223
   0.67333
   0.67302
   0.67562
   0.67599
   0.68203
   0.68448
   0.68436
   0.68935
   0.69320
   0.69884
   0.71366
   0.71388
   0.72007
   0.72556
   0.73242
   0.73713
   0.73993
   0.74372
   0.74502
   0.74746
   0.74958
   0.75214
   0.75343
   0.75539
   0.75649
   0.75682
   0.75628
   0.75542
   0.75239
   0.75166
   0.74809
   0.74581
   0.74233
   0.73716
   0.73187
   0.72934
   0.72532
   0.72118
   0.71712
   0.71154
   0.70694
   0.69886
   0.69679
   0.68899
   0.68714
   0.68021
   0.67398
   0.66775
   0.63556
   0.65547
   0.64851
   0.61143
   0.60573
   0.61062
   0.59768
   0.60150
   0.60219
   0.59150
   0.58546
   0.58204
   0.55572
   0.54956
   0.54522
   0.53044
   0.52426
   0.50655
   0.49689
   0.48586
   0.47405
   0.46632
   0.45781
   0.45082
   0.44438
   0.43683
   0.43172
   0.42832
   0.42536
   0.42355
   0.42236
   0.42163
   0.42212
   0.42402
   0.42470
   0.42554
   0.42510
   0.42345
   0.42216
   0.41868
   0.41339
   0.40916
   0.40339
   0.39703
   0.39132
   0.38366
   0.37549
   0.36636
   0.36058
   0.35054
   0.34617
   0.33510
   0.33203
   0.32177
   0.31925
   0.31003
   0.30822
   0.29944
   0.29760
   0.28921
   0.28818
   0.27947
   0.27542
   0.26935
   0.26561
   0.26052
   0.25503
   0.25507
   0.24708
   0.24556
   0.24150
   0.23781
   0.23477
   0.23235
   0.22813
   0.22356
   0.22100
   0.21496
   0.21746
   0.20492
   0.20362
   0.19858
   0.19454
   0.19077
   0.18652
   0.18242
   0.17848
   0.17428
   0.17058
   0.16642
   0.16275
   0.15874
   0.15515
   0.15164
   0.14776
   0.14407
   0.14088
   0.13767
   0.13446
   0.13084
   0.12839
   0.12491
   0.12204
   0.12008
   0.11719
   0.11480
   0.11192
   0.10947
   0.10677
   0.10444
   0.10235
   0.10024
   0.09797
   0.09590
   0.09365
   0.09117
   0.08960
   0.08737
   0.08586
   0.08396
   0.08184
   0.08046
   0.07882
   0.07733
   0.07579
   0.07463
   0.07324
   0.07214
   0.07077
   0.06979
   0.06855
   0.06761
   0.06658
   0.06548
   0.06461
   0.06345
   0.06262
   0.06138
   0.06054
   0.05907
   0.05806
   0.05672
   0.05532
   0.05375
   0.05229
   0.05073
   0.04925
   0.04757
   0.04601
   0.04448
   0.04285
   0.04148
   0.03982
   0.03839
   0.03705
   0.03565
   0.03400
   0.03289
   0.03109
   0.02995
   0.02857
   0.02740
   0.02624
   0.02511
   0.02398
   0.02298
   0.02200
   0.02115
   0.02017
   0.01938
   0.01856
   0.01788
   0.01712
   0.01648
   0.01600
   0.01577
   0.01502
   0.01499
   0.01419
   0.01505
   0.01995
   0.01982
   0.01291
   0.01509
   0.58820
   0.09080
   0.11095
   0.05088
   0.06306
   0.04679
   0.02387
   0.03286
   0.02355
   0.03210
   0.02633
   0.02332
   0.02107
   0.02365
   0.02064
   0.02308
   0.02093
   0.02020
   0.01911
   0.01955
   0.01868
   0.01846
   0.01800
   0.01763
   0.01741
   0.01706
   0.01677
   0.01655
   0.01631
   0.01614
   0.01617
   0.01639
   0.01948
   0.05880
   0.02947
   0.02046
   0.01453
   0.01364
   0.01334
   0.01326
   0.01307
   0.01278
   0.01259
   0.01235
   0.01216
   0.01200
   0.01176
   0.01162
   0.01142
   0.01127
   0.01110
   0.01099
   0.01095
   0.01120
   0.01323
   0.04907
   0.04245
   0.01132
   0.04094
   0.00889
   0.01362
   0.02819
   0.01329
   0.01829
   0.03278
   0.00829
   0.01047
   0.00869
   0.00771
   0.00783
   0.01187
   0.00747
   0.00934
   0.00999
   0.04636
   0.01341
   0.01820
   0.00643
   0.01733
   0.05678
   0.00624
   0.01321
   0.05426
   0.00594
   0.01751
   0.00936
   0.01019
   0.00858
   0.00903
   0.00835
   0.00831
   0.00765
   0.00906
   0.00766
   0.00814
   0.00790
   0.00944
   0.00782
   0.00985
   0.00863
   0.01114
   0.00985
   0.01049
   0.01065
   0.00826
   0.03386
   0.03822
   0.00853
   0.01771
   0.00724
   0.06037
   2.00816
   0.33174
   0.01597
   0.04722
   0.01745
   0.00950
   0.00874
   0.00848
   0.00821
   0.00797
   0.00769
   0.00745
   0.00710
   0.00680
   0.00648
   0.00631
   0.00625
   0.00620
   0.00614
   0.00606
   0.00597
   0.00588
   0.00579
   0.00573
   0.00568
   0.00565
   0.00562
   0.00558
   0.00555
   0.00553
   0.00551
   0.00549
   0.00551
   0.00549
   0.00547
   0.00546
   0.00543
   0.00536
   0.00519
   0.00485
   0.00456
   0.00449
   0.00441
   0.00434
   0.00418
   0.00399
   0.00385
   0.00377
   0.00369
   0.00365
   0.00361
   0.00360
   0.00358
   0.00359
   0.00359
   0.00361
   0.00362
   0.00364
   0.00367
   0.00373
   0.00379
   0.00390
   0.00409
   0.00455
   0.00651
   0.01986
   0.00370
   4.99390
   0.09605
   0.02428
   0.04494
   0.01945
   0.01135
   0.01089
   0.01004
   0.00952
   0.00917
   0.00873
   0.00848
   0.00826
   0.00810
   0.00793
   0.00780
   0.00768
   0.00757
   0.00747
   0.00736
   0.00726
   0.00715
   0.00704
   0.00697
   0.00689
   0.00682
   0.00674
   0.00668
   0.00662
   0.00656
   0.00650
   0.00646
   0.00644
   0.00640
   0.00640
   0.00637
   0.00638
   0.00637
   0.00639
   0.00643
   0.00648
   0.00655
   0.00665
   0.00684
   0.00711
   0.00758
   0.00855
   0.01160
   0.01657
   0.00396
   0.01133
   0.01143
   0.00575
   0.01644
   0.00380
   0.01011
   0.00911
   0.00590
   0.01120
   0.00420
   0.01580
   0.00248
   0.01066
   0.00418
   0.01205
   0.00292
   0.01440
   0.00219
   0.01047
   0.00264
   0.01330
   0.00233
   0.01290
   0.00210
   0.01235
   0.00189
   0.01141
   0.00202
   0.00833
   0.00182
   0.01100
   0.00193
   0.00957
   0.00197
   0.00812
   0.00184
   0.00800
   0.00183
   0.00685
   0.00177
   0.00634
   0.00179
   0.00503
   0.00190
   0.00320
   0.00190
   0.00258
   0.00192
   0.00243
   0.00205
   0.00218
   0.00221
   0.00217
   0.00225
   0.00222
   0.00229
   0.00227
   0.00236
   0.00239
   0.00238
   0.00243
   0.00245
   0.00249
   0.00248
   0.00250
   0.00251
   0.00252
   0.00254
   0.00253
   0.00248
   0.00243
   0.00241
   0.00239
   0.00236
   0.00231
   0.00226
   0.00222
   0.00215
   0.00210
   0.00190
   0.00168
   0.00124
   0.00074
   0.00051
   0.00265
   0.00173
   0.00296
   0.00305
   0.00299
   0.00296
   0.00306
   0.00265
   0.00337
   0.00188
   0.00354
   0.00186
   0.00345
   0.00187
   0.00339
   0.00200
   0.00323
   0.00196
   0.00313
   0.00198
   0.00287
   0.00193
   0.00270
   0.00188
   0.00254
   0.00191
   0.00233
   0.00192
   0.00230
   0.00193
   0.00218
   0.00188
   0.00201
   0.00198
   0.00199
   0.00198
   0.00192
   0.00201
   0.00186
   0.00199
   0.00175
   0.00211
   0.00177
   0.00209
   0.00166
   0.00228
   0.00235
   0.00220
   0.00188
   0.00224
   0.00188
   0.00225
   0.00210
   0.00236
   0.00220
   0.00227
   0.00202
   0.00214
   0.00190
   0.00188
   0.00177
   0.00171
   0.00162
   0.00143
   0.00113
   0.00075
   0.00057
   0.00060
   0.00293
   0.25939
   0.14259
   0.10011
   0.08874
   0.08617
   0.07835
   0.07403
   0.07208
   0.07036
   0.06847
   0.06670
   0.06504
   0.06342
   0.06188
   0.06038
   0.05890
   0.05753
   0.05625
   0.05494
   0.05368
   0.05246
   0.05122
   0.05006
   0.04893
   0.04779
   0.04672
   0.04559
   0.04460
   0.04361
   0.04231
   0.03911
   0.03802
   0.03712
   0.03630
   0.03549
   0.03470
   0.03391
   0.03315
   0.03243
   0.03170
   0.03100
   0.03030
   0.02967
   0.02901
   0.02839
   0.02777
   0.02722
   0.02658
   0.02602
   0.02548
   0.02490
   0.02440
   0.02390
   0.02339
   0.02290
   0.02242
   0.02196
   0.02151
   0.02107
   0.02064
   0.02022
   0.01979
   0.01940
   0.01902
   0.01863
   0.01825
   0.01790
   0.01752
   0.01718
   0.01687
   0.01652
   0.01620
   0.01587
   0.01558
   0.01528
   0.01497
   0.01469
   0.01440
   0.01413
   0.01386
   0.01361
   0.01333
   0.01308
   0.01284
   0.01259
   0.01236
   0.01213
   0.01190
   0.01168
   0.01147
   0.01124
   0.01105
   0.01084
   0.01063
   0.01044
   0.01025
   0.01007
   0.00989
   0.00971
   0.00953
   0.00936
   0.00919
   0.00902
   0.00887
   0.00871
   0.00855
   0.00839
   0.00825
   0.00810
   0.00796
   0.00782
   0.00768
   0.00754
   0.00741
   0.00728
   0.00715
   0.00703
   0.00691
   0.00679
   0.00667
   0.00656
   0.00645
   0.00634
   0.00623
   0.00612
   0.00602
   0.00591
   0.00581
   0.00571
   0.00561
   0.00551
   0.00542
   0.00533
   0.00524
   0.00515
   0.00506
   0.00497
   0.00489
   0.00480
   0.00472
   0.00464
   0.00456
   0.00449
   0.00441
   0.00433
   0.00426
   0.00419
   0.00412
   0.00404
   0.00397
   0.00391
   0.00384
   0.00377
   0.00371
   0.00365
   0.00358
   0.00352
   0.00346
   0.00339
   0.00334
   0.00328
   0.00322
   0.00316
   0.00310
   0.00305
   0.00299
   0.00294
   0.00288
   0.00283
   0.00277
   0.00272
   0.00266
   0.00261
   0.00255
   0.00249
   0.00244
   0.00238
   0.00232
   0.00226
   0.00220
   0.00213
   0.00207
   0.00200
   0.00192
   0.00183
   0.00173
   0.00163
   0.00149
   0.00131
   0.00114
   0.00387
   0.00233
   0.00236
   0.00230
   0.00222
   0.00213
   0.00202
   0.00189
   0.00173
   0.00149
   0.00123
   0.00100
   0.00108
   0.00118
   0.00087
   6.92831
   0.20883
   0.13902
   0.10302
   0.09401
   0.08802
   0.08298
   0.07958
   0.07507
   0.07238
   0.06297
   0.06120
   0.06038
   0.05949
   0.05869
   0.05775
   0.05678
   0.05576
   0.05502
   0.05458
   0.05418
   0.05383
   0.05355
   0.05328
   0.05303
   0.05279
   0.05260
   0.05238
   0.05213
   0.05186
   0.05157
   0.05127
   0.05084
   0.05041
   0.04995
   0.04942
   0.04888
   0.04836
   0.04780
   0.04721
   0.04663
   0.04604
   0.04544
   0.04487
   0.04429
   0.04373
   0.04315
   0.04260
   0.04200
   0.04145
   0.04090
   0.04035
   0.03981
   0.03926
   0.03873
   0.03820
   0.03765
   0.03713
   0.03661
   0.03613
   0.03560
   0.03513
   0.03464
   0.03415
   0.03368
   0.03321
   0.03271
   0.03229
   0.03179
   0.03120
   0.02958
   0.02822
   0.02868
   0.02812
   0.02762
   0.02720
   0.02672
   0.02630
   0.02588
   0.02543
   0.02498
   0.02457
   0.02415
   0.02371
   0.02329
   0.02289
   0.02247
   0.02205
   0.02164
   0.02123
   0.02085
   0.02045
   0.02005
   0.01964
   0.01924
   0.01882
   0.01840
   0.01800
   0.01760
   0.01719
   0.01678
   0.01638
   0.01597
   0.01556
   0.01515
   0.01474
   0.01434
   0.01393
   0.01354
   0.01315
   0.01276
   0.01236
   0.01198
   0.01161
   0.01127
   0.01091
   0.01054
   0.01018
   0.00977
   0.00881
   0.00708
   0.00684
   0.00658
   0.00647
   0.00628
   0.00616
   0.00602
   0.00590
   0.00584
   0.00646
   0.01036
   0.00557
   0.00996
   0.01193
   0.00567
   0.00928
   0.01237
   0.00824
   0.00981
   0.00768
   0.01462
   0.00795
