   0.70415
   0.70352
   0.70243
   0.70350
   0.70285
   0.70376
   0.70371
   0.70709
   0.70908
   0.70964
   0.70966
   0.70953
   0.70499
   0.70692
   0.70637
   0.70550
   0.70358
   0.70131
   0.70028
   0.69602
   0.69528
   0.69458
   0.69460
   0.69391
   0.69333
   0.69026
   0.69096
   0.68905
   0.68731
   0.68606
   0.68520
   0.68426
   0.68256
   0.67990
   0.67669
   0.67302
   0.66847
   0.66448
   0.66014
   0.65546
   0.65066
   0.64581
   0.64108
   0.63636
   0.63179
   0.62717
   0.62258
   0.62191
   0.61100
   0.60976
   0.60089
   0.57278
   0.56646
   0.55984
   0.55253
   0.54465
   0.53605
   0.52685
   0.51696
   0.50670
   0.49598
   0.48450
   0.47299
   0.46157
   0.44998
   0.43845
   0.42703
   0.41573
   0.40465
   0.39375
   0.38310
   0.37258
   0.36207
   0.35157
   0.34095
   0.33034
   0.31948
   0.30867
   0.29807
   0.28745
   0.27521
   0.26587
   0.25462
   0.24549
   0.23473
   0.22497
   0.21557
   0.20613
   0.19682
   0.18759
   0.17773
   0.16718
   0.15734
   0.14736
   0.13844
   0.13060
   0.12450
   0.12165
   0.12195
   0.12540
   0.12934
   0.12903
   0.12190
   0.12294
   0.11664
   0.07097
   0.08448
   0.05942
   0.05883
   0.22159
   0.22360
   0.05325
   0.05112
   0.05302
   0.05089
   0.04754
   0.04519
   0.04408
   0.04418
   0.04137
   0.05847
   0.03964
   0.04422
   0.18782
   0.09305
   0.04263
   0.03777
   0.07138
   0.04499
   0.02890
   0.07196
   0.04832
   0.02373
   0.02342
   0.02255
   0.02395
   0.01896
   0.03209
   0.01939
   0.02352
   0.02703
   0.02308
   0.01994
   0.02693
   0.01851
   0.03026
   0.14511
   0.05365
   0.04368
   0.03855
   0.03406
   0.02779
   0.02415
   0.02548
   0.03210
   0.02373
   0.01711
   0.01454
   0.02232
   0.01960
   0.01193
   0.01247
   0.01439
   0.33639
   0.01119
   0.01289
   0.01020
   0.01860
   0.05915
   0.01817
   0.01574
   0.01431
   0.01418
   0.01363
   0.02504
   0.01143
   0.00981
   0.01107
   0.01146
   0.01042
   0.01202
   0.02407
   0.05371
   0.01391
   0.02073
   0.01310
   0.00934
   0.09387
   0.07745
   0.03601
   0.03500
   0.04462
   0.03916
   0.02536
   0.03393
   0.03385
   0.04970
   0.01770
   0.07091
   0.02708
   0.01804
   0.02649
   0.03124
   0.01967
   0.01587
   0.03621
   0.01894
   0.01766
   0.01704
   0.01640
   0.01557
   0.01519
   0.01429
   0.01363
   0.01287
   0.01512
   0.07749
   0.01677
   0.01284
   0.01423
   0.12881
   0.01032
   0.01100
   0.00942
   0.08762
   0.03557
   0.02732
   0.00852
   0.02217
   0.00813
   0.03177
   0.26425
   0.00745
   0.00699
   0.01786
   0.00642
   0.00938
   0.00573
   0.00691
   0.02355
   0.01183
   0.00465
   0.00437
   0.00981
   0.00438
   0.01169
   0.00797
   0.00567
   0.00482
   0.00404
   0.00387
   0.00367
   0.00452
   0.01205
   0.00398
   0.00378
   0.00375
   0.00354
   0.00326
   0.00943
   0.00321
   0.00478
   0.00356
   0.00324
   0.00313
   0.00292
   0.00289
   0.00265
   0.00534
   0.00676
   0.00427
   0.00319
   0.00299
   0.00285
   0.00268
   0.01080
   2.22059
   0.00767
   0.00511
   0.00419
   0.00285
   0.00221
   0.00200
   0.00481
   0.00191
   0.00530
   0.00339
   0.00234
   0.00203
   0.00178
   0.18097
   0.05758
   0.04932
   0.05549
   0.06044
   0.06789
   0.08462
   0.08328
   0.07685
   0.05049
   0.06324
   0.03369
   0.01337
   0.01186
   0.01225
   0.01441
   0.04385
   0.01391
   0.02371
   0.01145
   0.05529
   0.01070
   0.02596
   0.14762
   0.13519
   0.14387
   0.08045
   0.02980
   0.00868
   0.00831
   0.00705
   0.00628
   0.00558
   0.00632
   0.00882
   0.00688
   0.01423
   0.00897
   0.00735
   0.00618
   0.00506
   0.00429
   0.00361
   0.00572
   0.01816
   0.00678
   0.00670
   0.00632
   0.00552
   0.00467
   0.00397
   0.00336
   0.00405
   0.02565
   0.01983
   0.01413
   0.00958
   0.01773
   0.00842
   0.00653
   0.01140
   0.01018
   0.00878
   0.00705
   0.00582
   0.02849
   0.00470
   0.02510
   0.00444
   0.00613
   0.00847
   0.00761
   0.00666
   0.00576
   0.00473
   0.00415
   0.00404
   0.00376
   0.03147
   0.00460
   0.00375
   0.00328
   0.00318
   0.00301
   1.86418
   0.00740
   0.00654
   0.00566
   0.00517
   0.00473
   0.00427
   0.00370
   0.00302
   0.00252
   0.00235
   0.00229
   0.00231
   0.01777
   0.00725
   0.00578
   0.00501
   0.00428
   0.00378
   0.00326
   0.00274
   0.00219
   0.00191
   0.00180
   0.00903
   0.00643
   0.00554
   0.00483
   0.00429
   0.00380
   0.00332
   0.00293
   0.00271
   0.00261
   0.00437
   0.03387
   0.00220
   0.00196
   0.00242
   0.00210
   0.00197
   0.00189
   0.00393
   0.00584
   0.00521
   0.00459
   0.00403
   0.00357
   0.00320
   0.00292
   0.00266
   0.00233
   0.00203
   0.00187
   0.00179
   0.00862
   0.00706
   0.00617
   0.00532
   0.00461
   0.00406
   0.00357
   0.00313
   0.00284
   0.00256
   0.00225
   0.00191
   0.00177
   0.00169
   0.01467
   0.00624
   0.00452
   0.00357
   0.00296
   0.00261
   0.00239
   0.00225
   0.00223
   0.00238
   0.00240
   0.00188
   0.24308
   0.00136
   0.00135
   0.00127
   0.00526
   0.00603
   0.00400
   0.00297
   0.00237
   0.00202
   0.00179
   0.00162
   0.00156
   0.00155
   0.00141
   0.02664
   0.00455
   0.00311
   0.00245
   0.00207
   0.00181
   0.00165
   0.00164
   0.00157
   0.00293
   0.00254
   0.00293
   0.00248
   0.00214
   0.00193
   0.00178
   0.00164
   0.00153
   0.00150
   0.00152
   0.00141
   0.00204
   0.04312
   0.03298
   0.03158
   0.02771
   0.01316
   0.01137
   0.00735
   0.00439
