   0.57268
   0.48730
   0.48100
   0.50314
   0.47328
   0.47206
   0.46859
   0.46858
   0.46873
   0.46798
   0.46791
   0.46728
   0.46842
   0.46867
   0.46883
   0.47055
   0.47367
   0.47453
   0.46456
   0.46550
   0.46471
   0.47665
   0.51206
   0.54498
   0.54716
   0.54308
   0.53697
   0.52040
   0.50247
   0.48033
   0.44645
   0.40974
   0.37600
   0.34168
   0.31145
   0.28618
   0.26704
   0.25091
   0.23535
   0.22250
   0.21371
   0.20549
   0.19727
   0.19133
   0.18595
   0.18126
   0.17813
   0.17499
   0.17197
   0.17006
   0.16831
   0.16723
   0.16628
   0.16468
   0.16417
   0.16251
   0.16265
   0.16316
   0.16330
   0.16328
   0.16373
   0.16458
   0.16487
   0.16481
   0.16408
   0.16477
   0.16470
   0.16254
   0.16251
   0.16161
   0.16169
   0.16260
   0.15903
   0.15969
   0.16011
   0.16063
   0.16078
   0.16015
   0.15956
   0.15798
   0.15554
   0.15400
   0.15253
   0.14956
   0.14711
   0.14434
   0.14153
   0.13836
   0.13526
   0.13174
   0.12799
   0.12419
   0.11983
   0.11432
   0.11035
   0.10546
   0.10079
   0.09584
   0.09050
   0.08587
   0.08022
   0.07495
   0.06971
   0.06464
   0.05966
   0.05488
   0.05017
   0.04567
   0.04154
   0.03768
   0.03397
   0.03091
   0.02759
   0.02454
   0.02242
   0.02016
   0.01817
   0.01644
   0.01482
   0.01329
   0.01206
   0.01099
   0.01007
   0.00934
   0.00862
   0.00782
   0.00569
   0.00429
   0.00335
   0.00312
   0.00478
   0.00509
   0.00498
   0.00199
   0.00515
   0.00422
   0.00400
   0.00407
   0.00338
   0.00293
   0.00278
   0.00258
   0.00294
   0.00254
   0.00263
   0.00185
   0.00185
   0.00185
   0.00135
   0.00115
   0.00113
   0.00107
   0.00088
   0.00084
   0.00078
   0.00083
   0.00090
   0.00088
   0.00048
   0.00037
   0.00073
   0.00065
   0.00059
   0.00059
   0.00052
   0.00054
   0.00053
   0.00045
   0.00045
   0.00051
   0.00047
   0.00050
   1.28522
   0.60259
   0.51638
   0.50287
   0.50052
   0.50022
   0.50015
   0.50013
   0.50013
   0.50013
   0.50013
   0.50014
   0.50014
   0.50014
   0.50014
   0.50015
   0.50015
   0.50015
   0.50016
   0.50016
   0.50016
   0.50016
   0.50017
   0.50017
   0.50017
   0.50018
   0.50018
   0.50018
   0.50018
   0.50019
   0.50019
   0.50019
   0.50019
   0.50020
   0.50020
   0.50020
   0.50021
   0.50021
   0.50021
   0.50021
   0.50022
   0.50022
   0.50022
   0.50022
   0.50023
   0.50023
   0.50023
   0.50024
   0.50024
   0.50024
   0.50024
   0.50025
   0.50025
   0.50025
   0.50026
   0.50026
   0.50026
   0.50026
   0.50027
   0.50027
   0.50027
   0.50027
   0.50028
   0.50028
   0.50028
   0.50029
   0.50029
   0.50029
   0.50029
   0.50030
   0.50030
   0.50030
   0.50031
   0.50031
   0.50031
   0.50031
   0.50032
   0.50032
   0.50032
   0.50032
   0.50033
   0.50033
   0.50033
   0.50034
   0.50034
   0.50034
   0.50034
   0.50035
   0.50035
   0.50035
   0.50035
   0.50036
   0.50036
   0.50036
   0.50037
   0.50037
   0.50037
   0.50037
   0.50038
   0.50038
   0.50038
   0.50039
   0.50039
   0.50039
   0.50039
   0.50040
   0.50040
   0.50040
   0.50040
   0.50041
   0.50041
   0.50041
   0.50042
   0.50042
   0.50042
   0.50042
   0.50043
   0.50043
   0.50043
   0.50044
   0.50044
   0.50044
   0.50044
   0.50045
   0.50045
   0.50045
   0.50045
   0.50046
   0.50046
   0.50046
   0.50047
   0.50047
   0.50047
   0.50047
   0.50048
   0.50048
   0.50048
   0.50049
   0.50049
   0.50049
   0.50049
   0.50050
   0.50050
   0.50050
   0.50050
   0.50051
   0.50051
   0.50051
   0.50052
   0.50052
   0.50052
   0.50052
   0.50053
   0.50053
   0.50053
   0.50054
   0.50054
   0.50054
   0.50054
   0.50055
   0.50055
   0.50055
   0.50055
   0.50056
   0.50056
   0.50056
   0.50057
   0.50057
   0.50057
   0.50057
   0.50058
   0.50058
   0.50058
   0.50059
   0.50059
   0.50059
   0.50059
   0.50060
   0.50060
   0.50060
   0.50060
   0.50061
   0.50061
   0.50061
   0.50062
   0.50062
   0.50062
   0.50062
   0.50063
   0.50063
   0.50063
   0.50064
   0.50064
   0.50064
   0.50064
   0.50065
   0.50065
   0.50065
   0.50066
   0.50066
   0.50066
   0.50066
   0.50067
   0.50067
   0.50067
   0.50067
   0.50068
   0.50068
   0.50068
   0.50069
   0.50069
   0.50069
   0.50069
   0.50070
   0.50070
   0.50070
   0.50071
   0.50071
   0.50071
   0.50071
   0.50072
   0.50072
   0.50072
   0.50073
   0.50073
   0.50073
   0.50073
   0.50074
   0.50074
   0.50074
   0.50074
   0.50075
   0.50075
   0.50075
   0.50076
   0.50076
   0.50076
   0.50076
   0.50077
   0.50077
   0.50077
   0.50078
   0.50078
   0.50078
   0.50078
   0.50079
   0.50079
   0.50079
   0.50080
   0.50080
   0.50080
   0.50080
   0.50081
   0.50081
   0.50081
   0.50082
   0.50082
   0.50082
   0.50082
   0.50083
   0.50083
   0.50083
   0.50084
   0.50084
   0.50084
   0.50084
   0.50085
   0.50085
   0.50085
   0.50086
   0.50086
   0.50086
   0.50086
   0.50087
   0.50087
   0.50087
   0.50088
   0.50088
   0.50088
   0.50088
   0.50089
   0.50089
   0.50089
   0.50090
   0.50090
   0.50090
   0.50090
   0.50091
   0.50091
   0.50091
   0.50092
   0.50092
   0.50092
   0.50092
   0.50093
   0.50093
   0.50093
   0.50094
   0.50094
   0.50094
   0.50094
   0.50095
   0.50095
   0.50095
   0.50096
   0.50096
   0.50096
   0.50096
   0.50097
   0.50097
   0.50097
   0.50098
   0.50098
   0.50098
   0.50099
   0.50099
   0.50099
   0.50099
   0.50100
   0.50100
   0.50100
   0.50101
   0.50101
   0.50101
   0.50101
   0.50102
   0.50102
   0.50102
   0.50103
   0.50103
   0.50103
   0.50103
   0.50104
   0.50104
   0.50104
   0.50105
   0.50105
   0.50105
   0.50105
   0.50106
   0.50106
   0.50106
   0.50107
   0.50107
   0.50107
   0.50108
   0.50108
   0.50108
   0.50108
   0.50109
   0.50109
   0.50109
   0.50110
   0.50110
   0.50110
   0.50110
   0.50111
   0.50111
   0.50111
   0.50112
   0.50112
   0.50112
   0.50113
   0.50113
   0.50113
   0.50113
   0.50114
   0.50114
   0.50114
   0.50115
   0.50115
   0.50115
   0.50116
   0.50116
   0.50116
   0.50116
   0.50117
   0.50117
   0.50117
   0.50118
   0.50118
   0.50118
   0.50119
   0.50119
   0.50119
   0.50120
   0.50120
   0.50120
   0.50120
   0.50121
   0.50121
   0.50121
   0.50122
   0.50122
   0.50122
   0.50123
   0.50123
   0.50123
   0.50123
   0.50124
   0.50124
   0.50124
   0.50125
   0.50125
   0.50125
   0.50126
   0.50126
   0.50126
   0.50127
   0.50127
   0.50127
   0.50127
   0.50128
   0.50128
   0.50128
   0.50129
   0.50129
   0.50129
   0.50130
   0.50130
   0.50130
   0.50131
   0.50131
   0.50131
   0.50132
   0.50132
   0.50132
   0.50133
   0.50133
   0.50133
   0.50133
   0.50134
   0.50134
   0.50134
   0.50135
   0.50135
   0.50135
   0.50136
   0.50136
   0.50136
   0.50137
   0.50137
   0.50137
   0.50138
   0.50138
   0.50138
   0.50139
   0.50139
   0.50139
   0.50140
   0.50140
   0.50140
   0.50141
   0.50141
   0.50141
   0.50142
   0.50142
   0.50142
   0.50143
   0.50143
   0.50143
   0.50144
   0.50144
   0.50144
   0.50145
   0.50145
   0.50145
   0.50146
   0.50146
   0.50147
   0.50147
   0.50146
   0.50152
   0.50154
   0.50155
   0.50155
   0.50155
   0.50155
   0.50156
   0.50156
   0.50156
   0.50156
   0.50157
   0.50157
   0.50157
   0.50158
   0.50158
   0.50158
   0.50158
   0.50159
   0.50159
   0.50159
   0.50159
   0.50160
   0.50160
   0.50160
   0.50160
   0.50161
   0.50161
   0.50161
   0.50161
   0.50162
   0.50162
   0.50162
   0.50162
   0.50163
   0.50163
   0.50163
   0.50164
   0.50164
   0.50164
   0.50164
   0.50165
   0.50165
   0.50165
   0.50165
   0.50166
   0.50166
   0.50166
   0.50167
   0.50167
   0.50167
   0.50167
   0.50168
   0.50168
   0.50168
   0.50168
   0.50169
   0.50169
   0.50169
   0.50170
   0.50170
   0.50170
   0.50170
   0.50171
   0.50171
   0.50171
   0.50172
   0.50170
   0.50177
   0.50179
   0.50180
   0.50180
   0.50181
   0.50181
   0.50181
   0.50181
   0.50181
   0.50181
   0.50182
   0.50182
   0.50182
   0.50182
   0.50182
   0.50183
   0.50183
   0.50183
   0.50183
   0.50183
   0.50184
   0.50184
   0.50184
   0.50184
   0.50184
   0.50185
   0.50185
   0.50185
   0.50185
   0.50185
   0.50186
   0.50186
   0.50186
   0.50186
   0.50186
   0.50187
   0.50187
   0.50187
   0.50187
   0.50187
   0.50188
   0.50188
   0.50188
   0.50188
   0.50188
   0.50189
   0.50189
   0.50189
   0.50189
   0.50190
   0.50190
   0.50190
   0.50190
   0.50190
   0.50191
   0.50191
   0.50191
   0.50191
   0.50191
   0.50192
   0.50192
   0.50192
   0.50192
   0.50193
   0.50193
   0.50193
   0.50193
   0.50193
   0.50194
   0.50194
   0.50194
   0.50194
   0.50195
   0.50195
   0.50195
   0.50195
   0.50195
   0.50196
   0.50196
   0.50196
   0.50196
   0.50195
   0.50200
   0.50202
   0.50202
   0.50203
   0.50203
   0.50203
   0.50203
   0.50203
   0.50203
   0.50204
   0.50204
   0.50204
   0.50204
   0.50204
   0.50204
   0.50204
   0.50205
   0.50205
   0.50205
   0.50205
   0.50205
   0.50205
   0.50205
   0.50206
   0.50206
   0.50206
   0.50206
   0.50206
   0.50206
   0.50206
   0.50207
   0.50207
   0.50207
   0.50207
   0.50207
   0.50207
   0.50207
   0.50208
   0.50208
   0.50208
   0.50208
   0.50208
   0.50208
   0.50208
   0.50209
   0.50209
   0.50209
   0.50209
   0.50209
   0.50209
   0.50209
   0.50210
   0.50210
   0.50210
   0.50210
   0.50210
   0.50210
   0.50210
   0.50211
   0.50211
   0.50211
   0.50211
   0.50211
   0.50211
   0.50212
   0.50212
   0.50212
   0.50212
   0.50212
   0.50212
   0.50212
   0.50213
   0.50213
   0.50213
   0.50213
   0.50213
   0.50213
   0.50213
   0.50214
   0.50214
   0.50214
   0.50214
   0.50214
   0.50214
   0.50214
   0.50215
   0.50215
   0.50215
   0.50215
   0.50215
   0.50215
   0.50216
   0.50216
   0.50216
   0.50216
   0.50216
   0.50216
   0.50216
   0.50217
   0.50217
   0.50217
   0.50217
   0.50217
   0.50217
   0.50217
   0.50218
   0.50218
   0.50218
   0.50218
   0.50218
   0.50218
   0.50219
   0.50219
   0.50219
   0.50219
   0.50219
   0.50219
   0.50219
   0.50220
   0.50220
   0.50220
   0.50220
   0.50220
   0.50220
   0.50221
   0.50221
   0.50221
   0.50221
   0.50221
   0.50221
   0.50221
   0.50222
   0.50222
   0.50222
   0.50222
   0.50222
   0.50222
   0.50223
   0.50223
   0.50223
   0.50223
   0.50223
   0.50223
   0.50223
   0.50224
   0.50224
   0.50224
   0.50224
   0.50224
   0.50224
   0.50225
   0.50225
   0.50225
   0.50225
   0.50225
   0.50225
   0.50226
   0.50226
   0.50226
   0.50226
   0.50226
   0.50226
   0.50226
   0.50227
   0.50227
   0.50227
   0.50227
   0.50227
   0.50227
   0.50228
   0.50228
   0.50228
   0.50228
   0.50228
   0.50229
   0.50229
   0.50229
   0.50229
   0.50229
   0.50229
   0.50230
   0.50230
   0.50230
   0.50230
   0.50230
   0.50230
   0.50231
   0.50231
   0.50231
   0.50231
   0.50231
   0.50231
   0.50232
   0.50232
   0.50232
   0.50232
   0.50232
   0.50232
   0.50233
   0.50233
   0.50233
   0.50233
   0.50233
   0.50233
   0.50234
   0.50234
   0.50234
