   0.73766
   0.73970
   0.72145
   0.71215
   0.71011
   0.71183
   0.70865
   0.70434
   0.70366
   0.70115
   0.69984
   0.69782
   0.69606
   0.69434
   0.69540
   0.69265
   0.69263
   0.71666
   0.70786
   0.73996
   0.69988
   0.68911
   0.69075
   0.68636
   0.68674
   0.68619
   0.68515
   0.68503
   0.68480
   0.68592
   0.69744
   0.71097
   0.72587
   0.72138
   0.73229
   0.74211
   0.74046
   0.73768
   0.73667
   0.73360
   0.73108
   0.72890
   0.72427
   0.71938
   0.71211
   0.70373
   0.69583
   0.68528
   0.65795
   0.64999
   0.63694
   0.63025
   0.62276
   0.61467
   0.60566
   0.59983
   0.59489
   0.58851
   0.58204
   0.57525
   0.56779
   0.55999
   0.55185
   0.54208
   0.53371
   0.52579
   0.51903
   0.51298
   0.50721
   0.50138
   0.49502
   0.48830
   0.48141
   0.47467
   0.46798
   0.46150
   0.45521
   0.44913
   0.44326
   0.43754
   0.43192
   0.42632
   0.42090
   0.41544
   0.41007
   0.40508
   0.39992
   0.39489
   0.39011
   0.38530
   0.38068
   0.37619
   0.37157
   0.36720
   0.36302
   0.35884
   0.35474
   0.35070
   0.34671
   0.34300
   0.33931
   0.33608
   0.33330
   0.33000
   0.32685
   0.32284
   0.31982
   0.31645
   0.31376
   0.31022
   0.30703
   0.30265
   0.30016
   0.29656
   0.29196
   0.28824
   0.28440
   0.27812
   0.27322
   0.26867
   0.26289
   0.26034
   0.25570
   0.25018
   0.24405
   0.23962
   0.23372
   0.22948
   0.22408
   0.22020
   0.21541
   0.21129
   0.20709
   0.20322
   0.19884
   0.19529
   0.19190
   0.18774
   0.18467
   0.18113
   0.17764
   0.17460
   0.17202
   0.16932
   0.16357
   0.16053
   0.16017
   0.15494
   0.15448
   0.15016
   0.14963
   0.14492
   0.14241
   0.14003
   0.13757
   0.13510
   0.13270
   0.13035
   0.12802
   0.12569
   0.12322
   0.12148
   0.11869
   0.11713
   0.11428
   0.11448
   0.11232
   0.11032
   0.10550
   0.10407
   0.10146
   0.10006
   0.09766
   0.09606
   0.09414
   0.09215
   0.09032
   0.08844
   0.08653
   0.08468
   0.08306
   0.08138
   0.07972
   0.07815
   0.07734
   0.07506
   0.07419
   0.07286
   0.07136
   0.06986
   0.06858
   0.06725
   0.06587
   0.06450
   0.06328
   0.06233
   0.06107
   0.05979
   0.05858
   0.05761
   0.05630
   0.05513
   0.05395
   0.05300
   0.05198
   0.05076
   0.04974
   0.04874
   0.04756
   0.04637
   0.04535
   0.04396
   0.04289
   0.04170
   0.04066
   0.03940
   0.03829
   0.03714
   0.03594
   0.03470
   0.03359
   0.03245
   0.03128
   0.03043
   0.02944
   0.02842
   0.02740
   0.02644
   0.02571
   0.02520
   0.02429
   0.02310
   0.02251
   0.02111
   0.02029
   0.01878
   0.01804
   0.01676
   0.01600
   0.01502
   0.01431
   0.01353
   0.01305
   0.01254
   0.01453
   0.01410
   0.01321
   0.01337
   0.03387
   0.01421
   0.02469
   0.03333
   0.02521
   0.01013
   0.02444
   0.01921
   0.02186
   0.01963
   0.01944
   0.01820
   0.01769
   0.01666
   0.01041
   0.01217
   0.01558
   0.01053
   0.00893
   0.00987
   0.01361
   0.01008
   0.00628
   0.00797
   0.00885
   0.01036
   0.00778
   0.00947
   0.00702
   0.00505
   0.00495
   0.00546
   0.00464
   0.00518
   0.00442
   0.00427
   0.00420
   0.00596
   0.00584
   0.49627
   0.00478
   0.00450
   0.00396
   0.00388
   0.00386
   0.00385
   0.00384
   0.00383
   0.00383
   0.00383
   0.00383
   0.00384
   0.00386
   0.00388
   0.00391
   0.00397
   0.00402
   0.00409
   0.00414
   0.00422
   0.00426
   0.00430
   0.00430
   0.00429
   0.00426
   0.00419
   0.00413
   0.00404
   0.00397
   0.00388
   0.00381
   0.00372
   0.00365
   0.00357
   0.00348
   0.00340
   0.00333
   0.00325
   0.00317
   0.00310
   0.00303
   0.00296
   0.00290
   0.00283
   0.00276
   0.00270
   0.00263
   0.00255
   0.00249
   0.00241
   0.00235
   0.00229
   0.00223
   0.00217
   0.00212
   0.00210
   0.00198
   0.00365
   0.06637
   0.00680
   0.00564
   0.00822
   0.00864
   0.00676
   0.00922
   0.00581
   0.00878
   0.00604
   0.00720
   0.00604
   0.00646
   0.00616
   0.00620
   0.00643
   0.00684
   0.00374
   0.00597
   0.00277
   0.00482
   0.00369
   0.00395
   0.00252
   0.00450
   0.00528
   0.00552
   0.00550
   0.00360
   0.00229
   0.00226
   0.00247
   0.00216
   0.00265
   0.00273
   0.00213
   0.00235
   0.00265
   0.00252
   0.00258
   0.00234
   0.00218
   0.00210
   0.00212
   0.00207
   0.00211
   0.00207
   0.00210
   0.00185
   0.00185
   0.00245
   0.00248
   0.00207
   0.00175
   0.00212
   0.00215
   0.00217
   0.00212
   0.00209
   0.00204
   0.00200
   0.00195
   0.00189
   0.00185
   0.00180
   0.00174
   0.00169
   0.00164
   0.00159
   0.00154
   0.00149
   0.00145
   0.00141
   0.00137
   0.00133
   0.00130
   0.00126
   0.00124
   0.00120
   0.00118
   0.00115
   0.00112
   0.00110
   0.00107
   0.00105
   0.00102
   0.00100
   0.00097
   0.00095
   0.00093
   0.00091
   0.00089
   0.00087
   0.00085
   0.00082
   0.00081
   0.00079
   0.00077
   0.00075
   0.00073
   0.00072
   0.00070
   0.00069
   0.00066
   0.00065
   0.00063
   0.00062
   0.00060
   0.00059
   0.00057
   0.00056
   0.00055
   0.00053
   0.00052
   0.00051
   0.00050
   0.00049
   0.00047
   0.00046
   0.00045
   0.00043
   0.00042
   0.00041
   0.00040
   0.00039
   0.00037
   0.00037
   0.00036
   0.00035
   0.00035
   0.00035
   0.00034
   0.00034
   0.00033
   0.00032
   0.00032
   0.00032
   0.00030
   0.00035
   2.48420
   0.02024
   0.00935
   0.00897
   0.00821
   0.00796
   0.00755
   0.00704
   0.00670
   0.00642
   0.00609
   0.00554
   0.00479
   0.00398
   0.00371
   0.00346
   0.00336
   0.00400
   0.00356
   0.00380
   0.00472
   0.00429
   0.00409
   0.00360
   0.00347
   0.00322
   0.00345
   0.00443
   0.00349
   0.00340
   0.00376
   0.00149
   0.00186
   0.00192
   0.00194
   0.00206
   0.00228
   0.00177
   0.00214
   0.00434
   0.00537
   0.00490
   0.00494
   0.00474
   0.00452
   0.00440
   0.00429
   0.00417
   0.00405
   0.00394
   0.00379
   0.00371
   0.00362
   0.00359
   0.00355
   0.00357
   0.00367
   0.00394
   0.00491
   0.00220
   0.00351
   0.00307
   0.00213
   0.00409
   0.10218
   0.00599
   0.00385
   0.00385
   0.00367
   0.00350
   0.00341
   0.00329
   0.00317
   0.00309
   0.00299
   0.00296
   0.00288
   0.00283
   0.00276
   0.00269
   0.00266
   0.00265
   0.00268
   0.00276
   0.00305
   0.00400
   0.00414
   0.00330
   0.00177
   0.00315
   0.00207
   0.00193
   0.03093
   0.00362
   0.00333
   0.00317
   0.00302
   0.00293
   0.00286
   0.00282
   0.00274
   0.00268
   0.00262
   0.00257
   0.00253
   0.00247
   0.00243
   0.00238
   0.00234
   0.00230
   0.00227
   0.00226
   0.00227
   0.00231
   0.00244
   0.00280
   0.00392
   0.48452
   0.00239
   0.00177
   0.00189
   0.00193
   0.00195
   0.00196
   0.00196
   0.00195
   0.00194
   0.00192
   0.00190
   0.00189
   0.00187
   0.00187
   0.00188
   0.00189
   0.00191
   0.00195
   0.00205
   0.00226
   0.00287
   0.00155
   0.00227
   0.00144
   0.00292
   0.56875
   0.00328
   0.00320
   0.00287
   0.00262
   0.00246
   0.00232
   0.00222
   0.00214
   0.00210
   0.00207
   0.00203
   0.00199
   0.00196
   0.00194
   0.00192
   0.00190
   0.00189
   0.00186
   0.00183
   0.00179
   0.00177
   0.00174
   0.00172
   0.00170
   0.00168
   0.00167
   0.00168
   0.00169
   0.00173
   0.00181
   0.00196
   0.00234
   0.00151
   0.00243
   4.85274
   0.04619
   0.03349
   0.02704
   0.02102
   0.01599
   0.01223
   0.01027
   0.00910
   0.00824
   0.00761
   0.00705
   0.00659
   0.00622
   0.00591
   0.00565
   0.00542
   0.00523
   0.00509
   0.00513
   0.00614
   0.00916
   0.00851
   0.00836
   0.00791
   0.00737
   0.00752
   0.00697
   0.00714
   0.00673
   0.00665
   0.00635
   0.00612
   0.00588
   0.00560
   0.00533
   0.00503
   0.00474
   0.00443
   0.00408
   0.00365
   0.00320
   0.00472
   0.00313
   0.00518
   0.00299
   0.00479
   0.00386
   0.00475
   0.00291
   0.00391
   0.00454
   0.00285
   0.00331
   0.00362
   0.00381
   0.00369
   0.00351
   0.00332
   0.00317
   0.00303
   0.00291
   0.00280
   0.00270
   0.00261
   0.00253
   0.00246
   0.00239
   0.00232
   0.00226
   0.00220
   0.00215
   0.00209
   0.00204
   0.00199
   0.00194
   0.00189
   0.00184
   0.00180
   0.00175
   0.00171
   0.00166
   0.00162
   0.00158
   0.00154
   0.00150
   0.00147
   0.00143
   0.00139
   0.00136
   0.00132
   0.00129
   0.00126
   0.00123
   0.00119
   0.00116
   0.00113
   0.00110
   0.00108
   0.00105
   0.00102
   0.00099
   0.00097
   0.00094
   0.00092
   0.00089
   0.00087
   0.00085
   0.00082
   0.00080
   0.00078
   0.00076
   0.00074
   0.00072
   0.00070
   0.00068
   0.00066
   0.00064
   0.00063
   0.00061
   0.00059
   0.00058
   0.00056
   0.00055
   0.00053
   0.00052
   0.00050
   0.00049
   0.00047
   0.00046
   0.00045
   0.00044
   0.00042
   0.00041
   0.00040
   0.00039
   0.00038
   0.00037
   0.00036
   0.00035
   0.00034
   0.00033
   0.00032
   0.00031
   0.00030
   0.00029
   0.00028
   0.00028
   0.00027
   0.00026
   0.00025
   0.00025
   0.00024
   0.00023
   0.00022
   0.00022
   0.00021
   0.00021
   0.00020
   0.00020
   0.00019
   0.00018
   0.00018
   0.00017
   0.00017
   0.00017
   0.00016
   0.00016
   0.00015
   0.00015
   0.00014
   0.00014
   0.00014
   0.00013
   0.00013
   0.00013
   0.00012
   0.00012
   0.00012
   0.00011
   0.00011
   0.00011
   0.00010
   0.00010
   0.00010
   0.00010
   0.00010
   0.00009
   0.00009
   0.00009
   0.00009
   0.00008
   0.00008
   0.00008
   0.00008
   0.00008
   0.00008
   0.00008
   0.00007
   0.00007
   0.00007
   0.00007
   0.00007
   0.00007
   0.00007
   0.00007
   0.00006
   0.00006
   0.00006
   0.00006
   0.00006
   0.00006
   0.00006
   0.00006
   0.00006
   0.00006
   0.00006
   0.00006
   0.00006
   0.00006
   0.75705
   0.00528
   0.00482
   0.00447
   0.00419
   0.00393
   0.00369
   0.00347
   0.00324
   0.00303
   0.00283
   0.00263
   0.00245
   0.00227
   0.00210
   0.00194
   0.00181
   0.00167
   0.00154
   0.00143
   0.00133
   0.00124
   0.00115
   0.00108
   0.00101
   0.00095
   0.00090
   0.00085
   0.00080
   0.00076
   0.00072
   0.00068
   0.00065
   0.00062
   0.00059
   0.00057
   0.00054
   0.00052
   0.00050
   0.00048
   0.00046
   0.00044
   0.00042
   0.00041
   0.00039
   0.00038
   0.00036
   0.00035
   0.00034
   0.00033
   0.00032
   0.00031
   0.00030
   0.00029
   0.00028
   0.00027
   0.00026
   0.00026
   0.00025
   0.00025
   0.00024
   0.00024
   0.00024
   0.00024
   0.00023
   0.00023
   0.00023
   0.00023
   0.00023
   0.00023
   0.00022
   0.00022
   0.00022
   0.00022
   0.00022
   0.00021
   0.00021
   0.00021
   0.00021
   0.00021
   0.00022
   0.00025
   0.00027
   0.00440
   0.00132
   0.00133
   0.00128
   0.00123
   0.00118
   0.00113
   0.00109
   0.00105
   0.00101
   0.00097
   0.00093
   0.00090
   0.00086
   0.00083
   0.00080
   0.00077
   0.00074
   0.00072
   0.00069
   0.00067
   0.00064
   0.00062
   0.00060
   0.00058
   0.00056
   0.00054
   0.00052
   0.00051
   0.00049
   0.00047
   0.00045
   0.00044
   0.00042
