   0.79952
   0.82196
   0.82116
   0.81894
   0.81493
   0.81168
   0.80880
   0.80609
   0.80285
   0.79986
   0.79706
   0.79457
   0.79246
   0.79029
   0.78930
   0.78585
   0.78434
   0.78275
   0.78139
   0.78016
   0.77978
   0.77733
   0.77612
   0.77499
   0.77300
   0.77111
   0.77061
   0.76809
   0.76532
   0.76222
   0.75791
   0.75458
   0.74926
   0.74480
   0.73887
   0.73356
   0.72639
   0.71860
   0.71108
   0.70253
   0.69455
   0.68622
   0.67797
   0.66991
   0.66274
   0.65541
   0.65029
   0.64470
   0.63978
   0.63434
   0.62815
   0.62165
   0.61423
   0.60626
   0.59753
   0.58148
   0.57331
   0.56780
   0.56235
   0.55633
   0.54938
   0.54192
   0.53439
   0.52680
   0.51931
   0.51199
   0.50491
   0.49817
   0.49194
   0.48616
   0.48080
   0.47569
   0.47077
   0.46600
   0.46139
   0.45665
   0.45175
   0.44655
   0.44103
   0.43557
   0.42871
   0.42237
   0.41504
   0.40747
   0.39910
   0.39215
   0.38423
   0.37685
   0.36953
   0.36252
   0.35580
   0.34929
   0.34332
   0.33704
   0.33123
   0.32566
   0.31983
   0.31528
   0.30999
   0.30504
   0.30024
   0.29559
   0.29115
   0.28679
   0.28252
   0.27848
   0.27453
   0.27058
   0.26685
   0.26321
   0.25967
   0.25612
   0.25283
   0.24951
   0.24637
   0.24321
   0.24015
   0.23697
   0.23408
   0.23123
   0.22831
   0.22529
   0.22263
   0.21986
   0.21736
   0.21461
   0.21168
   0.20967
   0.20715
   0.20377
   0.20138
   0.19815
   0.19509
   0.19256
   0.18900
   0.18592
   0.18413
   0.18035
   0.17755
   0.17452
   0.17147
   0.16904
   0.16576
   0.16253
   0.15973
   0.15686
   0.15404
   0.15158
   0.14856
   0.14585
   0.14315
   0.14051
   0.13793
   0.13529
   0.13288
   0.13042
   0.12816
   0.12540
   0.12376
   0.12206
   0.11947
   0.11813
   0.11669
   0.11411
   0.11260
   0.11201
   0.11050
   0.10823
   0.10771
   0.10557
   0.10519
   0.10322
   0.10293
   0.10103
   0.10084
   0.09914
   0.09866
   0.09792
   0.09638
   0.09564
   0.09504
   0.09347
   0.09247
   0.09125
   0.08995
   0.08878
   0.08710
   0.08510
   0.08389
   0.08095
   0.07917
   0.07666
   0.07414
   0.07141
   0.06972
   0.06464
   0.06521
   0.05705
   0.06147
   0.04800
   0.06034
   0.03714
   0.05126
   0.03531
   0.04853
   0.02983
   0.04888
   0.02340
   0.04925
   0.02155
   0.01906
   0.03105
   0.06087
   0.01418
   0.01404
   0.01363
   0.01330
   0.01306
   0.03989
   0.04028
   0.02798
   0.02740
   0.01269
   0.02412
   0.01911
   0.02245
   0.04526
   0.04530
   0.03905
   0.02657
   0.01832
   0.01910
   0.01929
   0.01740
   0.01997
   0.01693
   0.01965
   0.01751
   0.01882
   0.01753
   0.01789
   0.01744
   0.01711
   0.01702
   0.01673
   0.01647
   0.01624
   0.01583
   0.01534
   0.01500
   0.01476
   0.01460
   0.01440
   0.01431
   0.01413
   0.01404
   0.01387
   0.01382
   0.01385
   0.00666
   0.00680
   0.00544
   0.00659
   0.00688
   0.00705
   0.00719
   0.00700
   0.00651
   0.00604
   0.00570
   0.00540
   0.00519
   0.00504
   0.00491
   0.00481
   0.00471
   0.00462
   0.00454
   0.00446
   0.00438
   0.00431
   0.00424
   0.00417
   0.00411
   0.00405
   0.00400
   0.00394
   0.00390
   0.00385
   0.00381
   0.00378
   0.00375
   0.00371
   0.00368
   0.00364
   0.00361
   0.00356
   0.00352
   0.00346
   0.00340
   0.00333
   0.00325
   0.00318
   0.00311
   0.00305
   0.00298
   0.00293
   0.00287
   0.00284
   0.00281
   0.00279
   0.00279
   0.00282
   0.00289
   0.00294
   0.00282
   0.00274
   0.00263
   0.00256
   0.00245
   0.00239
   0.00229
   0.00222
   0.00214
   0.00208
   0.00201
   0.00195
   0.00189
   0.00184
   0.00180
   0.00176
   0.00172
   0.00168
   0.00164
   0.00161
   0.00157
   0.00153
   0.00150
   0.00146
   0.00142
   0.00139
   0.00135
   0.00132
   0.00129
   0.00126
   0.00122
   0.00119
   0.00116
   0.00113
   0.00110
   0.00107
   0.00104
   0.00101
   0.00099
   0.00096
   0.00093
   0.00091
   0.00101
   0.00086
   0.00090
   0.00085
   0.00080
   0.00075
   0.00077
   0.00073
   0.21071
   0.18606
   0.17675
   0.16836
   0.16084
   0.15393
   0.14760
   0.14176
   0.13637
   0.13134
   0.12664
   0.12224
   0.11809
   0.11418
   0.11046
   0.10692
   0.10352
   0.10029
   0.09720
   0.09423
   0.09137
   0.08861
   0.08594
   0.08336
   0.08086
   0.07844
   0.07609
   0.07380
   0.07158
   0.06939
   0.06727
   0.06521
   0.06319
   0.06121
   0.05928
   0.05740
   0.05556
   0.05378
   0.05204
   0.05035
   0.04871
   0.04713
   0.04560
   0.04412
   0.04270
   0.04132
   0.03999
   0.03871
   0.03747
   0.03628
   0.03512
   0.03400
   0.03292
   0.03188
   0.03087
   0.02989
   0.02894
   0.02803
   0.02714
   0.02628
   0.02544
   0.02463
   0.02385
   0.02309
   0.02236
   0.02164
   0.02095
   0.02028
   0.01963
   0.01900
   0.01839
   0.01780
   0.01723
   0.01667
   0.01614
   0.01561
   0.01511
   0.01462
   0.01415
   0.01369
   0.01324
   0.01281
   0.01239
   0.01199
   0.01160
   0.01122
   0.01085
   0.01050
   0.01015
   0.00982
   0.00950
   0.00919
   0.00888
   0.00859
   0.00831
   0.00804
   0.00777
   0.00752
   0.00727
   0.00703
   0.00680
   0.00658
   0.00636
   0.00615
   0.00595
   0.00576
   0.00557
   0.00539
   0.00521
   0.00505
   0.00488
   0.00472
   0.00457
   0.00443
   0.00429
   0.00415
   0.00402
   0.00390
   0.00378
   0.00366
   0.00355
   0.00345
   0.00335
   0.00325
   0.00316
   0.00308
   0.00300
   0.00292
   0.00285
   0.00278
   0.00273
   0.00267
   0.00263
   0.00259
   0.00255
