   0.53341
   0.47217
   0.46155
   0.56283
   0.45853
   0.50976
   0.51526
   0.52094
   0.51112
   0.50805
   0.50614
   0.50474
   0.50082
   0.52384
   0.51665
   0.51280
   0.51024
   0.50851
   0.50735
   0.50657
   0.50605
   0.50570
   0.50540
   0.50528
   0.50519
   0.50513
   0.50509
   0.50507
   0.50505
   0.50504
   0.50503
   0.50503
   0.50502
   0.50502
   0.50502
   0.50502
   0.50502
   0.50502
   0.50502
   0.50502
   0.50502
   0.50503
   0.50503
   0.50503
   0.50503
   0.50503
   0.50503
   0.50503
   0.50503
   0.50503
   0.50502
   0.50502
   0.50502
   0.50502
   0.50502
   0.50503
   0.50503
   0.50503
   0.50503
   0.50503
   0.50503
   0.50503
   0.50503
   0.50503
   0.50503
   0.50504
   0.50504
   0.50504
   0.50504
   0.50504
   0.50504
   0.50504
   0.50504
   0.50504
   0.50505
   0.50505
   0.50505
   0.50505
   0.50505
   0.50505
   0.50505
   0.50505
   0.50506
   0.50506
   0.50506
   0.50506
   0.50506
   0.50506
   0.50506
   0.50506
   0.50507
   0.50507
   0.50507
   0.50507
   0.50507
   0.50507
   0.50507
   0.50507
   0.50507
   0.50508
   0.50508
   0.50508
   0.50507
   0.50507
   0.50507
   0.50507
   0.50507
   0.50507
   0.50507
   0.50507
   0.50507
   0.50507
   0.50508
   0.50508
   0.50508
   0.50508
   0.50508
   0.50508
   0.50508
   0.50508
   0.50509
   0.50509
   0.50509
   0.50509
   0.50509
   0.50509
   0.50510
   0.50510
   0.50510
   0.50510
   0.50510
   0.50511
   0.50511
   0.50511
   0.50512
   0.50512
   0.50513
   0.50513
   0.50513
   0.50513
   0.50514
   0.50514
   0.50514
   0.50514
   0.50514
   0.50515
   0.50515
   0.50515
   0.50515
   0.50515
   0.50515
   0.50516
   0.50516
   0.50516
   0.50516
   0.50516
   0.50517
   0.50517
   0.50517
   0.50518
   0.50519
   0.50519
   0.50520
   0.50520
   0.50521
   0.50521
   0.50522
   0.50522
   0.50522
   0.50523
   0.50523
   0.50523
   0.50523
   0.50523
   0.50523
   0.50523
   0.50524
   0.50524
   0.50524
   0.50524
   0.50524
   0.50524
   0.50524
   0.50524
   0.50524
   0.50524
   0.50524
   0.50524
   0.50524
   0.50523
   0.50523
   0.50523
   0.50523
   0.50523
   0.50523
   0.50523
   0.50523
   0.50523
   0.50523
   0.50523
   0.50523
   0.50524
   0.50524
   0.50524
   0.50524
   0.50524
   0.50524
   0.50524
   0.50524
   0.50524
   0.50524
   0.50524
   0.50524
   0.50525
   0.50525
   0.50525
   0.50525
   0.50525
   0.50525
   0.50525
   0.50525
   0.50525
   0.50525
   0.50525
   0.50525
   0.50524
   0.50524
   0.50524
   0.50524
   0.50524
   0.50524
   0.50524
   0.50524
   0.50523
   0.50523
   0.50523
   0.50523
   0.50523
   0.50522
   0.50522
   0.50522
   0.50522
   0.50522
   0.50522
   0.50522
   0.50522
   0.50522
   0.50522
   0.50523
   0.50523
   0.50523
   0.50523
   0.50523
   0.50523
   0.50523
   0.50523
   0.50523
   0.50523
   0.50523
   0.50523
   0.50523
   0.50523
   0.50523
   0.50523
   0.50523
   0.50523
   0.50522
   0.50522
   0.50522
   0.50522
   0.50522
   0.50522
   0.50522
   0.50522
   0.50522
   0.50522
   0.50522
   0.50522
   0.50522
   0.50522
   0.50522
   0.50522
   0.50522
   0.50522
   0.50522
   0.50522
   0.50522
   0.50522
   0.50522
   0.50522
   0.50522
   0.50522
   0.50522
   0.50522
   0.50522
   0.50523
   0.50523
   0.50523
   0.50523
   0.50523
   0.50523
   0.50523
   0.50523
   0.50522
   0.50522
   0.50522
   0.50521
   0.50521
   0.50521
   0.50521
   0.50521
   0.50521
   0.50521
   0.50521
   0.50521
   0.50521
   0.50521
   0.50521
   0.50521
   0.50521
   0.50521
   0.50521
   0.50521
   0.50521
   0.50521
   0.50521
   0.50521
   0.50521
   0.50521
   0.50521
   0.50522
   0.50522
   0.50522
   0.50522
   0.50522
   0.50522
   0.50522
   0.50522
   0.50522
   0.50522
   0.50522
   0.50522
   0.50522
   0.50522
   0.50522
   0.50522
   0.50522
   0.50522
   0.50522
   0.50523
   0.50523
   0.50523
   0.50523
   0.50523
   0.50523
   0.50523
   0.50523
   0.50523
   0.50523
   0.50523
   0.50523
   0.50523
   0.50523
   0.50523
   0.50523
   0.50523
   0.50524
   0.50524
   0.50524
   0.50524
   0.50524
   0.50524
   0.50524
   0.50524
   0.50524
   0.50524
   0.50524
   0.50524
   0.50524
   0.50525
   0.50525
   0.50525
   0.50525
   0.50525
   0.50525
   0.50525
   0.50525
   0.50525
   0.50525
   0.50525
   0.50526
   0.50526
   0.50526
   0.50526
   0.50526
   0.50527
   0.50527
   0.50528
   0.50528
   0.50528
   0.50529
   0.50529
   0.50529
   0.50529
   0.50529
   0.50530
   0.50530
   0.50530
   0.50530
   0.50530
   0.50530
   0.50530
   0.50530
   0.50531
   0.50531
   0.50531
   0.50531
   0.50531
   0.50531
   0.50531
   0.50532
   0.50532
   0.50532
   0.50532
   0.50533
   0.50533
   0.50534
   0.50534
   0.50534
   0.50535
   0.50535
   0.50535
   0.50535
   0.50535
   0.50536
   0.50536
   0.50536
   0.50536
   0.50536
   0.50536
   0.50536
   0.50536
   0.50537
   0.50537
   0.50537
   0.50537
   0.50537
   0.50537
   0.50537
   0.50537
   0.50537
   0.50538
   0.50538
   0.50538
   0.50538
   0.50538
   0.50539
   0.50539
   0.50540
   0.50541
   0.50541
   0.50542
   0.50543
   0.50543
   0.50544
   0.50544
   0.50545
   0.50545
   0.50545
   0.50546
   0.50546
   0.50546
   0.50546
   0.50546
   0.50546
   0.50546
   0.50546
   0.50547
   0.50547
   0.50547
   0.50547
   0.50547
   0.50547
   0.50547
   0.50547
   0.50547
   0.50547
   0.50547
   0.50547
   0.50547
   0.50547
   0.50547
   0.50547
   0.50547
   0.50547
   0.50547
   0.50547
   0.50547
   0.50547
   0.50546
   0.50546
   0.50546
   0.50545
   0.50545
   0.50545
   0.50545
   0.50545
   0.50545
   0.50545
   0.50545
   0.50545
   0.50544
   0.50544
   0.50544
   0.50544
   0.50544
   0.50544
   0.50544
   0.50544
   0.50544
   0.50545
   0.50545
   0.50545
   0.50545
   0.50545
   0.50545
   0.50545
   0.50545
   0.50545
   0.50545
   0.50545
   0.50545
   0.50545
   0.50545
   0.50545
   0.50545
   0.50545
   0.50545
   0.50545
   0.50545
   0.50545
   0.50545
   0.50545
   0.50545
   0.50545
   0.50545
   0.50545
   0.50545
   0.50545
   0.50545
   0.50545
   0.50545
   0.50545
   0.50545
   0.50545
   0.50545
   0.50546
   0.50546
   0.50546
   0.50546
   0.50546
   0.50546
   0.50546
   0.50546
   0.50546
   0.50546
   0.50546
   0.50546
   0.50546
   0.50546
   0.50546
   0.50546
   0.50546
   0.50546
   0.50546
   0.50546
   0.50546
   0.50545
   0.50545
   0.50544
   0.50544
   0.50544
   0.50544
   0.50544
   0.50543
   0.50543
   0.50543
   0.50543
   0.50543
   0.50543
   0.50543
   0.50543
   0.50543
   0.50543
   0.50543
   0.50543
   0.50543
   0.50543
   0.50543
   0.50543
   0.50543
   0.50543
   0.50543
   0.50543
   0.50543
   0.50543
   0.50543
   0.50543
   0.50543
   0.50543
   0.50543
   0.50543
   0.50543
   0.50543
   0.50543
   0.50543
   0.50543
   0.50543
   0.50543
   0.50543
   0.50543
   0.50543
   0.50543
   0.50543
   0.50543
   0.50543
   0.50543
   0.50543
   0.50543
   0.50543
   0.50543
   0.50543
   0.50543
   0.50543
   0.50543
   0.50543
   0.50543
   0.50543
   0.50544
   0.50544
   0.50544
   0.50544
   0.50544
   0.50544
   0.50544
   0.50544
   0.50544
   0.50544
   0.50544
   0.50544
   0.50544
   0.50544
   0.50544
   0.50544
   0.50544
   0.50544
   0.50544
   0.50544
   0.50544
   0.50544
   0.50544
   0.50544
   0.50544
   0.50544
   0.50544
   0.50544
   0.50544
   0.50544
   0.50544
   0.50544
   0.50545
   0.50545
   0.50545
   0.50545
   0.50545
   0.50545
   0.50545
   0.50545
   0.50545
   0.50545
   0.50545
   0.50545
   0.50545
   0.50545
   0.50545
   0.50545
   0.50545
   0.50545
   0.50545
   0.50545
   0.50545
   0.50545
   0.50545
   0.50545
   0.50545
   0.50545
   0.50545
   0.50545
   0.50545
   0.50545
   0.50545
   0.50545
   0.50545
   0.50545
   0.50545
   0.50545
   0.50545
   0.50545
   0.50545
   0.50545
   0.50545
   0.50545
   0.50544
   0.50544
   0.50544
   0.50543
   0.50543
   0.50543
   0.50543
   0.50543
   0.50542
   0.50542
   0.50542
   0.50542
   0.50542
   0.50542
   0.50542
   0.50542
   0.50542
   0.50542
   0.50542
   0.50542
   0.50542
   0.50542
   0.50542
   0.50542
   0.50542
   0.50542
   0.50542
   0.50542
   0.50542
   0.50542
   0.50542
   0.50542
   0.50542
   0.50542
   0.50542
   0.50542
   0.50542
   0.50542
   0.50542
   0.50542
   0.50542
   0.50542
   0.50542
   0.50542
   0.50542
   0.50542
   0.50542
   0.50542
   0.50542
   0.50542
   0.50542
   0.50542
   0.50542
   0.50542
   0.50542
   0.50542
   0.50542
   0.50542
   0.50542
   0.50542
   0.50542
   0.50542
   0.50542
   0.50542
   0.50541
   0.50541
   0.50540
   0.50540
   0.50540
   0.50540
   0.50540
   0.50539
   0.50539
   0.50539
   0.50539
   0.50539
   0.50539
   0.50539
   0.50539
   0.50539
   0.50539
   0.50539
   0.50539
   0.50539
   0.50539
   0.50539
   0.50539
   0.50539
   0.50538
   0.50538
   0.50538
   0.50538
   0.50538
   0.50538
   0.50538
   0.50537
   0.50537
   0.50537
   0.50536
   0.50536
   0.50536
   0.50535
   0.50535
   0.50535
   0.50535
   0.50535
   0.50535
   0.50535
   0.50535
   0.50534
   0.50534
   0.50534
   0.50534
   0.50534
   0.50534
   0.50534
   0.50534
   0.50534
   0.50534
   0.50534
   0.50534
   0.50534
   0.50534
   0.50534
   0.50534
   0.50534
   0.50534
   0.50534
   0.50534
   0.50534
   0.50534
   0.50534
   0.50534
   0.50534
   0.50534
   0.50534
   0.50534
   0.50534
   0.50534
   0.50534
   0.50534
   0.50534
   0.50534
   0.50534
   0.50534
   0.50534
   0.50534
   0.50534
   0.50534
   0.50534
   0.50534
   0.50534
   0.50534
   0.50534
   0.50534
   0.50534
   0.50534
   0.50534
   0.50534
   0.50534
   0.50534
   0.50534
   0.50534
   0.50534
   0.50534
   0.50534
   0.50534
   0.50534
   0.50534
   0.50534
   0.50534
   0.50534
   0.50534
   0.50534
   0.50534
   0.50534
   0.50534
   0.50534
   0.50534
   0.50534
   0.50534
   0.50534
   0.50534
   0.50534
   0.50534
   0.50534
   0.50534
   0.50534
   0.50534
   0.50534
   0.50534
   0.50534
   0.50534
   0.50534
   0.50534
   0.50534
   0.50534
   0.50534
   0.50534
   0.50534
   0.50534
   0.50534
   0.50534
   0.50534
   0.50534
   0.50534
   0.50534
   0.50534
   0.50534
   0.50534
   0.50534
   0.50534
   0.50534
   0.50534
   0.50534
   0.50534
   0.50534
   0.50534
   0.50534
   0.50534
   0.50534
   0.50534
   0.50534
   0.50534
   0.50534
   0.50535
   0.50535
   0.50535
   0.50535
   0.50535
   0.50535
   0.50535
   0.50535
   0.50535
   0.50535
   0.50535
   0.50535
   0.50535
   0.50535
   0.50535
   0.50535
   0.50535
   0.50535
   0.50535
   0.50535
   0.50535
   0.50535
   0.50535
   0.50535
   0.50535
   0.50535
   0.50535
   0.50535
   0.50535
   0.50535
   0.50535
   0.50535
   0.50535
   0.50535
   0.50535
   0.50535
   0.50535
   0.50535
   0.50535
   0.50535
   0.50535
   0.50535
   0.50535
   0.50535
   0.50535
   0.50535
   0.50535
   0.50535
   0.50535
   0.50535
   0.50535
   0.50535
   0.50535
   0.50535
   0.50535
   0.50535
   0.50535
   0.50535
   0.50535
   0.50535
   0.50535
   0.50535
   0.50535
