   0.69067
   0.72162
   0.72039
   0.72775
   0.72205
   0.72414
   0.72167
   0.71885
   0.71688
   0.71453
   0.71228
   0.70984
   0.70826
   0.70594
   0.70333
   0.69347
   0.70028
   0.69668
   0.69543
   0.69229
   0.68615
   0.68718
   0.68453
   0.67651
   0.67873
   0.67450
   0.67349
   0.65469
   0.66327
   0.65996
   0.65661
   0.65212
   0.64907
   0.64548
   0.64121
   0.63577
   0.63125
   0.62596
   0.62044
   0.61230
   0.60763
   0.60132
   0.59486
   0.58086
   0.57575
   0.57138
   0.56676
   0.56072
   0.55383
   0.54624
   0.53890
   0.53230
   0.52638
   0.52233
   0.51889
   0.51706
   0.51505
   0.51393
   0.51275
   0.50951
   0.50518
   0.49710
   0.48534
   0.47204
   0.45815
   0.44538
   0.43376
   0.42349
   0.41403
   0.40518
   0.39701
   0.38916
   0.38159
   0.37421
   0.36707
   0.36005
   0.35327
   0.34662
   0.34023
   0.33408
   0.32800
   0.32217
   0.31643
   0.31098
   0.30562
   0.30040
   0.29541
   0.29044
   0.28595
   0.28132
   0.27679
   0.27243
   0.26820
   0.26397
   0.25997
   0.25586
   0.25180
   0.24774
   0.24367
   0.23949
   0.23544
   0.23108
   0.22662
   0.22220
   0.21784
   0.21326
   0.20878
   0.20417
   0.19974
   0.19491
   0.19005
   0.18577
   0.18104
   0.17648
   0.17203
   0.16775
   0.16313
   0.15902
   0.15464
   0.15061
   0.14609
   0.14151
   0.13812
   0.13438
   0.13082
   0.12723
   0.12392
   0.12041
   0.11700
   0.11421
   0.11140
   0.10872
   0.10633
   0.10369
   0.10223
   0.10051
   0.09909
   0.09816
   0.09761
   0.09743
   0.09783
   0.09866
   0.10040
   0.10098
   0.10320
   0.10688
   0.10885
   0.11325
   0.11479
   0.11683
   0.11747
   0.11924
   0.12058
   0.12203
   0.12213
   0.12146
   0.12138
   0.12193
   0.11935
   0.11512
   0.10545
   0.09206
   0.08012
   0.04961
   0.32375
   0.05689
   0.04857
   0.04218
   0.03957
   0.03567
   0.03323
   0.03116
   0.03005
   0.03040
   0.03072
   0.03051
   0.03150
   0.03036
   0.02955
   0.02858
   0.02760
   0.02704
   0.02582
   0.02463
   0.02397
   0.02316
   0.02235
   0.02187
   0.02131
   0.02053
   0.02043
   0.01978
   0.01943
   0.01862
   0.01865
   0.01589
   0.01634
   0.01725
   0.01719
   0.01463
   0.01873
   0.01318
   0.01693
   0.01216
   0.01263
   0.01047
   0.01105
   0.01594
   0.01654
   0.01206
   0.01872
   0.01123
   0.01274
   0.00792
   0.00881
   0.00903
   0.00719
   0.01478
   1.50172
   0.05696
   0.02775
   0.02482
   0.02299
   0.02452
   0.06501
   0.07979
   0.07253
   0.07186
   0.06188
   0.05796
   0.05738
   0.05628
   0.06087
   0.05568
   0.05544
   0.05076
   0.05079
   0.04663
   0.05156
   0.05142
   0.04322
   0.05055
   0.03289
   0.04486
   0.03392
   0.03984
   0.03563
   0.03555
   0.03249
   0.03099
   0.02923
   0.02757
   0.02608
   0.02476
   0.02356
   0.02248
   0.02151
   0.02028
   0.01933
   0.01812
   0.02057
   0.02006
   0.01878
   0.01916
   0.01617
   0.01842
   0.01607
   0.01671
   0.01495
   0.01577
   0.01406
   0.01433
   0.01422
   0.01285
   0.01259
   0.01261
   0.01248
   0.01303
   0.00829
   0.32981
   0.15593
   0.13999
   0.10847
   0.09298
   0.08924
   0.08557
   0.08037
   0.07688
   0.07348
   0.07019
   0.06705
   0.06413
   0.06129
   0.05863
   0.05608
   0.05148
   0.04857
   0.04672
   0.04479
   0.04293
   0.04112
   0.03939
   0.03770
   0.03609
   0.03455
   0.03307
   0.03168
   0.03034
   0.02912
   0.02797
   0.02691
   0.02593
   0.02501
   0.02417
   0.02336
   0.02260
   0.02188
   0.02117
   0.02050
   0.01985
   0.01921
   0.01859
   0.01800
   0.01741
   0.01685
   0.01630
   0.01576
   0.01524
   0.01473
   0.01424
   0.01376
   0.01330
   0.01284
   0.01241
   0.01198
   0.01157
   0.01116
   0.01077
   0.01040
   0.01003
   0.00967
   0.00933
   0.00900
   0.00867
   0.00836
   0.00806
   0.00776
   0.00748
   0.00721
   0.00694
   0.00669
   0.00645
   0.00623
   0.00603
   0.00586
   0.00570
   0.00556
   0.00540
   0.00539
   0.00477
   0.00519
   0.00463
   0.10728
   0.25952
   0.29079
   0.26002
   0.25161
   0.24074
   0.22228
   0.21041
   0.19301
   0.16460
   0.15655
   0.14892
   0.13455
   0.12653
   0.12051
   0.11606
   0.11195
   0.10829
   0.10463
   0.10112
   0.09774
   0.09503
   0.09204
   0.08961
   0.08694
   0.08457
   0.08225
   0.07998
   0.07763
   0.07573
   0.07372
   0.07164
   0.06988
   0.06806
   0.06622
   0.06460
   0.06295
   0.06127
   0.05981
   0.05825
   0.05684
   0.05529
   0.05408
   0.05257
   0.05141
   0.04999
   0.04886
   0.04752
   0.04647
   0.04522
   0.04416
   0.04296
   0.04197
   0.04083
   0.03987
   0.03781
   0.03702
   0.03567
   0.03484
   0.03401
   0.03336
   0.03251
   0.03197
   0.03132
   0.03077
   0.03018
   0.02963
   0.02914
   0.02863
   0.02829
   0.02780
   0.02734
   0.02694
   0.02657
   0.02618
   0.02580
   0.02542
   0.02503
   0.02442
   0.02307
   0.02072
   0.02084
   0.02071
   0.02030
   0.02001
   0.01969
   0.01941
   0.01913
   0.01888
   0.01864
   0.01842
   0.01821
   0.01801
   0.01781
   0.01764
   0.01743
   0.01729
   0.01706
   0.01698
   0.01670
   0.01669
   0.01617
   0.01637
   0.01561
   0.01533
   0.01445
   0.01033
   0.47211
   0.00904
   0.01188
   0.01084
   0.01066
   0.01044
   0.01022
   0.01001
   0.00982
   0.00963
   0.00944
   0.00927
   0.00910
   0.00893
   0.00877
   0.00861
   0.00846
   0.00832
   0.00818
   0.00805
   0.00792
   0.00780
   0.00768
   0.00758
   0.00748
   0.00739
   0.00731
   0.00723
   0.00717
   0.00711
   0.00706
