   0.70124
   0.70975
   0.71204
   0.71589
   0.71725
   0.71879
   0.73015
   0.72381
   0.72899
   0.73566
   0.72130
   0.73521
   0.72782
   0.73654
   0.73862
   0.73876
   0.73983
   0.72950
   0.74391
   0.73691
   0.73183
   0.72722
   0.72873
   0.71468
   0.70631
   0.70862
   0.70655
   0.70643
   0.70572
   0.70486
   0.70399
   0.70316
   0.70231
   0.70157
   0.70091
   0.70040
   0.70008
   0.70008
   0.70051
   0.70126
   0.70246
   0.70361
   0.70473
   0.70579
   0.70684
   0.70804
   0.70951
   0.71145
   0.71594
   0.71930
   0.72411
   0.72911
   0.73548
   0.74217
   0.74976
   0.75838
   0.76647
   0.77434
   0.78217
   0.79068
   0.79992
   0.80803
   0.81606
   0.82415
   0.83229
   0.84072
   0.84938
   0.85724
   0.86661
   0.87462
   0.88243
   0.89148
   0.89950
   0.90745
   0.91395
   0.92165
   0.93049
   0.93751
   0.94698
   0.95402
   0.96063
   0.96791
   0.97500
   0.98208
   0.98896
   0.99572
   1.00218
   1.00555
   1.00981
   1.01423
   1.01727
   1.02025
   1.02087
   1.02157
   1.02084
   1.01841
   1.01353
   1.00711
   0.99855
   0.98735
   0.97389
   0.95873
   0.94047
   0.91924
   0.89698
   0.87304
   0.84569
   0.81728
   0.78935
   0.75877
   0.72769
   0.69594
   0.66257
   0.62995
   0.59645
   0.56268
   0.52806
   0.49559
   0.46551
   0.43646
   0.40685
   0.37930
   0.35334
   0.32968
   0.31049
   0.29686
   0.28985
   0.28791
   0.29256
   0.30259
   0.31597
   0.33015
   0.34142
   0.34665
   0.34378
   0.32964
   0.30639
   0.27686
   0.24530
   0.20969
   0.17043
   0.11983
   0.05987
   0.02304
   0.01834
   0.02473
   0.03482
   0.03543
   0.04475
   0.04916
   0.05791
   0.06111
   0.05891
   0.05416
   0.05873
   0.09648
   0.23840
   0.23519
   0.34549
   0.28103
   0.34772
   0.39854
   0.33590
   0.28199
   0.25252
   0.31157
   0.40244
   0.17960
   0.47843
   0.36764
   0.19923
   0.49007
   1.42445
   2.23065
   0.91392
   0.01731
   1.11416
   0.03542
   1.24412
   0.02520
   0.01394
   0.11717
   0.01103
   0.00807
   0.00539
   0.20897
   0.85394
   0.01916
   0.00194
   0.11465
   0.00199
   0.01907
   0.00512
   0.00823
   0.00307
   0.00129
   0.00281
   0.00164
   0.00256
   0.00240
   0.00058
   0.00207
   0.00059
   0.00050
   0.00050
   0.03604
   0.00046
   0.00038
   0.00041
   0.00037
   0.00033
   0.00034
   0.00034
   0.00033
   0.00033
   0.00041
   0.00035
   0.00033
   0.00032
   0.00030
   3.34026
   0.00046
   0.00043
   0.00043
   0.00037
   0.00052
   0.00144
   0.00079
   0.00068
   0.00062
   1.23238
   0.19070
   0.15297
   0.13538
   0.12547
   0.11709
   0.10966
   0.10269
   0.09610
   0.08941
   0.08335
   0.07762
   0.07226
   0.06724
   0.06255
   0.05820
   0.05415
   0.05039
   0.04687
   0.04354
   0.04040
   0.03740
   0.03453
   0.03177
   0.02916
   0.02674
   0.02455
   0.02274
   0.02139
   0.02055
   0.02007
   0.01957
   0.01901
   0.01797
   0.01720
   0.01576
   0.01503
   0.01322
   0.01199
   0.01147
   0.01005
   0.00969
   0.01508
   0.01430
   0.04955
   0.02113
   0.02688
   0.01121
   0.04210
   0.47778
   0.01153
   0.39375
   0.05100
   0.07977
   0.10008
   0.00694
   0.08474
   0.00396
   0.02695
   0.00812
   0.12831
   0.00595
   0.01952
   0.00395
   0.00336
   0.00362
   0.00448
   0.00454
   0.00446
   0.00496
   0.00518
   0.00448
   0.00450
   0.00449
   0.00470
   0.00413
   0.00622
   0.00186
   0.07266
   0.00304
   0.00464
   0.00483
   0.00728
   0.00514
   0.00193
   0.01295
   0.00722
   0.00631
   0.00291
   0.00644
   0.00684
   0.00590
   0.00535
   0.01208
   0.00507
   0.00438
   0.00381
   0.00157
   0.00156
   0.00060
   0.00130
   0.00209
   0.00467
   0.00396
   0.00053
   0.00057
   0.00077
   0.00076
   0.00051
   0.00050
   0.00050
   0.00053
   0.01226
   0.16115
   0.00046
   0.06895
   0.00093
   0.06712
   0.00048
   0.02235
   0.00057
   0.00054
   0.00051
   0.00044
   0.00047
   0.00052
   0.00532
   0.00132
   0.00037
   0.00051
   0.00034
   0.00219
   0.00039
   0.00189
   0.00074
   0.00069
   0.00063
   0.39211
   0.00207
   0.00142
   0.00109
   0.54979
   0.00179
   0.00131
   0.01239
   0.00101
   0.00094
   0.00246
   0.00080
   0.00081
   0.01492
   0.00076
   0.00076
   0.01746
   0.00072
   0.00074
   0.02034
   0.00067
   0.00057
   0.00051
   0.00419
   0.00202
   0.00149
   0.00115
   0.00098
   0.00084
   0.00077
   0.00076
   0.00176
   0.00071
   0.00088
   0.00080
   0.00074
   0.00070
   0.00074
   0.00114
   0.00097
   0.00087
   0.00078
   0.00076
   0.94998
   0.00107
   0.00089
   0.00078
   0.00065
   0.00069
   0.00064
   0.00059
   0.00060
   0.00049
   0.00051
   0.00050
   0.00049
   0.00053
   0.00079
   0.00181
   0.00037
   0.00040
   0.00055
   0.00216
   0.00161
   0.00124
   0.00099
   0.00078
   0.00066
   0.00061
   0.00107
   0.00052
   0.00049
   0.00046
   0.00045
   0.00047
   0.00038
   0.00033
   0.00032
   0.00031
   0.00033
   0.00034
   0.00032
   0.00030
   0.00029
   0.00029
   0.00028
   0.00031
   0.00026
   0.00025
   0.00025
   0.00025
   0.00025
   0.00028
   0.00384
   0.00148
   0.00107
   0.00081
   0.00063
   0.00051
   0.00045
   0.00482
   0.00119
   0.00092
   0.00072
   0.00057
   0.00048
   0.00043
   0.00034
   0.00030
   0.00029
   0.00154
   0.00129
   0.00103
   0.00081
   0.00064
   0.00052
   0.00044
   0.00039
   0.00031
   0.00030
   0.00034
   0.00032
   0.00029
   0.00027
   0.00025
   0.00024
   0.00023
   0.00077
   0.00068
   0.00054
   0.00045
   0.00038
   0.00033
