   0.68866
   0.68549
   0.68511
   0.68445
   0.68395
   0.68330
   0.68287
   0.68254
   0.68217
   0.68136
   0.68075
   0.68032
   0.67985
   0.67945
   0.67898
   0.67850
   0.67796
   0.67759
   0.67712
   0.67663
   0.67574
   0.67512
   0.67397
   0.67461
   0.67456
   0.67312
   0.67250
   0.67209
   0.67149
   0.67100
   0.67051
   0.66969
   0.66914
   0.66850
   0.66795
   0.66727
   0.66667
   0.66592
   0.66530
   0.66457
   0.66378
   0.66311
   0.66204
   0.66153
   0.66015
   0.66025
   0.65872
   0.65747
   0.65671
   0.65608
   0.65543
   0.65470
   0.65394
   0.65305
   0.65229
   0.65134
   0.65053
   0.64945
   0.64864
   0.64772
   0.64680
   0.64583
   0.64463
   0.64369
   0.64324
   0.64282
   0.64130
   0.64024
   0.64002
   0.63998
   0.63863
   0.63706
   0.63628
   0.63545
   0.63474
   0.63404
   0.63369
   0.63308
   0.63242
   0.64713
   0.64455
   0.64299
   0.64266
   0.64500
   0.64368
   0.64274
   0.64021
   0.63726
   0.63425
   0.63075
   0.62705
   0.62311
   0.61916
   0.61529
   0.61128
   0.60744
   0.60352
   0.59964
   0.59570
   0.59182
   0.58786
   0.58397
   0.58000
   0.57607
   0.57213
   0.56819
   0.56426
   0.56032
   0.55642
   0.55257
   0.54875
   0.54492
   0.54115
   0.53747
   0.53379
   0.53015
   0.52657
   0.52302
   0.51949
   0.51601
   0.51255
   0.50910
   0.50573
   0.50235
   0.49899
   0.49566
   0.49238
   0.48911
   0.48586
   0.48262
   0.47943
   0.47623
   0.47307
   0.46995
   0.46686
   0.46377
   0.46073
   0.45772
   0.45471
   0.45173
   0.44876
   0.44585
   0.44297
   0.44011
   0.43730
   0.43448
   0.43173
   0.42900
   0.42631
   0.42365
   0.42104
   0.41845
   0.41591
   0.41332
   0.41081
   0.40829
   0.40587
   0.40347
   0.40114
   0.39886
   0.39667
   0.39450
   0.39243
   0.39040
   0.38844
   0.38655
   0.38473
   0.38295
   0.38126
   0.37962
   0.37805
   0.37653
   0.37505
   0.37361
   0.37220
   0.37075
   0.36930
   0.36787
   0.36641
   0.36481
   0.36318
   0.36146
   0.35964
   0.35778
   0.35582
   0.35357
   0.35119
   0.34882
   0.34622
   0.34367
   0.34096
   0.33828
   0.33551
   0.33289
   0.33014
   0.32727
   0.32449
   0.32178
   0.31898
   0.31623
   0.31357
   0.31085
   0.30800
   0.30544
   0.30272
   0.30002
   0.29735
   0.29471
   0.29211
   0.28947
   0.28669
   0.28416
   0.28157
   0.27901
   0.27634
   0.27384
   0.27126
   0.26867
   0.26605
   0.26364
   0.26097
   0.25853
   0.25599
   0.25352
   0.25101
   0.24844
   0.24615
   0.24347
   0.24114
   0.23875
   0.23632
   0.23389
   0.23160
   0.22909
   0.22682
   0.22444
   0.22206
   0.21982
   0.21745
   0.21516
   0.21282
   0.21056
   0.20828
   0.20604
   0.20379
   0.20155
   0.19936
   0.19713
   0.19507
   0.19270
   0.19069
   0.18852
   0.18637
   0.18420
   0.18214
   0.17993
   0.17792
   0.17582
   0.17377
   0.17175
   0.16971
   0.16763
   0.16567
   0.16366
   0.16169
   0.15973
   0.15767
   0.15587
   0.15389
   0.15218
   0.15005
   0.14829
   0.14618
   0.14477
   0.14242
   0.14113
   0.13885
   0.13736
   0.13540
   0.13371
   0.13190
   0.13022
   0.12849
   0.12669
   0.12491
   0.12329
   0.12155
   0.11995
   0.11831
   0.11665
   0.11497
   0.11339
   0.11183
   0.11023
   0.10859
   0.10708
   0.10547
   0.10399
   0.10237
   0.10096
   0.09938
   0.09798
   0.09644
   0.09506
   0.09358
   0.09220
   0.09068
   0.08942
   0.08792
   0.08666
   0.08520
   0.08397
   0.08255
   0.08121
   0.08004
   0.07879
   0.07741
   0.07626
   0.07503
   0.07381
   0.07258
   0.07142
   0.07025
   0.06914
   0.06796
   0.06688
   0.06579
   0.06468
   0.06360
   0.06257
   0.06157
   0.06053
   0.05954
   0.05854
   0.05758
   0.05664
   0.05570
   0.05478
   0.05389
   0.05297
   0.05219
   0.05131
   0.05049
   0.04970
   0.04892
   0.04814
   0.04736
   0.04667
   0.04600
   0.04530
   0.04459
   0.04392
   0.04326
   0.04262
   0.04199
   0.04138
   0.04079
   0.04021
   0.03962
   0.03907
   0.03853
   0.03800
   0.03748
   0.03697
   0.03647
   0.03598
   0.03550
   0.03504
   0.03458
   0.03413
   0.03369
   0.03326
   0.03283
   0.03242
   0.03201
   0.03160
   0.03120
   0.03081
   0.03042
   0.03003
   0.02966
   0.02928
   0.02891
   0.02855
   0.02818
   0.02782
   0.02747
   0.02712
   0.02678
   0.02643
   0.02610
   0.02576
   0.02543
   0.02511
   0.02479
   0.02448
   0.02417
   0.02386
   0.02357
   0.02327
   0.02299
   0.02271
   0.02244
   0.02217
   0.02191
   0.02166
   0.02141
   0.02118
   0.02095
   0.02073
   0.02051
   0.02030
   0.02011
   0.01993
   0.01976
   0.01960
   0.01945
   0.01932
   0.01920
   0.01909
   0.01900
   0.01895
   0.01889
   0.01884
   0.01881
   0.01883
   0.01886
   0.01891
   0.01899
   0.01910
   0.01925
   0.01942
   0.01963
   0.01988
   0.02021
   0.02056
   0.02093
   0.02129
   0.02175
   0.02224
   0.02273
   0.02326
   0.02377
   0.02435
   0.02481
   0.02526
   0.02546
   0.02555
   0.02536
   0.02466
   0.02342
   0.02150
   0.01890
   0.01557
   0.01228
   0.01036
   0.01013
   0.00998
   0.00990
   0.00978
   0.00967
   0.00957
   0.00947
   0.00936
   0.00926
   0.00916
   0.00906
   0.00896
   0.00886
   0.00876
   0.00866
   0.00857
   0.00847
   0.00837
   0.00828
   0.00819
   0.00809
   0.00800
   0.00791
   0.00782
   0.00773
   0.00764
   0.00755
   0.00747
   0.00738
   0.00729
   0.00721
   0.00712
   0.00704
   0.00696
   0.00688
   0.00680
   0.00672
   0.00664
   0.00656
   0.00648
   0.00641
   0.00633
   0.00625
   0.00618
