   0.78199
   0.81740
   0.81860
   0.81626
   0.81340
   0.81001
   0.80649
   0.80426
   0.80289
   0.79615
   0.78620
   0.79341
   0.79065
   0.78676
   0.78319
   0.78038
   0.77865
   0.77594
   0.77485
   0.77323
   0.77210
   0.76995
   0.76846
   0.77527
   0.77276
   0.77047
   0.76821
   0.76385
   0.76279
   0.75949
   0.75478
   0.75304
   0.74683
   0.74433
   0.73966
   0.73087
   0.71085
   0.71346
   0.71205
   0.70619
   0.69393
   0.68842
   0.68064
   0.66906
   0.66098
   0.65261
   0.64518
   0.63950
   0.63377
   0.60808
   0.60536
   0.60026
   0.58787
   0.58066
   0.57433
   0.56005
   0.55481
   0.54907
   0.54259
   0.53541
   0.52778
   0.52026
   0.51268
   0.50533
   0.49812
   0.49096
   0.48431
   0.47774
   0.47178
   0.46622
   0.46051
   0.45548
   0.45020
   0.44517
   0.44013
   0.43509
   0.42986
   0.42439
   0.41854
   0.41312
   0.40703
   0.40034
   0.39305
   0.38566
   0.37849
   0.37112
   0.36421
   0.35625
   0.34954
   0.34318
   0.33720
   0.33116
   0.32576
   0.32042
   0.31530
   0.31038
   0.30564
   0.30108
   0.29669
   0.29253
   0.28858
   0.28455
   0.28076
   0.27709
   0.27359
   0.27011
   0.26680
   0.26365
   0.26054
   0.25759
   0.25466
   0.25186
   0.24912
   0.24649
   0.24394
   0.24146
   0.23903
   0.23668
   0.23438
   0.23205
   0.22982
   0.22758
   0.22548
   0.22333
   0.22117
   0.22037
   0.21821
   0.21618
   0.21409
   0.21203
   0.20976
   0.20781
   0.20557
   0.20344
   0.20260
   0.20210
   0.19970
   0.19744
   0.19520
   0.19295
   0.19083
   0.18851
   0.18614
   0.18482
   0.18240
   0.18002
   0.17758
   0.17514
   0.17269
   0.17027
   0.16784
   0.16540
   0.16299
   0.16057
   0.15821
   0.15584
   0.15350
   0.15119
   0.14891
   0.14667
   0.14445
   0.14228
   0.14012
   0.13802
   0.13594
   0.13392
   0.13192
   0.12996
   0.12805
   0.12619
   0.12435
   0.12256
   0.12080
   0.11908
   0.11740
   0.11574
   0.11409
   0.11250
   0.11095
   0.10941
   0.10790
   0.10641
   0.10495
   0.10349
   0.10205
   0.10061
   0.09919
   0.09778
   0.09635
   0.09494
   0.09350
   0.09208
   0.09065
   0.08919
   0.08777
   0.08634
   0.08492
   0.08352
   0.08214
   0.08077
   0.07944
   0.07816
   0.07690
   0.07566
   0.07443
   0.07319
   0.07187
   0.07032
   0.06807
   0.06332
   0.05421
   0.03069
   0.02912
   0.03773
   0.05605
   0.01070
   0.05154
   0.01635
   0.03299
   0.00958
   0.04210
   0.01792
   0.01387
   0.02504
   0.01010
   0.03220
   0.02599
   0.01034
   0.04837
   0.04403
   0.00856
   0.04467
   0.00935
   0.01422
   0.00779
   0.00703
   0.03961
   0.00798
   0.04997
   0.04789
   0.04271
   0.00649
   0.01183
   0.00583
   0.01359
   0.01032
   0.01903
   0.03841
   0.01254
   0.02835
   0.03419
   0.00613
   0.00502
   0.00496
   0.00494
   0.00490
   0.00485
   0.00477
   0.00468
   0.00459
   0.00449
   0.00440
   0.00431
   0.00423
   0.00416
   0.00410
   0.00405
   0.00399
   0.00392
   0.00386
   0.00379
   0.00373
   0.00367
   0.00361
   0.00358
   0.00379
   0.00343
   0.01196
   0.00329
   0.01571
   0.00314
   0.01292
   0.00303
   0.01015
   0.00286
   0.00911
   0.00283
   0.00781
   0.00406
   0.00664
   0.00610
   0.00595
   0.00562
   0.00525
   0.00486
   0.00441
   0.00389
   0.00338
   0.00291
   0.00254
   0.00229
   0.00212
   0.00201
   0.00193
   0.00186
   0.00180
   0.00175
   0.00170
   0.00165
   0.00161
   0.00157
   0.00153
   0.00149
   0.00145
   0.00142
   0.00138
   0.00135
   0.00132
   0.00129
   0.00126
   0.00125
   0.00130
   0.00119
   0.00114
   0.00581
   0.00503
   0.00386
   0.00432
   0.00415
   0.00794
   0.01098
   0.00968
   0.00629
   0.00423
   0.00378
   0.00321
   0.00324
   0.00299
   0.00276
   0.00265
   0.00263
   0.00257
   0.00250
   0.00246
   0.00241
   0.00260
   0.00253
   0.00250
   0.00243
   0.00232
   0.00225
   0.00216
   0.00206
   0.00201
   0.00183
   0.00176
   0.00189
   0.00175
   0.00155
   0.00157
   0.00165
   0.00172
   0.00355
   0.00333
   0.00521
   0.00076
   0.00338
   0.00275
   0.00360
   0.00196
   0.00297
   0.00242
   0.00164
   0.00164
   0.00172
   0.00197
   0.00063
   0.00052
   0.00127
   0.00116
   0.00128
   0.33365
   0.00208
   0.00356
   0.04148
   0.03680
   0.00748
   0.00638
   0.00716
   0.00710
   0.00744
   0.00552
   0.00580
   0.00589
   0.00510
   0.00775
   0.00301
   0.00222
   0.00374
   0.00386
   0.00352
   0.00298
   0.00149
   0.00111
   0.00324
   0.00169
   0.00152
   0.00119
   0.01415
   0.05277
   0.03380
   0.00303
   0.00198
   0.00187
   0.00182
   0.00180
   0.00178
   0.00178
   0.00177
   0.00177
   0.00177
   0.00180
   0.00183
   0.00186
   0.00194
   0.00200
   0.00206
   0.00214
   0.00223
   0.00231
   0.00241
   0.00251
   0.00263
   0.00274
   0.00271
   0.00257
   0.00239
   0.00215
   0.00192
   0.00166
   0.00235
   0.00092
   0.00213
   0.00178
   0.02170
   0.00123
   0.00145
   0.00150
   0.00149
   0.00149
   0.00153
   0.00158
   0.00163
   0.00169
   0.00176
   0.00185
   0.00200
   0.00221
   0.00233
   0.00176
   0.00105
   0.00135
   0.00779
   0.00199
   0.00181
   0.00176
   0.00164
   0.00158
   0.00153
   0.00149
   0.00147
   0.00148
   0.00147
   0.00146
   0.00146
   0.00146
   0.00150
   0.00153
   0.00156
   0.00160
   0.00166
   0.00176
   0.00188
   0.00207
   0.00233
   0.00240
   0.00122
   0.00072
   0.00170
   0.00185
   0.00196
   0.00217
   0.00248
   0.00248
   0.00158
   0.00161
   0.00081
   0.00072
   0.05092
   0.00294
