   0.69064
   0.69007
   0.68987
   0.68947
   0.68907
   0.68894
   0.68874
   0.68865
   0.68842
   0.68826
   0.68810
   0.68795
   0.68778
   0.68768
   0.68748
   0.68732
   0.68717
   0.69092
   0.68659
   0.68668
   0.68651
   0.68635
   0.68618
   0.68602
   0.68585
   0.68568
   0.68550
   0.68532
   0.68514
   0.68496
   0.68477
   0.68459
   0.68439
   0.68420
   0.68400
   0.68380
   0.68361
   0.68340
   0.68321
   0.68300
   0.68281
   0.68262
   0.68203
   0.68434
   0.68195
   0.68170
   0.68155
   0.68136
   0.68122
   0.68611
   0.68114
   0.68081
   0.68110
   0.68112
   0.68118
   0.68082
   0.68076
   0.68065
   0.68054
   0.68006
   0.67937
   0.67847
   0.67718
   0.67608
   0.67491
   0.67419
   0.68095
   0.67294
   0.67224
   0.67094
   0.66977
   0.66855
   0.66733
   0.66649
   0.66617
   0.66569
   0.66650
   0.66766
   0.66895
   0.67081
   0.67214
   0.67390
   0.67577
   0.67776
   0.67919
   0.68090
   0.68350
   0.68449
   0.68589
   0.68540
   0.68530
   0.68391
   0.68843
   0.68442
   0.67952
   0.67375
   0.66645
   0.65943
   0.65269
   0.64547
   0.63806
   0.63042
   0.62260
   0.61490
   0.60727
   0.59926
   0.59127
   0.58340
   0.57576
   0.56810
   0.56053
   0.55304
   0.54583
   0.53885
   0.53211
   0.52552
   0.51922
   0.51315
   0.50742
   0.50200
   0.49693
   0.49206
   0.48757
   0.48318
   0.47908
   0.47507
   0.47126
   0.46754
   0.46388
   0.46031
   0.45679
   0.45333
   0.44995
   0.44661
   0.44324
   0.43994
   0.43661
   0.43333
   0.43001
   0.42673
   0.42346
   0.42020
   0.41695
   0.41370
   0.41046
   0.40729
   0.40408
   0.40083
   0.39761
   0.39441
   0.39121
   0.38806
   0.38493
   0.38181
   0.37871
   0.37561
   0.37256
   0.36952
   0.36652
   0.36355
   0.36061
   0.35771
   0.35485
   0.35202
   0.34923
   0.34648
   0.34377
   0.34111
   0.33849
   0.33588
   0.33328
   0.33073
   0.32816
   0.32567
   0.32312
   0.32055
   0.31787
   0.31526
   0.31269
   0.31000
   0.30728
   0.30455
   0.30178
   0.29892
   0.29624
   0.29343
   0.29059
   0.28780
   0.28483
   0.28214
   0.27927
   0.27650
   0.27363
   0.27077
   0.26800
   0.26525
   0.26246
   0.25970
   0.25692
   0.25415
   0.25138
   0.24864
   0.24587
   0.24313
   0.24039
   0.23767
   0.23496
   0.23224
   0.22953
   0.22683
   0.22415
   0.22148
   0.21878
   0.21612
   0.21346
   0.21081
   0.20819
   0.20558
   0.20298
   0.20041
   0.19783
   0.19528
   0.19274
   0.19018
   0.18768
   0.18518
   0.18271
   0.18026
   0.17780
   0.17538
   0.17297
   0.17058
   0.16822
   0.16588
   0.16352
   0.16126
   0.15897
   0.15668
   0.15441
   0.15221
   0.14999
   0.14782
   0.14566
   0.14352
   0.14141
   0.13932
   0.13725
   0.13520
   0.13318
   0.13118
   0.12920
   0.12732
   0.12538
   0.12348
   0.12159
   0.11973
   0.11787
   0.11606
   0.11411
   0.11233
   0.11058
   0.10885
   0.10715
   0.10546
   0.10382
   0.10218
   0.10057
   0.09898
   0.09742
   0.09588
   0.09435
   0.09286
   0.09140
   0.08992
   0.08850
   0.08710
   0.08571
   0.08435
   0.08302
   0.08172
   0.08043
   0.07915
   0.07791
   0.07668
   0.07548
   0.07427
   0.07309
   0.07194
   0.07082
   0.06971
   0.06871
   0.06762
   0.06655
   0.06552
   0.06450
   0.06349
   0.06250
   0.06156
   0.06060
   0.05965
   0.05870
   0.05777
   0.05687
   0.05597
   0.05510
   0.05424
   0.05337
   0.05253
   0.05171
   0.05090
   0.05010
   0.04931
   0.04853
   0.04774
   0.04699
   0.04622
   0.04548
   0.04473
   0.04401
   0.04327
   0.04256
   0.04183
   0.04113
   0.04041
   0.03973
   0.03903
   0.03831
   0.03764
   0.03697
   0.03628
   0.03559
   0.03491
   0.03423
   0.03355
   0.03289
   0.03222
   0.03155
   0.03089
   0.03025
   0.02958
   0.02895
   0.02831
   0.02768
   0.02706
   0.02640
   0.02585
   0.02521
   0.02466
   0.02403
   0.02348
   0.02308
   0.02235
   0.02181
   0.02125
   0.02075
   0.02037
   0.01969
   0.01921
   0.01873
   0.01825
   0.01791
   0.01731
   0.01688
   0.01644
   0.01612
   0.01556
   0.01519
   0.01478
   0.01448
   0.01399
   0.01362
   0.01328
   0.01297
   0.01255
   0.01225
   0.01191
   0.01165
   0.01126
   0.01101
   0.01073
   0.01039
   0.01014
   0.00986
   0.00965
   0.00933
   0.00913
   0.00887
   0.00864
   0.00839
   0.00823
   0.00795
   0.00781
   0.00756
   0.00741
   0.00716
   0.00708
   0.00681
   0.00688
   0.00647
   0.00721
   0.00612
   0.00998
   0.00581
   0.00716
   0.00552
   0.00988
   0.00529
   0.00522
   0.00510
   0.00486
   0.00477
   0.00467
   0.00458
   0.00449
   0.00439
   0.00431
   0.00422
   0.00413
   0.00404
   0.00396
   0.00387
   0.00379
   0.00370
   0.00362
   0.00355
   0.00353
   0.00362
   0.00358
   0.00346
   0.01734
   0.00328
   0.00319
   0.00786
   0.00294
   0.00310
   0.00984
   1.63891
   0.00724
   0.00753
   0.00761
   0.00784
   0.00811
   0.00833
   0.00855
   0.00874
   0.00890
   0.00903
   0.00911
   0.00917
   0.00920
   0.00922
   0.00921
   0.00921
   0.00922
   0.00923
   0.00927
   0.00935
   0.00947
   0.00965
   0.00992
   0.01032
   0.01090
   0.01166
   0.01196
   0.00994
   0.00984
   0.00878
   0.00847
   0.00774
   0.00737
   0.00690
   0.00662
   0.00627
   0.00609
   0.00574
   0.00571
   0.00514
   0.00568
   0.00426
   0.00778
   0.01253
   0.00797
   0.01045
   0.00740
   0.00390
   0.00794
   0.00808
   0.00790
   0.01425
   0.02168
   0.00795
   0.00346
   0.00834
   0.00466
   0.50728
   0.02517
   0.00526
   0.00630
   0.00626
   0.00625
