   0.67723
   0.68731
   0.68108
   0.67743
   0.67684
   0.67300
   0.67116
   0.67574
   0.67106
   0.66826
   0.66629
   0.66845
   0.66511
   0.66692
   0.66539
   0.66727
   0.66111
   0.66579
   0.66976
   0.66201
   0.66757
   0.66893
   0.66643
   0.66865
   0.66706
   0.66731
   0.66993
   0.67085
   0.66683
   0.66620
   0.66587
   0.66887
   0.66181
   0.66494
   0.65756
   0.63082
   0.62795
   0.62534
   0.61785
   0.61255
   0.60587
   0.60059
   0.59639
   0.59122
   0.58560
   0.57988
   0.57396
   0.56787
   0.56181
   0.55592
   0.55012
   0.54437
   0.53867
   0.53250
   0.52589
   0.51871
   0.51141
   0.50403
   0.49660
   0.48938
   0.48263
   0.47612
   0.47000
   0.46428
   0.45884
   0.45371
   0.44890
   0.44433
   0.43997
   0.43582
   0.43183
   0.42799
   0.42429
   0.42069
   0.41717
   0.41374
   0.41039
   0.40712
   0.40389
   0.40067
   0.39750
   0.39437
   0.39124
   0.38813
   0.38501
   0.38192
   0.37886
   0.37585
   0.37283
   0.36978
   0.36677
   0.36376
   0.36079
   0.35785
   0.35492
   0.35207
   0.34918
   0.34644
   0.34367
   0.34097
   0.33832
   0.33572
   0.33317
   0.33072
   0.32833
   0.32596
   0.32363
   0.32145
   0.31918
   0.31691
   0.31500
   0.31279
   0.31050
   0.30828
   0.30606
   0.30384
   0.30157
   0.29964
   0.29742
   0.29518
   0.29316
   0.29087
   0.28853
   0.28617
   0.28374
   0.28128
   0.27873
   0.27608
   0.27332
   0.27041
   0.26741
   0.26427
   0.26097
   0.25753
   0.25391
   0.25016
   0.24621
   0.24212
   0.23789
   0.23353
   0.22901
   0.22445
   0.21976
   0.21504
   0.21026
   0.20549
   0.20075
   0.19604
   0.19137
   0.18678
   0.18224
   0.17783
   0.17353
   0.16934
   0.16530
   0.16141
   0.15763
   0.15402
   0.15052
   0.14715
   0.14391
   0.14080
   0.13780
   0.13492
   0.13214
   0.12945
   0.12684
   0.12430
   0.12182
   0.11940
   0.11702
   0.11467
   0.11235
   0.11003
   0.10774
   0.10543
   0.10313
   0.10083
   0.09851
   0.09617
   0.09381
   0.09144
   0.08903
   0.08661
   0.08416
   0.08170
   0.07921
   0.07670
   0.07418
   0.07164
   0.06911
   0.06658
   0.06406
   0.06157
   0.05911
   0.05669
   0.05434
   0.05206
   0.04985
   0.04773
   0.04571
   0.04378
   0.04194
   0.04020
   0.03857
   0.03703
   0.03559
   0.03425
   0.03301
   0.03186
   0.03080
   0.02986
   0.02902
   0.02831
   0.02778
   0.02744
   0.02737
   0.02762
   0.02832
   0.02957
   0.03154
   0.03422
   0.03743
   0.04081
   0.04429
   0.04518
   0.05453
   0.07565
   0.06759
   0.02390
   0.08624
   0.08780
   0.02985
   0.04249
   0.03737
   0.01739
   0.01906
   0.01532
   0.01814
   0.07184
   0.01797
   0.02496
   0.00638
   0.01158
   0.00991
   0.00563
   0.00558
   0.00736
   0.00519
   0.01313
   0.00494
   0.00513
   0.00491
   0.00570
   0.00459
   0.01154
   0.00484
   0.01333
   0.01244
   0.00530
   0.01057
   0.00596
   0.00385
   0.01538
   0.01420
   0.01375
   0.01797
   0.01226
   0.02138
   0.01194
   0.02225
   0.01222
   0.02073
   0.03022
   0.01102
   0.01013
   0.01008
   0.00977
   0.00930
   0.01745
   0.00761
   0.00766
   0.00764
   0.00741
   0.00714
   0.00696
   0.00687
   0.00685
   0.00672
   0.00659
   0.00642
   0.00625
   0.00607
   0.00591
   0.00578
   0.00572
   0.00604
   0.00282
   0.12013
   0.00150
   0.00304
   0.00429
   0.00430
   0.00425
   0.00423
   0.00422
   0.00421
   0.00420
   0.00420
   0.00413
   0.01159
   0.00337
   0.00375
   0.00998
   0.00350
   0.00332
   0.00403
   0.00682
   0.00354
   0.00853
   0.00364
   0.00334
   0.00843
   0.00240
   0.00331
   0.01280
   0.00346
   0.00333
   0.00326
   0.00318
   0.00314
   0.00256
   0.00294
   0.00275
   0.00262
   0.00253
   0.00237
   0.00220
   0.00211
   0.00213
   0.00231
   0.00294
   0.00264
   0.00193
   0.00218
   0.00282
   0.01278
   0.01122
   0.00985
   0.00881
   0.00791
   0.00715
   0.00664
   0.00617
   0.00580
   0.00546
   0.00512
   0.00483
   0.00468
   0.00465
   0.00451
   0.00418
   0.00384
   0.00356
   0.00340
   0.00334
   0.00219
   0.00351
   0.00326
   0.00303
   0.00288
   0.00296
   0.00344
   0.00464
   0.00483
   0.00452
   0.00379
   0.00376
   0.00366
   0.00353
   0.00336
   0.00319
   0.00315
   0.00307
   0.00292
   0.00273
   0.00249
   0.00226
   0.00206
   0.00192
   0.00210
   0.00278
   0.00280
   0.00305
   0.00309
   0.00280
   0.00223
   0.00236
   0.00241
   0.00244
   0.00245
   0.00243
   0.00236
   0.00227
   0.00214
   0.00205
   0.00205
   0.00198
   0.00186
   0.00171
   0.00155
   0.00138
   0.00125
   0.00118
   0.00124
   0.00137
   0.00195
   0.00163
   0.00205
   0.00199
   0.00118
   0.00123
   0.00126
   0.00129
   0.00132
   0.00137
   0.00145
   0.00155
   0.00164
   0.00172
   0.00178
   0.00181
   0.00181
   0.00179
   0.00175
   0.00169
   0.00161
   0.00153
   0.00149
   0.00146
   0.00136
   0.00123
   0.00107
   0.00094
   0.00085
   0.00082
   0.00082
   0.00089
   0.00091
   0.00107
   0.00143
   0.00105
   0.00075
   0.00085
   0.00089
   0.00092
   0.00095
   0.00098
   0.00101
   0.00103
   0.00105
   0.00109
   0.00116
   0.00124
   0.00132
   0.00138
   0.00142
   0.00143
   0.00142
   0.00138
   0.00134
   0.00129
   0.00123
   0.00119
   0.00115
   0.00113
   0.00108
   0.00097
   0.00083
   0.00070
   0.00064
   0.00064
   0.00066
   0.00068
   0.00070
   0.00076
   0.00120
   0.00159
   0.00143
   0.00130
   0.00121
   0.00114
   0.00108
   0.00104
   0.00100
   0.00098
   0.00098
   0.00103
   0.00107
   0.00110
