   0.74765
   0.74872
   0.74398
   0.74462
   0.74228
   0.74071
   0.73976
   0.73887
   0.73696
   0.73631
   0.73670
   0.73754
   0.73566
   0.73325
   0.73268
   0.73191
   0.73193
   0.73207
   0.73231
   0.73268
   0.73306
   0.73357
   0.73414
   0.73479
   0.73545
   0.73617
   0.73399
   0.73400
   0.73569
   0.73588
   0.73889
   0.73705
   0.75291
   0.71202
   0.74417
   0.74029
   0.75574
   0.71615
   0.72349
   0.72542
   0.72434
   0.72169
   0.71857
   0.71485
   0.71074
   0.69764
   0.70003
   0.69686
   0.69375
   0.69094
   0.68856
   0.68666
   0.68523
   0.68423
   0.68354
   0.68304
   0.68254
   0.68193
   0.68118
   0.68042
   0.67982
   0.67952
   0.67945
   0.67949
   0.67952
   0.67936
   0.67888
   0.67800
   0.67664
   0.67386
   0.67140
   0.66830
   0.66466
   0.66053
   0.65603
   0.65125
   0.64619
   0.64089
   0.63543
   0.62982
   0.62410
   0.61831
   0.61245
   0.60654
   0.60059
   0.59465
   0.58863
   0.58258
   0.57650
   0.57038
   0.56420
   0.55796
   0.55166
   0.54527
   0.53879
   0.53222
   0.52553
   0.51871
   0.51174
   0.50465
   0.49743
   0.49008
   0.48255
   0.47493
   0.46716
   0.45926
   0.45126
   0.44312
   0.43492
   0.42663
   0.41829
   0.40988
   0.40144
   0.39298
   0.38448
   0.37599
   0.36752
   0.35906
   0.35062
   0.34220
   0.33381
   0.32545
   0.31711
   0.30882
   0.30054
   0.29233
   0.28417
   0.27610
   0.26812
   0.26029
   0.25259
   0.24509
   0.23775
   0.23064
   0.22375
   0.21701
   0.21048
   0.20409
   0.19783
   0.19165
   0.18552
   0.17940
   0.17328
   0.16716
   0.16106
   0.15500
   0.14905
   0.14323
   0.13764
   0.13233
   0.12735
   0.12277
   0.11858
   0.11469
   0.11099
   0.10736
   0.10364
   0.09971
   0.09563
   0.09142
   0.08722
   0.08319
   0.07945
   0.07598
   0.07298
   0.07005
   0.06704
   0.06349
   0.05935
   0.05450
   0.04931
   0.04457
   0.04160
   0.04072
   0.03889
   0.03596
   0.03473
   0.03642
   0.03905
   0.03755
   0.03611
   0.03458
   0.03282
   0.03088
   0.02855
   0.02569
   0.02475
   0.02743
   0.02799
   0.02814
   0.02853
   0.02884
   0.02919
   0.02996
   0.02361
   0.03095
   0.03118
   0.02824
   0.01599
   0.02080
   0.01812
   0.11505
   0.10040
   0.08494
   0.08061
   0.06845
   0.05729
   0.04873
   0.04088
   0.04033
   0.01785
   0.03787
   0.03299
   0.01988
   0.01279
   0.01196
   0.00986
   0.01102
   0.01308
   0.01261
   0.01354
   0.01316
   0.05415
   0.02291
   0.02526
   0.01077
   0.03350
   0.00437
   0.00458
   0.12226
   0.01909
   0.09691
   0.01544
   0.04951
   0.00386
   0.00622
   0.01917
   0.00996
   0.00627
   0.00369
   0.00639
   0.00339
   0.01211
   0.04719
   0.00578
   0.00614
   0.00272
   0.00277
   0.00279
   0.02038
   0.03790
   0.01913
   0.01638
   0.01674
   0.01739
   0.01726
   0.01472
   0.01413
   0.01373
   0.01321
   0.01283
   0.01243
   0.01139
   0.01051
   0.01013
   0.00961
   0.00926
   0.00889
   0.00865
   0.00881
   0.00755
   0.01348
   0.00859
   0.00859
   0.01156
   0.01066
   0.00942
   0.00772
   0.00684
   0.00850
   0.00572
   0.00572
   0.00564
   0.00546
   0.00496
   0.00474
   0.00403
   0.01059
   0.01309
   0.00939
   0.00494
   0.00472
   0.00384
   0.00362
   0.00350
   0.00362
   0.00339
   0.00343
   0.00318
   0.00306
   0.05949
   0.03026
   0.01916
   0.01457
   0.01143
   0.01024
   0.01021
   0.01327
   0.00860
   0.00920
   0.00886
   0.00837
   0.00754
   0.00645
   0.00592
   0.00527
   0.00468
   0.00429
   0.00393
   0.01415
   0.01067
   0.00833
   0.00751
   0.00694
   0.00645
   0.00620
   0.00603
   0.00563
   0.00536
   0.00519
   0.00481
   0.00454
   0.00409
   0.00384
   0.00370
   0.00342
   0.00342
   0.00373
   0.00454
   0.00389
   0.00325
   0.00330
   0.00414
   0.00523
   0.00578
   0.00541
   0.00435
   0.00352
   0.00257
   0.00222
   0.01604
   0.00925
   0.00892
   0.01035
   0.01131
   0.01091
   0.00910
   0.00704
   0.00589
   0.00482
   0.00430
   0.00411
   0.00480
   0.00462
   0.00521
   0.00386
   0.00354
   0.00397
   0.00459
   0.00501
   0.00487
   0.00412
   0.00347
   0.00296
   0.00256
   0.09528
   0.00819
   0.00617
   0.00485
   0.00446
   0.00544
   0.00622
   0.00655
   0.00589
   0.00439
   0.00391
   0.00358
   0.00322
   0.00292
   0.00278
   0.00275
   0.00277
   0.00271
   0.00302
   0.00250
   0.00266
   0.00324
   0.00371
   0.00390
   0.00320
   0.00254
   0.00222
   0.00199
   0.00179
   0.00190
   0.00246
   0.00233
   0.00223
   0.00215
   0.00211
   0.00182
   0.00151
   0.00135
   0.00143
   0.00166
   0.00198
   0.00227
   0.00212
   0.00175
   0.00148
   0.00132
   0.00116
   0.00102
   0.00100
   0.00103
   0.00306
   0.00276
   0.00246
   0.00220
   0.00198
   0.00180
   0.00170
   0.00172
   0.00152
   0.00135
   0.00126
   0.00132
   0.00162
   0.00234
   0.00324
   0.00305
   0.00242
   0.00161
   0.00134
   0.00121
   0.00112
   0.00101
   0.00386
   0.00247
   0.00232
   0.00236
   0.00233
   0.00213
   0.00191
   0.00169
   0.00147
   0.00131
   0.00119
   0.00116
   0.00117
   0.00118
   0.00113
   0.00108
   0.00109
   0.00104
   0.00134
   0.00143
   0.00128
   0.00109
   0.00091
   0.00696
   0.00313
   0.00289
   0.00271
   0.00273
   0.00302
   0.00273
   0.00237
   0.00199
   0.00165
   0.00138
   0.00130
   0.00135
   0.00159
   0.00183
   0.00187
   0.00168
   0.00146
   0.00122
   0.00101
   0.00098
   0.00101
   0.00091
   0.00089
   0.00080
   0.00095
   0.00221
   0.00263
   0.00372
   0.00349
   0.00323
   0.00297
   0.00267
   0.00231
   0.00203
   0.00180
   0.00165
   0.00156
   0.00190
   0.00171
   0.00151
   0.00127
   0.00102
   0.00306
   0.00185
   0.00181
   0.00173
   0.00164
   0.00153
   0.00141
   0.00131
   0.00123
   0.00115
   0.00116
   0.00140
   0.00126
   0.00108
   0.00089
   0.00073
   0.00057
   0.00138
   0.00132
   0.00126
   0.00118
   0.00109
   0.00102
   0.00095
   0.00090
   0.00088
   0.00112
   0.00101
   0.00085
   0.00069
   0.00056
   0.00050
   0.00041
   0.00041
   0.00042
   0.00064
   0.00065
   0.00061
   0.00061
   0.00054
   0.00042
   0.00032
   0.00027
   0.00034
   0.00032
   0.00026
   0.00025
   0.00059
   0.00061
   0.00062
   0.00063
   0.00064
   0.00063
   0.00061
   0.00058
   0.00055
   0.00051
   0.00047
   0.00044
   0.00041
   0.00055
   0.00051
   0.00049
   0.00043
   0.00036
   0.00029
   0.00026
   0.00177
   0.00040
   0.00042
   0.00043
   0.00045
   0.00047
   0.00048
   0.00050
   0.00051
   0.00051
   0.00050
   0.00049
   0.00047
   0.00044
   0.00041
   0.00038
   0.00035
   0.00033
   0.00046
   0.00040
   0.00040
   0.00035
   0.00030
   0.00024
   0.00019
   0.00016
   0.00056
   0.00029
   0.00031
   0.00031
   0.00032
   0.00034
   0.00035
   0.00036
   0.00037
   0.00039
   0.00039
   0.00039
   0.00039
   0.00038
   0.00036
   0.00034
   0.00031
   0.00029
   0.00027
   0.00026
   0.00024
   0.00036
   0.00033
   0.00028
   0.00022
   0.00018
   0.00015
   0.00013
   0.00011
   0.00011
   0.00011
   0.00018
   0.00019
   0.00017
   0.00017
   0.00015
   0.00090
   0.00044
   0.00045
   0.00045
   0.00046
   0.00047
   0.00048
   0.00049
   0.00049
   0.00048
   0.00047
   0.00044
   0.00041
   0.00037
   0.00033
   0.00029
   0.00026
   0.00023
   0.00021
   0.00019
   0.00017
   0.00016
   0.00014
   0.00014
   0.00016
   0.00016
   0.00017
   0.00014
   0.00012
   0.00010
   0.00009
   0.00007
   0.00005
   0.00005
   0.00005
   0.00007
   0.00007
   0.00007
   0.00007
   0.00007
   0.00023
   0.00028
   0.00029
   0.00029
   0.00028
   0.00028
   0.00027
   0.00027
   0.00027
   0.00026
   0.00026
   0.00025
   0.00024
   0.00024
   0.00023
   0.00022
   0.00021
   0.00019
   0.00018
   0.00016
   0.00015
   0.00014
   0.00013
   0.00012
   0.00011
   0.00010
   0.00009
   0.00008
   0.00008
   0.00012
   0.00010
   0.00009
   0.00007
   0.00006
   0.00005
   0.00004
   0.00003
   0.00003
   0.00003
   0.00003
   0.00004
   0.00004
   0.76332
   0.00054
   0.00056
   0.00055
   0.00054
   0.00052
   0.00051
   0.00050
   0.00048
   0.00047
   0.00045
   0.00043
   0.00041
   0.00038
   0.00036
   0.00032
   0.00029
   0.00026
   0.00023
   0.00020
   0.00018
   0.00015
   0.00014
   0.00012
   0.00011
   0.00010
   0.00009
   0.00008
   0.00007
   0.00006
   0.00006
   0.00006
   0.64727
   0.00029
   0.00029
   0.00030
   0.00031
   0.00032
   0.00033
   0.00034
   0.00034
   0.00033
   0.00032
   0.00031
   0.00029
   0.00026
   0.00024
   0.00022
   0.00020
   0.00019
   0.00020
   0.00021
   0.00021
   0.00022
   0.00022
   0.00023
   0.00024
   0.00026
   0.00027
   0.00028
   0.00028
   0.00028
   0.00027
   0.00025
   0.00023
   0.00021
   0.00019
   0.00018
   0.00018
   0.00019
   0.00020
   0.00020
   0.00020
   0.00019
   0.00017
   0.00017
   0.00017
   0.00018
   0.00018
   0.00019
   0.00020
   0.00021
   0.00022
   0.00023
   0.00024
   0.00025
   0.00025
   0.00025
   0.00023
   0.00022
   0.00020
   0.00018
   0.00017
   0.00016
   0.00016
   0.00018
   0.00019
   0.00018
   0.00017
   0.00016
   0.00038
   0.00037
   0.00037
   0.00036
   0.00036
   0.00036
   0.00036
   0.00036
   0.00036
   0.00036
   0.00035
   0.00035
   0.00033
   0.00032
   0.00030
   0.00029
   0.00026
   0.00024
   0.00022
   0.00020
   0.00018
   0.00017
   0.00018
   0.00020
   0.00018
   0.00018
   0.00017
   0.00015
   0.00013
   0.00020
   0.00020
   0.00020
   0.00020
   0.00021
   0.00021
   0.00022
   0.00022
   0.00023
   0.00023
   0.00023
   0.00022
   0.00022
   0.00020
   0.00019
   0.00017
   0.00016
   0.00015
   0.00014
   0.00016
   0.00019
   0.00016
   0.00016
   0.00015
   0.00013
   0.00011
   0.00009
   0.00008
   0.00246
   0.00231
   0.00215
   0.00197
   0.00180
   0.00164
   0.00148
   0.00134
   0.00121
   0.00111
   0.00105
   0.00110
   0.00134
   0.00158
   0.00105
   0.00071
   0.00146
   0.00109
   0.00114
   0.00113
   0.00110
   0.00107
   0.00103
   0.00098
   0.00094
   0.00091
   0.00092
   0.00108
   0.00140
   0.00139
   0.00073
   0.00224
   0.00208
   0.00195
   0.00180
   0.00165
   0.00151
   0.00139
   0.00126
   0.00114
   0.00106
   0.00099
   0.00099
   0.00116
   0.00143
   0.00134
   0.00074
   0.00264
   0.00239
   0.00217
   0.00196
   0.00175
   0.00158
   0.00140
   0.00124
   0.00111
   0.00103
   0.00101
   0.00113
   0.00136
   0.00136
   0.00088
   0.00127
   0.00127
   0.00125
   0.00121
   0.00115
   0.00110
   0.00102
   0.00096
   0.00093
   0.00092
   0.00098
   0.00117
   0.00130
   0.00111
   0.00075
   0.00097
   0.00092
   0.00089
   0.00086
   0.00087
   0.00096
   0.00114
   0.00117
   0.00091
   0.00068
   0.00065
   0.00066
   0.00075
   0.00080
   0.00091
   0.00091
   0.00070
   0.00051
   0.00066
   0.00068
   0.00069
   0.00068
   0.00066
   0.00063
   0.00060
   0.00057
   0.00054
   0.00053
   0.00053
   0.00057
   0.00066
   0.00073
   0.00060
   0.00048
   0.00046
   0.00040
   0.18544
   0.00041
   0.00043
   0.00045
   0.00047
   0.00049
