   0.63154
   0.64086
   0.64206
   0.64299
   0.63995
   0.63656
   0.63787
   0.63759
   0.63651
   0.63688
   0.63739
   0.63495
   0.63442
   0.63725
   0.63703
   0.63943
   0.63981
   0.63943
   0.63977
   0.64117
   0.63943
   0.63680
   0.63817
   0.63918
   0.64062
   0.63660
   0.63685
   0.63737
   0.63679
   0.63641
   0.63714
   0.63727
   0.63634
   0.63665
   0.63757
   0.63579
   0.63684
   0.63766
   0.63646
   0.63705
   0.63753
   0.63737
   0.63660
   0.63627
   0.63545
   0.63622
   0.63566
   0.63806
   0.63895
   0.63533
   0.61562
   0.61279
   0.61101
   0.60914
   0.60722
   0.60520
   0.60311
   0.60088
   0.59861
   0.59633
   0.59411
   0.59209
   0.59020
   0.58870
   0.58741
   0.58644
   0.58558
   0.58464
   0.58316
   0.58094
   0.57785
   0.57438
   0.57082
   0.56740
   0.56421
   0.56136
   0.55883
   0.55651
   0.55444
   0.55232
   0.55013
   0.54781
   0.54534
   0.54259
   0.53971
   0.53668
   0.53330
   0.52963
   0.52569
   0.52175
   0.51767
   0.51388
   0.50982
   0.50575
   0.50175
   0.49782
   0.49397
   0.49028
   0.48657
   0.48293
   0.47939
   0.47591
   0.47251
   0.46917
   0.46588
   0.46264
   0.45944
   0.45628
   0.45315
   0.45005
   0.44697
   0.44392
   0.44085
   0.43782
   0.43474
   0.43169
   0.42868
   0.42566
   0.42265
   0.41964
   0.41662
   0.41358
   0.41054
   0.40748
   0.40439
   0.40129
   0.39816
   0.39501
   0.39182
   0.38862
   0.38534
   0.38205
   0.37872
   0.37538
   0.37196
   0.36849
   0.36503
   0.36150
   0.35788
   0.35424
   0.35056
   0.34704
   0.34322
   0.33936
   0.33548
   0.33149
   0.32749
   0.32344
   0.31929
   0.31515
   0.31090
   0.30700
   0.30267
   0.29836
   0.29399
   0.28960
   0.28523
   0.28085
   0.27641
   0.27220
   0.26782
   0.26366
   0.25943
   0.25508
   0.25074
   0.24641
   0.24222
   0.23789
   0.23361
   0.22934
   0.22507
   0.22084
   0.21659
   0.21241
   0.20826
   0.20418
   0.20003
   0.19597
   0.19198
   0.18806
   0.18419
   0.18039
   0.17670
   0.17311
   0.16959
   0.16608
   0.16264
   0.15924
   0.15590
   0.15262
   0.14936
   0.14619
   0.14308
   0.14004
   0.13703
   0.13407
   0.13117
   0.12832
   0.12558
   0.12293
   0.12035
   0.11790
   0.11548
   0.11302
   0.11081
   0.10864
   0.10654
   0.10450
   0.10243
   0.10055
   0.09874
   0.09699
   0.09527
   0.09359
   0.09195
   0.09045
   0.08875
   0.08710
   0.08581
   0.08416
   0.08264
   0.08115
   0.07971
   0.07856
   0.07707
   0.07562
   0.07362
   0.07227
   0.07111
   0.06999
   0.06896
   0.06799
   0.06704
   0.06608
   0.06520
   0.06433
   0.06347
   0.06264
   0.06185
   0.06107
   0.06031
   0.05957
   0.05885
   0.05813
   0.05744
   0.05677
   0.05611
   0.05546
   0.05483
   0.05420
   0.05359
   0.05299
   0.05240
   0.05181
   0.05123
   0.05065
   0.05008
   0.04952
   0.04897
   0.04843
   0.04789
   0.04736
   0.04685
   0.04635
   0.04587
   0.04540
   0.04497
   0.04457
   0.04420
   0.04388
   0.04359
   0.04335
   0.04316
   0.04303
   0.04296
   0.04295
   0.04300
   0.04311
   0.04322
   0.04327
   0.04301
   0.04197
   0.03967
   0.03712
   0.03762
   0.05779
   0.06760
   0.07495
   0.04707
   0.05077
   0.06666
   0.00976
   0.00952
   0.00899
   0.00853
   0.00812
   0.00770
   0.00714
   0.00821
   0.05166
   0.00754
   0.00718
   0.00663
   0.00620
   0.02553
   0.00666
   0.00652
   0.00594
   0.00613
   0.01665
   0.00635
   0.00619
   0.00570
   0.00478
   0.02625
   0.00561
   0.00453
   0.02322
   0.00528
   0.00402
   0.00541
   0.00387
   0.00510
   0.00383
   0.00419
   0.00378
   0.00352
   0.00362
   0.00335
   0.00345
   0.00340
   0.00342
   0.00342
   0.00342
   0.00341
   0.00339
   0.00335
   0.00331
   0.00325
   0.00319
   0.00312
   0.00304
   0.00296
   0.00288
   0.00279
   0.00270
   0.00261
   0.00252
   0.00240
   0.00222
   0.00193
   0.00383
   0.00198
   0.00253
   0.00268
   0.00245
   0.00188
   0.00136
   0.00223
   0.00128
   0.00216
   0.00128
   0.00196
   0.00146
   0.00178
   0.00174
   0.00176
   0.00180
   0.00182
   0.00185
   0.00188
   0.00192
   0.00194
   0.00194
   0.00182
   0.00144
   0.00248
   0.00079
   0.01469
   0.00072
   0.00071
   0.00071
   0.00070
   0.00069
   0.00069
   0.00068
   0.00067
   0.00067
   0.00066
   0.00065
   0.00065
   0.00064
   0.00064
   0.00063
   0.00063
   0.00062
   0.00063
   0.00063
   0.00066
   0.00063
   0.00058
   0.00062
   0.00058
   0.00054
   0.00054
   0.00052
   0.00051
   0.00049
   0.00047
   0.00045
   0.00045
   0.00044
   0.00043
   0.00042
   0.00042
   0.00047
   0.00119
   0.00041
   0.00035
   0.12046
   0.00043
   0.00041
   0.00039
   0.00038
   0.00037
   0.00037
   0.00036
   0.00036
   0.00036
   0.00035
   0.00035
   0.00035
   0.00035
   0.00035
   0.00034
   0.00034
   0.00034
   0.00034
   0.00034
   0.00034
   0.00034
   0.00034
   0.00033
   0.00033
   0.00033
   0.00033
   0.00033
   0.00033
   0.00033
   0.00033
   0.00033
   0.00034
   0.00034
   0.00034
   0.00041
   0.00138
   0.00030
   0.00073
   0.00103
   0.00119
   0.00101
   0.00094
   0.00086
   0.00077
   0.00069
   0.00078
   0.00076
   0.00093
   0.00024
   0.00025
   0.00033
   0.00064
   0.00075
   0.00054
   0.00056
   0.00054
   0.00054
   0.00055
   0.00056
   0.00055
   0.00052
   0.00049
   0.00047
   0.00045
   0.00040
   0.00023
   0.00028
   0.00018
   0.00022
   0.00019
   0.00019
   0.00018
   0.00017
   0.00017
   0.00016
   0.00016
   0.00016
   0.00015
   0.00015
   0.00015
