   0.66349
   0.66977
   0.68238
   0.69240
   0.69364
   0.69347
   0.69380
   0.70670
   0.70372
   0.71129
   0.72980
   0.72923
   0.73799
   0.73461
   0.73623
   0.73994
   0.73905
   0.74097
   0.74362
   0.74412
   0.74469
   0.74254
   0.74755
   0.75178
   0.75489
   0.75689
   0.76029
   0.76047
   0.69602
   0.70200
   0.70677
   0.71001
   0.71208
   0.71335
   0.71412
   0.71457
   0.71484
   0.71500
   0.71510
   0.71515
   0.71518
   0.71520
   0.71521
   0.71522
   0.71522
   0.71522
   0.71522
   0.71522
   0.71522
   0.71522
   0.71522
   0.71522
   0.71522
   0.71522
   0.71521
   0.71521
   0.71521
   0.71521
   0.71521
   0.71521
   0.71521
   0.71521
   0.71521
   0.71521
   0.71521
   0.71521
   0.71521
   0.71521
   0.71521
   0.71521
   0.71520
   0.71520
   0.71520
   0.71520
   0.71520
   0.71520
   0.71520
   0.71520
   0.71520
   0.71520
   0.71520
   0.71520
   0.71520
   0.71520
   0.71520
   0.71520
   0.71520
   0.71520
   0.71520
   0.71520
   0.71520
   0.71520
   0.71520
   0.71519
   0.71519
   0.71519
   0.71519
   0.71519
   0.71519
   0.71519
   0.71519
   0.71519
   0.71519
   0.71519
   0.71519
   0.71519
   0.71519
   0.71519
   0.71519
   0.71519
   0.71519
   0.71519
   0.71519
   0.71519
   0.71519
   0.71519
   0.71519
   0.71518
   0.71518
   0.71518
   0.71518
   0.71518
   0.71518
   0.71518
   0.71518
   0.71518
   0.71518
   0.71518
   0.71518
   0.71518
   0.71518
   0.71518
   0.71518
   0.71518
   0.71518
   0.71518
   0.71518
   0.71518
   0.71517
   0.71517
   0.71517
   0.71517
   0.71517
   0.71517
   0.71517
   0.71517
   0.71517
   0.71517
   0.71517
   0.71517
   0.71517
   0.71517
   0.71517
   0.71516
   0.71516
   0.71516
   0.71516
   0.71516
   0.71516
   0.71516
   0.71516
   0.71516
   0.71516
   0.71516
   0.71515
   0.71515
   0.71515
   0.71515
   0.71515
   0.71515
   0.71515
   0.71515
   0.71515
   0.71515
   0.71515
   0.71515
   0.71515
   0.71515
   0.71515
   0.71515
   0.71515
   0.71515
   0.71515
   0.71515
   0.71515
   0.71515
   0.71515
   0.71514
   0.71514
   0.71514
   0.71514
   0.71514
   0.71514
   0.71514
   0.71514
   0.71514
   0.71514
   0.71514
   0.71514
   0.71514
   0.71514
   0.71514
   0.71514
   0.71514
   0.71514
   0.71514
   0.71514
   0.71513
   0.71513
   0.71513
   0.71513
   0.71513
   0.71513
   0.71513
   0.71513
   0.71513
   0.71513
   0.71513
   0.71513
   0.71513
   0.71513
   0.71513
   0.71513
   0.71513
   0.71513
   0.71513
   0.71513
   0.71513
   0.71513
   0.71513
   0.71513
   0.71513
   0.71513
   0.71513
   0.71513
   0.71513
   0.71513
   0.71513
   0.71513
   0.71513
   0.71513
   0.71513
   0.71512
   0.71512
   0.71512
   0.71512
   0.71512
   0.71512
   0.71512
   0.71512
   0.71512
   0.71512
   0.71512
   0.71512
   0.71512
   0.71512
   0.71512
   0.71512
   0.71512
   0.71512
   0.71512
   0.71512
   0.71512
   0.71512
   0.71512
   0.71512
   0.71512
   0.71512
   0.71512
   0.71512
   0.71512
   0.71512
   0.71512
   0.71511
   0.71511
   0.71511
   0.71511
   0.71511
   0.71511
   0.71511
   0.71511
   0.71511
   0.71511
   0.71511
   0.71511
   0.71511
   0.71511
   0.71511
   0.71511
   0.71511
   0.71511
   0.71511
   0.71511
   0.71511
   0.71511
   0.71511
   0.71511
   0.71511
   0.71511
   0.71511
   0.71511
   0.71511
   0.71511
   0.71511
   0.71511
   0.71511
   0.71511
   0.71510
   0.71510
   0.71510
   0.71510
   0.71510
   0.71510
   0.71510
   0.71510
   0.71510
   0.71510
   0.71510
   0.71510
   0.71510
   0.71510
   0.71510
   0.71510
   0.71510
   0.71510
   0.71510
   0.71510
   0.71510
   0.71510
   0.71510
   0.71510
   0.71510
   0.71509
   0.71509
   0.71509
   0.71509
   0.71509
   0.71509
   0.71509
   0.71509
   0.71509
   0.71509
   0.71509
   0.71509
   0.71509
   0.71509
   0.71509
   0.71509
   0.71509
   0.71509
   0.71509
   0.71509
   0.71509
   0.71509
   0.71508
   0.71508
   0.71508
   0.71508
   0.71508
   0.71508
   0.71508
   0.71508
   0.71508
   0.71508
   0.71508
   0.71508
   0.71508
   0.71508
   0.71508
   0.71508
   0.71508
   0.71508
   0.71508
   0.71508
   0.71508
   0.71508
   0.71508
   0.71508
   0.71508
   0.71508
   0.71508
   0.71508
   0.71508
   0.71508
   0.71508
   0.71508
   0.71508
   0.71508
   0.71508
   0.71508
   0.71508
   0.71508
   0.71508
   0.71508
   0.71508
   0.71508
   0.71508
   0.71508
   0.71508
   0.71508
   0.71508
   0.71508
   0.71508
   0.71508
   0.71508
   0.71508
   0.71508
   0.71508
   0.71507
   0.71507
   0.71507
   0.71507
   0.71507
   0.71507
   0.71507
   0.71507
   0.71507
   0.71507
   0.71507
   0.71507
   0.71507
   0.71507
   0.71507
   0.71507
   0.71507
   0.71507
   0.71507
   0.71507
   0.71507
   0.71507
   0.71507
   0.71507
   0.71507
   0.71507
   0.71507
   0.71507
   0.71507
   0.71507
   0.71507
   0.71507
   0.71507
   0.71507
   0.71507
   0.71507
   0.71507
   0.71507
   0.71507
   0.71507
   0.71507
   0.71507
   0.71507
   0.71507
   0.71507
   0.71507
   0.71507
   0.71507
   0.71507
   0.71507
   0.71507
   0.71507
   0.71507
   0.71507
   0.71506
   0.71506
   0.71506
   0.71506
   0.71506
   0.71506
   0.71506
   0.71506
   0.71506
   0.71506
   0.71506
   0.71506
   0.71506
   0.71506
   0.71506
   0.71506
   0.71506
   0.71506
   0.71506
   0.71506
   0.71506
   0.71506
   0.71506
   0.71506
   0.71506
   0.71506
   0.71506
   0.71506
   0.71506
   0.71506
   0.71506
   0.71506
   0.71506
   0.71506
   0.71506
   0.71506
   0.71506
   0.71506
