   0.64335
   0.65056
   0.64759
   0.64809
   0.64761
   0.64750
   0.64711
   0.64694
   0.64656
   0.64626
   0.64601
   0.64569
   0.64543
   0.64512
   0.64484
   0.64457
   0.64433
   0.64395
   0.64367
   0.64338
   0.64310
   0.64280
   0.64250
   0.64221
   0.64191
   0.64161
   0.64130
   0.64100
   0.64069
   0.64037
   0.64006
   0.63973
   0.63941
   0.63908
   0.63875
   0.63841
   0.63807
   0.63772
   0.63737
   0.63700
   0.63665
   0.63626
   0.63590
   0.63550
   0.63511
   0.63471
   0.63429
   0.63389
   0.63345
   0.63303
   0.63256
   0.63212
   0.63165
   0.63116
   0.63068
   0.63018
   0.62965
   0.62913
   0.62859
   0.62802
   0.62746
   0.62686
   0.62626
   0.62563
   0.62500
   0.62430
   0.62358
   0.62297
   0.62217
   0.62142
   0.62064
   0.61981
   0.61896
   0.61808
   0.61711
   0.61621
   0.61483
   0.61381
   0.61275
   0.61156
   0.61059
   0.60872
   0.60723
   0.60598
   0.60452
   0.60309
   0.60158
   0.59968
   0.59808
   0.59672
   0.59469
   0.59277
   0.59126
   0.58909
   0.58689
   0.58468
   0.58247
   0.58028
   0.57809
   0.57568
   0.57333
   0.57089
   0.56838
   0.56524
   0.56286
   0.56008
   0.55783
   0.55508
   0.55217
   0.54948
   0.54673
   0.54284
   0.53708
   0.53396
   0.53116
   0.52844
   0.52569
   0.52294
   0.52015
   0.51731
   0.51437
   0.51135
   0.50821
   0.50491
   0.50142
   0.49772
   0.49386
   0.48983
   0.48571
   0.48148
   0.47718
   0.47282
   0.46839
   0.46392
   0.45941
   0.45486
   0.45029
   0.44569
   0.44108
   0.43645
   0.43183
   0.42720
   0.42258
   0.41799
   0.41339
   0.40883
   0.40427
   0.39975
   0.39525
   0.39078
   0.38636
   0.38196
   0.37760
   0.37329
   0.36900
   0.36478
   0.36059
   0.35645
   0.35237
   0.34830
   0.34432
   0.34040
   0.33651
   0.33269
   0.32891
   0.32518
   0.32151
   0.31787
   0.31429
   0.31076
   0.30728
   0.30385
   0.30047
   0.29713
   0.29385
   0.29061
   0.28742
   0.28428
   0.28116
   0.27811
   0.27509
   0.27212
   0.26919
   0.26631
   0.26346
   0.26066
   0.25791
   0.25517
   0.25247
   0.24982
   0.24721
   0.24463
   0.24209
   0.23959
   0.23713
   0.23468
   0.23233
   0.22997
   0.22762
   0.22533
   0.22306
   0.22084
   0.21863
   0.21646
   0.21431
   0.21221
   0.21012
   0.20806
   0.20604
   0.20404
   0.20206
   0.20013
   0.19820
   0.19631
   0.19439
   0.19255
   0.19067
   0.18890
   0.18714
   0.18539
   0.18365
   0.18196
   0.18027
   0.17865
   0.17703
   0.17543
   0.17383
   0.17225
   0.17068
   0.16917
   0.16765
   0.16620
   0.16469
   0.16324
   0.16179
   0.16036
   0.15899
   0.15760
   0.15626
   0.15490
   0.15356
   0.15225
   0.15096
   0.14966
   0.14837
   0.14714
   0.14586
   0.14463
   0.14338
   0.14215
   0.14091
   0.13970
   0.13849
   0.13728
   0.13611
   0.13489
   0.13372
   0.13248
   0.13125
   0.13002
   0.12879
   0.12754
   0.12624
   0.12497
   0.12373
   0.12239
   0.12106
   0.11976
   0.11843
   0.11708
   0.11569
   0.11428
   0.11290
   0.11148
   0.11005
   0.10860
   0.10716
   0.10568
   0.10419
   0.10276
   0.10135
   0.09989
   0.09848
   0.09704
   0.09565
   0.09421
   0.09283
   0.09148
   0.09009
   0.08874
   0.08745
   0.08615
   0.08482
   0.08358
   0.08229
   0.08106
   0.07986
   0.07864
   0.07743
   0.07630
   0.07507
   0.07389
   0.07279
   0.07170
   0.07057
   0.06947
   0.06843
   0.06734
   0.06632
   0.06528
   0.06426
   0.06328
   0.06228
   0.06130
   0.06035
   0.05938
   0.05846
   0.05753
   0.05661
   0.05574
   0.05481
   0.05398
   0.05307
   0.05224
   0.05142
   0.05056
   0.04979
   0.04898
   0.04816
   0.04743
   0.04662
   0.04592
   0.04514
   0.04444
   0.04370
   0.04302
   0.04230
   0.04162
   0.04092
   0.04029
   0.03961
   0.03897
   0.03832
   0.03770
   0.03709
   0.03647
   0.03587
   0.03528
   0.03469
   0.03412
   0.03357
   0.03300
   0.03246
   0.03193
   0.03137
   0.03087
   0.03036
   0.02983
   0.02936
   0.02885
   0.02839
   0.02789
   0.02745
   0.02697
   0.02653
   0.02609
   0.02564
   0.02523
   0.02478
   0.02437
   0.02396
   0.02355
   0.02316
   0.02276
   0.02238
   0.02200
   0.02162
   0.02125
   0.02090
   0.02053
   0.02016
   0.01983
   0.01948
   0.01915
   0.01882
   0.01849
   0.01818
   0.01785
   0.01756
   0.01725
   0.01695
   0.01665
   0.01637
   0.01608
   0.01581
   0.01552
   0.01526
   0.01500
   0.01472
   0.01448
   0.01422
   0.01397
   0.01373
   0.01348
   0.01325
   0.01303
   0.01279
   0.01256
   0.01234
   0.01212
   0.01191
   0.01171
   0.01150
   0.01129
   0.01110
   0.01092
   0.01071
   0.01052
   0.01034
   0.01017
   0.00997
   0.00980
   0.00964
   0.00945
   0.00930
   0.00912
   0.00897
   0.00881
   0.00866
   0.00850
   0.00836
   0.00821
   0.00806
   0.00793
   0.00779
   0.00764
   0.00751
   0.00738
   0.00725
   0.00711
   0.00700
   0.00687
   0.00676
   0.00664
   0.00653
   0.00641
   0.00630
   0.00619
   0.00608
   0.00598
   0.00588
   0.00578
   0.00568
   0.00558
   0.00548
   0.00539
   0.00530
   0.00521
   0.00512
   0.00503
   0.00495
   0.00487
   0.00478
   0.00470
   0.00463
   0.00455
   0.00447
   0.00440
   0.00433
   0.00426
   0.00419
   0.00412
   0.00406
   0.00399
   0.00393
   0.00387
   0.00380
   0.00375
   0.00369
   0.00363
   0.00357
   0.00352
   0.00346
   0.00341
   0.00336
   0.00331
   0.00327
   0.00322
   0.00318
   0.00313
   0.00309
   0.00304
   0.00300
   0.00296
   0.00292
   0.00288
   0.00284
   0.00281
   0.00277
   0.00274
