   0.70000
   0.70260
   0.70123
   0.70235
   0.70011
   0.69972
   0.69797
   0.69749
   0.69675
   0.69613
   0.69550
   0.69488
   0.69427
   0.69428
   0.69669
   0.69299
   0.69227
   0.69120
   0.72620
   0.70463
   0.69388
   0.69098
   0.69161
   0.68998
   0.68990
   0.68989
   0.68829
   0.68837
   0.68766
   0.68665
   0.68587
   0.68670
   0.68549
   0.68894
   0.68835
   0.70722
   0.70707
   0.70532
   0.72650
   0.71317
   0.73712
   0.74154
   0.75353
   0.74718
   0.74991
   0.74540
   0.74593
   0.74372
   0.73964
   0.73624
   0.73143
   0.72556
   0.72060
   0.71022
   0.70161
   0.69248
   0.68560
   0.67395
   0.66369
   0.65419
   0.64292
   0.63355
   0.62378
   0.61385
   0.60581
   0.59926
   0.59198
   0.58446
   0.57865
   0.57599
   0.57176
   0.56788
   0.56282
   0.55817
   0.55277
   0.54757
   0.54244
   0.53739
   0.53231
   0.52732
   0.52300
   0.51843
   0.51418
   0.51090
   0.50873
   0.50703
   0.50557
   0.50396
   0.50177
   0.49856
   0.49418
   0.48878
   0.48295
   0.47698
   0.47126
   0.46581
   0.46069
   0.45581
   0.45111
   0.44689
   0.44294
   0.43917
   0.43558
   0.43217
   0.42886
   0.42528
   0.42184
   0.41873
   0.41513
   0.41212
   0.40808
   0.40527
   0.40131
   0.39743
   0.39509
   0.39153
   0.38819
   0.38343
   0.38130
   0.37798
   0.37489
   0.36987
   0.36759
   0.36452
   0.35912
   0.35743
   0.35252
   0.35036
   0.34483
   0.34076
   0.33986
   0.33649
   0.33223
   0.32844
   0.32384
   0.31732
   0.31507
   0.31098
   0.30390
   0.30130
   0.29693
   0.29212
   0.28708
   0.28205
   0.27583
   0.27213
   0.26725
   0.26258
   0.25717
   0.25042
   0.24480
   0.24180
   0.23644
   0.23177
   0.22682
   0.22137
   0.21651
   0.21173
   0.20758
   0.20330
   0.19750
   0.19478
   0.19036
   0.18518
   0.18241
   0.17746
   0.17328
   0.16928
   0.16538
   0.16146
   0.15776
   0.15400
   0.15047
   0.14683
   0.14329
   0.13976
   0.13636
   0.13308
   0.13116
   0.12668
   0.12554
   0.12061
   0.12088
   0.11571
   0.11395
   0.11158
   0.10936
   0.10473
   0.10263
   0.10046
   0.09820
   0.09750
   0.09885
   0.09776
   0.09111
   0.08992
   0.08995
   0.08475
   0.08197
   0.08022
   0.07935
   0.07741
   0.07603
   0.07465
   0.07296
   0.07120
   0.06937
   0.06904
   0.06763
   0.06555
   0.06309
   0.06061
   0.05616
   0.05399
   0.05271
   0.05119
   0.04946
   0.04806
   0.04666
   0.04352
   0.04247
   0.04218
   0.03970
   0.03965
   0.03834
   0.03577
   0.03496
   0.03460
   0.03332
   0.03137
   0.03117
   0.03021
   0.02890
   0.02791
   0.02705
   0.02689
   0.02946
   0.02593
   0.02474
   0.02740
   0.02379
   0.02245
   0.02233
   0.02170
   0.02133
   0.02091
   0.02045
   0.02019
   0.02011
   0.01968
   0.01888
   0.01857
   0.01641
   0.01818
   0.01480
   0.02222
   0.03070
   0.02036
   0.01554
   0.37620
   0.02228
   0.01457
   0.01470
   0.01482
   0.01495
   0.01497
   0.01492
   0.01482
   0.01464
   0.01450
   0.01436
   0.01420
   0.01402
   0.01383
   0.01363
   0.01343
   0.01323
   0.01301
   0.01279
   0.01257
   0.01234
   0.01211
   0.01188
   0.01164
   0.01141
   0.01118
   0.01096
   0.01074
   0.01053
   0.01033
   0.01014
   0.00996
   0.00980
   0.00964
   0.00950
   0.00937
   0.00924
   0.00912
   0.00901
   0.00890
   0.00879
   0.00869
   0.00858
   0.00848
   0.00837
   0.00826
   0.00816
   0.00805
   0.00794
   0.00784
   0.00773
   0.00762
   0.00752
   0.00741
   0.00731
   0.00720
   0.00710
   0.00699
   0.00689
   0.00679
   0.00669
   0.00659
   0.00649
   0.00639
   0.00629
   0.00620
   0.00610
   0.00601
   0.00591
   0.00582
   0.00573
   0.00563
   0.00554
   0.00545
   0.00535
   0.00525
   0.00515
   0.00505
   0.00495
   0.00485
   0.00476
   0.00466
   0.00456
   0.00447
   0.00438
   0.00429
   0.00420
   0.00411
   0.00402
   0.00393
   0.00385
   0.00376
   0.00368
   0.00360
   0.00352
   0.00344
   0.00336
   0.00328
   0.00321
   0.00313
   0.00306
   0.00299
   0.00292
   0.00285
   0.00278
   0.00271
   0.00265
   0.00258
   0.00252
   0.00246
   0.00240
   0.00234
   0.00228
   0.00223
   0.00217
   0.00212
   0.00207
   0.00202
   0.00197
   0.00192
   0.00187
   0.00182
   0.00178
   0.00173
   0.00169
   0.00164
   0.00160
   0.00155
   0.00151
   0.00147
   0.00144
   0.00140
   0.00138
   0.00136
   0.00136
   0.00136
   0.00138
   0.00141
   0.00145
   0.00148
   0.00151
   0.00153
   0.00154
   0.00155
   0.00156
   0.00157
   0.00159
   0.00161
   0.00162
   0.00167
   0.00152
   0.00173
   0.12793
   0.02540
   0.01385
   0.01271
   0.01178
   0.01105
   0.01036
   0.00976
   0.00925
   0.00877
   0.00832
   0.00785
   0.00740
   0.00691
   0.00650
   0.00611
   0.00580
   0.00550
   0.00526
   0.00504
   0.00478
   0.00454
   0.00432
   0.00409
   0.00391
   0.00371
   0.00357
   0.00344
   0.00330
   0.00318
   0.00304
   0.00292
   0.00281
   0.00272
   0.00264
   0.00258
   0.00252
   0.00247
   0.00245
   0.00244
   0.00243
   0.00245
   0.00256
   0.00294
   0.00456
   0.00146
   0.00150
   0.80802
   0.00467
   0.00393
   0.00385
   0.00361
   0.00339
   0.00317
   0.00297
   0.00279
   0.00264
   0.00252
   0.00240
   0.00231
   0.00222
   0.00216
   0.00210
   0.00206
   0.00202
   0.00197
   0.00193
   0.00189
   0.00186
   0.00183
   0.00181
   0.00179
   0.00178
   0.00177
   0.00178
   0.00178
   0.00177
   0.00177
   0.00176
   0.00175
   0.00174
   0.00173
   0.00172
   0.00171
   0.00170
   0.00168
   0.00166
   0.00164
