   0.80872
   0.80932
   0.80416
   0.80007
   0.79486
   0.78756
   0.78439
   0.78031
   0.77549
   0.77231
   0.76803
   0.76586
   0.76259
   0.76048
   0.76062
   0.75532
   0.77537
   0.76429
   0.76253
   0.76328
   0.76318
   0.76184
   0.76153
   0.77142
   0.76516
   0.76647
   0.76322
   0.76014
   0.75877
   0.75577
   0.75158
   0.74903
   0.70898
   0.70470
   0.71629
   0.71984
   0.71522
   0.71228
   0.70639
   0.69533
   0.69097
   0.68171
   0.67186
   0.66305
   0.65217
   0.64142
   0.61446
   0.60498
   0.60135
   0.59157
   0.59242
   0.58686
   0.58129
   0.57688
   0.57055
   0.56436
   0.55826
   0.55107
   0.54264
   0.53537
   0.52839
   0.51931
   0.51224
   0.50379
   0.49727
   0.49152
   0.48687
   0.48225
   0.47744
   0.47115
   0.46160
   0.45287
   0.44481
   0.43731
   0.43021
   0.42329
   0.41634
   0.40936
   0.40252
   0.39587
   0.38921
   0.38320
   0.37681
   0.37096
   0.36482
   0.35902
   0.35360
   0.34847
   0.34235
   0.33798
   0.33342
   0.32832
   0.32267
   0.31761
   0.31186
   0.30729
   0.30203
   0.29789
   0.29308
   0.28824
   0.28360
   0.27943
   0.27372
   0.26935
   0.26310
   0.25858
   0.25265
   0.24673
   0.23895
   0.23441
   0.22624
   0.22152
   0.21474
   0.20995
   0.20391
   0.19974
   0.19433
   0.19063
   0.18601
   0.18291
   0.17909
   0.17634
   0.17313
   0.17065
   0.16783
   0.16539
   0.16337
   0.16111
   0.15893
   0.15701
   0.15460
   0.15284
   0.15098
   0.14864
   0.14687
   0.14447
   0.14275
   0.13987
   0.13810
   0.13562
   0.13356
   0.13109
   0.12867
   0.12611
   0.12355
   0.12109
   0.11871
   0.11593
   0.11344
   0.11129
   0.10853
   0.10623
   0.10369
   0.10053
   0.09840
   0.09586
   0.09354
   0.09075
   0.08795
   0.08595
   0.08348
   0.08113
   0.07887
   0.07659
   0.07444
   0.07219
   0.07027
   0.06803
   0.06616
   0.06406
   0.06226
   0.06001
   0.05846
   0.05651
   0.05432
   0.05296
   0.05178
   0.04896
   0.04781
   0.04607
   0.04455
   0.04244
   0.04105
   0.03943
   0.03801
   0.03644
   0.03508
   0.03354
   0.03241
   0.03089
   0.02978
   0.02843
   0.02724
   0.02615
   0.02508
   0.02407
   0.02312
   0.02219
   0.02136
   0.02054
   0.01977
   0.01899
   0.01836
   0.01767
   0.01706
   0.01650
   0.01584
   0.01544
   0.01486
   0.01437
   0.01389
   0.01346
   0.01301
   0.01261
   0.01234
   0.01205
   0.01169
   0.01140
   0.01115
   0.01068
   0.01033
   0.00979
   0.00913
   0.00788
   0.01735
   0.00836
   0.05845
   0.06864
   0.02030
   0.01665
   0.01419
   0.01228
   0.01120
   0.01071
   0.02031
   0.00981
   0.01389
   0.01636
   0.00905
   0.01699
   0.00854
   0.01608
   0.00833
   0.26018
   0.04314
   0.04637
   0.05824
   0.04844
   0.04117
   0.03935
   0.03606
   0.03457
   0.03223
   0.03103
   0.02936
   0.02755
   0.02629
   0.02503
   0.02430
   0.02334
   0.02222
   0.02114
   0.02023
   0.01971
   0.01888
   0.01794
   0.01709
   0.01630
   0.01559
   0.01487
   0.01423
   0.01365
   0.01310
   0.01263
   0.01216
   0.01179
   0.01142
   0.01108
   0.01076
   0.01049
   0.01023
   0.01000
   0.00978
   0.00958
   0.00940
   0.00921
   0.00904
   0.00887
   0.00871
   0.00855
   0.00840
   0.00826
   0.00811
   0.00798
   0.00784
   0.00771
   0.00758
   0.00747
   0.00731
   0.00730
   0.00697
   0.00745
   0.00686
   0.01643
   0.00677
   0.01603
   0.00649
   0.00598
   0.00701
   0.00601
   0.01485
   0.00694
   0.00513
   0.00823
   0.00474
   0.01117
   0.00448
   0.03365
   0.00448
   0.02048
   0.00776
   0.00380
   0.00428
   0.00372
   0.00354
   0.12120
   0.00772
   0.00639
   0.00647
   0.00587
   0.00529
   0.00481
   0.00447
   0.00417
   0.00400
   0.00382
   0.00376
   0.00364
   0.00362
   0.00353
   0.00355
   0.00352
   0.00352
   0.00364
   0.00373
   0.00410
   0.01049
   0.01100
   0.00671
   0.00344
   0.00459
   0.00362
   0.00584
   0.00370
   0.00338
   0.00279
   0.00269
   0.00314
   0.02064
   0.00407
   0.00254
   0.00521
   0.00294
   0.00419
   0.00363
   0.00245
   0.00340
   0.00527
   0.00421
   0.00312
   0.00717
   0.01526
   0.00272
   0.01047
   0.00555
   0.00477
   0.00383
   0.00380
   0.00502
   0.00379
   0.00436
   0.00369
   0.00526
   0.00442
   0.00191
   0.00341
   0.00194
   0.00221
   0.00156
   0.00291
   0.00157
   0.00284
   0.00484
   0.00322
   0.00258
   0.00232
   0.00136
   0.00542
   0.00240
   0.00360
   0.00130
   0.00170
   0.00168
   0.00134
   0.00270
   0.00112
   0.00243
   0.00324
   0.00180
   0.00098
   0.00102
   0.69504
   0.00692
   0.00558
   0.00467
   0.00434
   0.00400
   0.00382
   0.00365
   0.00346
   0.00330
   0.00316
   0.00302
   0.00289
   0.00276
   0.00265
   0.00255
   0.00249
   0.00243
   0.00236
   0.00228
   0.00219
   0.00212
   0.00202
   0.00197
   0.00190
   0.00185
   0.00179
   0.00175
   0.00174
   0.00172
   0.00172
   0.00174
   0.00177
   0.00184
   0.00202
   0.00262
   0.00307
   0.00100
   0.00210
   0.00345
   0.00245
   0.00249
   0.00095
   0.00221
   0.00094
   0.00254
   0.01528
   0.01591
   0.00187
   0.00118
   0.00114
   0.00116
   0.00118
   0.00121
   0.00123
   0.00126
   0.00128
   0.00131
   0.00133
   0.00135
   0.00136
   0.00137
   0.00137
   0.00137
   0.00137
   0.00136
   0.00136
   0.00136
   0.00136
   0.00136
   0.00136
   0.00137
   0.00139
   0.00142
   0.00147
   0.00157
   0.00178
   0.00234
   0.00143
   0.00233
   0.00085
   0.00196
   0.00103
   0.00219
   0.00439
   0.00111
   0.00208
   0.00067
   0.00156
