   0.64324
   0.63963
   0.63840
   0.63765
   0.63754
   0.63695
   0.63696
   0.63855
   0.63788
   0.63969
   0.64047
   0.64059
   0.64079
   0.64043
   0.64023
   0.63997
   0.63894
   0.63840
   0.63803
   0.63695
   0.63613
   0.63537
   0.63464
   0.63380
   0.63288
   0.62834
   0.63035
   0.63024
   0.62942
   0.62834
   0.62746
   0.62574
   0.62525
   0.62418
   0.62316
   0.62212
   0.62094
   0.61982
   0.61838
   0.61736
   0.61608
   0.61463
   0.61353
   0.61222
   0.61064
   0.60941
   0.60801
   0.60641
   0.60510
   0.60356
   0.60180
   0.60034
   0.59880
   0.59719
   0.59527
   0.59245
   0.59103
   0.58856
   0.58163
   0.57775
   0.57226
   0.56839
   0.56479
   0.56163
   0.55847
   0.55528
   0.55205
   0.54878
   0.54547
   0.54212
   0.53873
   0.53528
   0.53180
   0.52827
   0.52471
   0.52111
   0.51746
   0.51377
   0.51006
   0.50630
   0.50251
   0.49869
   0.49484
   0.49096
   0.48706
   0.48313
   0.47918
   0.47520
   0.47121
   0.46721
   0.46318
   0.45916
   0.45512
   0.45108
   0.44706
   0.44302
   0.43899
   0.43498
   0.43099
   0.42700
   0.42303
   0.41909
   0.41517
   0.41128
   0.40743
   0.40361
   0.39982
   0.39608
   0.39238
   0.38872
   0.38511
   0.38155
   0.37805
   0.37459
   0.37120
   0.36788
   0.36461
   0.36140
   0.35827
   0.35519
   0.35219
   0.34933
   0.34643
   0.34368
   0.34106
   0.33839
   0.33587
   0.33348
   0.33108
   0.32889
   0.32671
   0.32467
   0.32269
   0.32082
   0.31901
   0.31735
   0.31573
   0.31420
   0.31267
   0.31121
   0.30975
   0.30823
   0.30667
   0.30482
   0.30282
   0.30073
   0.29818
   0.29541
   0.29225
   0.28897
   0.28533
   0.28169
   0.27782
   0.27411
   0.27026
   0.26645
   0.26272
   0.25907
   0.25541
   0.25181
   0.24832
   0.24487
   0.24154
   0.23804
   0.23481
   0.23159
   0.22831
   0.22507
   0.22191
   0.21877
   0.21555
   0.21248
   0.20926
   0.20621
   0.20312
   0.20003
   0.19688
   0.19388
   0.19077
   0.18783
   0.18462
   0.18176
   0.17867
   0.17581
   0.17278
   0.16991
   0.16695
   0.16416
   0.16130
   0.15849
   0.15571
   0.15293
   0.15031
   0.14754
   0.14493
   0.14230
   0.13976
   0.13720
   0.13470
   0.13220
   0.12983
   0.12743
   0.12505
   0.12273
   0.12045
   0.11823
   0.11599
   0.11380
   0.11166
   0.10958
   0.10749
   0.10545
   0.10347
   0.10148
   0.09958
   0.09764
   0.09577
   0.09394
   0.09214
   0.09037
   0.08864
   0.08688
   0.08525
   0.08357
   0.08197
   0.08036
   0.07879
   0.07728
   0.07575
   0.07428
   0.07283
   0.07140
   0.07001
   0.06863
   0.06729
   0.06596
   0.06466
   0.06339
   0.06216
   0.06092
   0.05971
   0.05853
   0.05738
   0.05624
   0.05512
   0.05403
   0.05295
   0.05189
   0.05088
   0.04984
   0.04885
   0.04785
   0.04692
   0.04598
   0.04503
   0.04415
   0.04326
   0.04237
   0.04154
   0.04066
   0.03986
   0.03907
   0.03831
   0.03748
   0.03673
   0.03599
   0.03528
   0.03454
   0.03386
   0.03316
   0.03249
   0.03181
   0.03116
   0.03053
   0.02990
   0.02928
   0.02867
   0.02808
   0.02750
   0.02693
   0.02637
   0.02582
   0.02528
   0.02475
   0.02423
   0.02373
   0.02323
   0.02274
   0.02226
   0.02180
   0.02134
   0.02089
   0.02044
   0.02001
   0.01958
   0.01917
   0.01876
   0.01836
   0.01797
   0.01758
   0.01720
   0.01684
   0.01648
   0.01612
   0.01578
   0.01544
   0.01511
   0.01478
   0.01446
   0.01416
   0.01385
   0.01355
   0.01327
   0.01298
   0.01270
   0.01244
   0.01217
   0.01191
   0.01166
   0.01142
   0.01118
   0.01094
   0.01072
   0.01049
   0.01028
   0.01006
   0.00985
   0.00965
   0.00946
   0.00927
   0.00908
   0.00890
   0.00872
   0.00854
   0.00837
   0.00820
   0.00804
   0.00788
   0.00772
   0.00757
   0.00742
   0.00727
   0.00713
   0.00699
   0.00685
   0.00671
   0.00658
   0.00645
   0.00632
   0.00619
   0.00607
   0.00595
   0.00583
   0.00572
   0.00560
   0.00549
   0.00538
   0.00527
   0.00516
   0.00505
   0.00496
   0.00485
   0.00475
   0.00466
   0.00456
   0.00447
   0.00438
   0.00429
   0.00420
   0.00411
   0.00402
   0.00395
   0.00386
   0.00378
   0.00370
   0.00362
   0.00355
   0.00348
   0.00340
   0.00333
   0.00326
   0.00319
   0.00312
   0.00306
   0.00299
   0.00292
   0.00286
   0.00280
   0.00274
   0.00268
   0.00262
   0.00256
   0.00251
   0.00245
   0.00240
   0.00235
   0.00230
   0.00224
   0.00220
   0.00215
   0.00210
   0.00206
   0.00201
   0.00197
   0.00193
   0.00188
   0.00184
   0.00180
   0.00176
   0.00172
   0.00169
   0.00165
   0.00161
   0.00158
   0.00154
   0.00150
   0.00147
   0.00144
   0.00141
   0.00138
   0.00135
   0.00132
   0.00129
   0.00126
   0.00123
   0.00121
   0.00118
   0.00115
   0.00113
   0.00110
   0.00108
   0.00106
   0.00103
   0.00101
   0.00099
   0.00097
   0.00095
   0.00093
   0.00090
   0.00089
   0.00087
   0.00085
   0.00083
   0.00081
   0.00080
   0.00078
   0.00076
   0.00074
   0.00073
   0.00071
   0.00070
   0.00068
   0.00067
   0.00065
   0.00064
   0.00062
   0.00058
   0.00057
   0.00055
   0.00054
   0.00052
   0.00051
   0.00050
   0.00049
   0.00047
   0.00046
   0.00045
   0.00044
   0.00043
   0.00042
   0.00041
   0.00040
   0.00039
   0.00038
   0.00038
   0.00037
   0.00036
   0.00035
   0.00034
   0.00034
   0.00033
   0.00032
   0.00031
   0.00031
   0.00030
   0.00029
   0.00029
   0.00028
   0.00027
   0.00026
   0.00026
   0.00025
   0.00025
   0.00025
   0.00026
   0.00028
   0.00029
   0.00027
   0.00030
   0.41250
