   0.62871
   0.62221
   0.62039
   0.61771
   0.61582
   0.61394
   0.61172
   0.60985
   0.60796
   0.60572
   0.60380
   0.60189
   0.59960
   0.59768
   0.59562
   0.59339
   0.59137
   0.58930
   0.58701
   0.58488
   0.58269
   0.58034
   0.57809
   0.57585
   0.57342
   0.57098
   0.56861
   0.56608
   0.56342
   0.56093
   0.55839
   0.55573
   0.55301
   0.55031
   0.54754
   0.54473
   0.54189
   0.53898
   0.53604
   0.53306
   0.53002
   0.52694
   0.52381
   0.52065
   0.51742
   0.51418
   0.51084
   0.50749
   0.50414
   0.50066
   0.49741
   0.49386
   0.49026
   0.48666
   0.48298
   0.47797
   0.47628
   0.47248
   0.46845
   0.46444
   0.45956
   0.45561
   0.45264
   0.44947
   0.44450
   0.44119
   0.43780
   0.43445
   0.43098
   0.42734
   0.42353
   0.42024
   0.41680
   0.41324
   0.40977
   0.40638
   0.40296
   0.39976
   0.39658
   0.39355
   0.39036
   0.38747
   0.38465
   0.38188
   0.37932
   0.37687
   0.37453
   0.37234
   0.37038
   0.36846
   0.36677
   0.36539
   0.36393
   0.36266
   0.36167
   0.36074
   0.35973
   0.35893
   0.35770
   0.35616
   0.35404
   0.35113
   0.34731
   0.34285
   0.33784
   0.33310
   0.32645
   0.32137
   0.31612
   0.31098
   0.30616
   0.30126
   0.29664
   0.29211
   0.28770
   0.28338
   0.27904
   0.27492
   0.27068
   0.26629
   0.26217
   0.25799
   0.25379
   0.24956
   0.24535
   0.24116
   0.23698
   0.23282
   0.22860
   0.22450
   0.22042
   0.21641
   0.21233
   0.20830
   0.20420
   0.20065
   0.19601
   0.19344
   0.18797
   0.18310
   0.18032
   0.17672
   0.17318
   0.16957
   0.16615
   0.16274
   0.15934
   0.15611
   0.15301
   0.14970
   0.14660
   0.14351
   0.14071
   0.13768
   0.13481
   0.13202
   0.12922
   0.12653
   0.12387
   0.12122
   0.11861
   0.11612
   0.11362
   0.11123
   0.10887
   0.10655
   0.10422
   0.10203
   0.09990
   0.09775
   0.09566
   0.09356
   0.09154
   0.08957
   0.08769
   0.08582
   0.08397
   0.08213
   0.08038
   0.07861
   0.07690
   0.07527
   0.07357
   0.07197
   0.07043
   0.06894
   0.06746
   0.06604
   0.06462
   0.06324
   0.06191
   0.06060
   0.05931
   0.05805
   0.05685
   0.05563
   0.05445
   0.05328
   0.05216
   0.05106
   0.04999
   0.04894
   0.04789
   0.04689
   0.04591
   0.04499
   0.04427
   0.04336
   0.04243
   0.04158
   0.04071
   0.03987
   0.03887
   0.03814
   0.03731
   0.03664
   0.03570
   0.03512
   0.03430
   0.03376
   0.03284
   0.03237
   0.03159
   0.03111
   0.03028
   0.02988
   0.02901
   0.02874
   0.02779
   0.02742
   0.02678
   0.02630
   0.02572
   0.02524
   0.02468
   0.02422
   0.02372
   0.02326
   0.02278
   0.02232
   0.02189
   0.02145
   0.02102
   0.02062
   0.02019
   0.01979
   0.01942
   0.01903
   0.01865
   0.01829
   0.01791
   0.01756
   0.01721
   0.01685
   0.01653
   0.01620
   0.01587
   0.01555
   0.01523
   0.01492
   0.01457
   0.01429
   0.01400
   0.01366
   0.01339
   0.01299
   0.01283
   0.01240
   0.01228
   0.01183
   0.01170
   0.01135
   0.01113
   0.01082
   0.01063
   0.01032
   0.01014
   0.00985
   0.00967
   0.00939
   0.00922
   0.00895
   0.00878
   0.00852
   0.00837
   0.00811
   0.00797
   0.00772
   0.00758
   0.00737
   0.00723
   0.00702
   0.00688
   0.00668
   0.00654
   0.00640
   0.00621
   0.00608
   0.00593
   0.00578
   0.00563
   0.00551
   0.00537
   0.00526
   0.00512
   0.00500
   0.00490
   0.00483
   0.00467
   0.00463
   0.00446
   0.00443
   0.00428
   0.00423
   0.00411
   0.00407
   0.00398
   0.00389
   0.00384
   0.00376
   0.00370
   0.00361
   0.00353
   0.00345
   0.00333
   0.00320
   0.00304
   0.00288
   0.00274
   0.00265
   0.00259
   0.00258
   0.00250
   0.00246
   0.00242
   0.00238
   0.00234
   0.00230
   0.00225
   0.00221
   0.00218
   0.00215
   0.00212
   0.00212
   0.00212
   0.00214
   0.00219
   0.00223
   0.00228
   0.00226
   0.00235
   0.00231
   0.00219
   0.00158
   0.00155
   0.00149
   0.00145
   0.00142
   0.00138
   0.00134
   0.00131
   0.00128
   0.00125
   0.00121
   0.00118
   0.00116
   0.00113
   0.00110
   0.00107
   0.00105
   0.00102
   0.00100
   0.00097
   0.00095
   0.00093
   0.00091
   0.00088
   0.00086
   0.00084
   0.00082
   0.00081
   0.00079
   0.00077
   0.00075
   0.00073
   0.00072
   0.00070
   0.00068
   0.00067
   0.00065
   0.00064
   0.00062
   0.00061
   0.00060
   0.00058
   0.00057
   0.00056
   0.00054
   0.00053
   0.00052
   0.00051
   0.00050
   0.00048
   0.00047
   0.00046
   0.00045
   0.00044
   0.00043
   0.00042
   0.00041
   0.00040
   0.00039
   0.00038
   0.00037
   0.00036
   0.00036
   0.00035
   0.00034
   0.00035
   0.00043
   0.00033
   0.00032
   0.00031
   0.00030
   0.00029
   0.00029
   0.00031
   7.15120
   0.55208
   0.44658
   0.41940
   0.41169
   0.40160
   0.39434
   0.38746
   0.38090
   0.37416
   0.36785
   0.36150
   0.34123
   0.33277
   0.32649
   0.32036
   0.31438
   0.30855
   0.30287
   0.29735
   0.28280
   0.27935
   0.28490
   0.27129
   0.24501
   0.23601
   0.22437
   0.22774
   0.21165
   0.21164
   0.21310
   0.20370
   0.19654
   0.19173
   0.18727
   0.18294
   0.17876
   0.17479
   0.17103
   0.16751
   0.16407
   0.16074
   0.15753
   0.15437
   0.15131
   0.14828
   0.14539
   0.14252
   0.13973
   0.13699
   0.13428
   0.13168
   0.12910
   0.12656
   0.12408
   0.12166
   0.11927
   0.11693
   0.11465
   0.11241
   0.11020
   0.10803
   0.10597
   0.10386
   0.10181
   0.09979
   0.09783
   0.09593
   0.09401
   0.09215
   0.09031
   0.08853
   0.08678
   0.08510
   0.08340
   0.08168
   0.08009
   0.07850
   0.07692
   0.07541
   0.07387
   0.07241
   0.07096
   0.06954
   0.06813
   0.06679
   0.06545
   0.06414
   0.06287
   0.06161
   0.06038
   0.05920
   0.05796
   0.05684
   0.05570
   0.05456
   0.05349
   0.05243
   0.05135
   0.05033
   0.04940
   0.04837
   0.04739
   0.04643
   0.04553
   0.04461
   0.04374
   0.04286
   0.04201
   0.04118
   0.04036
   0.03956
   0.03878
   0.03802
   0.03726
   0.03653
   0.03581
   0.03512
   0.03442
   0.03373
   0.03307
   0.03242
   0.03179
   0.03117
   0.03055
   0.02996
   0.02937
   0.02880
   0.02824
   0.02769
   0.02716
   0.02663
   0.02611
   0.02561
   0.02512
   0.02463
   0.02415
   0.02368
   0.02323
   0.02278
   0.02234
   0.02192
   0.02150
   0.02108
   0.02068
   0.02029
   0.01990
   0.01952
   0.01916
   0.01879
   0.01844
   0.01809
   0.01775
   0.01742
   0.01709
   0.01677
   0.01647
   0.01616
   0.01586
   0.01557
   0.01528
   0.01500
   0.01473
   0.01446
   0.01420
   0.01394
   0.01369
   0.01345
   0.01321
   0.01297
   0.01275
   0.01252
   0.01230
   0.01209
   0.01188
   0.01167
   0.01147
   0.01128
   0.01108
   0.01090
   0.01072
   0.01054
   0.01037
   0.01019
   0.01003
   0.00987
   0.00971
   0.00955
   0.00940
   0.00925
   0.00911
   0.00897
   0.00884
   0.00871
   0.00858
   0.00846
   0.00833
   0.00821
   0.00810
   0.00799
   0.00788
   0.00778
   0.00768
   0.00758
   0.00748
   0.00739
   0.00730
   0.00722
   0.00713
   0.00705
   0.00698
   0.00690
   0.00683
   0.00676
   0.00670
   0.00664
   0.00658
   0.00652
   0.00647
   0.00641
   0.00637
   0.00632
   0.00628
   0.00624
   0.00620
   0.00617
   0.00613
   0.00610
   0.00607
   0.00604
   0.00601
   0.00599
   0.00596
   0.00593
   0.00590
   0.00587
   0.00583
   0.00579
   0.00574
   0.00567
   0.00560
   0.00550
   0.00538
   0.00523
   0.00504
   0.00479
   0.00449
   0.00410
   0.00362
   0.00309
   0.00265
   0.00246
   0.00242
   0.00238
   0.00235
   0.00231
   0.00228
   0.00225
   0.00221
   0.00218
   0.00215
   0.00213
   0.00210
   0.00207
   0.00205
   0.00203
   0.00200
   0.00198
   0.00197
   0.00195
   0.00194
   0.00192
   0.00191
   0.00190
   0.00188
   0.00187
   0.00185
   0.00184
   0.00182
   0.00179
   0.00177
   0.00173
   0.00170
   0.00167
   0.00163
   0.00159
   0.00156
   0.00152
   0.00148
   0.00145
   0.00142
   0.00139
   0.00136
   0.00133
   0.00131
   0.00128
   0.00126
   0.00124
   0.00121
   0.00119
   0.00117
   0.00115
   0.00113
   0.00112
   0.00110
   0.00108
   0.00106
   0.00104
   0.00103
   0.00101
   0.00099
   0.00098
   0.00096
   0.00094
   0.00093
   0.00091
   0.00090
   0.00088
   0.00087
   0.00085
   0.00084
   0.00082
   0.00081
   0.00079
   0.00078
   0.00077
   0.00076
   0.00074
   0.00073
   0.00072
   0.00070
   0.00069
   0.00068
   0.00067
   0.00066
   0.00065
   0.00064
   0.00063
   0.00061
   0.00060
   0.00059
   0.00058
   0.00057
   0.00056
   0.00055
   0.00055
   0.00054
   0.00053
   0.00052
   0.00051
   0.00050
   0.00049
   0.00048
   0.00048
   0.00047
   0.00046
   0.00045
   0.00045
   0.00044
   0.00043
   0.00042
   0.00041
   0.00039
   0.00036
   0.00035
   0.00035
   0.00034
   0.00034
   0.00033
   0.00032
   0.00032
   0.00031
   0.00031
   0.00030
   0.00030
   0.00029
   0.00029
   0.00029
   0.00028
   0.00028
   0.00027
   0.00027
   0.00026
   0.00026
   0.00026
   0.00025
   0.00025
   0.00024
   0.00024
   0.00024
   0.00023
   0.00023
   0.00023
   0.00022
   0.00022
   0.00022
   0.00021
   0.00021
   0.00021
   0.00021
   0.00020
   0.00020
   0.00020
   0.00019
   0.00019
   0.00019
   0.00019
   0.00018
   0.00018
   0.00018
   0.00018
   0.00017
   0.00017
   0.00017
   0.00017
   0.00017
   0.00016
   0.00016
   0.00016
   0.00016
   0.00016
   0.00015
   0.00015
   0.00015
   0.00015
   0.00015
   0.00015
   0.00014
   0.00014
   0.00014
   0.00014
   0.00014
   0.00014
   0.00013
   0.00013
   0.00013
   0.00013
   0.00013
   0.00013
   0.00013
   0.00013
   0.00012
   0.00012
   0.00012
   0.00012
   0.00012
   0.00012
   0.00012
   0.00012
   0.00012
   0.00011
   0.00011
   0.00011
   0.00011
   0.00011
   0.00011
   0.00011
   0.00011
   0.00011
   0.00011
   0.00011
   0.00011
   0.00010
   0.00010
   0.00010
   0.00010
   0.00010
   0.00010
   0.00010
   0.00010
   0.00010
   0.00010
   0.00010
   0.00010
   0.00010
   0.00010
   0.00010
   0.00010
   0.00009
   0.00010
   0.00009
   0.00010
   0.00009
   0.00010
   0.00008
   0.00009
   0.00007
   0.00008
   0.00006
   0.00007
   0.00006
   0.00006
   0.00005
   0.00006
   0.00005
   0.00006
   0.00005
   0.00006
   0.00005
   0.00005
   0.00005
   0.00005
   0.00005
   0.00005
   0.00004
   0.00005
   0.00004
   0.00004
   0.00004
   0.00004
   0.00004
   0.00004
   0.00004
   0.00004
   0.00004
   0.00004
   0.00004
   0.00003
   0.00004
   0.00003
   0.00004
   0.00003
   0.00003
   0.00003
   0.00003
   0.00003
   0.00003
   0.00002
   0.00003
   0.00002
   0.00003
   0.00002
   0.00003
   0.00002
   0.00003
   0.00002
   0.00003
   0.00002
   0.00003
   0.00001
   0.00002
   0.00001
   0.00002
   0.00001
   0.00001
   0.00001
   0.00001
   0.00001
   0.00001
   0.00001
   0.00001
   0.00001
   0.00001
   0.00001
   0.00001
   0.00001
   0.00001
   0.00001
   0.00001
   0.00001
   0.00001
   0.00001
   0.00001
   0.00001
   0.00001
   0.00001
   0.00001
   0.00001
   0.00001
   0.00001
   0.00001
   0.00001
   0.00001
