   0.64291
   0.64220
   0.64181
   0.64156
   0.64120
   0.64105
   0.64085
   0.64069
   0.64049
   0.64039
   0.64017
   0.63458
   0.64001
   0.64017
   0.64015
   0.64016
   0.64003
   0.63983
   0.63968
   0.63947
   0.63922
   0.63902
   0.63869
   0.63846
   0.63808
   0.63779
   0.63731
   0.63704
   0.63655
   0.63620
   0.63559
   0.63524
   0.63483
   0.63431
   0.63359
   0.63295
   0.63242
   0.63163
   0.63101
   0.63010
   0.62951
   0.62867
   0.62771
   0.62694
   0.62602
   0.62510
   0.62422
   0.62313
   0.62202
   0.62091
   0.61985
   0.62786
   0.62389
   0.62277
   0.62165
   0.62049
   0.62601
   0.62041
   0.61570
   0.61457
   0.61405
   0.61757
   0.61577
   0.60498
   0.60441
   0.60183
   0.59887
   0.59447
   0.59070
   0.58714
   0.58264
   0.57834
   0.57393
   0.56944
   0.56525
   0.56102
   0.55691
   0.55295
   0.54913
   0.54568
   0.54264
   0.53996
   0.53766
   0.53564
   0.53359
   0.53112
   0.52807
   0.52416
   0.51956
   0.51466
   0.50967
   0.50490
   0.50043
   0.49626
   0.49235
   0.48881
   0.48541
   0.48186
   0.47841
   0.47496
   0.47148
   0.46794
   0.46430
   0.46057
   0.45667
   0.45275
   0.44873
   0.44459
   0.44036
   0.43603
   0.43156
   0.42708
   0.42250
   0.41786
   0.41317
   0.40843
   0.40363
   0.40046
   0.39557
   0.39062
   0.38570
   0.38074
   0.37578
   0.37084
   0.36593
   0.36101
   0.35611
   0.35121
   0.34631
   0.34149
   0.33674
   0.33200
   0.32731
   0.32268
   0.31808
   0.31355
   0.30908
   0.30462
   0.30022
   0.29586
   0.29154
   0.28728
   0.28306
   0.27889
   0.27477
   0.27070
   0.26667
   0.26268
   0.25874
   0.25484
   0.25098
   0.24717
   0.24339
   0.23964
   0.23592
   0.23223
   0.22856
   0.22493
   0.22133
   0.21777
   0.21423
   0.21063
   0.20711
   0.20361
   0.20012
   0.19665
   0.19317
   0.18971
   0.18627
   0.18280
   0.17936
   0.17592
   0.17398
   0.17044
   0.16700
   0.16359
   0.16016
   0.15673
   0.15325
   0.14985
   0.14646
   0.14307
   0.13969
   0.13753
   0.13423
   0.13097
   0.12770
   0.12448
   0.12128
   0.11808
   0.11491
   0.11176
   0.10866
   0.10561
   0.10262
   0.09968
   0.09680
   0.09398
   0.09121
   0.08851
   0.08588
   0.08331
   0.08081
   0.07839
   0.07603
   0.07374
   0.07152
   0.06937
   0.06728
   0.06526
   0.06330
   0.06139
   0.05955
   0.05776
   0.05603
   0.05435
   0.05273
   0.05115
   0.04962
   0.04813
   0.04669
   0.04529
   0.04394
   0.04262
   0.04134
   0.04010
   0.03890
   0.03773
   0.03660
   0.03550
   0.03443
   0.03339
   0.03239
   0.03142
   0.03047
   0.02956
   0.02868
   0.02782
   0.02700
   0.02620
   0.02542
   0.02467
   0.02395
   0.02325
   0.02258
   0.02193
   0.02130
   0.02069
   0.02011
   0.01955
   0.01901
   0.01849
   0.01799
   0.01750
   0.01704
   0.01659
   0.01617
   0.01576
   0.01536
   0.01498
   0.01462
   0.01428
   0.01395
   0.01363
   0.01333
   0.01305
   0.01277
   0.01252
   0.01228
   0.01205
   0.01184
   0.01165
   0.01147
   0.01131
   0.01116
   0.01104
   0.01093
   0.01085
   0.01078
   0.01074
   0.01072
   0.01073
   0.01077
   0.01085
   0.01096
   0.01111
   0.01131
   0.01156
   0.01186
   0.01223
   0.01266
   0.01318
   0.01379
   0.01451
   0.01539
   0.01652
   0.01813
   0.02063
   0.02415
   0.02825
   0.03271
   0.01209
   0.03496
   0.00343
   0.00340
   0.00328
   0.00320
   0.00314
   0.00305
   0.00296
   0.00288
   0.00289
   0.00425
   0.01477
   0.00261
   0.00250
   0.00243
   0.00236
   0.00229
   0.00222
   0.00216
   0.00211
   0.00205
   0.00198
   0.00192
   0.00186
   0.00181
   0.00175
   0.00170
   0.00165
   0.00159
   0.00154
   0.00148
   0.00143
   0.00139
   0.00134
   0.00129
   0.00125
   0.00121
   0.00117
   0.00113
   0.00109
   0.00105
   0.00101
   0.00098
   0.00095
   0.00092
   0.00089
   0.00087
   0.00085
   0.00083
   0.00083
   0.00083
   0.00085
   0.00088
   0.00094
   0.00104
   0.00140
   0.00063
   0.00057
   0.00059
   0.00056
   0.00056
   0.00055
   0.00055
   0.00054
   0.00054
   0.00053
   0.00050
   0.00045
   0.00043
   0.00042
   0.00040
   0.00038
   0.00037
   0.00035
   0.00033
   0.00032
   0.00030
   0.00030
   0.00028
   0.00027
   0.00025
   0.00025
   0.00026
   0.00023
   0.00021
   0.00021
   0.00021
   0.00020
   0.00019
   0.00019
   0.00018
   0.00017
   0.00017
   0.00016
   0.00015
   0.00015
   0.00014
   0.00014
   0.00013
   0.00013
   0.00013
   0.00012
   0.00012
   0.00011
   0.00011
   0.00010
   0.00010
   0.00010
   0.00009
   0.00009
   0.00009
   0.00008
   0.00008
   0.00008
   0.00008
   0.00008
   0.00007
   0.00007
   0.00007
   0.00007
   0.00007
   0.00007
   0.00006
   0.00006
   0.00006
   0.00006
   0.00006
   0.00006
   0.00007
   0.00005
   0.00005
   0.00005
   0.00005
   0.00004
   0.00004
   0.00004
   0.00004
   0.00004
   0.00004
   0.00004
   0.00004
   0.00004
   0.00004
   0.00004
   0.00004
   0.00004
   0.00003
   0.00003
   0.00003
   0.00003
   0.00003
   0.00003
   0.00003
   0.00004
   0.00003
   0.00003
   0.00003
   0.00167
   0.00003
   0.00003
   0.00003
   0.00003
   0.00003
   0.00003
   0.00003
   0.00003
   0.00003
   0.00003
   0.00003
   0.00003
   0.00003
   0.00003
   0.00003
   0.00003
   0.00003
   0.00003
   0.00003
   0.00003
   0.00003
   0.00003
   0.00003
   0.00003
   0.00003
   0.00003
   0.00003
   0.00003
   0.00003
   0.00003
   0.00003
   0.00003
   0.00003
   0.00003
   0.00003
   0.00005
   0.00009
   0.00010
   0.00009
   0.00009
