   0.65158
   0.63956
   0.64309
   0.64002
   0.63794
   0.63693
   0.63605
   0.63542
   0.63493
   0.63425
   0.63376
   0.63342
   0.63303
   0.63265
   0.63233
   0.63197
   0.63157
   0.63112
   0.63086
   0.63053
   0.63011
   0.62987
   0.63016
   0.62919
   0.62879
   0.62838
   0.62822
   0.62794
   0.62769
   0.62756
   0.62728
   0.62745
   0.62714
   0.62725
   0.62737
   0.62709
   0.62738
   0.62647
   0.62625
   0.62484
   0.62391
   0.62201
   0.62040
   0.61758
   0.61334
   0.61009
   0.60679
   0.60130
   0.63394
   0.60070
   0.59387
   0.58830
   0.58349
   0.58012
   0.57793
   0.57667
   0.57504
   0.57205
   0.56289
   0.55021
   0.53636
   0.52329
   0.51167
   0.49975
   0.48995
   0.48151
   0.47321
   0.46579
   0.45864
   0.45196
   0.44552
   0.43929
   0.43320
   0.42720
   0.42125
   0.41532
   0.40943
   0.40350
   0.39758
   0.39163
   0.38566
   0.37965
   0.37361
   0.36754
   0.36144
   0.35533
   0.34921
   0.34310
   0.33698
   0.33094
   0.32491
   0.31895
   0.31298
   0.30730
   0.30175
   0.29640
   0.29124
   0.28644
   0.28163
   0.27708
   0.27263
   0.26914
   0.26532
   0.26174
   0.25795
   0.25443
   0.25098
   0.24762
   0.24426
   0.24095
   0.23758
   0.23418
   0.23063
   0.22725
   0.22347
   0.21990
   0.21595
   0.21206
   0.20966
   0.20523
   0.20077
   0.19608
   0.19127
   0.18631
   0.18095
   0.17551
   0.16952
   0.16366
   0.15736
   0.15035
   0.14383
   0.13711
   0.13021
   0.12351
   0.11645
   0.10981
   0.10299
   0.09646
   0.09026
   0.08369
   0.07820
   0.07295
   0.06827
   0.06388
   0.06002
   0.05624
   0.05310
   0.05032
   0.04766
   0.04524
   0.04298
   0.04091
   0.03892
   0.03708
   0.03535
   0.03368
   0.03210
   0.03059
   0.02917
   0.02780
   0.02651
   0.02528
   0.02414
   0.02308
   0.02212
   0.02128
   0.02051
   0.01987
   0.01935
   0.01865
   0.01877
   0.01841
   0.01881
   0.01870
   0.01936
   0.01967
   0.02075
   0.02367
   0.02817
   0.03126
   0.03363
   0.03576
   0.03658
   0.04172
   0.04248
   0.03885
   0.04673
   0.04509
   0.04154
   0.02046
   0.00877
   0.07297
   0.01669
   0.00664
   0.02456
   0.00634
   0.00816
   0.00436
   0.00426
   0.00397
   0.00348
   0.00290
   0.00257
   0.00269
   0.00380
   0.02143
   0.00986
   0.00260
   0.00218
   0.00210
   0.00174
   0.00221
   0.00162
   0.00175
   0.00155
   0.00153
   0.00158
   0.00157
   0.00149
   0.00127
   0.00115
   0.00159
   0.00113
   0.00123
   0.00602
   0.00467
   0.00365
   0.00315
   0.00984
   0.01195
   0.00935
   0.01022
   0.00757
   0.00842
   0.00785
   0.00757
   0.00741
   0.00692
   0.00643
   0.00599
   0.00549
   0.00532
   0.00498
   0.00490
   0.00449
   0.00422
   0.01168
   0.00543
   0.00497
   0.00476
   0.00441
   0.00593
   0.00625
   0.00585
   0.00455
   0.00551
   0.00445
   0.00442
   0.00431
   0.00420
   0.00378
   0.00350
   0.00265
   0.00220
   0.00277
   0.00315
   0.00572
   0.00251
   0.09534
   0.01878
   0.00234
   0.00278
   0.00274
   0.00261
   0.00246
   0.00230
   0.00269
   0.00190
   0.00227
   0.00100
   0.00214
   0.00224
   0.00205
   0.00199
   0.00191
   0.00181
   0.00141
   0.00163
   0.00232
   0.00126
   0.00835
   0.01464
   0.00909
   0.00669
   0.00547
   0.00524
   0.00485
   0.00452
   0.00427
   0.00410
   0.00375
   0.00321
   0.00313
   0.00303
   0.00305
   0.00310
   0.00316
   0.00336
   0.00357
   0.00403
   0.00457
   0.00479
   0.00448
   0.00175
   0.00464
   0.00148
   0.00148
   0.00166
   0.00149
   0.00265
   0.00142
   0.00260
   0.00255
   0.00244
   0.00136
   0.00658
   0.00295
   0.00312
   0.00304
   0.00292
   0.00278
   0.00263
   0.00246
   0.00229
   0.00213
   0.00201
   0.00197
   0.00205
   0.00207
   0.00193
   0.00175
   0.00170
   0.00159
   0.00147
   0.00132
   0.00118
   0.00109
   0.00103
   0.00099
   0.00074
   0.00084
   0.00068
   0.00072
   0.00068
   0.00053
   0.00053
   0.00030
   0.00052
   0.12013
   0.01903
   0.01791
   0.01597
   0.01323
   0.01212
   0.01198
   0.01210
   0.01226
   0.01248
   0.01269
   0.01266
   0.01255
   0.01225
   0.01183
   0.01142
   0.01095
   0.01041
   0.00969
   0.00872
   0.00788
   0.00706
   0.00660
   0.00609
   0.00545
   0.00463
   0.00409
   0.00372
   0.00336
   0.00305
   0.00292
   0.00265
   0.00268
   0.00281
   0.00239
   0.00240
   0.00212
   0.00205
   0.00206
   0.00192
   0.00175
   0.00168
   0.00166
   0.00158
   0.00151
   0.00143
   0.00136
   0.00129
   0.00122
   0.00115
   0.00110
   0.00104
   0.00098
   0.00093
   0.00088
   0.00083
   0.00078
   0.00074
   0.00070
   0.00066
   0.00062
   0.00059
   0.00056
   0.00053
   0.00050
   0.00047
   0.00044
   0.00042
   0.00040
   0.00038
   0.00036
   0.00035
   0.00033
   0.00032
   0.00031
   0.00031
   0.00029
   0.00028
   0.00027
   0.00032
   0.00035
   0.00029
   4.65864
   0.01135
   0.00396
   0.00330
   0.00283
   0.00250
   0.00228
   0.00209
   0.00196
   0.00186
   0.00185
   0.00189
   0.00187
   0.00148
   0.00135
   0.00130
   0.00123
   0.00117
   0.00112
   0.00111
   0.00115
   0.00125
   0.00136
   0.00143
   0.00147
   0.00148
   0.00147
   0.00144
   0.00139
   0.00131
   0.00116
   0.00108
   0.00097
   0.00091
   0.00086
   0.00080
   0.00075
   0.00071
   0.00067
   0.00063
   0.00060
   0.00057
   0.00055
   0.00053
   0.00052
   0.00050
   0.00049
   0.00048
   0.00048
   0.00047
   0.00046
   0.00046
   0.00045
   0.00044
   0.00044
   0.00044
   0.00045
   0.00048
   0.00052
   0.00058
