   0.69863
   0.69173
   0.68915
   0.68847
   0.68790
   0.68729
   0.68665
   0.68613
   0.68548
   0.68472
   0.68415
   0.68364
   0.68295
   0.68223
   0.68161
   0.68133
   0.68062
   0.68010
   0.67932
   0.67863
   0.67797
   0.67735
   0.67662
   0.67615
   0.67533
   0.67498
   0.67421
   0.67358
   0.67284
   0.67230
   0.67156
   0.67096
   0.67020
   0.66971
   0.66884
   0.66826
   0.66762
   0.66696
   0.66636
   0.66557
   0.66501
   0.66434
   0.66369
   0.66297
   0.66220
   0.66144
   0.66066
   0.65999
   0.65923
   0.65852
   0.65778
   0.65703
   0.65637
   0.65567
   0.65493
   0.65436
   0.65379
   0.65321
   0.65259
   0.65212
   0.65172
   0.65140
   0.65114
   0.65093
   0.65075
   0.65079
   0.65099
   0.65097
   0.65114
   0.65167
   0.65218
   0.65293
   0.65400
   0.65494
   0.65612
   0.65730
   0.65799
   0.65825
   0.65805
   0.65715
   0.65553
   0.65310
   0.65007
   0.64678
   0.64318
   0.63940
   0.63567
   0.63189
   0.62815
   0.62439
   0.62050
   0.61665
   0.61267
   0.60881
   0.60498
   0.60083
   0.59662
   0.59275
   0.58859
   0.58470
   0.58075
   0.57667
   0.57266
   0.56905
   0.56520
   0.56140
   0.55784
   0.55425
   0.55065
   0.54725
   0.54373
   0.54038
   0.53693
   0.53368
   0.53035
   0.52710
   0.52381
   0.52069
   0.51748
   0.51443
   0.51135
   0.50825
   0.50527
   0.50227
   0.49944
   0.49648
   0.49377
   0.49065
   0.48798
   0.48496
   0.48247
   0.47965
   0.47725
   0.47430
   0.47199
   0.46945
   0.46712
   0.46483
   0.46265
   0.46055
   0.45854
   0.45650
   0.45465
   0.45289
   0.45118
   0.44966
   0.44850
   0.44712
   0.44600
   0.44512
   0.44406
   0.44278
   0.44239
   0.44186
   0.44169
   0.44119
   0.44048
   0.43992
   0.43918
   0.43850
   0.43754
   0.43649
   0.43426
   0.43266
   0.42992
   0.42777
   0.42444
   0.42254
   0.41951
   0.41651
   0.41308
   0.40988
   0.40764
   0.40340
   0.40112
   0.39797
   0.39528
   0.39206
   0.38955
   0.38631
   0.38355
   0.38078
   0.37721
   0.37495
   0.37201
   0.36902
   0.36621
   0.36352
   0.36065
   0.35765
   0.35531
   0.35177
   0.34961
   0.34651
   0.34388
   0.34126
   0.33812
   0.33495
   0.33389
   0.32957
   0.32725
   0.32403
   0.32209
   0.31799
   0.31621
   0.31335
   0.31077
   0.30784
   0.30504
   0.30244
   0.29959
   0.29691
   0.29414
   0.29143
   0.28877
   0.28595
   0.28329
   0.28040
   0.27800
   0.27535
   0.27303
   0.26981
   0.26813
   0.26494
   0.26183
   0.25999
   0.25697
   0.25325
   0.25252
   0.24907
   0.24635
   0.24422
   0.24186
   0.23908
   0.23656
   0.23303
   0.23186
   0.22894
   0.22583
   0.22364
   0.22139
   0.21917
   0.21565
   0.21504
   0.21220
   0.20932
   0.20728
   0.20435
   0.20217
   0.19916
   0.19821
   0.19485
   0.19203
   0.18992
   0.18776
   0.18497
   0.18302
   0.18147
   0.17843
   0.17538
   0.17341
   0.17158
   0.16992
   0.16644
   0.16380
   0.16262
   0.16048
   0.15732
   0.15575
   0.15396
   0.15092
   0.14865
   0.14682
   0.14507
   0.14244
   0.14037
   0.13807
   0.13617
   0.13467
   0.13340
   0.13155
   0.12812
   0.12667
   0.12508
   0.12290
   0.12066
   0.11905
   0.11759
   0.11502
   0.11329
   0.11052
   0.10878
   0.10780
   0.10530
   0.10313
   0.10174
   0.09980
   0.09832
   0.09631
   0.09511
   0.09243
   0.09095
   0.08917
   0.08763
   0.08603
   0.08425
   0.08291
   0.08123
   0.07962
   0.07789
   0.07653
   0.07516
   0.07323
   0.07192
   0.07022
   0.06912
   0.06745
   0.06624
   0.06473
   0.06334
   0.06220
   0.06097
   0.05955
   0.05865
   0.05738
   0.05629
   0.05512
   0.05392
   0.05255
   0.05181
   0.05076
   0.04958
   0.04875
   0.04786
   0.04694
   0.04617
   0.04543
   0.04450
   0.04385
   0.04302
   0.04230
   0.04172
   0.04105
   0.04027
   0.03973
   0.03920
   0.03844
   0.03791
   0.03729
   0.03692
   0.03631
   0.03576
   0.03537
   0.03490
   0.03435
   0.03393
   0.03371
   0.03306
   0.03245
   0.03235
   0.03182
   0.03158
   0.03104
   0.03061
   0.03005
   0.03007
   0.02963
   0.02933
   0.02877
   0.02860
   0.02822
   0.02818
   0.02787
   0.02778
   0.02757
   0.02776
   0.02698
   0.02755
   0.02696
   0.02758
   0.02693
   0.02747
   0.02701
   0.02766
   0.02739
   0.02813
   0.02813
   0.02894
   0.02922
   0.02953
   0.03082
   0.03133
   0.03238
   0.03290
   0.03464
   0.03579
   0.03807
   0.03908
   0.04189
   0.04284
   0.04725
   0.04926
   0.05304
   0.05707
   0.06158
   0.06694
   0.07240
   0.08022
   0.09099
   0.09622
   0.10546
   0.11042
   0.12889
   0.12785
   0.13495
   0.10806
   0.01259
   0.01229
   0.01100
   0.01085
   0.01083
   0.01069
   0.01059
   0.01054
   0.01041
   0.01032
   0.01023
   0.01017
   0.01006
   0.00999
   0.00988
   0.00981
   0.00970
   0.00965
   0.00954
   0.00947
   0.00937
   0.00931
   0.00920
   0.00915
   0.00904
   0.00898
   0.00889
   0.00882
   0.00873
   0.00866
   0.00857
   0.00851
   0.00841
   0.00836
   0.00825
   0.00821
   0.00810
   0.00806
   0.00795
   0.00792
   0.00782
   0.00772
   0.00769
   0.00758
   0.00752
   0.00748
   0.00736
   0.00734
   0.00723
   0.00719
   0.00710
   0.00704
   0.00697
   0.00691
   0.00683
   0.00679
   0.00668
   0.00667
   0.00656
   0.00654
   0.00644
   0.00639
   0.00632
   0.00625
   0.00621
   0.00613
   0.00608
   0.00603
   0.00593
   0.00592
   0.00581
   0.00580
   0.00570
   0.00570
   0.00558
   0.00557
   0.00548
   0.00546
   0.00536
   0.00535
   0.00528
   0.00520
   0.00521
   0.00509
   0.00511
   0.00497
   0.00499
   0.00491
   0.00485
   0.00483
   0.00475
   0.00471
   0.00469
   0.00458
   0.00459
   0.00452
   0.00447
   0.00442
   0.00440
   0.00432
   0.00431
   0.00422
   0.00423
   0.00414
   0.00414
   0.00404
   0.00405
   0.00395
   0.00396
   0.00391
   0.00382
   0.00386
   0.00374
   0.00376
   0.00369
   0.00367
   0.00362
   0.00356
   0.00356
   0.00349
   0.00347
   0.00344
   0.00337
   0.00337
   0.00332
   0.00327
   0.00325
   0.00321
   0.00320
   0.00311
   0.00314
   0.00306
   0.00305
   0.00300
   0.00299
   0.00294
   0.00293
   0.00285
   0.00289
   0.00278
   0.00281
   0.00276
   0.00272
   0.00272
   0.00266
   0.00264
   0.00263
   0.00257
   0.00257
   0.00251
   0.00253
   0.00246
   0.00244
   0.00242
   0.00243
   0.00232
   0.00239
   0.00229
   0.00233
   0.00223
   0.00226
   0.00224
   0.00217
   0.00215
   0.00221
   0.00209
   0.00209
   0.00208
   0.00210
   0.00198
   0.00209
   0.00196
   0.00195
   0.00197
   0.00193
   0.00187
   0.00190
   0.00185
   0.00187
   0.00178
   0.00184
   0.00176
   0.00176
   0.00176
   0.00173
   0.00169
   0.00169
   0.00166
   0.00167
   0.00161
   0.00161
   0.00163
   0.00157
   0.00153
   0.00159
   0.00152
   0.00150
   0.00152
   0.00148
   0.00145
   0.00148
   0.00142
   0.00141
   0.00142
   0.00138
   0.00138
   0.00137
   0.00132
   0.00136
   0.00129
   0.00133
   0.00128
   0.00126
   0.00129
   0.00124
   0.00121
   0.00125
   0.00119
   0.00119
   0.00119
   0.00116
   0.00116
   0.00114
   0.00114
   0.00112
   0.00109
   0.00112
   0.00107
   0.00106
   0.00108
   0.00104
   0.00102
   0.00105
   0.00100
   0.00100
   0.00101
   0.00098
   0.00096
   0.00098
   0.00094
   0.00094
   0.00094
   0.00092
   0.00090
   0.00092
   0.00089
   0.00088
   0.00089
   0.00086
   0.00084
   0.00086
   0.00083
   0.00082
   0.00083
   0.00082
   0.00079
   0.00081
   0.00078
   0.00077
   0.00077
   0.00076
   0.00075
   0.00076
   0.00072
   0.00075
   0.00072
   0.00070
   0.00071
   0.00071
   0.00067
   0.00070
   0.00067
   0.00067
   0.00067
   0.00067
   0.00064
   0.00065
   0.00064
   0.00063
   0.00063
   0.00062
   0.00060
   0.00061
   0.00061
   0.00058
   0.00059
   0.00059
   0.00056
   0.00057
   0.00056
   0.00056
   0.00057
   0.00053
   0.00053
   0.00055
   0.00051
   0.00053
   0.00052
   0.00050
   0.00051
   0.00050
   0.00049
   0.00049
   0.00049
   0.00047
   0.00048
   0.00047
   0.00046
   0.00046
   0.00045
   0.00046
   0.00045
   0.00044
   0.00043
   0.00044
   0.00043
   0.00043
   0.00042
   0.00041
   0.00042
   0.00040
   0.00040
   0.00040
   0.00040
   0.00039
   0.00039
   0.00038
   0.00038
   0.00037
   0.00037
   0.00037
   0.00037
   0.00035
   0.00036
   0.00035
   0.00035
   0.00034
   0.00035
   0.00033
   0.00034
   0.00033
   0.00033
   0.00032
   0.00033
   0.00031
   0.00032
   0.00031
   0.00031
   0.00031
   0.00031
   0.00030
   0.00030
   0.00029
   0.00029
   0.00029
   0.00029
   0.00028
   0.00028
   0.00028
   0.00028
   0.00027
   0.00027
   0.00027
   0.00027
   0.00026
   0.00026
   0.00025
   0.00026
   0.00025
   0.00025
   0.00024
   0.00025
   0.00023
   0.00025
   0.00024
   0.00023
   0.00023
   0.00023
   0.00023
   0.00023
   0.00022
   0.00023
   0.00021
   0.00022
   0.00022
   0.00021
   0.00021
   0.00022
   0.00020
   0.00021
   0.00021
   0.00020
   0.00020
   0.00021
   0.00019
   0.00020
   0.00019
   0.00019
   0.00019
   0.00020
   0.00018
   0.00019
   0.00018
   0.00019
   0.00018
   0.00018
   0.00017
   0.00018
   0.00017
   0.00017
   0.00017
   0.00017
   0.00017
   0.00017
   0.00017
   0.00016
   0.00016
   0.00016
   0.00016
   0.00016
   0.00016
   0.00016
   0.00015
   0.00015
   0.00015
   0.00015
   0.00015
   0.00015
   0.00014
   0.00015
   0.00014
   0.00014
   0.00014
   0.00014
   0.00014
   0.00014
   0.00014
   0.00014
   0.00013
   0.00013
   0.00013
   0.00013
   0.00013
   0.00013
   0.00013
   0.00013
   0.00013
   0.00012
   0.00012
   0.00012
   0.00012
   0.00012
   0.00012
   0.00012
   0.00012
   0.00012
   0.00011
   0.00011
   0.00011
   0.00011
   0.00011
   0.00011
   0.00011
   0.00011
   0.00011
   0.00011
   0.00011
   0.00011
   0.00011
   0.00010
   0.00010
   0.00010
   0.00010
   0.00010
   0.00010
   0.00010
   0.00010
   0.00010
   0.00010
   0.00010
   0.00010
   0.00010
   0.00009
   0.00010
   0.00009
   0.00009
   0.00009
   0.00009
   0.00009
   0.00009
   0.00009
   0.00009
   0.00009
   0.00009
   0.00009
   0.00009
   0.00009
   0.00009
   0.00008
   0.00009
   0.00008
   0.00008
   0.00008
   0.00009
   0.00009
   0.00008
   0.00008
   0.00008
   0.00008
   0.00008
   0.00008
   0.00008
   0.00008
   0.00008
   0.00008
   0.00008
   0.00008
   0.00008
   0.00008
   0.00008
   0.00008
   0.00008
   0.00008
   0.00008
   0.00008
   0.00007
   0.00007
   0.00007
   0.00007
   0.00007
   0.00007
   0.00007
   0.00007
   0.00007
   0.00007
   0.00007
   0.00007
   0.00007
   0.00007
   0.00007
   0.00007
   0.00007
   0.00006
   0.00006
   0.00006
   0.00006
   0.00006
   0.00006
   0.00006
   0.00006
   0.00006
   0.00006
   0.00006
   0.00006
   0.00006
   0.00006
   0.00006
   0.00006
   0.00006
   0.00005
   0.00005
   0.00005
   0.00005
   0.00005
   0.00005
   0.00005
   0.00005
   0.00005
   0.00005
   0.00005
   0.00005
   0.00005
   0.00006
   0.00006
   0.00006
   0.00006
   0.00006
   0.00006
   0.00006
   0.00006
   0.00006
   0.00006
   0.00006
   0.00006
