   0.64712
   0.64713
   0.64184
   0.63652
   0.63404
   0.63276
   0.63477
   0.63275
   0.63464
   0.64640
   0.63401
   0.63517
   0.63819
   0.63472
   0.63617
   0.63329
   0.63545
   0.63140
   0.63418
   0.63232
   0.62906
   0.63156
   0.62751
   0.62743
   0.62832
   0.62830
   0.62776
   0.62746
   0.62691
   0.62492
   0.62554
   0.62491
   0.62461
   0.62363
   0.62132
   0.62069
   0.62085
   0.62246
   0.62315
   0.61920
   0.61778
   0.61517
   0.61541
   0.61365
   0.61419
   0.61293
   0.61200
   0.61071
   0.60897
   0.60624
   0.60480
   0.60023
   0.59757
   0.59224
   0.58558
   0.58113
   0.57873
   0.57560
   0.57147
   0.56744
   0.56402
   0.56129
   0.55917
   0.55749
   0.55554
   0.55311
   0.54975
   0.54498
   0.53937
   0.53341
   0.52789
   0.52301
   0.51882
   0.51513
   0.51167
   0.50823
   0.50484
   0.50087
   0.49645
   0.49158
   0.48625
   0.48057
   0.47485
   0.46862
   0.46231
   0.45604
   0.44990
   0.44375
   0.43767
   0.43171
   0.42592
   0.42023
   0.41469
   0.40934
   0.40400
   0.39880
   0.39372
   0.38874
   0.38377
   0.37886
   0.37411
   0.36936
   0.36464
   0.35998
   0.35539
   0.35084
   0.34632
   0.34185
   0.33740
   0.33301
   0.32865
   0.32429
   0.31998
   0.31562
   0.31137
   0.30711
   0.30286
   0.29864
   0.29442
   0.29028
   0.28608
   0.28187
   0.27766
   0.27348
   0.26926
   0.26501
   0.26080
   0.25653
   0.25228
   0.24798
   0.24367
   0.23940
   0.23513
   0.23085
   0.22656
   0.22226
   0.21797
   0.21365
   0.20936
   0.20507
   0.20082
   0.19659
   0.19236
   0.18819
   0.18403
   0.18000
   0.17585
   0.17185
   0.16796
   0.16404
   0.16022
   0.15646
   0.15275
   0.14908
   0.14549
   0.14196
   0.13849
   0.13511
   0.13179
   0.12854
   0.12537
   0.12226
   0.11922
   0.11625
   0.11336
   0.11054
   0.10779
   0.10510
   0.10248
   0.09993
   0.09743
   0.09500
   0.09261
   0.09030
   0.08806
   0.08587
   0.08374
   0.08165
   0.07962
   0.07763
   0.07569
   0.07379
   0.07193
   0.07010
   0.06831
   0.06655
   0.06482
   0.06312
   0.06144
   0.05978
   0.05814
   0.05653
   0.05494
   0.05336
   0.05193
   0.05039
   0.04886
   0.04737
   0.04592
   0.04450
   0.04310
   0.04174
   0.04041
   0.03911
   0.03784
   0.03660
   0.03538
   0.03419
   0.03303
   0.03189
   0.03077
   0.02968
   0.02861
   0.02756
   0.02654
   0.02555
   0.02458
   0.02364
   0.02273
   0.02186
   0.02101
   0.02019
   0.01941
   0.01866
   0.01794
   0.01725
   0.01660
   0.01597
   0.01537
   0.01479
   0.01424
   0.01372
   0.01321
   0.01272
   0.01226
   0.01181
   0.01137
   0.01096
   0.01055
   0.01016
   0.00979
   0.00943
   0.00908
   0.00874
   0.00841
   0.00809
   0.00779
   0.00749
   0.00721
   0.00694
   0.00667
   0.00642
   0.00617
   0.00594
   0.00571
   0.00549
   0.00528
   0.00507
   0.00488
   0.00469
   0.00451
   0.00434
   0.00417
   0.00401
   0.00386
   0.00372
   0.00358
   0.00345
   0.00333
   0.00322
   0.00312
   0.00302
   0.00293
   0.00283
   0.00271
   0.00255
   0.00237
   0.00220
   0.00204
   0.00241
   0.00552
   0.00490
   0.00540
   0.00442
   0.00464
   0.00375
   0.00351
   0.00395
   0.00430
   0.00413
   0.00383
   0.00328
   0.00284
   0.00274
   0.00288
   0.00290
   0.00275
   0.00252
   0.00231
   0.00222
   0.00215
   0.00206
   0.00198
   0.00190
   0.00183
   0.00176
   0.00169
   0.00163
   0.00157
   0.00152
   0.00147
   0.00142
   0.00138
   0.00134
   0.00130
   0.00127
   0.00120
   0.00115
   0.00112
   0.00105
   0.00102
   0.00098
   0.00094
   0.00090
   0.00087
   0.00083
   0.00080
   0.00077
   0.00075
   0.00072
   0.00070
   0.00069
   0.00067
   0.00064
   0.00062
   0.00061
   0.00156
   0.00139
   0.00117
   0.00102
   0.00092
   0.00085
   0.00080
   0.00076
   0.00073
   0.00070
   0.00069
   0.00066
   0.00061
   0.00056
   0.00058
   0.00041
   0.00049
   0.00039
   0.00039
   0.00052
   0.00036
   0.00041
   0.00034
   0.00034
   0.00033
   0.00032
   0.00031
   0.00030
   0.00029
   0.00029
   0.00028
   0.00027
   0.00027
   0.00026
   0.00026
   0.00026
   0.00025
   0.00025
   0.00025
   0.00025
   0.00025
   0.00024
   0.00021
   0.00022
   0.00021
   0.00021
   0.00020
   0.00019
   0.00017
   0.00015
   0.00028
   0.00028
   0.00054
   0.00052
   0.00049
   0.00046
   0.00044
   0.00041
   0.00039
   0.00037
   0.00035
   0.00033
   0.00032
   0.00030
   0.00029
   0.00028
   0.00027
   0.00026
   0.00025
   0.00024
   0.00023
   0.00022
   0.00022
   0.00021
   0.00020
   0.00018
   0.00017
   0.00016
   0.00017
   0.00015
   0.00034
   0.01179
   0.00833
   0.00696
   0.00583
   0.00511
   0.00458
   0.00410
   0.00369
   0.00335
   0.00304
   0.00277
   0.00255
   0.00234
   0.00216
   0.00199
   0.00185
   0.00174
   0.00165
   0.00156
   0.00148
   0.00137
   0.00127
   0.00120
   0.00113
   0.00108
   0.00107
   0.00113
   0.00218
   0.00355
   0.00327
   0.00306
   0.00287
   0.00256
   0.00229
   0.00163
   0.00075
   0.00052
   0.00155
   0.00072
   0.00050
   0.00047
   0.00056
   0.00044
   0.00042
   0.00041
   0.00040
   0.00039
   0.00038
   0.00037
   0.00036
   0.00037
   0.00047
   0.00047
   0.00046
   0.00044
   0.00042
   0.00040
   0.00038
   0.00036
   0.00034
   0.00032
   0.00029
   0.00032
   0.00029
   0.00028
   0.00027
   0.00024
   0.00024
   0.00022
   0.00022
   0.00037
   0.00039
   0.00037
   0.00035
   0.00033
   0.00031
   0.00030
   0.00028
   0.00027
   0.00026
   0.00025
   0.00024
   0.00023
   0.00022
   0.00021
   0.00021
   0.00020
   0.00019
   0.00019
   0.00018
   0.00018
   0.00017
   0.00017
   0.00016
   0.00014
   0.00013
   0.00013
   0.00012
   0.00012
   0.00011
   0.00011
   0.00011
   0.00011
   0.00011
   0.00010
   0.00011
   0.00011
   0.00009
   0.00010
   0.00009
   0.00008
   0.00007
   0.00006
   0.00006
   0.00007
   0.00006
   0.00005
   0.00005
   0.00005
   0.00005
   0.00005
   0.00005
   0.00007
   0.00007
   0.00007
   0.00007
   0.00007
   0.00008
   0.00008
   0.00009
   0.00009
   0.00009
   0.00010
   0.00010
   0.00010
   0.00010
   0.00011
   0.00011
   0.00011
   0.00010
   0.00010
   0.00009
   0.00009
   0.00008
   0.00008
   0.00007
   0.00007
   0.00007
   0.00006
   0.00006
   0.00006
   0.00006
   0.00005
   0.00005
   0.00005
   0.00005
   0.00005
   0.00005
   0.00004
   0.00004
   0.00004
   0.00004
   0.00003
   0.00003
   0.00003
   0.00003
   0.00003
   0.00003
   0.00003
   0.00004
   0.00003
   0.00004
   0.00002
   0.00003
   0.00003
   0.00003
   0.00003
   0.00003
   0.00003
   0.00002
   0.00002
   0.00002
   0.00002
   0.00002
   0.00002
   0.00002
   0.00008
   0.00002
   0.00002
   0.00002
   0.00002
   0.00002
   0.00002
   0.00003
   0.00003
   0.00003
   0.00003
   0.00004
   0.00004
   0.00004
   0.00004
   0.00005
   0.00005
   0.00005
   0.00005
   0.00006
   0.00006
   0.00006
   0.00006
   0.00006
   0.00006
   0.00006
   0.00005
   0.00005
   0.00005
   0.00004
   0.00004
   0.00004
   0.00004
   0.00004
   0.00003
   0.00003
   0.00003
   0.00003
   0.00003
   0.00003
   0.00002
   0.00002
   0.00002
   0.00002
   0.00002
   0.00002
   0.00002
   0.00002
   0.00002
   0.00002
   0.00002
   0.00001
   0.00001
   0.00001
   0.00001
   0.00001
   0.00001
   0.00001
   0.00001
   0.00001
   0.00001
   0.00001
   0.00001
   0.00001
   0.00001
   0.00001
   0.00001
   0.00001
   0.00001
   0.00001
   0.00001
   0.00001
   0.00001
   0.00001
   0.00001
   0.00001
   0.00001
   0.00001
   0.00001
   0.00001
   0.00001
   0.00001
   0.00001
   0.00001
   0.00001
   0.00001
   0.00001
   0.00001
   0.00000
   0.00457
   0.00122
   0.00104
   0.00104
   0.00104
   0.00103
   0.00103
   0.00102
   0.00101
   0.00100
   0.00098
   0.00097
   0.00095
   0.00093
   0.00091
   0.00089
   0.00087
   0.00084
   0.00082
   0.00079
   0.00075
   0.00070
   0.00065
   0.00060
   0.00055
   0.00051
   0.00047
   0.00043
   0.00041
   0.00037
   0.00035
   0.00033
   0.00031
   0.00029
   0.00027
   0.00025
   0.00023
   0.00021
   0.00020
   0.00018
   0.00017
   0.00016
   0.00015
   0.00014
   0.00013
   0.00012
   0.00011
   0.00011
   0.00010
   0.00010
   0.00009
   0.00009
   0.00008
   0.00008
   0.00008
   0.00007
   0.00007
   0.00007
   0.00007
   0.00007
   0.00006
   0.00006
   0.00006
   0.00005
   0.00004
   0.00004
   0.00004
   0.00004
   0.00004
   0.00004
   0.00003
   0.00003
   2.11859
   0.00004
   0.00004
   0.00004
   0.00004
   0.00004
   0.00004
   0.00004
   0.00004
   0.00004
   0.00004
   0.00004
   0.00004
   0.00004
   0.00004
   0.00004
   0.00004
   0.00004
   0.00004
   0.00004
   0.00004
   0.00004
   0.00004
   0.00004
   0.00004
   0.00004
   0.00004
   0.00004
   0.00004
   0.00004
   0.00005
   0.00005
   0.00005
   0.00005
   0.00006
   0.00006
   0.00006
   0.00007
   0.00007
   0.00007
   0.00007
   0.00007
   0.00007
   0.00007
   0.00008
   0.00008
   0.00008
   0.00007
   0.00007
   0.00007
   0.00006
   0.00006
   0.00005
   0.00005
   0.00005
   0.00005
   0.00005
   0.00005
   0.00005
   0.00005
   0.00005
   0.00005
   0.00005
   0.00005
   0.00004
   0.00004
   0.00004
   0.00003
   0.00003
   0.00003
   0.00003
   0.00003
   0.00002
   0.00002
   0.00002
   0.00002
   0.00002
   0.00002
   0.00002
   0.00002
   0.00002
   0.00002
   0.00002
   0.00002
   0.00002
   0.00001
   0.00001
   0.00001
   0.00001
   0.00001
   0.00001
   0.00001
   0.00001
   0.00001
   0.00001
   0.00001
   0.00001
   0.00001
   0.00001
   0.00001
   0.00001
   0.00001
   0.00001
   0.00001
   0.00001
   0.00001
   0.00001
   0.00001
   0.00001
   0.00001
   0.00001
   0.00001
   0.00001
   0.00001
   0.00001
   0.00001
   0.00001
   0.00001
   0.00001
   0.00002
   0.00002
   0.00002
   0.00002
   0.00002
   0.00002
   0.00002
   0.00002
   0.00002
   0.00002
   0.00002
   0.00003
   0.00003
   0.00003
   0.00003
   0.00004
   0.00004
   0.00003
   0.00003
   0.00003
   0.00004
   0.00004
   0.00004
   0.00004
   0.00004
   0.00004
   0.00004
   0.00004
   0.00004
   0.00004
   0.00004
   0.00004
   0.00004
   0.00004
   0.00004
   0.00003
   0.00003
   0.00003
   0.00003
   0.00003
   0.00002
   0.00002
   0.00003
   0.00003
   0.00003
   0.00003
   0.00003
   0.00003
   0.00003
   0.00002
   0.00002
   0.00002
   0.00002
   0.00001
   0.00002
   0.00001
   0.00001
   0.00001
   0.00002
   0.00001
   0.00001
   0.00001
   0.00001
   0.00001
   0.00001
   0.00001
   0.00001
   0.00001
   0.00001
   0.00001
   0.00001
   0.00001
   0.00001
   0.00001
   0.00001
   0.00001
   0.00001
   0.00001
   0.00001
   0.00014
   0.00002
   0.00002
   0.00002
   0.00002
   0.00002
   0.00002
   0.00002
   0.00002
   0.00002
   0.00002
   0.00002
   0.00002
   0.00002
   0.00002
   0.00002
   0.00002
   0.00002
   0.00002
   0.00002
   0.00002
   0.00002
   0.00002
   0.00002
   0.00002
   0.00002
   0.00002
   0.00002
   0.00002
   0.00002
   0.00002
   0.00002
   0.00002
   0.00002
   0.00002
   0.00002
   0.00002
   0.00002
