   0.71054
   0.70729
   0.70811
   0.71156
   0.71476
   0.71793
   0.72029
   0.72170
   0.72180
   0.72157
   0.72084
   0.71999
   0.71899
   0.71781
   0.71665
   0.71536
   0.71406
   0.71271
   0.71137
   0.70994
   0.70851
   0.70704
   0.70547
   0.70405
   0.70235
   0.70084
   0.69894
   0.69710
   0.69584
   0.69415
   0.69215
   0.69040
   0.68843
   0.68654
   0.68479
   0.68255
   0.67977
   0.67809
   0.67619
   0.67406
   0.67155
   0.66977
   0.66672
   0.66469
   0.66236
   0.65989
   0.65754
   0.65551
   0.65236
   0.65008
   0.64773
   0.64484
   0.64223
   0.63960
   0.63687
   0.63408
   0.63133
   0.62835
   0.62541
   0.62271
   0.61987
   0.61741
   0.61443
   0.61153
   0.60868
   0.60584
   0.60302
   0.60017
   0.59730
   0.59452
   0.59174
   0.58893
   0.58616
   0.58340
   0.58067
   0.57796
   0.57524
   0.57259
   0.56993
   0.56728
   0.56466
   0.56209
   0.55955
   0.55691
   0.55401
   0.55143
   0.54906
   0.54665
   0.54448
   0.54201
   0.54029
   0.53812
   0.53637
   0.53419
   0.53231
   0.53032
   0.52889
   0.52712
   0.52579
   0.52452
   0.52357
   0.52270
   0.52198
   0.52152
   0.52121
   0.52122
   0.52154
   0.52214
   0.52291
   0.52388
   0.52505
   0.52634
   0.52744
   0.52845
   0.52857
   0.52853
   0.52722
   0.52543
   0.52267
   0.51971
   0.51597
   0.51247
   0.50880
   0.50560
   0.50234
   0.49861
   0.49584
   0.49248
   0.49001
   0.48601
   0.48399
   0.48032
   0.47819
   0.47492
   0.47242
   0.46880
   0.46641
   0.46358
   0.46043
   0.45758
   0.45451
   0.45174
   0.44855
   0.44568
   0.44255
   0.43968
   0.43645
   0.43355
   0.43019
   0.42754
   0.42393
   0.42102
   0.42040
   0.41939
   0.41374
   0.41094
   0.40753
   0.40396
   0.40080
   0.39734
   0.39409
   0.39107
   0.38759
   0.38421
   0.38090
   0.37788
   0.37471
   0.37144
   0.36858
   0.36550
   0.36196
   0.35939
   0.35591
   0.35309
   0.35016
   0.34718
   0.34393
   0.34117
   0.33796
   0.33482
   0.33230
   0.32861
   0.32648
   0.32322
   0.32017
   0.31750
   0.31478
   0.31172
   0.30877
   0.30622
   0.30277
   0.30051
   0.29745
   0.29511
   0.29144
   0.28928
   0.28668
   0.28321
   0.28101
   0.27840
   0.27532
   0.27286
   0.27008
   0.26767
   0.26449
   0.26276
   0.25889
   0.25685
   0.25388
   0.25179
   0.24836
   0.24624
   0.24329
   0.24125
   0.23818
   0.23590
   0.23300
   0.23052
   0.22790
   0.22532
   0.22264
   0.22020
   0.21747
   0.21466
   0.21249
   0.21006
   0.20734
   0.20502
   0.20248
   0.19983
   0.19776
   0.19576
   0.19317
   0.19079
   0.18792
   0.18558
   0.18283
   0.17992
   0.17768
   0.17511
   0.17272
   0.17011
   0.16775
   0.16506
   0.16271
   0.16004
   0.15767
   0.15501
   0.15278
   0.15024
   0.14787
   0.14524
   0.14296
   0.14038
   0.13822
   0.13555
   0.13339
   0.13091
   0.12877
   0.12600
   0.12391
   0.12148
   0.11901
   0.11680
   0.11428
   0.11225
   0.10953
   0.10721
   0.10480
   0.10278
   0.10028
   0.09797
   0.09556
   0.09340
   0.09088
   0.08875
   0.08633
   0.08421
   0.08183
   0.07978
   0.07750
   0.07549
   0.07339
   0.07148
   0.06953
   0.06772
   0.06594
   0.06433
   0.06271
   0.06128
   0.05985
   0.05863
   0.05737
   0.05629
   0.05513
   0.05417
   0.05316
   0.05227
   0.05131
   0.05053
   0.04960
   0.04890
   0.04806
   0.04722
   0.04654
   0.04575
   0.04495
   0.04426
   0.04355
   0.04279
   0.04207
   0.04144
   0.04073
   0.04008
   0.03936
   0.03875
   0.03808
   0.03744
   0.03678
   0.03616
   0.03558
   0.03496
   0.03434
   0.03378
   0.03318
   0.03263
   0.03206
   0.03148
   0.03094
   0.03044
   0.02989
   0.02936
   0.02885
   0.02838
   0.02784
   0.02736
   0.02692
   0.02643
   0.02598
   0.02553
   0.02507
   0.02464
   0.02421
   0.02379
   0.02338
   0.02297
   0.02257
   0.02218
   0.02180
   0.02143
   0.02106
   0.02070
   0.02034
   0.01999
   0.01966
   0.01931
   0.01899
   0.01867
   0.01835
   0.01804
   0.01774
   0.01744
   0.01714
   0.01686
   0.01658
   0.01630
   0.01603
   0.01576
   0.01550
   0.01524
   0.01499
   0.01475
   0.01450
   0.01427
   0.01403
   0.01380
   0.01358
   0.01336
   0.01314
   0.01292
   0.01272
   0.01251
   0.01231
   0.01211
   0.01192
   0.01173
   0.01154
   0.01136
   0.01117
   0.01100
   0.01083
   0.01065
   0.01049
   0.01032
   0.01016
   0.01000
   0.00984
   0.00969
   0.00956
   0.00939
   0.00925
   0.00910
   0.00895
   0.00882
   0.00867
   0.00854
   0.00843
   0.00828
   0.00817
   0.00803
   0.00793
   0.00779
   0.00769
   0.00756
   0.00746
   0.00734
   0.00723
   0.00712
   0.00702
   0.00691
   0.00682
   0.00671
   0.00663
   0.00652
   0.00644
   0.00634
   0.00626
   0.00616
   0.00609
   0.00599
   0.00593
   0.00583
   0.00578
   0.00567
   0.00563
   0.00552
   0.00550
   0.00538
   0.00536
   0.00523
   0.00523
   0.00511
   0.00511
   0.00498
   0.00499
   0.00486
   0.00489
   0.00474
   0.00479
   0.00462
   0.00470
   0.00453
   0.00459
   0.00443
   0.00453
   0.00433
   0.00445
   0.00423
   0.00439
   0.00412
   0.00436
   0.00402
   0.00436
   0.00389
   0.00437
   0.00375
   0.00447
   0.00358
   0.00463
   0.00339
   0.00469
   0.00327
   0.00457
   0.00316
   0.00446
   0.00305
   0.00446
   0.00295
   0.00389
   0.00290
   0.00470
   0.00275
   0.01057
   0.89799
   0.43544
   0.37632
   0.32288
   0.31232
   0.30942
   0.29986
   0.29225
   0.28486
   0.25930
   0.24932
   0.24331
   0.23826
   0.23409
   0.23090
   0.22872
   0.22742
   0.22671
   0.22608
   0.22499
   0.22303
   0.21996
   0.21597
   0.21140
   0.20666
   0.20201
   0.19751
   0.19318
   0.18906
   0.18506
   0.18118
   0.17747
   0.17392
   0.17044
   0.16712
   0.16391
   0.16079
   0.15774
   0.15475
   0.15155
   0.14879
   0.14611
   0.14345
   0.14091
   0.13844
   0.13607
   0.13369
   0.13146
   0.12920
   0.12703
   0.12492
   0.12282
   0.12082
   0.11881
   0.11684
   0.11491
   0.11303
   0.11121
   0.10936
   0.10756
   0.10579
   0.10405
   0.10233
   0.10063
   0.09895
   0.09725
   0.09562
   0.09403
   0.09244
   0.09086
   0.08930
   0.08780
   0.08629
   0.08478
   0.08328
   0.08185
   0.08038
   0.07897
   0.07756
   0.07615
   0.07484
   0.07347
   0.07212
   0.07082
   0.06955
   0.06828
   0.06702
   0.06582
   0.06461
   0.06346
   0.06227
   0.06112
   0.06000
   0.05889
   0.05780
   0.05675
   0.05571
   0.05469
   0.05368
   0.05268
   0.05174
   0.05079
   0.04983
   0.04892
   0.04804
   0.04716
   0.04629
   0.04545
   0.04463
   0.04381
   0.04302
   0.04224
   0.04149
   0.04073
   0.03999
   0.03927
   0.03858
   0.03789
   0.03720
   0.03654
   0.03590
   0.03527
   0.03464
   0.03404
   0.03344
   0.03286
   0.03228
   0.03170
   0.03116
   0.03061
   0.03009
   0.02957
   0.02906
   0.02856
   0.02808
   0.02759
   0.02713
   0.02667
   0.02622
   0.02580
   0.02536
   0.02493
   0.02451
   0.02410
   0.02370
   0.02331
   0.02292
   0.02255
   0.02218
   0.02181
   0.02146
   0.02110
   0.02076
   0.02044
   0.02010
   0.01976
   0.01944
   0.01913
   0.01882
   0.01852
   0.01822
   0.01793
   0.01764
   0.01736
   0.01709
   0.01682
   0.01655
   0.01629
   0.01603
   0.01577
   0.01553
   0.01528
   0.01503
   0.01479
   0.01456
   0.01433
   0.01410
   0.01388
   0.01366
   0.01344
   0.01323
   0.01302
   0.01281
   0.01262
   0.01241
   0.01221
   0.01202
   0.01182
   0.01163
   0.01145
   0.01127
   0.01109
   0.01091
   0.01073
   0.01056
   0.01039
   0.01023
   0.01006
   0.00990
   0.00974
   0.00959
   0.00944
   0.00928
   0.00913
   0.00898
   0.00884
   0.00870
   0.00856
   0.00842
   0.00829
   0.00816
   0.00803
   0.00790
   0.00778
   0.00765
   0.00753
   0.00741
   0.00730
   0.00718
   0.00707
   0.00696
   0.00685
   0.00674
   0.00664
   0.00653
   0.00643
   0.00633
   0.00624
   0.00614
   0.00605
   0.00596
   0.00587
   0.00578
   0.00569
   0.00561
   0.00552
   0.00544
   0.00536
   0.00528
   0.00520
   0.00513
   0.00505
   0.00498
   0.00491
   0.00484
   0.00477
   0.00470
   0.00463
   0.00457
   0.00450
   0.00444
   0.00438
   0.00432
   0.00425
   0.00420
   0.00414
   0.00408
   0.00402
   0.00397
   0.00391
   0.00386
   0.00381
   0.00376
   0.00371
   0.00366
   0.00361
   0.00356
   0.00352
   0.00347
   0.00342
   0.00338
   0.00333
   0.00329
   0.00325
   0.00321
   0.00317
   0.00312
   0.00308
   0.00304
   0.00301
   0.00297
   0.00293
   0.00289
   0.00286
   0.00282
   0.00279
   0.00275
   0.00272
   0.00268
   0.00265
   0.00262
   0.00259
   0.00256
   0.00253
   0.00250
   0.00247
   0.00244
   0.00241
   0.00238
   0.00235
   0.00233
   0.00230
   0.00227
   0.00225
   0.00222
   0.00220
   0.00217
   0.00215
   0.00213
   0.00210
   0.00208
   0.00206
   0.00204
   0.00201
   0.00199
   0.00197
   0.00195
   0.00193
   0.00191
   0.00189
   0.00187
   0.00185
   0.00183
   0.00181
   0.00180
   0.00178
   0.00176
   0.00174
   0.00172
   0.00170
   0.00169
   0.00167
   0.00165
   0.00163
   0.00162
   0.00160
   0.00158
   0.00156
   0.00155
   0.00153
   0.00151
   0.00149
   0.00147
   0.00146
   0.00144
   0.00142
   0.00140
   0.00138
   0.00136
   0.00134
   0.00132
   0.00131
   0.00129
   0.00128
   0.00126
   0.00124
   0.00122
   0.00120
   0.00118
   0.00116
   0.00114
   0.00112
   0.00110
   0.00108
   0.00106
   0.00104
   0.00102
   0.00100
   0.00098
   0.00096
   0.00094
   0.00093
   0.00091
   0.00089
   0.00088
   0.00087
   0.00085
   0.00084
   0.00083
   0.00081
   0.00080
   0.00079
   0.00078
   0.00077
   0.00076
   0.00075
   0.00074
   0.00073
   0.00072
   0.00071
   0.00070
   0.00069
   0.00069
   0.00068
   0.00067
   0.00067
   0.00066
   0.00066
   0.00065
   0.00065
   0.00064
   0.00063
   0.00063
   0.00062
   0.00062
   0.00061
   0.00060
   0.00059
   0.00059
   0.00058
   0.00057
   0.00056
   0.00056
   0.00055
   0.00054
   0.00053
   0.00053
   0.00052
   0.00051
   0.00051
   0.00050
   0.00049
   0.00049
   0.00048
   0.00047
   0.00047
   0.00046
   0.00046
   0.00045
   0.00044
   0.00044
   0.00043
   0.00043
   0.00042
   0.00042
   0.00041
   0.00041
   0.00040
   0.00040
   0.00039
   0.00039
   0.00038
   0.00038
   0.00037
   0.00037
   0.00036
   0.00036
   0.00035
   0.00035
   0.00035
   0.00034
   0.00034
   0.00033
   0.00033
   0.00033
   0.00032
   0.00032
   0.00031
   0.00031
   0.00031
   0.00030
   0.00030
   0.00030
   0.00029
   0.00029
   0.00029
   0.00028
   0.00028
   0.00028
   0.00027
   0.00027
   0.00027
   0.00026
   0.00026
   0.00026
   0.00025
   0.00025
   0.00025
   0.00025
   0.00024
   0.00024
   0.00024
   0.00023
   0.00023
   0.00023
   0.00023
   0.00022
   0.00022
   0.00022
   0.00022
   0.00021
   0.00021
   0.00021
   0.00021
   0.00020
   0.00020
   0.00020
   0.00020
   0.00020
   0.00019
   0.00019
   0.00019
   0.00019
   0.00018
   0.00018
   0.00018
   0.00018
   0.00018
   0.00017
   0.00017
   0.00017
   0.00017
   0.00017
   0.00017
   0.00016
   0.00016
   0.00016
