   0.67068
   0.66389
   0.64223
   0.63467
   0.63477
   0.63265
   0.63265
   0.63572
   0.63656
   0.63343
   0.63556
   0.63756
   0.63764
   0.63838
   0.63965
   0.63051
   0.63115
   0.63480
   0.63430
   0.63424
   0.62637
   0.62686
   0.62083
   0.62304
   0.62303
   0.62149
   0.62036
   0.61992
   0.61320
   0.61660
   0.60750
   0.60634
   0.60270
   0.60106
   0.59572
   0.59646
   0.59171
   0.58886
   0.58732
   0.58357
   0.59502
   0.58887
   0.58382
   0.58608
   0.58827
   0.58978
   0.58824
   0.58283
   0.57238
   0.55820
   0.54316
   0.52769
   0.51335
   0.50075
   0.48945
   0.47940
   0.47046
   0.46238
   0.45499
   0.44805
   0.44146
   0.43524
   0.42917
   0.42324
   0.41736
   0.41153
   0.40581
   0.40011
   0.39437
   0.38868
   0.38295
   0.37725
   0.37156
   0.36588
   0.36015
   0.35451
   0.34897
   0.34348
   0.33808
   0.33280
   0.32757
   0.32248
   0.31734
   0.31219
   0.30705
   0.30175
   0.29673
   0.29127
   0.28585
   0.28049
   0.27506
   0.26971
   0.26448
   0.25934
   0.25421
   0.24936
   0.24470
   0.24012
   0.23567
   0.23140
   0.22709
   0.22288
   0.21881
   0.21474
   0.21058
   0.20654
   0.20247
   0.19846
   0.19440
   0.19180
   0.18771
   0.18359
   0.17955
   0.17539
   0.17121
   0.16698
   0.16267
   0.15830
   0.15392
   0.14948
   0.14501
   0.14051
   0.13601
   0.13153
   0.12707
   0.12265
   0.11827
   0.11401
   0.10984
   0.10589
   0.10187
   0.09804
   0.09442
   0.09076
   0.08718
   0.08385
   0.08034
   0.07688
   0.07342
   0.06996
   0.06652
   0.06313
   0.05980
   0.05656
   0.05344
   0.05049
   0.04616
   0.04516
   0.04283
   0.04073
   0.03886
   0.03720
   0.03575
   0.03449
   0.03339
   0.03239
   0.03144
   0.03044
   0.02931
   0.02797
   0.02635
   0.02448
   0.02240
   0.02030
   0.01825
   0.01643
   0.01487
   0.01358
   0.01252
   0.01164
   0.01086
   0.01017
   0.00978
   0.00875
   0.00912
   0.00936
   0.00875
   0.00814
   0.00759
   0.00712
   0.00670
   0.00632
   0.00598
   0.00567
   0.00544
   0.00534
   0.00534
   0.00508
   0.00557
   0.00600
   0.00572
   0.00596
   0.00619
   0.00638
   0.00707
   0.01128
   0.01301
   0.01025
   0.01221
   0.01046
   0.01105
   0.01108
   0.00859
   0.00894
   0.00997
   0.00965
   0.00896
   0.00943
   0.01249
   0.01305
   0.01452
   0.01413
   0.00386
   0.00252
   0.00223
   0.00397
   0.00965
   0.00882
   0.00850
   0.00826
   0.00802
   0.00746
   0.00622
   0.00602
   0.00484
   0.00313
   0.00422
   0.00496
   1.04568
   0.00293
   0.00145
   0.00138
   0.00168
   0.00131
   0.00160
   0.00195
   0.00160
   0.00134
   0.00508
   0.00125
   0.00141
   0.00136
   0.00140
   0.00134
   0.00114
   0.00378
   0.00158
   0.00108
   0.00592
   0.00175
   0.00105
   0.00107
   0.00094
   0.00105
   0.02524
   0.00287
   0.00143
   0.00124
   0.00106
   0.00094
   0.00089
   0.00074
   0.00236
   0.00073
   0.00324
   0.00067
   0.00226
   0.00064
   0.00201
   0.00062
   0.00251
   0.00057
   7.77120
   0.01386
   0.01050
   0.00882
   0.00741
   0.00654
   0.00595
   0.00537
   0.00490
   0.00445
   0.00380
   0.00339
   0.00317
   0.00313
   0.00305
   0.00278
   0.00314
   0.00262
   0.00304
   0.00273
   0.00244
   0.00234
   0.00220
   0.00336
   0.00260
   0.00171
   0.00291
   0.00240
   0.00210
   0.00198
   0.00139
   0.00295
   0.00204
   0.00241
   0.00224
   0.00200
   0.00196
   0.00146
   0.00113
   0.00142
   0.00112
   0.00103
   0.00116
   0.00117
   0.00155
   0.00122
   0.00116
   0.00055
   0.00109
   0.00079
   0.00127
   0.00107
   0.00082
   0.00169
   0.00050
   0.00048
   0.00049
   0.00050
   0.00050
   0.00048
   0.00050
   0.00045
   0.00046
   0.00046
   0.00057
   0.00050
   0.00101
   0.00125
   0.00247
   0.00216
   0.00068
   0.00157
   0.00059
   0.00067
   0.00062
   0.00058
   0.00054
   0.00050
   0.00047
   0.00044
   0.00042
   0.00041
   0.00040
   0.00040
   0.00039
   0.00036
   0.00039
   0.00035
   0.00073
   0.00042
   0.00032
   0.00032
   0.00033
   0.00044
   0.00099
   0.00027
   0.00062
   0.00077
   0.00078
   0.00065
   0.00051
   0.00045
   0.00036
   0.00029
   0.00026
   0.00025
   0.00024
   0.00024
   0.00025
   0.00021
   0.06022
   0.02619
   0.02044
   0.01524
   0.01352
   0.01169
   0.00956
   0.00832
   0.00710
   0.00616
   0.00579
   0.00568
   0.00542
   0.00515
   0.00491
   0.00471
   0.00454
   0.00437
   0.00421
   0.00406
   0.00391
   0.00376
   0.00361
   0.00346
   0.00333
   0.00320
   0.00308
   0.00297
   0.00285
   0.00275
   0.00265
   0.00254
   0.00244
   0.00235
   0.00227
   0.00221
   0.00217
   0.00217
   0.00219
   0.00225
   0.00235
   0.00241
   0.00257
   0.00260
   0.00256
   0.00245
   0.00230
   0.00217
   0.00204
   0.00194
   0.00184
   0.00175
   0.00167
   0.00160
   0.00153
   0.00147
   0.00141
   0.00134
   0.00128
   0.00120
   0.00113
   0.00104
   0.00095
   0.00084
   0.00073
   0.00105
   0.00050
   0.02079
   0.00083
   0.00083
   0.00080
   0.00077
   0.00073
   0.00071
   0.00069
   0.00069
   0.00070
   0.00072
   0.00074
   0.00075
   0.00073
   0.00068
   0.00061
   0.00054
   0.00048
   0.00045
   0.00048
   0.00057
   0.00081
   0.00127
   0.00188
   0.00251
   0.00299
   0.00328
   0.00348
   0.00362
   0.00368
   0.00365
   0.00335
   0.00274
   0.00221
   0.00170
   0.00134
   0.00280
   0.00214
   0.00183
   0.00119
   0.31403
   0.00095
   0.00069
   0.00064
   0.00061
   0.00058
   0.00055
   0.00052
   0.00050
   0.00049
   0.00049
