   0.70940
   0.68595
   0.68846
   0.68837
   0.68825
   0.68816
   0.68809
   0.68801
   0.68793
   0.68778
   0.68777
   0.68769
   0.68759
   0.68752
   0.68743
   0.68734
   0.68724
   0.68715
   0.68705
   0.68695
   0.68685
   0.68674
   0.68663
   0.68652
   0.68647
   0.68630
   0.68619
   0.68596
   0.68593
   0.68584
   0.68572
   0.68561
   0.68550
   0.68540
   0.68541
   0.68521
   0.68517
   0.68509
   0.68517
   0.68508
   0.68513
   0.68526
   0.68563
   0.68782
   0.68553
   0.68574
   0.68575
   0.68581
   0.68591
   0.68597
   0.68588
   0.68568
   0.68548
   0.68405
   0.68472
   0.68451
   0.68252
   0.68423
   0.68712
   0.68741
   0.68934
   0.69037
   0.69583
   0.70105
   0.70668
   0.71233
   0.71333
   0.70776
   0.70839
   0.70329
   0.69800
   0.68748
   0.68062
   0.67338
   0.66648
   0.65881
   0.65365
   0.64490
   0.63575
   0.62576
   0.61725
   0.60951
   0.60177
   0.59388
   0.58624
   0.57886
   0.57097
   0.56329
   0.55588
   0.54816
   0.54049
   0.53308
   0.52590
   0.51899
   0.51245
   0.50625
   0.50053
   0.49523
   0.49018
   0.48530
   0.48041
   0.47537
   0.47025
   0.46516
   0.46001
   0.45485
   0.44976
   0.44469
   0.43979
   0.43478
   0.42991
   0.42510
   0.42033
   0.41559
   0.41094
   0.40622
   0.40165
   0.39703
   0.39249
   0.38791
   0.38347
   0.37901
   0.37458
   0.37021
   0.36587
   0.36162
   0.35742
   0.35323
   0.34911
   0.34502
   0.34097
   0.33701
   0.33306
   0.32912
   0.32526
   0.32147
   0.31768
   0.31394
   0.31023
   0.30656
   0.30293
   0.29935
   0.29579
   0.29227
   0.28877
   0.28535
   0.28193
   0.27855
   0.27519
   0.27187
   0.26856
   0.26528
   0.26205
   0.25883
   0.25564
   0.25246
   0.24932
   0.24619
   0.24309
   0.24001
   0.23694
   0.23392
   0.23088
   0.22790
   0.22492
   0.22199
   0.21908
   0.21621
   0.21337
   0.21059
   0.20781
   0.20515
   0.20253
   0.19987
   0.19734
   0.19476
   0.19231
   0.18992
   0.18759
   0.18529
   0.18305
   0.18085
   0.17878
   0.17670
   0.17473
   0.17271
   0.17085
   0.16891
   0.16706
   0.16519
   0.16338
   0.16159
   0.15976
   0.15801
   0.15649
   0.15466
   0.15295
   0.15121
   0.14952
   0.14777
   0.14612
   0.14445
   0.14287
   0.14105
   0.13946
   0.13763
   0.13594
   0.13420
   0.13255
   0.13044
   0.12902
   0.12717
   0.12551
   0.12339
   0.12146
   0.12022
   0.11849
   0.11562
   0.11407
   0.11238
   0.11080
   0.10881
   0.10649
   0.10549
   0.10354
   0.10197
   0.09987
   0.09826
   0.09612
   0.09443
   0.09258
   0.09024
   0.08898
   0.08709
   0.08497
   0.08267
   0.08122
   0.07881
   0.07736
   0.07478
   0.07279
   0.07203
   0.06904
   0.06837
   0.06524
   0.06432
   0.06309
   0.06087
   0.05895
   0.05776
   0.05543
   0.05452
   0.05219
   0.05308
   0.04818
   0.04965
   0.04536
   0.04635
   0.04422
   0.04066
   0.04026
   0.04042
   0.03907
   0.03552
   0.03677
   0.03577
   0.03206
   0.03310
   0.03235
   0.03120
   0.03003
   0.02901
   0.02814
   0.02729
   0.02622
   0.02512
   0.02418
   0.02332
   0.02240
   0.02139
   0.02049
   0.01957
   0.01847
   0.01744
   0.01657
   0.01594
   0.01569
   0.01589
   0.01638
   0.01708
   0.01790
   0.01775
   0.01753
   0.01746
   0.01712
   0.01668
   0.01627
   0.01566
   0.01269
   0.02373
   0.01316
   0.00813
   0.01200
   0.00829
   0.01123
   0.00769
   0.01023
   0.00676
   0.00928
   0.00643
   0.00885
   0.00626
   0.00808
   0.00749
   0.00725
   0.00735
   0.00722
   0.00689
   0.00628
   0.00614
   0.00603
   0.00630
   0.00533
   0.00686
   0.00488
   0.00462
   0.00504
   0.00476
   0.00481
   0.00467
   0.00461
   0.00449
   0.00447
   0.00438
   0.00433
   0.00427
   0.00421
   0.00418
   0.00418
   0.00426
   0.00451
   0.00538
   0.00775
   0.00405
   0.00515
   0.00901
   0.00535
   0.00907
   0.00716
   0.00650
   0.00579
   0.00537
   0.00506
   0.00482
   0.00463
   0.00450
   0.00442
   0.00440
   0.00446
   0.00482
   0.00712
   0.00441
   0.00607
   0.00357
   0.00531
   0.00350
   0.00687
   0.00355
   0.01371
   0.01127
   0.00700
   0.00904
   0.00311
   0.01137
   0.01196
   0.00788
   0.00295
   0.00807
   0.00943
   0.00921
   0.00946
   0.00959
   0.00906
   0.00893
   0.00863
   0.00798
   0.00640
   0.00347
   0.00253
   0.00250
   0.00248
   0.00246
   0.00245
   0.00243
   0.00247
   0.00245
   0.00245
   0.00250
   0.00248
   0.00254
   0.00258
   0.00264
   0.00273
   0.00291
   0.00379
   0.00321
   0.00400
   0.00276
   0.00337
   0.00348
   0.00327
   0.00339
   0.00331
   0.00330
   0.00331
   0.00334
   0.00329
   0.00318
   0.00301
   0.00291
   0.00287
   0.00278
   0.00267
   0.00259
   0.00247
   0.00241
   0.00228
   0.00224
   0.00206
   0.00209
   0.00187
   0.00194
   0.00172
   0.00178
   0.00159
   0.00161
   0.00150
   0.00145
   0.00139
   0.00133
   0.00129
   0.00125
   0.00122
   0.00118
   0.00116
   0.00114
   0.00111
   0.00109
   0.00107
   0.00105
   0.00103
   0.00101
   0.00099
   0.00097
   0.00096
   0.00094
   0.00092
   0.00091
   0.00090
   0.00088
   0.00087
   0.00086
   0.00086
   0.00087
   0.00087
   0.00140
   0.01073
   0.00291
   0.00082
   0.00075
   0.00070
   0.00067
   0.00065
   0.00064
   0.00063
   0.00063
   0.00063
   0.00063
   0.00064
   0.00064
   0.00065
   0.00065
   0.00066
   0.00067
   0.00068
   0.00069
   0.00070
   0.00071
   0.00072
   0.00074
   0.00075
   0.00076
   0.00078
   0.00079
   0.00080
   0.00082
   0.00082
   0.00083
   0.00084
   0.00085
   0.00085
   0.00086
   0.00087
   0.00089
   0.00094
   0.00104
   0.00134
   0.00119
   0.00137
   0.00056
   0.00164
   0.00777
   0.00055
   0.00149
   0.00721
   0.00054
   0.00115
   0.00660
   0.00087
   0.00057
   0.00649
   0.00091
   0.00621
   0.00097
   0.00579
   0.00088
   0.00544
   0.00083
   0.00494
   0.00080
   0.00449
   0.00072
   0.00427
   0.00070
   0.00392
   0.00059
   0.00371
   0.00058
   0.00336
   0.00045
   0.00320
   0.00047
   0.00285
   0.00039
   0.00257
   0.00038
   0.00201
   0.00040
   0.00177
   0.00042
   0.00081
   0.00047
   0.00053
   0.00072
   0.00531
   0.00031
   0.00031
   0.00031
   0.00031
   0.00031
   0.00031
   0.00031
   0.00031
   0.00031
   0.00031
   0.00031
   0.00031
   0.00030
   0.00030
   0.00030
   0.00030
   0.00030
   0.00030
   0.00030
   0.00030
   0.00030
   0.00030
   0.00030
   0.00030
   0.00030
   0.00030
   0.00030
   0.00030
   0.00030
   0.00030
   0.00030
   0.00030
   0.00030
   0.00031
   0.00031
   0.00031
   0.00031
   0.00031
   0.00032
   0.00032
   0.00032
   0.00033
   0.00033
   0.00034
   0.00035
   0.00035
   0.00036
   0.00037
   0.00038
   0.00038
   0.00039
   0.00040
   0.00041
   0.00041
   0.00042
   0.00042
   0.00043
   0.00044
   0.00046
   0.00048
   0.00052
   0.00062
   0.00091
   0.00057
   0.00101
   0.00033
   0.00080
   0.00025
   0.00080
   0.00032
   0.00081
   0.00037
   0.00024
   0.00410
   0.00023
   0.00070
   0.00028
   0.00094
   0.03192
   0.00728
   0.00028
   0.00024
   0.00024
   0.00024
   0.00024
   0.00024
   0.00024
   0.00024
   0.00024
   0.00024
   0.00024
   0.00024
   0.00024
   0.00023
   0.00023
   0.00023
   0.00023
   0.00023
   0.00023
   0.00023
   0.00023
   0.00023
   0.00023
   0.00023
   0.00023
   0.00023
   0.00022
   0.00022
   0.00022
   0.00022
   0.00021
   0.00021
   0.00021
   0.00021
   0.00021
   0.00021
   0.00021
   0.00021
   0.00021
   0.00021
   0.00022
   0.00022
   0.00022
   0.00022
   0.00023
   0.00023
   0.00023
   0.00024
   0.00024
   0.00024
   0.00025
   0.00025
   0.00026
   0.00027
   0.00027
   0.00028
   0.00028
   0.00029
   0.00029
   0.00030
   0.00030
   0.00031
   0.00033
   0.00035
   0.00039
   0.00049
   0.00059
   0.00029
   0.00056
   0.00018
   0.00053
   0.00018
   0.00049
   0.00134
   0.00027
   0.00026
   0.00017
   0.00034
   0.00017
   0.00039
   0.03634
   0.00183
   0.00082
   0.00035
   0.00034
   0.00032
   0.00031
   0.00030
   0.00028
   0.00027
   0.00027
   0.00026
   0.00025
   0.00024
   0.00024
   0.00023
   0.00023
   0.00023
   0.00022
   0.00022
   0.00022
   0.00021
   0.00021
   0.00021
   0.00021
   0.00020
   0.00020
   0.00020
   0.00020
   0.00020
   0.00020
   0.00020
   0.00019
   0.00019
   0.00019
   0.00019
   0.00019
   0.00019
   0.00019
   0.00019
   0.00019
   0.00018
   0.00018
   0.00018
   0.00018
   0.00018
   0.00018
   0.00018
   0.00018
   0.00018
   0.00018
   0.00018
   0.00018
   0.00018
   0.00018
   0.00018
   0.00019
   0.00019
   0.00019
   0.00019
   0.00019
   0.00020
   0.00020
   0.00020
   0.00021
   0.00021
   0.00022
   0.00022
   0.00022
   0.00023
   0.00023
   0.00023
   0.00024
   0.00024
   0.00024
   0.00025
   0.00025
   0.00026
   0.00028
   0.00031
   0.00038
   0.00045
   0.00023
   0.00043
   0.00015
   0.00034
   0.00015
   0.00036
   0.00015
   0.00036
   0.00357
   0.00074
   0.00042
   0.00042
   0.00034
   0.00041
   0.00022
   0.00039
   0.00013
   0.00037
   0.00012
   0.00036
   0.00012
   0.00032
   0.00012
   0.00026
   0.00012
   0.00021
   0.00012
   0.00016
   0.00011
   0.00011
   0.00012
   0.00012
   0.00011
   0.00012
   0.00011
   0.00011
   0.00011
   0.00011
   0.00012
   0.00017
   0.00025
   0.00013
   0.00037
   0.00015
   0.00037
   0.00022
   0.00015
   0.00034
   0.00027
   0.00014
   0.00043
   0.00012
   0.00048
   0.00053
   0.00022
   0.00014
   0.00029
   0.00046
   0.00035
   0.00031
   0.00028
   0.00016
   0.00014
   0.00015
   0.00015
   0.00015
   0.00015
   0.00016
   0.00017
   0.00018
   0.00020
   0.00022
   0.00023
   0.00021
   0.00020
   0.00019
   0.00018
   0.00018
   0.00017
   0.00016
   0.00015
   0.00015
   0.00014
   0.00014
   0.00013
   0.00013
   0.00013
   0.00012
   0.00012
   0.00011
   0.00010
   0.00009
   0.00008
   0.00007
   0.00007
   0.00006
   0.00006
   0.00006
   0.00005
   0.00005
   0.00005
   0.00005
   0.00005
   0.00005
   0.00005
   0.00005
   0.00005
   0.00005
   0.00005
   0.00005
   0.00004
   0.00004
   0.00004
   0.00004
   0.00004
   0.00004
   0.00004
   0.00004
   0.00003
   0.00003
   0.00003
   0.00003
   0.00003
   0.00003
   0.00003
   0.00003
   0.00003
   0.00002
   0.00002
   0.00002
   0.00002
   0.00002
   0.00002
   0.00002
   0.00002
   0.00002
   0.00002
   0.00002
   0.00002
   0.00002
   0.00002
   0.00002
   0.00002
   0.00001
   0.00001
   0.00001
   0.00001
   0.00001
   0.00001
   0.00001
   0.00001
   0.00001
   0.00001
   0.00001
   0.00001
   0.00001
   0.00001
   0.00001
   0.00001
   0.00001
   0.00001
   0.00001
   0.00001
   0.00001
   0.00001
   0.00001
   0.00001
   0.00001
   0.00001
   0.00001
   0.00001
   0.00001
   0.00001
   0.00001
   0.00001
   0.00001
   0.00001
   0.00000
   0.00000
   0.00000
   0.00000
   0.00000
   0.00000
   0.00000
   0.00000
   0.00000
   0.00000
   0.00000
   0.00000
   0.00000
   0.00000
   0.00000
   0.00000
   0.00000
   0.00000
   0.00000
   0.00000
   0.00000
   0.00000
   0.00000
   0.00000
   0.00000
   0.00000
