   0.71037
   0.70841
   0.70758
   0.70678
   0.70549
   0.70432
   0.70339
   0.70245
   0.70257
   0.70070
   0.69996
   0.69926
   0.69857
   0.69796
   0.69736
   0.69678
   0.69616
   0.69570
   0.69523
   0.69472
   0.69431
   0.69386
   0.69344
   0.69304
   0.69271
   0.69236
   0.69209
   0.71710
   0.70640
   0.69806
   0.69542
   0.69402
   0.69327
   0.69290
   0.69285
   0.69305
   0.69352
   0.70408
   0.70863
   0.70862
   0.70938
   0.71102
   0.71436
   0.72740
   0.71774
   0.72953
   0.72404
   0.72871
   0.73057
   0.72646
   0.72434
   0.72208
   0.71797
   0.71120
   0.70242
   0.69290
   0.68135
   0.66977
   0.65916
   0.64762
   0.63810
   0.62816
   0.61986
   0.61237
   0.60508
   0.59812
   0.59035
   0.58222
   0.57382
   0.56496
   0.55627
   0.54795
   0.54010
   0.53294
   0.52670
   0.52119
   0.51604
   0.51062
   0.50473
   0.49842
   0.49204
   0.48574
   0.47962
   0.47362
   0.46773
   0.46197
   0.45632
   0.45075
   0.44523
   0.43974
   0.43441
   0.42911
   0.42396
   0.41883
   0.41387
   0.40895
   0.40409
   0.39935
   0.39469
   0.39014
   0.38560
   0.38112
   0.37671
   0.37238
   0.36807
   0.36384
   0.35970
   0.35562
   0.35163
   0.34766
   0.34373
   0.33987
   0.33604
   0.33226
   0.32913
   0.32527
   0.32155
   0.31784
   0.31414
   0.31052
   0.30687
   0.30318
   0.29957
   0.29593
   0.29223
   0.28854
   0.28484
   0.28109
   0.27733
   0.27359
   0.26975
   0.26594
   0.26221
   0.25841
   0.25470
   0.25105
   0.24745
   0.24393
   0.24051
   0.23717
   0.23392
   0.23076
   0.22772
   0.22476
   0.22184
   0.21907
   0.21630
   0.21367
   0.21104
   0.20850
   0.20598
   0.20350
   0.20109
   0.19862
   0.19624
   0.19378
   0.19146
   0.18891
   0.18666
   0.18416
   0.18175
   0.17917
   0.17669
   0.17420
   0.17168
   0.16922
   0.16655
   0.16400
   0.16151
   0.15887
   0.15633
   0.15371
   0.15129
   0.14863
   0.14614
   0.14350
   0.14109
   0.13845
   0.13601
   0.13358
   0.13113
   0.12866
   0.12633
   0.12391
   0.12159
   0.11941
   0.11711
   0.11486
   0.11262
   0.11042
   0.10826
   0.10606
   0.10411
   0.10192
   0.09980
   0.09792
   0.09581
   0.09385
   0.09181
   0.08981
   0.08784
   0.08585
   0.08390
   0.08185
   0.07998
   0.07786
   0.07609
   0.07416
   0.07215
   0.07019
   0.06827
   0.06636
   0.06453
   0.06260
   0.06075
   0.05873
   0.05699
   0.05502
   0.05326
   0.05129
   0.04973
   0.04813
   0.04648
   0.04497
   0.04334
   0.04208
   0.04069
   0.03929
   0.03802
   0.03674
   0.03554
   0.03427
   0.03288
   0.03216
   0.03067
   0.03003
   0.02854
   0.02858
   0.02575
   0.02898
   0.02035
   0.02133
   0.02764
   0.01798
   0.01925
   0.02426
   0.02478
   0.01510
   0.01809
   0.01404
   0.01337
   0.01299
   0.01263
   0.01228
   0.01194
   0.01161
   0.01129
   0.01098
   0.01068
   0.01039
   0.01011
   0.00987
   0.00952
   0.00936
   0.00899
   0.00886
   0.00850
   0.00839
   0.00805
   0.00793
   0.00763
   0.00749
   0.00723
   0.00705
   0.00683
   0.00665
   0.00645
   0.00626
   0.00607
   0.00589
   0.00571
   0.00554
   0.00536
   0.00519
   0.00503
   0.00487
   0.00472
   0.00457
   0.00442
   0.00428
   0.00414
   0.00401
   0.00388
   0.00375
   0.00363
   0.00351
   0.00336
   0.00324
   0.00312
   0.00301
   0.00290
   0.00279
   0.00270
   0.00260
   0.00251
   0.00242
   0.00233
   0.00225
   0.00217
   0.00210
   0.00203
   0.00197
   0.00192
   0.07422
   0.00833
   0.00302
   0.03147
   0.00628
   0.00496
   0.00512
   0.00529
   0.00548
   0.00568
   0.00579
   0.00563
   0.00510
   0.00456
   0.00413
   0.00364
   0.00336
   0.00317
   0.00309
   0.00308
   0.00316
   0.00372
   0.00839
   0.03721
   0.00429
   0.00688
   0.04563
   0.00268
   0.03993
   0.02662
   0.00303
   0.00196
   0.00238
   0.00208
   0.00209
   0.00454
   0.01284
   0.00274
   0.00601
   0.00241
   0.00455
   0.00209
   0.00517
   0.00212
   0.00910
   0.00220
   0.01658
   0.00427
   0.00162
   0.00182
   0.00190
   0.00197
   0.00203
   0.00210
   0.00216
   0.00222
   0.00227
   0.00232
   0.00238
   0.00243
   0.00249
   0.00255
   0.00262
   0.00271
   0.00281
   0.00293
   0.00304
   0.00310
   0.00300
   0.00275
   0.00255
   0.00233
   0.00215
   0.00199
   0.00185
   0.00175
   0.00169
   0.00167
   0.00173
   0.00240
   0.00452
   0.00193
   0.00402
   0.00185
   0.00413
   0.00178
   0.00401
   0.00173
   0.00564
   0.00169
   0.00576
   0.00164
   0.00569
   0.00172
   0.00550
   0.00097
   0.00646
   0.01492
   0.00091
   0.00413
   0.00096
   0.00104
   0.00210
   0.00089
   0.00083
   0.00086
   0.00088
   0.00087
   0.00083
   0.00082
   0.00139
   0.00154
   0.00165
   0.00173
   0.00187
   0.00209
   0.00357
   1.44195
   0.00344
   0.00376
   0.00343
   0.00316
   0.00293
   0.00257
   0.00227
   0.00204
   0.00186
   0.00170
   0.00158
   0.00149
   0.00141
   0.00134
   0.00129
   0.00125
   0.00120
   0.00116
   0.00113
   0.00111
   0.00109
   0.00108
   0.00110
   0.00113
   0.00115
   0.00119
   0.00123
   0.00128
   0.00133
   0.00138
   0.00142
   0.00146
   0.00150
   0.00154
   0.00159
   0.00163
   0.00168
   0.00173
   0.00179
   0.00186
   0.00195
   0.00206
   0.00218
   0.00219
   0.00192
   0.00181
   0.00152
   0.00146
   0.00122
   0.00118
   0.00103
   0.00102
   0.00096
   0.00098
   0.00104
   0.00124
   0.00112
   0.00144
   0.00084
   0.00122
   0.00130
   0.00076
   0.00065
   0.00126
   0.00101
   0.00124
   0.00140
   0.00126
   0.00157
   0.00131
   0.00142
   0.00141
   0.00079
   0.00090
   0.00159
   0.00056
   0.00232
   3.05415
   0.23243
   0.07355
   0.05342
   0.05170
   0.05048
   0.04675
   0.03234
   0.03151
   0.03110
   0.03035
   0.02940
   0.02891
   0.02834
   0.02750
   0.02654
   0.02554
   0.02455
   0.02359
   0.02266
   0.02180
   0.02100
   0.02027
   0.01960
   0.01899
   0.01847
   0.01800
   0.01760
   0.01727
   0.01699
   0.01679
   0.01665
   0.01657
   0.01653
   0.01652
   0.01651
   0.01647
   0.01638
   0.01623
   0.01604
   0.01581
   0.01555
   0.01528
   0.01501
   0.01474
   0.01449
   0.01426
   0.01406
   0.01392
   0.01385
   0.01388
   0.01401
   0.01424
   0.01438
   0.01434
   0.01412
   0.01091
   0.00638
   0.00660
   0.00641
   0.00629
   0.00618
   0.00608
   0.00600
   0.00594
   0.00594
   0.00604
   0.00633
   0.00677
   0.00705
   0.00706
   0.00694
   0.00674
   0.00654
   0.00630
   0.00606
   0.00582
   0.00559
   0.00537
   0.00514
   0.00493
   0.00473
   0.00454
   0.00436
   0.00418
   0.00401
   0.00386
   0.00371
   0.00356
   0.00343
   0.00330
   0.00318
   0.00306
   0.00296
   0.00285
   0.00276
   0.00267
   0.00258
   0.00250
   0.00243
   0.00236
   0.00229
   0.00222
   0.00216
   0.00209
   0.00203
   0.00198
   0.00192
   0.00186
   0.00181
   0.00176
   0.00171
   0.00166
   0.00161
   0.00157
   0.00152
   0.00148
   0.00143
   0.00139
   0.00135
   0.00131
   0.00127
   0.00123
   0.00120
   0.00116
   0.00113
   0.00109
   0.00106
   0.00103
   0.00100
   0.00097
   0.00094
   0.00091
   0.00088
   0.00085
   0.00082
   0.00080
   0.00077
   0.00075
   0.00072
   0.00070
   0.00068
   0.00066
   0.00064
   0.00062
   0.00060
   0.00058
   0.00056
   0.00054
   0.00052
   0.00050
   0.00049
   0.00047
   0.00046
   0.00044
   0.00043
   0.00041
   0.00040
   0.00038
   0.00037
   0.00036
   0.00035
   0.00034
   0.00032
   0.00031
   0.00030
   0.00029
   0.00028
   0.00027
   0.00026
   0.00025
   0.00024
   0.00024
   0.00023
   0.00022
   0.00021
   0.00021
   0.00020
   0.00019
   0.00018
   0.00018
   0.00017
   0.00017
   0.00016
   0.00015
   0.00015
   0.00014
   0.00014
   0.00013
   0.00013
   0.00012
   0.00012
   0.00012
   0.00011
   0.00011
   0.00010
   0.00010
   0.00010
   0.00009
   0.00009
   0.00009
   0.00009
   0.00009
   0.00008
   0.00008
   0.00008
   0.00007
   0.00009
   0.51090
   0.05427
   0.04092
   0.02635
   0.02009
   0.01464
   0.01278
   0.01226
   0.01204
   0.01195
   0.01185
   0.01181
   0.01167
   0.01152
   0.01143
   0.01125
   0.01106
   0.01084
   0.01053
   0.01026
   0.00997
   0.00973
   0.00953
   0.00939
   0.00930
   0.00930
   0.00938
   0.00960
   0.01004
   0.01094
   0.01260
   0.01440
   0.01454
   0.01405
   0.01356
   0.01305
   0.01254
   0.01204
   0.01156
   0.01108
   0.01062
   0.01019
   0.00976
   0.00936
   0.00898
   0.00864
   0.00830
   0.00800
   0.00772
   0.00745
   0.00720
   0.00696
   0.00675
   0.00655
   0.00637
   0.00620
   0.00604
   0.00591
   0.00578
   0.00566
   0.00555
   0.00546
   0.00537
   0.00528
   0.00520
   0.00512
   0.00505
   0.00497
   0.00490
   0.00483
   0.00475
   0.00468
   0.00461
   0.00454
   0.00447
   0.00439
   0.00432
   0.00426
   0.00419
   0.00414
   0.00410
   0.00409
   0.00414
   0.00428
   0.00451
   0.00470
   0.00482
   0.00486
   0.00487
   0.00484
   0.00477
   0.00469
   0.00459
   0.00449
   0.00438
   0.00426
   0.00415
   0.00403
   0.00392
   0.00381
   0.00370
   0.00360
   0.00350
   0.00340
   0.00330
   0.00321
   0.00311
   0.00302
   0.00294
   0.00285
   0.00277
   0.00269
   0.00261
   0.00253
   0.00246
   0.00238
   0.00231
   0.00224
   0.00218
   0.00211
   0.00205
   0.00198
   0.00192
   0.00187
   0.00181
   0.00175
   0.00170
   0.00164
   0.00159
   0.00154
   0.00150
   0.00145
   0.00140
   0.00136
   0.00132
   0.00128
   0.00124
   0.00120
   0.00116
   0.00112
   0.00109
   0.00106
   0.00102
   0.00099
   0.00096
   0.00093
   0.00090
   0.00088
   0.00085
   0.00082
   0.00080
   0.00078
   0.00075
   0.00073
   0.00071
   0.00069
   0.00067
   0.00065
   0.00063
   0.00061
   0.00059
   0.00057
   0.00055
   0.00054
   0.00052
   0.00051
   0.00049
   0.00048
   0.00046
   0.00045
   0.00043
   0.00042
   0.00041
   0.00040
   0.00038
   0.00037
   0.00036
   0.00035
   0.00034
   0.00033
   0.00032
   0.00031
   0.00030
   0.00029
   0.00028
   0.00027
   0.00027
   0.00026
   0.00025
   0.00024
   0.00023
   0.00022
   0.00022
   0.00021
   0.00020
   0.00020
   0.00019
   0.00019
   0.00018
   0.00018
   0.00017
   0.00017
   0.00016
   0.00015
   0.00014
   0.00013
   0.00012
   0.00011
   0.00710
   0.00028
   0.00011
   0.00011
   0.00011
   0.00011
   0.00011
   0.00011
   0.00011
   0.00011
   0.00011
   0.00011
   0.00011
   0.00011
   0.00011
   0.00011
   0.00011
   0.00011
   0.00011
   0.00011
   0.00011
   0.00011
   0.00011
   0.00011
   0.00011
   0.00011
   0.00011
   0.00011
   0.00011
   0.00011
   0.00011
   0.00011
   0.00011
   0.00011
   0.00011
   0.00011
   0.00011
   0.00011
   0.00011
   0.00011
   0.00011
   0.00011
   0.00011
   0.00011
   0.00011
   0.00011
   0.00011
   0.00011
   0.00011
   0.00011
   0.00011
   0.00011
   0.00011
   0.00011
   0.00011
   0.00011
   0.00011
   0.00011
   0.00011
   0.00011
   0.00011
   0.00011
   0.00011
   0.00011
   0.00012
   0.00012
   0.00012
   0.00012
   0.00013
   0.00013
   0.00013
   0.00014
   0.00014
   0.00014
   0.00015
   0.00016
