   0.69192
   0.69192
   0.69195
   0.69135
   0.69157
   0.69079
   0.69048
   0.69017
   0.68987
   0.68968
   0.68938
   0.68906
   0.68879
   0.68856
   0.68831
   0.68807
   0.68792
   0.68768
   0.68745
   0.68723
   0.68724
   0.68674
   0.69838
   0.68801
   0.68712
   0.68648
   0.68597
   0.68563
   0.68536
   0.68526
   0.68491
   0.68471
   0.68445
   0.68424
   0.68406
   0.68384
   0.68377
   0.68349
   0.68345
   0.68322
   0.68323
   0.68297
   0.68291
   0.68285
   0.68264
   0.68264
   0.68266
   0.68247
   0.68247
   0.68239
   0.68237
   0.68230
   0.68207
   0.68189
   0.68163
   0.68129
   0.68082
   0.68028
   0.67952
   0.67867
   0.67773
   0.67672
   0.67543
   0.67405
   0.67282
   0.67136
   0.67017
   0.69537
   0.69060
   0.68779
   0.68607
   0.68621
   0.68645
   0.68794
   0.68909
   0.69133
   0.69293
   0.69477
   0.69616
   0.69706
   0.69647
   0.69562
   0.69375
   0.69128
   0.68738
   0.68334
   0.67866
   0.67348
   0.66762
   0.66142
   0.65443
   0.64760
   0.64051
   0.63323
   0.62559
   0.61754
   0.60991
   0.60218
   0.57469
   0.56403
   0.55824
   0.55244
   0.54644
   0.54014
   0.53405
   0.52838
   0.52294
   0.51780
   0.51280
   0.50836
   0.50406
   0.49976
   0.49585
   0.49193
   0.48810
   0.48437
   0.48062
   0.47688
   0.47328
   0.46967
   0.46609
   0.46252
   0.45873
   0.45542
   0.45221
   0.44834
   0.44487
   0.44140
   0.43792
   0.43452
   0.43107
   0.42773
   0.42438
   0.42110
   0.41779
   0.41458
   0.41142
   0.40827
   0.40515
   0.40214
   0.39903
   0.39628
   0.39333
   0.39056
   0.38789
   0.38544
   0.38279
   0.38026
   0.37777
   0.37524
   0.37280
   0.36960
   0.36741
   0.36405
   0.36183
   0.35804
   0.35571
   0.35176
   0.34927
   0.34698
   0.34342
   0.33972
   0.33645
   0.33279
   0.32933
   0.32581
   0.32241
   0.31890
   0.31488
   0.31220
   0.30883
   0.30560
   0.30216
   0.29883
   0.29560
   0.29246
   0.28929
   0.28626
   0.28301
   0.28011
   0.27670
   0.27387
   0.27089
   0.26754
   0.26476
   0.26171
   0.25861
   0.25556
   0.25256
   0.24959
   0.24660
   0.24352
   0.24052
   0.23753
   0.23444
   0.23151
   0.22861
   0.22560
   0.22269
   0.21972
   0.21687
   0.21390
   0.21108
   0.20804
   0.20509
   0.20221
   0.19932
   0.19648
   0.19367
   0.19083
   0.18805
   0.18531
   0.18271
   0.17986
   0.17704
   0.17434
   0.17165
   0.16880
   0.16628
   0.16335
   0.16135
   0.15849
   0.15621
   0.15339
   0.15118
   0.14783
   0.14566
   0.14331
   0.14096
   0.13860
   0.13620
   0.13366
   0.13155
   0.12903
   0.12676
   0.12451
   0.12233
   0.12013
   0.11794
   0.11584
   0.11364
   0.11136
   0.10931
   0.10736
   0.10533
   0.10276
   0.10125
   0.09939
   0.09709
   0.09501
   0.09343
   0.09100
   0.08907
   0.08826
   0.08583
   0.08382
   0.08210
   0.08078
   0.07891
   0.07758
   0.07568
   0.07440
   0.07294
   0.07090
   0.07004
   0.06805
   0.06716
   0.06522
   0.06441
   0.06259
   0.06085
   0.06066
   0.05833
   0.05716
   0.05663
   0.05438
   0.05417
   0.05333
   0.05244
   0.05134
   0.05057
   0.04933
   0.04839
   0.04816
   0.04656
   0.04643
   0.04447
   0.04457
   0.04290
   0.04220
   0.04260
   0.04106
   0.04162
   0.04189
   0.04097
   0.03964
   0.03980
   0.03952
   0.03916
   0.03737
   0.03717
   0.03714
   0.03593
   0.03586
   0.03507
   0.03451
   0.03414
   0.03389
   0.03380
   0.03516
   0.03661
   0.03222
   0.03109
   0.03079
   0.03297
   0.03100
   0.03019
   0.03033
   0.03071
   0.03065
   0.03073
   0.03076
   0.03125
   0.03105
   0.03148
   0.03079
   0.03444
   0.03220
   0.03666
   0.03044
   0.03902
   0.02046
   0.04094
   0.01461
   0.03842
   0.01467
   0.03606
   0.02465
   0.04500
   0.01675
   0.02684
   0.03629
   0.01831
   0.03536
   0.02853
   0.01654
   0.00963
   0.01062
   0.01020
   0.01012
   0.00982
   0.00969
   0.00944
   0.00935
   0.00906
   0.00901
   0.00874
   0.00869
   0.00846
   0.00842
   0.00827
   0.00813
   0.00791
   0.00792
   0.00776
   0.00755
   0.00755
   0.00736
   0.00723
   0.00722
   0.00701
   0.00696
   0.00682
   0.00659
   0.00658
   0.00649
   0.00625
   0.00621
   0.00614
   0.00590
   0.00582
   0.00577
   0.00553
   0.00544
   0.00540
   0.00516
   0.00507
   0.00491
   0.00484
   0.00467
   0.00461
   0.00443
   0.00440
   0.00420
   0.00422
   0.00396
   0.00404
   0.00372
   0.00389
   0.00344
   0.00395
   0.00295
   0.00732
   0.00284
   0.00268
   0.00249
   0.00846
   0.00341
   0.00278
   0.00284
   0.00285
   0.00286
   0.00286
   0.00286
   0.00286
   0.00285
   0.00284
   0.00283
   0.00280
   0.00275
   0.00269
   0.00258
   0.00244
   0.00227
   0.00251
   0.00521
   0.00605
   0.00571
   0.00551
   0.00530
   0.00510
   0.00491
   0.00473
   0.00456
   0.00441
   0.00426
   0.00412
   0.00400
   0.00388
   0.00377
   0.00366
   0.00356
   0.00346
   0.00337
   0.00327
   0.00318
   0.00309
   0.00299
   0.00290
   0.00280
   0.00270
   0.00259
   0.00248
   0.00236
   0.00223
   0.00210
   0.00198
   0.00186
   0.00176
   0.00171
   0.00172
   0.00168
   0.00170
   0.00165
   0.00171
   0.00160
   0.00177
   0.00154
   0.00170
   0.00156
   0.00166
   0.00151
   0.00163
   0.00150
   0.00157
   0.00149
   0.00151
   0.00147
   0.00146
   0.00144
   0.00141
   0.00139
   0.00136
   0.00134
   0.00132
   0.00130
   0.00127
   0.00126
   0.00124
   0.00122
   0.00121
   0.00119
   0.00117
   0.00116
   0.00114
   0.00113
   0.00111
   0.00110
   0.00109
   0.00107
   0.00106
   0.00104
   0.00103
   0.00102
   0.00100
   0.00099
   0.00097
   0.00096
   0.00095
   0.00093
   0.00092
   0.00091
   0.00089
   0.00088
   0.00087
   0.00085
   0.00084
   0.00083
   0.00082
   0.00080
   0.00079
   0.00078
   0.00077
   0.00076
   0.00074
   0.00073
   0.00072
   0.00071
   0.00070
   0.00069
   0.00067
   0.00066
   0.00065
   0.00064
   0.00063
   0.00062
   0.00061
   0.00060
   0.00059
   0.00058
   0.00057
   0.00056
   0.00055
   0.00054
   0.00053
   0.00052
   0.00051
   0.00050
   0.00049
   0.00048
   0.00047
   0.00046
   0.00045
   0.00045
   0.00044
   0.00043
   0.00042
   0.00041
   0.00040
   0.00040
   0.00039
   0.00038
   0.00037
   0.00037
   0.00036
   0.00035
   0.00034
   0.00034
   0.00033
   0.00032
   0.00032
   0.00031
   0.00030
   0.00030
   0.00029
   0.00028
   0.00028
   0.00027
   0.00027
   0.00026
   0.00025
   0.00025
   0.00024
   0.00024
   0.00023
   0.00023
   0.00022
   0.00022
   0.00021
   0.00021
   0.00020
   0.00020
   0.00020
   0.00019
   0.00019
   0.00018
   0.00018
   0.00017
   0.00017
   0.00017
   0.00016
   0.00016
   0.00016
   0.00015
   0.00015
   0.00015
   0.00014
   0.00014
   0.00014
   0.00013
   0.00013
   0.00013
   0.00012
   0.00012
   0.00012
   0.00011
   0.00011
   0.00011
   0.00011
   0.00010
   0.00010
   0.00010
   0.00010
   0.00009
   0.00009
   0.00009
   0.00009
   0.00009
   0.00008
   0.00008
   0.00008
   0.00008
   0.00008
   0.00007
   0.00007
   0.00007
   0.00007
   0.00007
   0.00007
   0.00006
   0.00006
   0.00006
   0.00006
   0.00006
   0.00006
   0.00006
   0.00005
   0.00005
   0.00005
   0.00005
   0.00005
   0.00005
   0.00005
   0.00005
   0.00004
   0.00004
   0.00004
   0.00004
   0.00004
   0.00004
   0.00004
   0.00004
   0.00004
   0.00003
   0.00003
   0.00003
   0.00003
   0.00003
   0.00003
   0.00003
   0.00003
   0.00003
   0.00003
   0.00003
   0.00003
   0.00003
   0.00003
   0.00002
   0.00002
   0.00002
   0.00002
   0.00002
   0.00002
   0.00002
   0.00002
   0.00002
   0.00002
   0.00002
   0.00002
   0.00002
   0.00002
   0.00002
   0.00002
   0.00002
   0.00002
   0.00002
   0.00001
   0.00001
   0.00001
   0.00001
   0.00001
   0.00001
   0.00001
   0.00001
   0.00001
   0.00001
   0.00001
   0.07239
   0.00032
   0.00003
   0.00002
   0.00002
   0.00002
   0.00002
   0.00002
   0.00002
   0.00002
   0.00002
   0.00002
   0.00002
   0.00002
   0.00002
   0.00002
   0.00002
   0.00002
   0.00002
   0.00002
   0.00002
   0.00002
   0.00002
   0.00002
   0.00002
   0.00002
   0.00002
   0.00002
   0.00002
   0.00002
   0.00002
   0.00002
   0.00002
   0.00002
   0.00002
   0.00002
   0.00002
   0.00002
   0.00002
   0.00002
   0.00002
   0.00002
   0.00002
   0.00002
   0.00002
   0.00002
   0.00002
   0.00002
   0.00002
   0.00002
   0.00002
   0.00002
   0.00002
   0.00002
   0.00002
   0.00002
   0.00002
   0.00002
   0.00002
   0.00002
   0.00002
   0.00002
   0.00002
   0.00002
   0.00002
   0.00002
   0.00002
   0.00002
   0.00002
   0.00002
   0.00002
   0.00002
   0.00003
   0.00003
   0.00003
   0.00003
   0.00003
   0.00003
   0.00003
   0.00003
   0.00003
   0.00003
   0.00003
   0.00004
   0.00004
   0.00004
   0.00004
   0.00004
   0.00005
   0.00005
   0.00005
   0.00005
   0.00005
   0.00005
   0.00005
   0.00005
   0.00005
   0.00005
   0.00005
   0.00005
   0.00005
   0.00005
   0.00005
   0.00004
   0.00004
   0.00004
   0.00004
   0.00004
   0.00004
   0.00004
   0.00004
   0.00003
   0.00003
   0.00003
   0.00003
   0.00003
   0.00003
   0.00003
   0.00003
   0.00003
   0.00003
   0.00003
   0.00002
   0.00002
   0.00002
   0.00002
   0.00002
   0.00002
   0.00002
   0.00002
   0.00002
   0.00002
   0.00002
   0.00002
   0.00002
   0.00002
   0.00002
   0.00002
   0.00002
   0.00002
   0.00002
   0.00001
   0.00001
   0.00001
   0.00001
   0.00001
   0.00001
   0.00001
   0.00001
   0.00001
   0.00001
   0.00001
   0.00001
   0.00001
   0.00001
   0.00001
   0.00001
   0.00001
   0.00001
   0.00001
   0.00001
   0.00001
   0.00001
   0.00001
   0.00001
   0.00001
   0.00001
   0.00001
   0.00001
   0.00001
   0.00001
   0.00001
   0.00001
   0.00002
   0.00002
   0.00002
   0.00002
   0.00002
   0.00002
   0.00002
   0.00002
   0.00002
   0.00002
   0.00002
   0.00001
   0.00010
   0.00001
   0.00001
   0.00001
   0.00001
   0.00001
   0.00001
   0.00001
   0.00001
   0.00001
   0.00001
   0.00001
   0.00001
   0.00001
   0.00001
   0.00001
   0.00001
   0.00001
   0.00001
   0.00001
   0.00001
   0.00001
   0.00001
   0.00001
   0.00001
   0.00001
   0.00001
   0.00001
   0.00001
   0.00001
   0.00001
   0.00001
   0.00001
   0.00001
   0.00001
   0.00001
   0.00001
   0.00001
   0.00001
   0.00001
   0.00001
   0.00001
   0.00001
   0.00001
   0.00001
   0.00001
   0.00001
   0.00001
   0.00001
   0.00001
   0.00001
   0.00001
   0.00001
   0.00001
   0.00001
   0.00001
   0.00001
   0.00001
   0.00001
   0.00001
   0.00001
   0.00001
   0.00001
   0.00001
   0.00001
   0.00001
   0.00001
   0.00001
   0.00001
   0.00001
   0.00001
   0.00001
   0.00001
   0.00001
   0.00001
   0.00001
   0.00001
   0.00001
   0.00001
   0.00001
   0.00001
   0.00001
   0.00001
   0.00001
   0.00001
   0.00001
   0.00001
   0.00001
   0.00001
   0.00001
   0.00001
   0.00001
   0.00001
   0.00001
   0.00001
   0.00001
   0.00002
   0.00002
   0.00002
   0.00002
   0.00002
   0.00002
   0.00002
   0.00002
   0.00002
   0.00002
   0.00002
   0.00002
