   0.75775
   0.75606
   0.76227
   0.77549
   0.78837
   0.80272
   0.80387
   0.80247
   0.80127
   0.79538
   0.79804
   0.79599
   0.79384
   0.79148
   0.78856
   0.78721
   0.78455
   0.77987
   0.78219
   0.78053
   0.76214
   0.77611
   0.77243
   0.77013
   0.76620
   0.76174
   0.75121
   0.75170
   0.71500
   0.72028
   0.71870
   0.71242
   0.69775
   0.68227
   0.67622
   0.66638
   0.66078
   0.65823
   0.65137
   0.63050
   0.62814
   0.62696
   0.61571
   0.61517
   0.60592
   0.59877
   0.58827
   0.58272
   0.57429
   0.56929
   0.56470
   0.55350
   0.54167
   0.53301
   0.52477
   0.51761
   0.51193
   0.50706
   0.50278
   0.49839
   0.49275
   0.48639
   0.47779
   0.46719
   0.45596
   0.44447
   0.43251
   0.42137
   0.41208
   0.40339
   0.39519
   0.38734
   0.37996
   0.37269
   0.36579
   0.35912
   0.35275
   0.34632
   0.34027
   0.33431
   0.32864
   0.32294
   0.31779
   0.31262
   0.30772
   0.30285
   0.29850
   0.29420
   0.29014
   0.28607
   0.28227
   0.27848
   0.27514
   0.27187
   0.26860
   0.26523
   0.26222
   0.25935
   0.25656
   0.25399
   0.25162
   0.24890
   0.24674
   0.24439
   0.24210
   0.24000
   0.23754
   0.23595
   0.23328
   0.23154
   0.22942
   0.22651
   0.22457
   0.22265
   0.21912
   0.21825
   0.21349
   0.21166
   0.20847
   0.20711
   0.20352
   0.20044
   0.19712
   0.19464
   0.19063
   0.18702
   0.18395
   0.18055
   0.17704
   0.17253
   0.16988
   0.16540
   0.16245
   0.15949
   0.15405
   0.15200
   0.14789
   0.14333
   0.13857
   0.13475
   0.13111
   0.12581
   0.12350
   0.12098
   0.11800
   0.11635
   0.11326
   0.11171
   0.10982
   0.10777
   0.10581
   0.10509
   0.10401
   0.10306
   0.10068
   0.10009
   0.10068
   0.09822
   0.09861
   0.10297
   0.10095
   0.10209
   0.10171
   0.11216
   0.11241
   0.10883
   0.12205
   0.12457
   0.12462
   0.12448
   0.13651
   0.14394
   0.14690
   0.15319
   0.15934
   0.17111
   0.18017
   0.24530
   0.20893
   0.13857
   0.30158
   0.08109
   0.09632
   0.13617
   0.03270
   0.04146
   0.04042
   0.03858
   0.03573
   0.03274
   0.03053
   0.02835
   0.02575
   0.02189
   0.02062
   0.02373
   0.06118
   0.25716
   0.02723
   0.03557
   0.03795
   0.03962
   0.03078
   0.03115
   0.02655
   0.02336
   0.02572
   0.02572
   0.02315
   0.02159
   0.02452
   0.01717
   0.04237
   0.02198
   0.04145
   0.01855
   0.04028
   0.02613
   0.02242
   0.01982
   0.01871
   0.01796
   0.01402
   0.01651
   0.02183
   0.02971
   0.02222
   0.02727
   0.02059
   0.02956
   0.02918
   0.02739
   0.03099
   0.00962
   0.00795
   0.01396
   0.07427
   0.07046
   0.07602
   0.05751
   0.06393
   0.06273
   0.04750
   0.04583
   0.04557
   0.04482
   0.04322
   0.04187
   0.04031
   0.04093
   0.03762
   0.00749
   0.00478
   0.00792
   0.00445
   0.00513
   0.00425
   0.00417
   0.00589
   0.00460
   0.00459
   0.00475
   0.00477
   0.00524
   0.00524
   0.00403
   0.01201
   3.99439
   0.02004
   0.01179
   0.01030
   0.01019
   0.00971
   0.00932
   0.00901
   0.00875
   0.00847
   0.00828
   0.00807
   0.00787
   0.00764
   0.00748
   0.00729
   0.00712
   0.00692
   0.00676
   0.00658
   0.00637
   0.00618
   0.00602
   0.00586
   0.00571
   0.00542
   0.00513
   0.00491
   0.00485
   0.00475
   0.00469
   0.00455
   0.00450
   0.00447
   0.00436
   0.00435
   0.00432
   0.00421
   0.00410
   0.00447
   0.00466
   0.00387
   0.00422
   0.00405
   0.00409
   0.00357
   0.00374
   0.00334
   0.00349
   0.00341
   0.00327
   0.00304
   0.01111
   0.05733
   0.02966
   0.02109
   0.01694
   0.01580
   0.01249
   0.09793
   0.00784
   0.00860
   0.00620
   0.12161
   0.00915
   0.00739
   0.00638
   0.00653
   0.00654
   0.00645
   0.00628
   0.00607
   0.00585
   0.00566
   0.00554
   0.00516
   0.00519
   0.00500
   0.00492
   0.00480
   0.00479
   0.00459
   0.00457
   0.00442
   0.00437
   0.00428
   0.00418
   0.00393
   0.00367
   0.00359
   0.00332
   0.00322
   0.00313
   0.00305
   0.00298
   0.00293
   0.00288
   0.00282
   0.00277
   0.00272
   0.00268
   0.00263
   0.00258
   0.00254
   0.00249
   0.00244
   0.00240
   0.00235
   0.00230
   0.00226
   0.00221
   0.00217
   0.00212
   0.00208
   0.00203
   0.00199
   0.00195
   0.00191
   0.00186
   0.00182
   0.00178
   0.00174
   0.00170
   0.00166
   0.00163
   0.00159
   0.00155
   0.00151
   0.00148
   0.00145
   0.00141
   0.00138
   0.00135
   0.00132
   0.00130
   0.00128
   0.00127
   0.00122
   0.00119
   0.00116
   0.00112
   0.00109
   0.00106
   0.00103
   0.00100
   0.00097
   0.00095
   0.00092
   0.00090
   0.00088
   0.00085
   0.00083
   0.00081
   0.00079
   0.00077
   0.00075
   0.00073
   0.00071
   0.00069
   0.00067
   0.00065
   0.00063
   0.00062
   0.00060
   0.00058
   0.00057
   0.00055
   0.00054
   0.00052
   0.00051
   0.00049
   0.00048
   0.00046
   0.00045
   0.00044
   0.00043
   0.00041
   0.00040
   0.00039
   0.00038
   0.00037
   0.00036
   0.00035
   0.00033
   0.00033
   0.00032
   0.00031
   0.00030
   0.00029
   0.00028
   0.00027
   0.00026
   0.00025
   0.00025
   0.00024
   0.00023
   0.00022
   0.00022
   0.00021
   0.00020
   0.00020
   0.00019
   0.00019
   0.00018
   0.00017
   0.00017
   0.00016
   0.00016
   0.00015
   0.00015
   0.00014
   0.00014
   0.00013
   0.00013
   0.00013
   0.00012
   0.00012
   0.00012
   0.00011
   0.00011
   0.00010
   0.00010
   2.11343
   0.04294
   0.03061
   0.01891
   0.02363
   0.02297
   0.02138
   0.02038
   0.01980
   0.01922
   0.01873
   0.01827
   0.01777
   0.01727
   0.01682
   0.01623
   0.01505
   0.01372
   0.01274
   0.01194
   0.01123
   0.01056
   0.01011
   0.00976
   0.00981
   0.00969
   0.00958
   0.00955
   0.00945
   0.00934
   0.00909
   0.00889
   0.00865
   0.00842
   0.00815
   0.00790
   0.00768
   0.00745
   0.00722
   0.00700
   0.00677
   0.00656
   0.00634
   0.00615
   0.00593
   0.00576
   0.00552
   0.00535
   0.00517
   0.00498
   0.00484
   0.00462
   0.00447
   0.00423
   0.00410
   0.00385
   0.00374
   0.00354
   0.00344
   0.00325
   0.00312
   0.00302
   0.00287
   0.00274
   0.00266
   0.00253
   0.00243
   0.00233
   0.00226
   0.00216
   0.00208
   0.00201
   0.00195
   0.00187
   0.00180
   0.00174
   0.00169
   0.00162
   0.00157
   0.00152
   0.00147
   0.00142
   0.00138
   0.00136
   0.00134
   0.00282
   0.62988
   0.01370
   0.01140
   0.00845
   0.00604
   0.00500
   0.00422
   0.00384
   0.00400
   0.00564
   0.02681
   0.00357
   0.00423
   0.01677
   0.13587
   0.00267
   0.00358
   0.00230
   0.00247
   0.00314
   0.00221
   0.00249
   0.00186
   0.00244
   0.07632
   0.00928
   0.00795
   0.00355
   0.00581
   0.00252
   0.00157
   0.00243
   0.00172
   0.00282
   0.00442
   0.22833
   0.00178
   0.00148
   0.00152
   0.00151
   0.00147
   0.00143
   0.00139
   0.00132
   0.00128
   0.26420
   0.00287
   0.00163
   0.00117
   0.00107
   0.00116
   0.00102
   0.00127
   0.00101
   0.00128
   0.00105
   0.00170
   0.00101
   0.00104
   0.00185
   0.00265
   0.00087
   0.00441
   0.00089
   0.00251
   0.00081
   0.00085
   0.00635
   0.91267
   0.00493
   0.00438
   0.00389
   0.00338
   0.00298
   0.00268
   0.00243
   0.00224
   0.00208
   0.00192
   0.00180
   0.00170
   0.00165
   0.00159
   0.00155
   0.00155
   0.00152
   0.00148
   0.00145
   0.00143
   0.00142
   0.00140
   0.00138
   0.00138
   0.00138
   0.00138
   0.00139
   0.00137
   0.00133
   0.00125
   0.00113
   0.00101
   0.00093
   0.00088
   0.00081
   0.00086
   0.00082
   0.00267
   0.00153
   0.00083
   0.00076
   0.00076
   0.00070
   0.00101
   0.00102
   0.00118
   0.00116
   0.00147
   0.00116
   0.00205
   0.00124
   0.09600
   0.04333
   0.02193
   0.02058
   0.01863
   0.01688
   0.01580
   0.01433
   0.01327
   0.01184
   0.01076
   0.01061
   0.01006
   0.00969
   0.00960
   0.00969
   0.00976
   0.00943
   0.00897
   0.00837
   0.00777
   0.00723
   0.00683
   0.00673
   0.00678
   0.00670
   0.00639
   0.00605
   0.00574
   0.00543
   0.00518
   0.00488
   0.00463
   0.00439
   0.00415
   0.00391
   0.00368
   0.00349
   0.00327
   0.00306
   0.00286
   0.00270
   0.00257
   0.00265
   0.00267
   0.00263
   0.00248
   0.00247
   0.00235
   0.00228
   0.00220
   0.00211
   0.00203
   0.00195
   0.00187
   0.00179
   0.00171
   0.00163
   0.00157
   0.00151
   0.00144
   0.00137
   0.00131
   0.00125
   0.00118
   0.00113
   0.00108
   0.00103
   0.00098
   0.00093
   0.00089
   0.00085
   0.00081
   0.00077
   0.00073
   0.00070
   0.00067
   0.00064
   0.00061
   0.00058
   0.00056
   0.00054
   0.00051
   0.00049
   0.00047
   0.00046
   0.00044
   0.00042
   0.00041
   0.00039
   0.00038
   0.00036
   0.00035
   0.00034
   0.00033
   0.00032
   0.00031
   0.00030
   0.00029
   0.00028
   0.00027
   0.00026
   0.00025
   0.00024
   0.00024
   0.00023
   0.00022
   0.00022
   0.00021
   0.00020
   0.00020
   0.00019
   0.00019
   0.00018
   0.00018
   0.00017
   0.00017
   0.00016
   0.00016
   0.00016
   0.00015
   0.00015
   0.00014
   0.00014
   0.00014
   0.00013
   0.00013
   0.00013
   0.00012
   0.00012
   0.00012
   0.00011
   0.00011
   0.00011
   0.00010
   0.00010
   0.00010
   0.00010
   0.00009
   0.00009
   0.00009
   0.00009
   0.00008
   0.00008
   0.00008
   0.00008
   0.00008
   0.00007
   0.00007
   0.00007
   0.00007
   0.00007
   0.00006
   0.00006
   0.00006
   0.00006
   0.00006
   0.00006
   0.00006
   0.00005
   0.00005
   0.00005
   0.00005
   0.00005
   0.00005
   0.00005
   0.00005
   0.00004
   0.00004
   0.00004
   0.00004
   0.00004
   0.00004
   0.00004
   0.00004
   0.00004
   0.00004
   0.00003
   0.00003
   0.00003
   0.00003
   0.00003
   0.00003
   0.00003
   0.00003
   0.00003
   0.00003
   0.00003
   0.00003
   0.00003
   0.00002
   0.00002
   0.00002
   0.00002
   0.00002
   0.00002
   0.00002
   0.00002
   0.00002
   0.00002
   0.00002
   0.00002
   0.00002
   0.00002
   0.00002
   0.00001
   0.00002
   0.00002
   0.31738
   0.05030
   0.03321
   0.02741
   0.02281
   0.02002
   0.01838
   0.01697
   0.01601
   0.01534
   0.01482
   0.01440
   0.01408
   0.01382
   0.01358
   0.01336
   0.01315
   0.01295
   0.01277
   0.01258
   0.01241
   0.01225
   0.01210
   0.01195
   0.01180
   0.01166
   0.01152
   0.01138
   0.01125
   0.01112
   0.01099
   0.01086
   0.01074
   0.01062
   0.01050
   0.01039
   0.01028
   0.01018
   0.01007
   0.00997
   0.00986
   0.00976
   0.00965
   0.00955
   0.00944
   0.00933
   0.00921
   0.00909
   0.00896
   0.00882
   0.00868
   0.00852
   0.00815
   0.00793
   0.00779
   0.00764
   0.00750
   0.00735
   0.00720
   0.00705
   0.00690
   0.00675
   0.00660
   0.00645
   0.00630
   0.00616
   0.00602
   0.00588
   0.00574
   0.00561
   0.00547
   0.00534
   0.00521
   0.00508
   0.00495
   0.00483
   0.00470
   0.00457
   0.00444
   0.00432
   0.00419
   0.00407
   0.00395
   0.00383
   0.00371
   0.00359
   0.00348
   0.00337
   0.00326
   0.00315
   0.00305
   0.00295
   0.00285
   0.00275
   0.00266
   0.00257
   0.00249
