   0.47227
   0.46787
   0.46564
   0.46629
   0.46658
   0.46712
   0.46686
   0.46689
   0.46661
   0.46633
   0.46593
   0.46549
   0.46472
   0.46411
   0.46218
   0.46239
   0.46136
   0.46010
   0.45828
   0.45764
   0.45663
   0.54842
   0.46459
   0.44567
   0.44511
   0.44441
   0.44063
   0.45903
   0.46155
   0.46545
   0.47097
   0.47793
   0.48496
   0.48984
   0.52940
   0.53179
   0.53582
   0.53894
   0.53977
   0.53734
   0.53106
   0.52096
   0.49964
   0.47632
   0.44883
   0.41769
   0.38582
   0.35313
   0.29486
   0.26894
   0.24377
   0.22137
   0.19710
   0.17885
   0.16558
   0.15362
   0.14268
   0.13334
   0.12579
   0.11963
   0.11378
   0.10890
   0.10589
   0.10285
   0.10034
   0.09762
   0.09437
   0.09162
   0.09047
   0.08867
   0.08746
   0.08601
   0.08445
   0.08369
   0.08298
   0.08238
   0.08329
   0.08259
   0.08206
   0.08083
   0.08014
   0.07988
   0.07957
   0.07942
   0.07924
   0.08139
   0.08105
   0.08092
   0.07999
   0.07914
   0.07836
   0.07606
   0.07575
   0.07541
   0.07545
   0.07355
   0.07277
   0.07489
   0.07325
   0.07296
   0.07209
   0.07081
   0.06955
   0.06843
   0.06725
   0.06656
   0.06450
   0.06353
   0.06302
   0.06171
   0.06084
   0.05905
   0.05797
   0.05675
   0.05426
   0.05339
   0.05201
   0.04998
   0.04877
   0.04636
   0.04463
   0.04224
   0.04045
   0.03911
   0.03786
   0.03645
   0.03509
   0.03358
   0.03257
   0.03137
   0.03008
   0.02883
   0.02771
   0.02662
   0.02571
   0.02496
   0.02613
   0.02581
   0.02533
   0.02392
   0.02189
   0.02087
   0.02065
   0.01991
   0.01990
   0.02052
   0.01920
   0.00681
   0.01940
   0.01280
   0.00644
   0.00662
   0.01884
   0.00550
   0.00492
   0.03018
   0.01198
   0.01364
   0.01037
   0.00422
   0.01762
   0.01261
   0.00582
   0.00358
   0.03116
   0.01037
   0.01034
   0.00609
   0.00368
   0.00751
   0.00347
   0.00446
   0.00917
   0.00345
   0.00542
   0.00423
   0.01013
   0.00738
   0.00685
   0.00698
   0.00753
   0.01024
   0.01856
   0.00531
   0.01949
   0.01820
   0.01698
   0.01595
   0.01518
   0.01465
   0.01438
   0.01423
   0.01403
   0.01354
   0.01096
   0.00566
   0.00299
   0.00221
   0.00195
   0.00178
   0.00167
   0.00342
   0.00536
   0.00144
   0.00136
   0.00486
   0.00124
   0.00119
   0.00123
   0.00377
   0.00657
   0.00779
   0.00440
   0.00730
   0.00674
   0.00708
   0.00683
   0.00655
   0.00645
   0.00618
   0.00326
   0.00233
   0.00151
   0.00571
   0.00200
   0.00492
   0.00112
   0.00110
   0.00103
   0.00126
   0.00120
   0.00093
   0.00116
   0.00472
   0.00106
   0.00103
   0.00116
   0.00076
   0.00097
   0.00107
   0.00084
   0.00076
   0.00068
   0.00068
   0.00076
   0.00067
   0.00056
   0.00071
   0.00071
   0.00054
   0.00073
   0.00100
   0.00059
   0.00084
   0.00088
   0.00056
   0.00239
   0.00181
   0.00129
   0.00128
   0.00629
   0.00156
   0.00254
   0.01601
   0.00482
   0.00367
   0.00124
   0.00193
   0.00172
   0.01074
   0.04512
   0.02784
   0.00764
   0.02001
   0.00566
   0.00633
   0.00359
   0.00209
   0.00202
   0.00146
   0.00127
   0.00089
   0.00682
   0.00685
   0.00448
   0.00430
   0.00365
   0.00309
   0.00289
   0.00255
   0.01450
   0.00542
   0.00300
   0.00216
   0.00361
   0.00236
   0.00378
   0.00465
   0.00372
   0.00312
   0.00267
   0.00226
   0.00189
   0.00163
   0.00139
   0.00144
   0.00109
   0.00098
   0.00097
   0.00083
   0.00095
   0.00074
   0.00073
   0.00079
   0.00059
   0.00087
   0.00081
   0.00070
   0.00047
   0.00044
   0.00043
   0.00044
   0.00129
   0.00054
   0.00042
   0.00047
   0.00276
   0.00055
   0.00051
   0.00047
   0.00101
   0.00488
   0.00270
   0.00200
   0.00168
   0.00128
   0.00101
   0.00083
   0.00066
   0.00122
   0.00343
   0.00162
   0.00054
   0.00302
   0.00094
   0.00043
   0.00039
   0.00033
   0.00824
   0.00388
   0.00219
   0.00130
   0.00160
   0.00089
   0.00548
   0.00269
   0.02070
   0.00380
   0.00495
   0.00279
   0.00115
   0.00071
   0.00191
   0.00059
   0.00041
   0.00837
   0.00229
   0.00154
   0.00103
   0.00077
   0.00060
   0.00056
   0.00048
   0.00043
   0.00068
   0.00036
   0.00032
   0.00029
   0.00029
   0.00121
   0.00026
   0.00128
   0.00024
   0.00021
   0.00173
   0.00031
   0.00018
   0.00121
   0.00018
   0.00016
   0.00179
   0.00060
   0.00014
   0.00190
   0.00105
   0.00015
   0.00013
   0.00176
   0.00093
   0.00013
   0.00012
   0.04579
   0.02630
   0.02013
   0.01708
   0.01487
   0.01314
   0.01166
   0.01040
   0.00933
   0.00840
   0.00760
   0.00692
   0.00632
   0.00581
   0.00538
   0.00503
   0.00477
   0.00459
   0.00445
   0.00432
   0.00415
   0.00396
   0.00372
   0.00343
   0.00309
   0.00275
   0.00243
   0.00213
   0.00188
   0.00165
   0.00150
   0.00122
   0.00156
   0.00101
   0.00105
   0.00258
   0.00208
   0.00189
   0.00306
   0.00199
   0.00169
   0.00172
   0.00923
   0.00410
   0.00252
   0.00166
   0.00144
   0.00307
   0.00200
   0.00198
   0.00163
   0.00138
   0.00102
   0.00082
   0.00119
   0.00051
   0.00131
   0.00044
   0.00040
   0.00039
   0.00330
   0.00224
   0.00134
   0.00149
   0.00065
   0.00135
   0.00115
   0.00076
   0.00071
   0.00048
   0.00081
   0.00033
   0.00039
   0.00029
   0.00021
   0.00020
   0.00019
   0.02489
   0.00529
   0.00163
   0.00073
   0.00063
   0.00690
   0.00224
   0.00083
   0.00053
   0.00046
   0.00026
   0.00021
   0.00022
   0.00029
   0.00012
   0.00010
   0.00019
   0.00184
   0.00069
   0.00032
   0.00020
   0.00354
