   0.39786
   0.40037
   0.40350
   0.40706
   0.41198
   0.41508
   0.41755
   0.39330
   0.41447
   0.42391
   0.42954
   0.43130
   0.43159
   0.43179
   0.43072
   0.43049
   0.42924
   0.42842
   0.42726
   0.42488
   0.37932
   0.44478
   0.44192
   0.43946
   0.43644
   0.43500
   0.43169
   0.42789
   0.42390
   0.42023
   0.41643
   0.41288
   0.40614
   0.40535
   0.40170
   0.39720
   0.39296
   0.38873
   0.38528
   0.38239
   0.38092
   0.38038
   0.38192
   0.44745
   0.45764
   0.44962
   0.45867
   0.47234
   0.48745
   0.50230
   0.51586
   0.52731
   0.53305
   0.52734
   0.51083
   0.48818
   0.46458
   0.44615
   0.43474
   0.43028
   0.42977
   0.42879
   0.42530
   0.41813
   0.40960
   0.39909
   0.38683
   0.36966
   0.35181
   0.33861
   0.32538
   0.31092
   0.29756
   0.28622
   0.27364
   0.26380
   0.25359
   0.24145
   0.23052
   0.21960
   0.20986
   0.20015
   0.19240
   0.18519
   0.17507
   0.16843
   0.16002
   0.15310
   0.14483
   0.13900
   0.13153
   0.12269
   0.12083
   0.11399
   0.10765
   0.10170
   0.09659
   0.09140
   0.08618
   0.08187
   0.07768
   0.07232
   0.06984
   0.06710
   0.06461
   0.06170
   0.05915
   0.05643
   0.05452
   0.05222
   0.05016
   0.04839
   0.04653
   0.04483
   0.04341
   0.04302
   0.04071
   0.03945
   0.03817
   0.03702
   0.03612
   0.03494
   0.03408
   0.03263
   0.03228
   0.03130
   0.02928
   0.02859
   0.02975
   0.02810
   0.02534
   0.02451
   0.02348
   0.02263
   0.02249
   0.02069
   0.01959
   0.01870
   0.01849
   0.01765
   0.01550
   0.01477
   0.01353
   0.01268
   0.01165
   0.01074
   0.00998
   0.00906
   0.00827
   0.00744
   0.00664
   0.00592
   0.00536
   0.00474
   0.00406
   0.00369
   0.00321
   0.00281
   0.00245
   0.00220
   0.00202
   0.00176
   0.00161
   0.00148
   0.00137
   0.00124
   0.00113
   0.00103
   0.00094
   0.00086
   0.00081
   0.00073
   0.00059
   0.00063
   0.00056
   0.00046
   0.00034
   0.00029
   0.00027
   0.00021
   0.00017
   0.00018
   0.00017
   0.00016
   0.00014
   0.00013
   0.00012
   0.00012
   0.00025
   0.00012
   0.00011
   0.00010
   0.00009
   0.00009
   0.00009
   0.00008
   0.00006
   0.00007
   0.00006
   0.00006
   0.00006
   0.00005
   0.00005
   0.00007
   0.00004
   0.00004
   0.00003
   0.00003
   0.00003
   0.00002
   0.00005
   0.00002
   0.00001
   0.00001
   0.00001
   0.00001
   0.00001
   0.00058
   0.00058
   0.00050
   0.00048
   0.00034
   0.00018
   0.00025
   0.00021
   0.00014
   0.00017
   0.00013
   0.00013
   0.00012
   0.00011
   0.00010
   0.00009
   0.00008
   0.00008
   0.00007
   0.00007
   0.00006
   0.00005
   0.00004
   0.00003
   0.00005
   0.00003
   0.00003
   0.00004
   0.00004
   0.00004
   0.00004
   0.00002
   0.00002
   0.00002
   0.00002
   0.00002
   0.00002
   0.00002
   0.00002
   0.00003
   0.00003
   0.00003
   0.00003
   0.00002
   0.00002
   0.00003
   0.00003
   0.00002
   0.00002
   0.00003
   0.00003
   0.00002
   0.00003
   0.00005
   0.00001
   0.00002
   0.00002
   0.00002
   0.00002
   0.00002
   0.00002
   0.00002
   0.00002
   0.00002
   0.00002
   0.00002
   0.00001
   0.00002
   0.00002
   0.00002
   0.00002
   0.00002
   0.00005
   0.00002
   0.00002
   0.00002
   0.00002
   0.00002
   0.00002
   0.00002
   0.00002
   0.00003
   0.00003
   0.00002
   0.00002
   0.00001
   0.00001
   0.00001
   0.00001
   0.00001
   0.00001
   0.00001
   0.00001
   0.00001
   0.00001
   0.00001
   0.00001
   0.00001
   0.00014
   0.00019
   0.00021
   0.00024
   0.00031
   0.00035
   0.00035
   0.00033
   0.00030
   0.00027
   0.00027
   0.00026
   0.00022
   0.00017
   0.00020
   0.00012
   0.00013
   0.00018
   0.00024
   0.00024
   0.00022
   0.00019
   0.00016
   0.00015
   0.00016
   0.00014
   0.00010
   0.00008
   0.00046
   0.00004
   0.00005
   0.00005
   0.00005
   0.00006
   0.00007
   0.00010
   0.00014
   0.00013
   0.00012
   0.00011
   0.00005
   0.00003
   0.00008
   0.00007
   0.00005
   0.00010
   0.00006
   0.00373
   0.00001
   0.00002
   0.00002
   0.00002
   0.00002
   0.00002
   0.00002
   0.00002
   0.00002
   0.00002
   0.00002
   0.00003
   0.00003
   0.00004
   0.00009
   0.00008
   0.00008
   0.00007
   0.00007
   0.00006
   0.00006
   0.00005
   0.00002
   0.00005
   0.00003
   0.00003
   0.00001
   0.00001
   0.00001
   0.00001
   0.00001
   0.00001
   0.00001
   0.00002
   0.00003
   0.00003
   0.00003
   0.00003
   0.00003
   0.00003
   0.00002
   0.00001
   0.00000
   0.00000
   0.00000
   0.00000
   0.00000
   0.00000
   0.00000
   0.00000
   0.00064
   0.00152
   0.00174
   0.00202
   0.00213
   0.00154
   0.00073
   0.00002
   0.00002
   0.00001
   0.00003
   0.00002
   0.00002
   0.00002
   0.00002
   0.00003
   0.00003
   0.00004
   0.00004
   0.00004
   0.00004
   0.00002
   0.00001
   0.00003
   0.00001
   0.00001
   0.00001
   0.00001
   0.00001
   0.00001
   0.00001
   0.00000
   0.00001
   0.00001
   0.00001
   0.00001
   0.00002
   0.00001
   0.00002
   0.00002
   0.00002
   0.00002
   0.00002
   0.00002
   0.00002
   0.00001
   0.00000
   0.00000
   0.00000
   0.00000
   0.00000
   0.00000
   0.00000
   0.00000
   0.00000
   0.00000
   0.00000
   0.00000
   0.00000
   0.00000
   0.00000
   0.00000
   0.00000
   0.00000
   0.00000
   0.00000
   0.00000
   0.00000
   0.00000
   0.00000
   0.00000
   0.00001
   0.00001
   0.00001
   0.00001
   0.00001
   0.00001
   0.00001
   0.00000
   0.00000
   0.00000
   0.00000
   0.00000
   0.00070
   0.00000
   0.00000
   0.00000
