   0.66894
   0.66447
   0.65645
   0.65048
   0.64501
   0.64227
   0.64214
   0.63736
   0.63209
   0.63166
   0.62567
   0.62271
   0.62136
   0.62061
   0.62066
   0.61990
   0.62099
   0.62554
   0.62348
   0.62254
   0.61935
   0.61070
   0.59738
   0.59108
   0.57346
   0.55778
   0.54325
   0.53170
   0.51971
   0.50990
   0.50231
   0.49490
   0.48849
   0.48204
   0.47363
   0.46965
   0.46368
   0.45572
   0.46539
   0.47427
   0.47456
   0.46802
   0.45808
   0.44661
   0.43495
   0.42088
   0.40738
   0.39433
   0.38168
   0.36636
   0.35398
   0.34145
   0.32972
   0.31787
   0.30541
   0.29315
   0.28161
   0.26984
   0.25909
   0.24918
   0.23946
   0.23041
   0.22180
   0.21358
   0.20620
   0.19890
   0.19235
   0.18608
   0.18055
   0.17531
   0.17062
   0.16617
   0.16197
   0.15770
   0.15430
   0.15035
   0.14747
   0.14529
   0.14183
   0.13846
   0.13590
   0.13255
   0.12910
   0.12468
   0.12084
   0.11559
   0.11081
   0.10456
   0.09861
   0.09201
   0.08460
   0.07378
   0.06619
   0.05973
   0.05257
   0.04586
   0.03986
   0.03610
   0.03463
   0.03393
   0.03241
   0.03237
   0.04693
   0.05814
   0.06347
   0.06864
   0.06814
   0.06329
   0.06195
   0.05185
   0.05060
   0.04006
   0.04372
   0.03659
   0.03299
   0.02877
   0.02410
   0.02237
   0.01996
   0.01842
   0.01864
   0.01564
   0.01477
   0.01348
   0.01813
   0.02313
   0.01107
   0.15364
   0.01495
   0.08509
   0.00662
   0.01402
   0.01153
   0.01134
   0.01081
   0.01061
   0.01363
   0.00439
   0.05310
   0.04877
   0.04333
   0.08511
   0.11380
   0.11514
   0.11027
   0.11178
   0.10077
   0.09217
   0.08440
   0.07663
   0.07013
   0.06432
   0.05909
   0.05408
   0.04981
   0.04598
   0.04209
   0.03827
   0.03359
   0.02876
   0.02259
   0.01497
   0.00976
   0.01098
   0.00272
   0.05095
   0.01020
   0.03923
   0.01750
   0.01636
   0.01272
   0.01192
   0.01073
   0.00863
   0.00151
   0.00453
   0.00685
   0.00117
   0.00121
   0.00500
   0.00589
   0.00634
   0.00821
   0.00447
   0.00086
   0.00801
   0.00595
   0.00515
   0.00541
   0.00311
   0.00504
   0.02278
   0.02079
   0.01771
   0.01541
   0.01358
   0.01135
   0.00834
   0.00739
   0.00646
   0.00519
   0.00345
   0.00309
   0.00257
   0.00230
   0.00225
   0.00191
   0.00194
   0.00176
   0.00157
   0.00136
   0.00113
   0.00098
   0.00140
   0.00084
   0.00139
   0.00068
   0.00064
   0.00060
   0.00056
   0.00053
   0.00050
   0.00047
   0.00044
   0.00042
   0.00039
   0.00037
   0.00035
   0.00033
   0.00031
   0.00029
   0.00027
   0.00025
   0.00023
   0.00022
   0.00020
   0.00019
   0.00017
   0.00016
   0.04296
   0.00518
   0.00236
   0.00723
   0.05499
   0.00093
   0.00572
   0.00077
   0.00303
   0.00074
   0.00593
   0.00083
   0.00080
   0.00071
   0.00065
   0.00060
   0.00056
   0.00052
   0.00050
   0.00048
   0.00048
   0.00048
   0.00049
   0.00051
   0.00054
   0.00059
   0.00065
   0.00071
   0.00077
   0.00123
   0.00111
   0.00087
   0.00072
   1.18074
   0.01315
   0.00900
   0.00803
   0.00755
   0.00589
   0.00535
   0.00483
   0.00402
   0.00350
   0.00322
   0.00303
   0.00289
   0.00277
   0.00264
   0.00250
   0.00236
   0.00222
   0.00209
   0.00196
   0.00184
   0.00173
   0.00162
   0.00152
   0.00143
   0.00135
   0.00121
   0.00111
   0.00104
   0.00098
   0.00092
   0.00086
   0.00081
   0.00077
   0.00072
   0.00067
   0.00061
   0.00054
   0.00052
   0.00048
   0.00090
   0.00041
   0.00087
   0.00329
   0.00804
   0.00437
   0.00322
   0.00294
   0.00268
   0.00220
   0.00197
   0.00164
   0.00134
   0.00124
   0.00116
   0.00096
   0.00114
   0.00082
   0.04267
   0.00069
   0.00098
   0.00089
   0.00082
   0.00073
   0.00058
   0.00056
   0.01033
   0.00064
   0.02028
   0.00043
   0.00039
   0.00036
   0.00035
   0.00033
   0.00031
   0.00029
   0.00028
   0.00025
   0.00022
   0.01288
   0.00150
   0.00074
   0.00052
   0.00043
   0.00037
   0.00033
   0.00029
   0.00025
   0.00020
   0.00018
   0.00016
   0.00013
   0.00014
   0.00013
   0.00012
   0.00009
   0.00009
   0.00142
   0.00086
   0.00064
   0.00054
   0.00048
   0.00044
   0.00040
   0.00037
   0.00035
   0.00033
   0.00031
   0.00030
   0.00028
   0.00026
   0.00024
   0.00023
   0.00021
   0.00020
   0.00019
   0.00018
   0.00018
   0.00017
   0.00016
   0.00016
   0.00015
   0.00014
   0.00013
   0.00012
   0.00011
   0.00010
   0.00010
   0.00009
   0.00008
   0.00008
   0.00007
   0.00007
   0.00007
   0.00006
   0.00006
   0.00006
   0.00006
   0.00006
   0.00007
   0.00009
   0.00009
   0.00804
   0.01111
   0.00317
   0.00190
   0.00143
   0.00114
   0.00093
   0.00078
   0.00069
   0.00062
   0.00057
   0.00053
   0.00050
   0.00048
   0.00046
   0.00044
   0.00042
   0.00040
   0.00038
   0.00037
   0.00036
   0.00035
   0.00035
   0.00038
   0.00040
   0.00042
   0.00035
   0.00066
   0.00129
   0.00061
   0.00059
   0.00057
   0.00055
   0.00052
   0.00048
   0.00045
   0.00043
   0.00040
   0.00038
   0.00036
   0.00035
   0.00034
   0.00033
   0.00033
   0.00032
   0.00032
   0.00031
   0.00031
   0.00031
   0.00031
   0.00030
   0.00029
   0.00029
   0.00028
   0.00029
   0.00030
   0.00033
   0.00038
   0.00043
   0.00040
   0.00027
   0.00024
   0.00174
   0.00114
   0.00098
   0.00084
   0.00070
   0.00059
   0.00052
   0.00046
   0.00042
   0.00039
   0.00036
   0.00034
   0.00032
   0.00029
   0.00028
   0.00026
   0.00024
   0.00022
   0.00021
   0.00019
   0.00018
   0.00017
   0.00016
   0.00016
   0.00015
   0.00015
   0.00014
   0.00014
   0.00014
   0.00013
   0.00013
   0.00013
   0.00013
   0.00013
   0.00012
   0.00012
   0.00012
   0.00012
   0.00012
   0.00013
   0.00017
   0.00019
   0.00019
   0.00009
   0.02465
   0.00620
   0.00399
   0.00298
   0.00265
   0.00239
   0.00220
   0.00206
   0.00194
   0.00185
   0.00177
   0.00171
   0.00164
   0.00157
   0.00150
   0.00143
   0.00136
   0.00130
   0.00125
   0.00122
   0.00122
   0.00124
   0.00129
   0.00136
   0.00146
   0.00161
   0.00177
   0.00192
   0.00203
   0.00212
   0.00216
   0.00231
   0.00213
   0.00165
   0.00162
   0.00104
   0.00102
   0.00109
   0.00109
   0.00103
   0.00089
   0.00063
   0.00047
   0.00041
   0.00041
   0.00042
   0.00043
   0.00050
   0.00052
   0.00049
   0.00037
   0.00029
   0.00016
   0.00012
   0.00013
   0.00007
   0.00011
   0.00005
   0.00421
   0.00250
   0.00189
   0.00159
   0.00140
   0.00123
   0.00108
   0.00096
   0.00069
   0.00057
   0.00053
   0.00050
   0.00048
   0.00046
   0.00044
   0.00039
   0.00035
   0.00031
   0.00029
   0.00026
   0.00024
   0.00022
   0.00021
   0.00020
   0.00018
   0.00016
   0.00015
   0.00014
   0.00013
   0.00012
   0.00012
   0.00011
   0.00011
   0.00011
   0.00010
   0.00010
   0.00010
   0.00010
   0.00010
   0.00010
   0.00009
   0.00009
   0.00009
   0.00009
   0.00009
   0.00008
   0.00006
   0.00006
   0.00006
   0.00006
   0.00006
   0.00007
   0.00009
   0.00011
   0.00012
   0.00038
   0.00053
   0.00020
   0.00015
   0.00010
   0.00030
   0.00010
   0.00011
   0.00041
   0.00003
   0.00581
   0.00305
   0.00203
   0.00156
   0.00129
   0.00111
   0.00100
   0.00091
   0.00084
   0.00079
   0.00075
   0.00073
   0.00070
   0.00066
   0.00063
   0.00060
   0.00058
   0.00056
   0.00054
   0.00052
   0.00050
   0.00048
   0.00049
   0.00052
   0.00057
   0.00061
   0.00068
   0.00066
   0.00071
   0.00050
   0.00064
   0.00048
   0.00046
   0.00041
   0.00040
   0.00039
   0.00036
   0.00031
   0.00030
   0.00030
   0.00028
   0.00026
   0.00026
   0.00025
   0.00025
   0.00023
   0.00023
   0.00022
   0.00021
   0.00020
   0.00020
   0.00020
   0.00019
   0.00019
   0.00018
   0.00018
   0.00018
   0.00017
   0.00017
   0.00017
   0.00017
   0.00016
   0.00016
   0.00015
   0.00015
   0.00014
   0.00014
   0.00013
   0.00014
   0.00019
   5.67291
   0.00044
   0.00038
   0.00031
   0.00027
   0.00024
   0.00022
   0.00020
   0.00018
   0.00016
   0.00015
   0.00014
   0.00013
   0.00013
   0.00013
   0.00012
   0.00012
   0.00012
   0.00012
   0.00012
   0.00012
   0.00012
   0.00012
   0.00013
   0.00013
   0.00013
   0.00014
   0.00014
   0.00014
   0.00013
   0.00012
   0.00012
   0.00011
   0.00010
   0.00010
   0.00009
   0.00009
   0.00008
   0.00008
   0.00007
   0.00007
   0.00006
   0.00006
   0.00006
   0.00005
   0.01101
   0.00228
   0.00156
   0.00118
   0.00099
   0.00086
   0.00077
   0.00070
   0.00065
   0.00060
   0.00054
   0.00048
   0.00043
   0.00039
   0.00039
   0.00040
   0.00038
   0.00038
   0.00038
   0.00038
   0.00037
   0.00036
   0.00035
   0.00034
   0.00034
   0.00033
   0.00031
   0.00029
   0.00030
   0.00032
   0.00049
   0.00071
   0.00080
   0.00061
   0.00069
   0.00059
   0.00069
   0.00058
   0.00060
   0.00056
   0.00051
   0.00046
   0.00040
   0.00036
   0.00033
   0.00031
   0.00029
   0.00027
   0.00026
   0.00025
   0.00024
   0.00023
   0.00022
   0.00021
   0.00020
   0.00019
   0.00019
   0.00018
   0.00018
   0.00017
   0.00017
   0.00017
   0.00017
   0.00017
   0.00017
   0.00017
   0.00017
   0.00015
   0.00020
   0.00017
   0.10586
   0.02503
   0.01953
   0.01612
   0.01230
   0.01022
   0.00850
   0.00765
   0.00713
   0.00682
   0.00661
   0.00650
   0.00645
   0.00645
   0.00652
   0.00663
   0.00661
   0.00631
   0.00578
   0.00524
   0.00481
   0.00446
   0.00417
   0.00394
   0.00376
   0.00360
   0.00347
   0.00337
   0.00329
   0.00322
   0.00316
   0.00310
   0.00306
   0.00301
   0.00297
   0.00292
   0.00286
   0.00280
   0.00273
   0.00266
   0.00260
   0.00253
   0.00247
   0.00239
   0.00230
   0.00220
   0.00208
   0.00196
   0.00182
   0.00170
   0.00158
   0.00147
   0.00137
   0.00129
   0.00121
   0.00115
   0.00109
   0.00104
   0.00099
   0.00094
   0.00091
   0.00087
   0.00083
   0.00079
   0.00075
   0.00072
   0.00068
   0.00065
   0.00061
   0.00058
   0.00054
   0.00052
   0.00049
   0.00046
   0.00043
   0.00040
   0.00037
   0.00030
   0.00026
   0.00025
   0.00023
   0.00022
   0.00020
   0.00019
   0.00018
   0.00017
   0.00016
   0.00015
   0.00014
   0.00013
   0.00012
   0.00011
   0.00010
   0.00009
   0.00009
   0.00008
   0.00006
   0.00006
   0.00005
   0.00005
   0.00005
   0.00005
   0.00005
   0.00005
   0.00004
   0.00005
   0.00005
   0.00004
   0.00005
   0.00005
   0.00005
   0.00005
   0.00005
   0.00006
   0.00002
   0.00987
   0.00333
   0.00196
   0.00149
   0.00125
   0.00110
   0.00098
   0.00089
   0.00080
   0.00073
   0.00066
   0.00060
   0.00055
   0.00051
   0.00047
   0.00043
   0.00040
   0.00037
   0.00030
   0.00028
   0.00026
   0.00025
   0.00023
   0.00022
   0.00021
   0.00020
   0.00019
   0.00018
   0.00018
   0.00019
   0.00019
   0.00019
   0.00019
   0.00018
   0.00018
   0.00017
   0.00016
   0.00015
   0.00014
   0.00013
   0.00012
   0.00012
   0.00011
   0.00011
   0.00010
   0.00010
   0.00010
   0.00010
   0.00009
   0.00009
   0.00009
   0.00009
   0.00008
   0.00008
   0.00008
   0.00008
   0.00008
