   0.64597
   0.64565
   0.64634
   0.64601
   0.64580
   0.64553
   0.64525
   0.64482
   0.64442
   0.64388
   0.64343
   0.64046
   0.64111
   0.64128
   0.64063
   0.63970
   0.63844
   0.63838
   0.63719
   0.63646
   0.63431
   0.63464
   0.63387
   0.63275
   0.63170
   0.62773
   0.62925
   0.62792
   0.62627
   0.62485
   0.62349
   0.62201
   0.62032
   0.61829
   0.61596
   0.61417
   0.61112
   0.60936
   0.60289
   0.59883
   0.59709
   0.59505
   0.59295
   0.59110
   0.58909
   0.58765
   0.59320
   0.59125
   0.58959
   0.58688
   0.58286
   0.57817
   0.57533
   0.57489
   0.57658
   0.57844
   0.57802
   0.57331
   0.56415
   0.55388
   0.54214
   0.53096
   0.52066
   0.51185
   0.50375
   0.49682
   0.49066
   0.48460
   0.47915
   0.47379
   0.46874
   0.46363
   0.45878
   0.45383
   0.44892
   0.44400
   0.43900
   0.43404
   0.42902
   0.42397
   0.41885
   0.41367
   0.40843
   0.40318
   0.39782
   0.39241
   0.38702
   0.38139
   0.37582
   0.37024
   0.36469
   0.35906
   0.35337
   0.34773
   0.34209
   0.33661
   0.33095
   0.32578
   0.32054
   0.31543
   0.31047
   0.30568
   0.30108
   0.29666
   0.29209
   0.28845
   0.28459
   0.28087
   0.27717
   0.27314
   0.27036
   0.26588
   0.26362
   0.26019
   0.25692
   0.25351
   0.25020
   0.24731
   0.24370
   0.24025
   0.23677
   0.23464
   0.23047
   0.22633
   0.22180
   0.21778
   0.21304
   0.20845
   0.20349
   0.19829
   0.19302
   0.18762
   0.18216
   0.17555
   0.17000
   0.16411
   0.15724
   0.15161
   0.14462
   0.13853
   0.13174
   0.12589
   0.11902
   0.11361
   0.10694
   0.10129
   0.09544
   0.09092
   0.08517
   0.08067
   0.07664
   0.07181
   0.06749
   0.06323
   0.06007
   0.05716
   0.05441
   0.05189
   0.04940
   0.04759
   0.04543
   0.04277
   0.04071
   0.03895
   0.03711
   0.03553
   0.03430
   0.03297
   0.03094
   0.03005
   0.02896
   0.02710
   0.02602
   0.02500
   0.02455
   0.02389
   0.02274
   0.02239
   0.02152
   0.02014
   0.01975
   0.01943
   0.01993
   0.02044
   0.02012
   0.01896
   0.01986
   0.01941
   0.01946
   0.01949
   0.01969
   0.01991
   0.02028
   0.02089
   0.02195
   0.02331
   0.02467
   0.02595
   0.02644
   0.02232
   0.02135
   0.01821
   0.02124
   0.04237
   0.03892
   0.01958
   0.00243
   0.00229
   0.08488
   0.00356
   0.00339
   0.00308
   0.00378
   0.00226
   0.00341
   0.00339
   0.00278
   0.00271
   0.00151
   0.00506
   0.00349
   0.00219
   0.00283
   0.00337
   0.00228
   0.00368
   0.00263
   0.00223
   0.00406
   0.00226
   0.00253
   0.00326
   0.00500
   0.00146
   0.00143
   0.00166
   0.00293
   0.00154
   0.00103
   0.00151
   0.00204
   0.17513
   0.00424
   0.00388
   0.00331
   0.00434
   0.00419
   0.00268
   0.00298
   0.00210
   0.00362
   0.00180
   0.00150
   0.00279
   0.00242
   0.00138
   0.00199
   0.00839
   0.00153
   0.00134
   0.00168
   0.00161
   0.00154
   0.00149
   0.00141
   0.00135
   0.00129
   0.00124
   0.00120
   0.00116
   0.00112
   0.00109
   0.00105
   0.00101
   0.00098
   0.00108
   0.00103
   0.00105
   0.00056
   0.00113
   0.00077
   0.00109
   0.00093
   0.00238
   0.00282
   0.00208
   0.00211
   0.00213
   0.00214
   0.00211
   0.00205
   0.00194
   0.00180
   0.00157
   0.00102
   0.00102
   0.00119
   0.00109
   0.00099
   0.00092
   0.00085
   0.00080
   0.00076
   0.00071
   0.00067
   0.00064
   0.00061
   0.00058
   0.00056
   0.00053
   0.00052
   0.00050
   0.00049
   0.00048
   0.00047
   0.00046
   0.00046
   0.00044
   0.00042
   0.00050
   0.00042
   0.00053
   0.00157
   0.00206
   0.00203
   0.00202
   0.00197
   0.00188
   0.00176
   0.00161
   0.00136
   0.00114
   0.00130
   0.00121
   0.00111
   0.00100
   0.00090
   0.00081
   0.00284
   0.00217
   0.00200
   0.00193
   0.00191
   0.00186
   0.00182
   0.00180
   0.00181
   0.00182
   0.00184
   0.00184
   0.00183
   0.00170
   0.00157
   0.00146
   0.00138
   0.00131
   0.00123
   0.00114
   0.00105
   0.00095
   0.00085
   0.00074
   0.00063
   0.00061
   0.00063
   0.00054
   0.00056
   0.00051
   0.00048
   0.00045
   0.00042
   0.00039
   0.00036
   0.00034
   0.00032
   0.00031
   0.00031
   0.00030
   0.00030
   0.00030
   0.00030
   0.00030
   0.00030
   0.00030
   0.00031
   0.00031
   0.00029
   3.30464
   0.00694
   0.00452
   0.00372
   0.00342
   0.00314
   0.00286
   0.00239
   0.00221
   0.00205
   0.00179
   0.00162
   0.00137
   0.00136
   0.00131
   0.00124
   0.00117
   0.00110
   0.00102
   0.00094
   0.00087
   0.00080
   0.00073
   0.00068
   0.00064
   0.00060
   0.00059
   0.00058
   0.00049
   0.00051
   0.00039
   0.00044
   0.00037
   0.00037
   0.00035
   0.00034
   0.00034
   0.00033
   0.00033
   0.00033
   0.00034
   0.00034
   0.00035
   0.00035
   0.00036
   0.00037
   0.00038
   0.00038
   0.00036
   0.00033
   0.00018
   0.00018
   0.04338
   0.00039
   0.00051
   0.00052
   0.00053
   0.00055
   0.00057
   0.00058
   0.00059
   0.00059
   0.00059
   0.00059
   0.00059
   0.00059
   0.00060
   0.00061
   0.00062
   0.00062
   0.00063
   0.00062
   0.00060
   0.00056
   0.00052
   0.00047
   0.00043
   0.00038
   0.00034
   0.00031
   0.00029
   0.00027
   0.00026
   0.00026
   0.00024
   0.00014
   0.00022
   0.00014
   0.00013
   0.00013
   0.00013
   0.00013
   0.00012
   0.00012
   0.00012
   0.00011
   0.00011
   0.00011
   0.00011
   0.00011
   0.00011
   0.00011
   0.00011
   0.00011
   0.00011
   0.00011
   0.00011
   0.00011
   0.00011
   0.00276
   0.00195
   0.00166
   0.00148
