   0.63659
   0.64309
   0.64388
   0.64350
   0.64316
   0.64301
   0.64217
   0.64143
   0.64022
   0.63970
   0.63862
   0.63806
   0.63705
   0.63287
   0.63637
   0.63466
   0.63386
   0.63348
   0.63151
   0.63159
   0.63085
   0.63104
   0.63053
   0.62859
   0.62857
   0.62809
   0.62725
   0.62697
   0.62393
   0.62440
   0.62147
   0.61967
   0.61851
   0.60672
   0.60717
   0.60537
   0.60067
   0.59967
   0.61359
   0.60108
   0.59648
   0.59216
   0.58757
   0.58319
   0.57971
   0.57790
   0.57818
   0.57959
   0.58063
   0.57956
   0.57414
   0.56496
   0.54947
   0.53593
   0.52323
   0.51156
   0.50144
   0.49275
   0.48511
   0.47823
   0.47202
   0.46623
   0.46078
   0.45554
   0.45046
   0.44548
   0.44057
   0.43570
   0.43083
   0.42594
   0.42102
   0.41605
   0.41105
   0.40599
   0.40087
   0.39572
   0.39052
   0.38530
   0.38005
   0.37481
   0.36960
   0.36439
   0.35929
   0.35430
   0.34941
   0.34469
   0.34015
   0.33578
   0.33162
   0.32765
   0.32387
   0.32016
   0.31648
   0.31281
   0.30915
   0.30533
   0.30130
   0.29717
   0.29281
   0.28823
   0.28346
   0.27862
   0.27350
   0.26840
   0.26322
   0.25777
   0.25236
   0.24699
   0.24143
   0.23583
   0.23013
   0.22425
   0.21804
   0.21216
   0.20593
   0.19952
   0.19302
   0.18641
   0.17951
   0.17293
   0.16612
   0.15931
   0.15249
   0.14556
   0.13902
   0.13240
   0.12598
   0.11980
   0.11376
   0.10814
   0.10275
   0.09763
   0.09281
   0.08827
   0.08410
   0.08018
   0.07656
   0.07320
   0.07011
   0.06727
   0.06463
   0.06221
   0.05996
   0.05786
   0.05587
   0.05397
   0.05207
   0.05020
   0.04833
   0.04643
   0.04451
   0.04260
   0.04060
   0.03855
   0.03653
   0.03453
   0.03249
   0.03052
   0.02860
   0.02677
   0.02501
   0.02342
   0.02203
   0.02088
   0.02000
   0.01938
   0.01900
   0.01880
   0.01876
   0.01887
   0.01907
   0.01928
   0.01967
   0.02006
   0.02045
   0.02092
   0.02151
   0.02175
   0.02191
   0.02135
   0.01942
   0.01600
   0.01334
   0.01475
   1.90064
   0.02287
   0.00842
   0.01285
   0.00649
   0.02161
   0.00552
   0.00924
   0.00945
   0.00847
   0.00933
   0.00754
   0.00848
   0.00628
   0.00684
   0.00588
   0.00513
   0.00737
   0.00491
   0.00671
   0.01459
   0.00369
   0.00323
   0.00303
   0.00507
   0.00273
   0.00382
   0.00460
   0.00341
   0.00259
   0.00240
   0.00535
   0.00216
   0.00251
   0.00240
   0.00208
   0.00322
   0.00186
   0.00326
   0.07190
   0.00264
   0.01829
   0.00894
   0.00423
   0.00889
   0.00144
   0.17494
   0.00312
   0.32256
   0.00399
   0.00718
   0.00674
   0.00657
   0.00634
   0.00564
   0.00503
   0.00448
   0.00402
   0.00363
   0.00322
   0.00282
   0.00267
   0.00246
   0.00222
   0.00225
   0.00207
   0.04879
   0.00491
   0.00178
   0.00174
   0.00170
   0.00134
   0.02929
   0.00211
   0.00164
   0.00062
   0.00164
   0.00073
   0.00380
   0.00163
   0.05612
   0.00058
   0.00139
   0.00059
   0.00056
   0.00231
   0.00215
   0.01542
   0.00231
   0.00199
   0.00198
   0.00179
   0.00108
   0.00036
   0.00156
   0.00118
   0.00127
   0.00103
   0.00491
   0.00946
   0.00148
   0.00136
   0.00126
   0.00116
   0.00108
   0.00102
   0.00106
   0.00097
   0.00061
   0.00103
   0.00079
   0.00108
   0.00100
   0.00092
   0.00086
   0.00079
   0.00073
   0.00070
   0.00071
   0.00067
   0.00058
   0.00053
   0.00046
   0.00042
   0.00041
   0.00037
   0.00034
   0.00030
   0.00027
   0.00028
   0.00022
   0.00027
   0.00918
   0.03800
   0.01998
   0.01624
   0.01525
   0.01460
   0.01412
   0.01392
   0.01398
   0.01408
   0.01394
   0.01237
   0.01122
   0.01036
   0.00939
   0.00904
   0.00855
   0.00805
   0.00750
   0.00701
   0.00655
   0.00616
   0.00581
   0.00549
   0.00521
   0.00494
   0.00470
   0.00447
   0.00425
   0.00404
   0.00385
   0.00367
   0.00349
   0.00332
   0.00316
   0.00301
   0.00286
   0.00272
   0.00259
   0.00246
   0.00236
   0.00229
   0.00232
   0.00232
   0.00214
   0.00191
   0.00175
   0.00161
   0.00149
   0.00138
   0.00129
   0.00121
   0.00113
   0.00107
   0.00101
   0.00096
   0.00093
   0.00091
   0.00087
   0.00083
   0.00080
   0.00076
   0.00073
   0.00069
   0.00066
   0.00063
   0.00061
   0.00058
   0.00055
   0.00053
   0.00051
   0.00048
   0.00047
   0.00044
   0.00102
   0.00603
   0.00187
   0.00109
   0.00116
   0.00118
   0.00118
   0.00118
   0.00116
   0.00113
   0.00109
   0.00103
   0.00097
   0.00090
   0.00083
   0.00076
   0.00069
   0.00064
   0.00060
   0.00057
   0.00055
   0.00054
   0.00033
   0.00046
   0.00038
   0.00036
   0.00035
   0.00035
   0.00035
   0.00035
   0.00035
   0.00177
   0.00046
   0.00047
   0.00046
   0.00045
   0.00043
   0.00041
   0.00040
   0.00040
   0.00041
   0.00043
   0.00046
   0.00051
   0.00055
   0.00057
   0.00056
   0.00054
   0.00051
   0.00048
   0.00044
   0.00040
   0.00037
   0.00033
   0.00031
   0.00030
   0.00029
   0.00029
   0.00029
   0.00028
   0.00026
   0.00023
   0.00022
   0.00020
   0.00020
   0.00537
   0.00038
   0.00038
   0.00038
   0.00039
   0.00039
   0.00031
   0.00031
   0.00030
   0.00030
   0.00029
   0.00028
   0.00027
   0.00026
   0.00025
   0.00024
   0.00024
   0.00024
   0.00024
   0.00024
   0.00025
   0.00026
   0.00027
   0.00028
   0.00027
   0.00026
   0.00025
   0.00024
   0.00023
   0.00021
   0.00020
   0.00018
   0.00017
   0.00015
   0.00015
   0.00014
   0.00014
   0.00015
   0.00015
   0.00013
   0.00012
   0.00012
   0.00011
   0.00011
   0.00010
