   0.70064
   0.69515
   0.69274
   0.69136
   0.69089
   0.69037
   0.68982
   0.68499
   0.68015
   0.68317
   0.68154
   0.67957
   0.67849
   0.68131
   0.68096
   0.67715
   0.67434
   0.67422
   0.66958
   0.66641
   0.65946
   0.65525
   0.65593
   0.65048
   0.65023
   0.64413
   0.64457
   0.64016
   0.63675
   0.63014
   0.62234
   0.61573
   0.60446
   0.59809
   0.59119
   0.58358
   0.57600
   0.56262
   0.55627
   0.55105
   0.54819
   0.54194
   0.53823
   0.53181
   0.52397
   0.52808
   0.51533
   0.51773
   0.51600
   0.51674
   0.51665
   0.52757
   0.51747
   0.53266
   0.53170
   0.51749
   0.51725
   0.51327
   0.50125
   0.48379
   0.48310
   0.47229
   0.45796
   0.43795
   0.42019
   0.40042
   0.37681
   0.35455
   0.33388
   0.31652
   0.29869
   0.27757
   0.25990
   0.24697
   0.23800
   0.22452
   0.21358
   0.20461
   0.19663
   0.19051
   0.20679
   0.19993
   0.21718
   0.21986
   0.20401
   0.19205
   0.16389
   0.15736
   0.19278
   0.15859
   0.11652
   0.02859
   0.11663
   0.13177
   0.52399
   0.62454
   0.16731
   0.19791
   0.02658
   0.06170
   0.10084
   0.14401
   0.38019
   0.02585
   0.03540
   0.04272
   0.30873
   0.06022
   0.32682
   0.03489
   0.07276
   0.01082
   0.01537
   0.01743
   0.00994
   0.00960
   0.00918
   0.00971
   0.00875
   0.33107
   0.01238
   0.02911
   0.01653
   0.10958
   0.02223
   0.02118
   0.01576
   0.02208
   0.01601
   0.02440
   0.01739
   0.01863
   0.02448
   0.01597
   0.02338
   0.02962
   0.01496
   0.05061
   0.04277
   0.04387
   0.01931
   0.01814
   0.01670
   0.01755
   0.01208
   0.01732
   0.01496
   0.02070
   0.01042
   0.02595
   0.01950
   0.01023
   0.01894
   0.00849
   0.01066
   0.03243
   0.02190
   0.00942
   0.00738
   0.00652
   0.02352
   0.00760
   0.00587
   0.03589
   0.03131
   0.00392
   0.03626
   0.02529
   0.08057
   0.00459
   0.12039
   0.00469
   0.00430
   0.00330
   0.04107
   0.01168
   0.01182
   0.00939
   0.10699
   0.06619
   0.05731
   0.01434
   0.01030
   0.00805
   0.00536
   0.00582
   0.00644
   0.03431
   0.03244
   0.02959
   0.01956
   0.00641
   0.00513
   0.09960
   0.01836
   0.02771
   0.09653
   0.08807
   0.11600
   0.08291
   0.01277
   0.09039
   0.03241
   0.02789
   0.02035
   0.01622
   0.05382
   0.11361
   0.01336
   0.01654
   0.03254
   0.00587
   0.02196
   0.00606
   0.00595
   0.00542
   0.00493
   0.00473
   0.00467
   0.00490
   0.00432
   0.00414
   0.00404
   0.00392
   0.00378
   0.00365
   0.00351
   0.00339
   0.00327
   0.00315
   0.00304
   0.00296
   0.00487
   0.00350
   0.00333
   0.00328
   0.00767
   0.00497
   0.00365
   0.00304
   0.00260
   0.00231
   0.00207
   0.11607
   0.08532
   0.16774
   0.09256
   0.11734
   0.08842
   0.09054
   0.10302
   0.10078
   0.09374
   0.06646
   0.05850
   0.05259
   0.06082
   0.05873
   0.06676
   0.02527
   0.02540
   0.02333
   0.02300
   0.02273
   0.02760
   0.04078
   0.03426
   0.01957
   0.02143
   0.01826
   0.01950
   0.01657
   0.02884
   0.02354
   0.02110
   0.02801
   0.09631
   0.01213
   0.01477
   0.01428
   0.11372
   0.01125
   0.01046
   0.01049
   0.00806
   0.05378
   0.01867
   0.00707
   0.03661
   0.00708
   0.00632
   0.00780
   0.00919
   0.05180
   0.01306
   0.00532
   0.00515
   0.00488
   0.00485
   0.00846
   0.00516
   0.03628
   0.15838
   0.00741
   0.00615
   0.00522
   0.00442
   0.00382
   0.00386
   0.00493
   0.00798
   1.72039
   0.00968
   0.00789
   0.00671
   0.00545
   0.00447
   0.00368
   0.00322
   0.00294
   0.00312
   0.00245
   0.06858
   0.06423
   0.03380
   0.00806
   1.24446
   0.01137
   0.00917
   0.00723
   0.01032
   0.02609
   0.01538
   0.12844
   0.00440
   0.00507
   0.00374
   0.01838
   0.01790
   0.01328
   1.63173
   0.00366
   0.00311
   0.00274
   0.00254
   0.00278
   0.00285
   0.00239
   0.00222
   0.41516
   0.01834
   0.08041
   0.09840
   0.00894
   0.01508
   0.01060
   0.00799
   0.02523
   0.00485
   0.00459
   0.00743
   1.22324
   0.00731
   0.00627
   0.00537
   0.00933
   0.15417
   0.00579
   0.00503
   0.00488
   0.00351
   0.00549
   0.00497
   0.00553
   0.00483
   0.00481
   0.00416
   0.00366
   0.00683
   0.32419
   0.00705
   0.00460
   0.00446
   0.00377
   0.00325
   0.00526
   0.00234
   0.23846
   0.14861
   0.11435
   0.09974
   0.08937
   0.08543
   0.08286
   0.08125
   0.08334
   0.10102
   0.13019
   0.14743
   0.14805
   0.14188
   0.11182
   0.19882
   0.20284
   0.19168
   0.18277
   0.17948
   0.17404
   0.16778
   0.16325
   0.16287
   0.15477
   0.14802
   0.14106
   0.13528
   0.11933
   0.12743
   0.12086
   0.02362
   0.25129
   0.04975
   0.09690
   0.10088
   0.04434
   0.02184
   0.16169
   0.08179
   0.08466
   0.27327
   0.09202
   0.08941
   0.09189
   0.06763
   0.19641
   0.06717
   0.15276
   0.05601
   0.04465
   0.18290
   0.14506
   0.11509
   0.02249
   0.14653
   0.14534
   0.12640
   0.03545
   0.14743
   0.13873
   0.18808
   0.09332
   0.08073
   0.02131
   0.00910
   0.03755
   0.14436
   0.02711
   0.01138
   0.02779
   0.09020
   0.06598
   0.01149
   0.06070
   0.06613
   0.17669
   0.00771
   0.00743
   0.02921
   0.00463
   0.03498
   0.00619
   0.00616
   0.05083
   0.00658
   0.11213
   0.00643
   0.00606
   0.00280
   0.00561
   0.12583
   0.00483
   0.59533
   0.00447
   0.00305
   0.00516
   0.10080
   0.00199
   0.00295
   0.00539
   0.00425
   0.46907
   0.00269
   0.00308
   0.00375
   0.00461
   0.00538
   0.00385
   0.00405
   0.00726
   0.00438
   0.00274
