   0.70322
   0.70882
   0.70468
   0.70270
   0.69656
   0.69673
   0.68750
   0.68316
   0.67851
   0.67733
   0.67555
   0.67516
   0.67493
   0.67423
   0.67318
   0.67273
   0.67235
   0.67148
   0.67102
   0.67039
   0.67007
   0.66921
   0.66847
   0.66793
   0.66704
   0.66683
   0.66652
   0.66561
   0.66451
   0.66403
   0.66377
   0.66239
   0.66212
   0.66147
   0.66104
   0.66008
   0.65870
   0.65864
   0.65735
   0.65627
   0.65549
   0.65522
   0.65730
   0.65508
   0.65368
   0.65258
   0.65162
   0.65196
   0.65087
   0.65018
   0.64919
   0.64832
   0.64787
   0.64701
   0.64670
   0.64594
   0.64501
   0.64405
   0.64330
   0.64269
   0.64200
   0.64125
   0.64070
   0.64033
   0.64018
   0.63960
   0.63939
   0.63910
   0.63899
   0.63913
   0.63937
   0.63988
   0.64053
   0.64075
   0.64128
   0.64449
   0.64577
   0.65567
   0.65226
   0.64047
   0.63220
   0.63034
   0.62548
   0.62111
   0.61570
   0.61184
   0.60841
   0.60331
   0.59685
   0.59090
   0.58382
   0.58009
   0.57714
   0.57357
   0.56974
   0.56585
   0.56228
   0.55858
   0.55500
   0.55140
   0.54791
   0.54436
   0.54104
   0.53757
   0.53422
   0.53086
   0.52780
   0.52426
   0.52117
   0.51793
   0.51481
   0.51163
   0.50862
   0.50561
   0.50256
   0.49944
   0.49680
   0.49390
   0.49088
   0.48799
   0.48544
   0.48285
   0.48035
   0.47776
   0.47529
   0.47314
   0.47121
   0.46867
   0.46675
   0.46495
   0.46328
   0.46176
   0.46030
   0.45911
   0.45807
   0.45708
   0.45631
   0.45571
   0.45549
   0.45540
   0.45519
   0.45538
   0.45535
   0.45550
   0.45582
   0.45564
   0.45550
   0.45498
   0.45390
   0.45231
   0.45021
   0.44792
   0.44519
   0.44221
   0.43975
   0.43650
   0.43344
   0.43058
   0.42732
   0.42429
   0.42171
   0.41842
   0.41606
   0.41299
   0.40973
   0.40792
   0.40415
   0.40205
   0.39889
   0.39653
   0.39279
   0.39145
   0.38768
   0.38558
   0.38152
   0.38031
   0.37591
   0.37432
   0.37027
   0.36849
   0.36394
   0.36304
   0.35838
   0.35623
   0.35376
   0.35042
   0.34737
   0.34451
   0.34237
   0.33831
   0.33688
   0.33248
   0.33080
   0.32679
   0.32493
   0.32180
   0.31897
   0.31687
   0.31306
   0.31132
   0.30744
   0.30550
   0.30182
   0.30014
   0.29647
   0.29421
   0.29156
   0.28888
   0.28572
   0.28336
   0.28103
   0.27813
   0.27566
   0.27294
   0.27014
   0.26819
   0.26474
   0.26280
   0.25985
   0.25737
   0.25507
   0.25226
   0.24959
   0.24739
   0.24462
   0.24214
   0.23991
   0.23698
   0.23458
   0.23211
   0.22962
   0.22724
   0.22462
   0.22215
   0.21992
   0.21735
   0.21503
   0.21232
   0.21016
   0.20767
   0.20517
   0.20271
   0.20063
   0.19802
   0.19524
   0.19315
   0.19117
   0.18825
   0.18616
   0.18323
   0.18114
   0.17952
   0.17656
   0.17489
   0.17316
   0.17012
   0.16724
   0.16587
   0.16354
   0.16025
   0.15771
   0.15615
   0.15446
   0.15206
   0.14961
   0.14756
   0.14477
   0.14264
   0.14044
   0.13827
   0.13589
   0.13364
   0.13120
   0.12827
   0.12620
   0.12381
   0.12023
   0.11921
   0.11671
   0.11435
   0.11206
   0.11024
   0.10723
   0.10520
   0.10282
   0.10100
   0.09746
   0.09539
   0.09338
   0.09144
   0.08929
   0.08703
   0.08562
   0.08297
   0.08129
   0.07900
   0.07752
   0.07478
   0.07291
   0.07071
   0.06905
   0.06680
   0.06538
   0.06342
   0.06186
   0.05983
   0.05836
   0.05676
   0.05541
   0.05373
   0.05223
   0.05102
   0.04959
   0.04858
   0.04712
   0.04600
   0.04482
   0.04387
   0.04289
   0.04203
   0.04109
   0.04040
   0.03944
   0.03881
   0.03791
   0.03730
   0.03655
   0.03599
   0.03535
   0.03469
   0.03413
   0.03367
   0.03315
   0.03251
   0.03216
   0.03149
   0.03120
   0.03050
   0.03022
   0.02971
   0.02931
   0.02876
   0.02847
   0.02786
   0.02747
   0.02713
   0.02671
   0.02651
   0.02614
   0.02547
   0.02534
   0.02491
   0.02444
   0.02419
   0.02373
   0.02336
   0.02302
   0.02264
   0.02219
   0.02202
   0.02154
   0.02136
   0.02088
   0.02072
   0.02031
   0.01999
   0.01974
   0.01940
   0.01920
   0.01882
   0.01864
   0.01826
   0.01797
   0.01769
   0.01750
   0.01719
   0.01694
   0.01669
   0.01642
   0.01619
   0.01593
   0.01570
   0.01551
   0.01521
   0.01506
   0.01479
   0.01459
   0.01431
   0.01415
   0.01390
   0.01376
   0.01350
   0.01333
   0.01313
   0.01295
   0.01271
   0.01260
   0.01238
   0.01218
   0.01210
   0.01184
   0.01184
   0.01144
   0.01166
   0.01113
   0.01154
   0.01113
   0.01211
   0.01309
   0.01339
   0.01411
   0.01442
   0.01031
   0.01686
   0.06991
   0.13670
   0.54168
   0.03294
   0.03049
   0.02529
   0.02085
   0.01870
   0.01728
   0.01697
   0.01689
   0.01683
   0.01676
   0.01671
   0.01666
   0.01665
   0.01667
   0.01671
   0.01678
   0.01691
   0.01705
   0.01724
   0.01745
   0.01771
   0.01795
   0.01817
   0.01821
   0.01824
   0.01815
   0.01819
   0.01824
   0.01829
   0.01838
   0.01840
   0.01845
   0.01843
   0.01841
   0.01840
   0.01839
   0.01836
   0.01830
   0.01828
   0.01824
   0.01819
   0.01813
   0.01808
   0.01801
   0.01793
   0.01785
   0.01785
   0.01769
   0.01767
   0.01751
   0.01748
   0.01733
   0.01729
   0.01711
   0.01710
   0.01689
   0.01687
   0.01671
   0.01667
   0.01649
   0.01646
   0.01627
   0.01623
   0.01604
   0.01596
   0.01585
   0.01575
   0.01560
   0.01552
   0.01536
   0.01529
   0.01513
   0.01505
   0.01489
   0.01482
   0.01465
   0.01458
   0.01442
   0.01435
   0.01419
   0.01411
   0.01395
   0.01385
   0.01373
   0.01366
   0.01349
   0.01344
   0.01326
   0.01320
   0.01303
   0.01298
   0.01281
   0.01276
   0.01259
   0.01254
   0.01237
   0.01232
   0.01215
   0.01211
   0.01194
   0.01190
   0.01173
   0.01170
   0.01152
   0.01149
   0.01131
   0.01130
   0.01111
   0.01110
   0.01092
   0.01088
   0.01073
   0.01069
   0.01055
   0.01049
   0.01038
   0.01030
   0.01019
   0.01012
   0.01001
   0.00993
   0.00982
   0.00976
   0.00965
   0.00958
   0.00948
   0.00939
   0.00933
   0.00922
   0.00915
   0.00906
   0.00899
   0.00890
   0.00884
   0.00874
   0.00869
   0.00857
   0.00854
   0.00841
   0.00838
   0.00826
   0.00823
   0.00810
   0.00808
   0.00795
   0.00795
   0.00777
   0.00783
   0.00760
   0.00772
   0.00743
   0.00760
   0.00728
   0.00746
   0.00714
   0.00732
   0.00701
   0.00719
   0.00689
   0.00705
   0.00675
   0.00688
   0.00670
   0.00671
   0.00658
   0.00656
   0.00648
   0.00641
   0.00638
   0.00630
   0.00627
   0.00619
   0.00614
   0.00607
   0.00603
   0.00594
   0.00593
   0.00583
   0.00579
   0.00573
   0.00569
   0.00562
   0.00555
   0.00551
   0.00546
   0.00541
   0.00534
   0.00530
   0.00525
   0.00521
   0.00514
   0.00508
   0.00507
   0.00501
   0.00495
   0.00490
   0.00486
   0.00481
   0.00475
   0.00471
   0.00467
   0.00461
   0.00457
   0.00453
   0.00448
   0.00444
   0.00440
   0.00435
   0.00433
   0.00427
   0.00425
   0.00420
   0.00414
   0.00409
   0.00407
   0.00402
   0.00400
   0.00395
   0.00389
   0.00384
   0.00380
   0.00376
   0.00372
   0.00370
   0.00368
   0.00362
   0.00360
   0.00355
   0.00351
   0.00349
   0.00347
   0.00342
   0.00337
   0.00332
   0.00330
   0.00327
   0.00322
   0.00317
   0.00313
   0.00309
   0.00305
   0.00302
   0.00297
   0.00294
   0.00289
   0.00286
   0.00282
   0.00279
   0.00275
   0.00272
   0.00270
   0.00268
   0.00267
   0.00265
   0.00262
   0.00260
   0.00257
   0.00256
   0.00253
   0.00252
   0.00249
   0.00247
   0.00245
   0.00244
   0.00241
   0.00240
   0.00241
   0.00239
   0.00239
   0.00236
   0.00235
   0.00234
   0.00234
   0.00234
   0.00234
   0.00232
   0.00230
   0.00230
   0.00229
   0.00228
   0.00228
   0.00229
   0.00228
   0.00228
   0.00228
   0.00228
   0.00228
   0.00226
   0.00226
   0.00221
   0.00213
   0.00214
   0.00215
   0.00212
   0.00212
   0.00213
   0.00211
   0.00209
   0.00208
   0.00209
   0.00206
   0.00206
   0.00206
   0.00205
   0.00205
   0.00204
   0.00203
   0.00201
   0.00202
   0.00202
   0.00202
   0.00201
   0.00199
   0.00200
   0.00200
   0.00199
   0.00199
   0.00198
   0.00198
   0.00199
   0.00199
   0.00198
   0.00199
   0.00200
   0.00198
   0.00201
   0.00200
   0.00202
   0.00202
   0.00205
   0.00203
   0.00210
   0.00206
   0.00221
   0.00215
   0.00205
   0.00236
   0.00177
   0.00386
   0.00035
   0.00057
   0.00314
   2.51316
   1.76930
   0.48306
   0.43064
   0.37490
   0.35522
   0.34986
   0.34585
   0.34211
   0.33871
   0.33551
   0.33246
   0.32949
   0.32655
   0.32365
   0.32075
   0.31792
   0.31511
   0.31232
   0.30955
   0.30685
   0.30402
   0.29937
   0.28484
   0.28106
   0.27743
   0.27376
   0.26909
   0.26646
   0.26398
   0.26148
   0.25906
   0.25674
   0.25455
   0.25248
   0.25053
   0.24868
   0.24695
   0.24528
   0.24369
   0.24217
   0.24069
   0.23926
   0.23784
   0.23640
   0.23495
   0.23351
   0.23204
   0.23056
   0.22904
   0.22749
   0.22592
   0.22434
   0.22274
   0.22116
   0.21951
   0.21784
   0.21619
   0.21458
   0.21291
   0.21130
   0.20965
   0.20804
   0.20643
   0.20478
   0.20320
   0.20159
   0.20004
   0.19847
   0.19694
   0.19537
   0.19386
   0.19236
   0.19082
   0.18933
   0.18785
   0.18635
   0.18488
   0.18345
   0.18202
   0.18058
   0.17917
   0.17776
   0.17636
   0.17500
   0.17363
   0.17228
   0.17093
   0.16962
   0.16829
   0.16697
   0.16571
   0.16439
   0.16310
   0.16185
   0.16060
   0.15933
   0.15812
   0.15686
   0.15561
   0.15439
   0.15324
   0.15200
   0.15081
   0.14968
   0.14848
   0.14732
   0.14617
   0.14508
   0.14391
   0.14278
   0.14169
   0.14057
   0.13949
   0.13838
   0.13729
   0.13624
   0.13515
   0.13410
   0.13304
   0.13201
   0.13095
   0.12993
   0.12890
   0.12790
   0.12688
   0.12588
   0.12490
   0.12393
   0.12294
   0.12197
   0.12102
   0.12005
   0.11912
   0.11817
   0.11726
   0.11631
   0.11541
   0.11448
   0.11359
   0.11268
   0.11180
   0.11090
   0.11004
   0.10916
   0.10829
   0.10745
   0.10661
   0.10575
   0.10493
   0.10409
   0.10328
   0.10245
   0.10165
   0.10083
   0.10004
   0.09924
   0.09846
   0.09767
   0.09691
   0.09613
   0.09538
   0.09463
   0.09386
   0.09312
   0.09237
   0.09164
   0.09091
   0.09019
   0.08947
   0.08875
   0.08805
   0.08733
   0.08664
   0.08596
   0.08526
   0.08458
   0.08390
   0.08324
   0.08258
   0.08191
   0.08126
   0.08062
   0.07996
   0.07933
   0.07869
   0.07806
   0.07744
   0.07681
   0.07620
   0.07559
   0.07498
   0.07439
   0.07378
   0.07320
   0.07261
   0.07203
   0.07145
   0.07088
   0.07031
   0.06975
   0.06919
   0.06864
   0.06808
   0.06754
   0.06700
   0.06645
   0.06592
   0.06539
   0.06487
   0.06435
   0.06383
   0.06332
   0.06281
   0.06230
   0.06180
   0.06130
   0.06081
   0.06032
   0.05984
   0.05935
   0.05887
   0.05840
   0.05793
   0.05746
   0.05700
   0.05654
   0.05608
   0.05563
   0.05519
   0.05474
   0.05430
   0.05386
   0.05342
   0.05299
   0.05256
   0.05214
   0.05172
   0.05130
   0.05088
   0.05047
