   0.68697
   0.69104
   0.69422
   0.70224
   0.70000
   0.71015
   0.70583
   0.70155
   0.71161
   0.73830
   0.71896
   0.72685
   0.72843
   0.74033
   0.70574
   0.73165
   0.72298
   0.69360
   0.69608
   0.69633
   0.69501
   0.69439
   0.69128
   0.68640
   0.68343
   0.67968
   0.67560
   0.67224
   0.66767
   0.66529
   0.66213
   0.65879
   0.65487
   0.65026
   0.64523
   0.64033
   0.63580
   0.63164
   0.62773
   0.62362
   0.61901
   0.61392
   0.60844
   0.60281
   0.59726
   0.59184
   0.58651
   0.58124
   0.57593
   0.57051
   0.56495
   0.55926
   0.55337
   0.54728
   0.54103
   0.53458
   0.52799
   0.52125
   0.51435
   0.50737
   0.50029
   0.49314
   0.48594
   0.47866
   0.47128
   0.46388
   0.45643
   0.44900
   0.44137
   0.43368
   0.42608
   0.41841
   0.41072
   0.40304
   0.39531
   0.38749
   0.37970
   0.37186
   0.36415
   0.35651
   0.34892
   0.34098
   0.33350
   0.32610
   0.31893
   0.31196
   0.30531
   0.29901
   0.29311
   0.28762
   0.28265
   0.27829
   0.27404
   0.27059
   0.26749
   0.26491
   0.26211
   0.25942
   0.25657
   0.25315
   0.24879
   0.24362
   0.23736
   0.22985
   0.22153
   0.21231
   0.20251
   0.19231
   0.18183
   0.17136
   0.16108
   0.15105
   0.14146
   0.13223
   0.12357
   0.11544
   0.10786
   0.10083
   0.09376
   0.08779
   0.08220
   0.07724
   0.07254
   0.06779
   0.06317
   0.05947
   0.05604
   0.05279
   0.04964
   0.04669
   0.04388
   0.04119
   0.03871
   0.03633
   0.03406
   0.03197
   0.02990
   0.02773
   0.02529
   0.02321
   0.02398
   0.03633
   0.02390
   0.02115
   0.02545
   0.02504
   0.02467
   0.02478
   0.02112
   0.01782
   0.02269
   0.02286
   0.02208
   0.02210
   0.02005
   0.01157
   0.01333
   0.01072
   0.01148
   0.03241
   0.06218
   0.00915
   0.02225
   0.03049
   0.03628
   0.01744
   0.02744
   0.01928
   0.04801
   0.01833
   0.03321
   0.01865
   0.01158
   0.00822
   0.08582
   0.07062
   0.03555
   0.02761
   0.01387
   0.02011
   0.05723
   0.00679
   0.02436
   0.07269
   0.02477
   0.02766
   0.00803
   0.00837
   0.00953
   0.02114
   0.01348
   0.00507
   0.01538
   0.02165
   0.02218
   0.03069
   0.01213
   0.01338
   0.01117
   0.00680
   0.04837
   0.00966
   0.04547
   0.01294
   0.00996
   0.00844
   0.02960
   0.00962
   0.00776
   0.00694
   0.01295
   2.59772
   0.01760
   0.01596
   0.01791
   0.01435
   0.01701
   0.01451
   0.01280
   0.01335
   0.01294
   0.01261
   0.01150
   0.01061
   0.01092
   0.01075
   0.00996
   0.01004
   0.00924
   0.00862
   0.00806
   0.00859
   0.00780
   0.00742
   0.00914
   0.01351
   0.01147
   0.01032
   0.01319
   0.01116
   0.00929
   0.00860
   0.00839
   0.00739
   0.00656
   0.00595
   0.00523
   0.01187
   0.00967
   0.00834
   0.00721
   0.00609
   0.00587
   0.00475
   0.00499
   0.00424
   0.00417
   0.00433
   0.00320
   0.00327
   0.05113
   0.00330
   0.00337
   0.03837
   0.00279
   0.00353
   0.00216
   0.01048
   0.00278
   0.00313
   0.00343
   0.00207
   0.00246
   0.00210
   0.00277
   0.00234
   0.00195
   0.00268
   0.00186
   0.00143
   0.00137
   0.00711
   0.00569
   0.00482
   0.00389
   0.00306
   0.00254
   0.00196
   0.00154
   0.00129
   0.00135
   0.02460
   0.31700
   0.27114
   0.25648
   0.24214
   0.22695
   0.21405
   0.20237
   0.18728
   0.17536
   0.16686
   0.15844
   0.15070
   0.14337
   0.13647
   0.12974
   0.12308
   0.11701
   0.11091
   0.10514
   0.09964
   0.09446
   0.08956
   0.08486
   0.08030
   0.07584
   0.07166
   0.06750
   0.06349
   0.05964
   0.05591
   0.05225
   0.04875
   0.04528
   0.04189
   0.03863
   0.03544
   0.03237
   0.02944
   0.02670
   0.02422
   0.02199
   0.02009
   0.01848
   0.01737
   0.01701
   0.01794
   0.02121
   0.02720
   0.03649
   0.04558
   0.04764
   0.04744
   0.04412
   0.00711
   0.00798
   0.01369
   0.01077
   0.00844
   0.00764
   0.00872
   0.00831
   0.00995
   0.01090
   0.01135
   0.01116
   0.01044
   0.00926
   0.00837
   0.00768
   0.00714
   0.00727
   0.01175
   0.00657
   0.00584
   0.00764
   0.01495
   0.00789
   0.01853
   0.00739
   0.00850
   0.00698
   0.00731
   0.00709
   0.00683
   0.00694
   0.00742
   0.00721
   0.00647
   0.00601
   0.00561
   0.00618
   0.00881
   0.00905
   0.01002
   0.01156
   0.02114
   0.12629
   0.06690
   0.00241
   0.00198
   0.00198
   0.06142
   0.00175
   0.03499
   0.00278
   0.00204
   0.00190
   0.00180
   0.00168
   0.00175
   0.71212
   0.00190
   0.00161
   2.80893
   0.00283
   0.00260
   0.00211
   0.00198
   0.00175
   0.07412
   0.00217
   0.00247
   0.00214
   0.00190
   0.00183
   0.00131
   0.00187
   0.00208
   0.00209
   0.00189
   0.00179
   0.00154
   0.00555
   0.00147
   0.00177
   0.00194
   0.00194
   0.00185
   0.00172
   0.00108
   0.00636
   0.00111
   0.00122
   0.00148
   0.00176
   0.00182
   0.00180
   0.00172
   0.00156
   0.04636
   0.01193
   0.00160
   0.00102
   0.00130
   0.00154
   0.00158
   0.00157
   0.00148
   0.00133
   1.83525
   0.00075
   0.00074
   0.00078
   0.00091
   0.00113
   0.00127
   0.00129
   0.00125
   0.00118
   0.00075
   2.82475
   0.00098
   0.00088
   0.00081
   0.00076
   0.00078
   0.00088
   0.00099
   0.00102
   0.00099
   0.00095
   0.00062
   0.39351
   0.00048
   0.00051
   0.00058
   0.00062
   0.00064
   0.00063
   0.00061
   0.00170
   0.00043
   0.00043
   0.00042
   0.00042
   0.00044
   0.00051
   0.00057
   0.00060
   0.00061
   0.00060
   0.00069
   0.01123
   0.00045
   0.00046
   0.00045
   0.00044
   0.00124
   0.00032
   0.00031
   0.00030
   0.00030
   0.00029
   0.00030
   0.00034
   0.00040
   0.00043
   0.00045
   0.00045
   0.00038
   0.07953
   0.00026
   0.00026
   0.00026
   0.00025
   0.00025
   0.00024
   0.00024
   0.00024
   0.00025
   0.00030
   0.00034
   0.00037
   0.00038
   0.00038
   0.00036
   0.00025
   0.00024
   0.00024
   0.00023
   0.00023
   0.00022
   0.00022
   0.00021
   0.00022
   0.00026
   0.00029
   0.00031
   0.00031
   0.00030
   0.00358
   0.00017
   0.00017
   0.00017
   0.00017
   0.00016
   0.00016
   0.00016
   0.00016
   0.00016
   0.00015
   0.00015
   0.00017
   0.00020
   0.00022
   0.00024
   0.00025
   0.00055
   0.00016
   0.00016
   0.00016
   0.00016
   0.00016
   0.00016
   0.00015
   0.00015
   0.00015
   0.00015
   0.00016
   0.00019
   0.00020
   0.00021
   0.00021
   0.00014
   0.00222
   0.00027
   0.00025
   0.00023
   0.00022
   0.00020
   0.00019
   0.00019
   0.00018
   0.00017
   0.00016
   0.00015
   0.00016
   0.00018
   0.00019
   0.00020
   0.00021
   0.79621
   0.00018
   0.00017
   0.00017
   0.00016
   0.00015
   0.00014
   0.00014
   0.00014
   0.00014
   0.00013
   0.00013
   0.00013
   0.00013
   0.00012
   0.00012
   0.00012
   0.00013
   0.00014
   0.00016
   0.00016
   0.00017
   0.00012
   0.00015
   0.00014
   0.00013
   0.00013
   0.00012
   0.00012
   0.00012
   0.00012
   0.00011
   0.00011
   0.00011
   0.00011
   0.00010
   0.00010
   0.00010
   0.00011
   0.00012
   0.00013
   0.00013
   0.00014
   1.82456
   0.00009
   0.00008
   0.00008
   0.00008
   0.00007
   0.00007
   0.00007
   0.00007
   0.00007
   0.00007
   0.00007
   0.00007
   0.00007
   0.00007
   0.00007
   0.00008
   0.00008
   0.00008
   0.00009
   0.00035
   0.00007
   0.00007
   0.00006
   0.00006
   0.00006
   0.00006
   0.00006
   0.00006
   0.00006
   0.00006
   0.00006
   0.00005
   0.00005
   0.00006
   0.00006
   0.00007
   0.00007
   0.00006
   0.00018
   0.00007
   0.00006
   0.00006
   0.00006
   0.00006
   0.00006
   0.00005
   0.00005
   0.00005
   0.00005
   0.00005
   0.00005
   0.00005
   0.00005
   0.00005
   0.00005
   0.00005
   0.00006
   0.00007
   0.00005
   0.03355
   0.00008
   0.00008
   0.00008
   0.00008
   0.00007
   0.00007
   0.00007
   0.00006
   0.00006
   0.00006
   0.00005
   0.00005
   0.00005
   0.00005
   0.00005
   0.00005
   0.00005
   0.00005
   0.00004
   0.00004
   0.00004
   0.00004
   0.00004
   0.00005
   0.00006
   0.00006
   0.00015
   0.00019
   0.00019
   0.00018
   0.00018
   0.00017
   0.00016
   0.00015
   0.00014
   0.00013
   0.00012
   0.00011
   0.00010
   0.00009
   0.00008
   0.00007
   0.00006
   0.00006
   0.00006
   0.00005
   0.00005
   0.00005
   0.00005
   0.00004
   0.00004
   0.00004
   0.00004
   0.00004
   0.00004
   0.00004
   0.00004
   0.00481
   0.00006
   0.00006
   0.00006
   0.00005
   0.00005
   0.00005
   0.00005
   0.00005
   0.00005
   0.00005
   0.00004
   0.00004
   0.00004
   0.00004
   0.00004
   0.00003
   0.00003
   0.00003
   0.00003
   0.00003
   0.00003
   0.00003
   0.00003
   0.00003
   0.00003
   0.00003
   0.00003
   0.00003
   0.00003
   0.09255
   0.03988
   0.03207
   0.02278
   0.01832
   0.01525
   0.01353
   0.01226
   0.01125
   0.01048
   0.00991
   0.00931
   0.00874
   0.00822
   0.00743
   0.00655
   0.00548
   0.00504
   0.00915
   0.07183
   0.06890
   0.00365
   0.00390
   0.01191
   0.00315
   0.00381
   0.00324
   0.00269
   0.00251
   0.00217
   0.00196
   0.00181
   0.00170
   0.00168
   0.00214
   0.00466
   0.00201
   0.00716
   0.00816
   0.00716
   0.00667
   0.00620
   0.00568
   0.00529
   0.00451
   0.00387
   0.00326
   0.00962
   0.00463
   0.00287
   0.00198
   0.00159
   0.00135
   0.00117
   0.00151
   0.00079
   0.00061
   0.00139
   0.00164
   0.00131
   0.00112
   0.00096
   0.00086
   0.00207
   0.00281
   0.00237
   0.00112
   0.00090
   0.00272
   0.00327
   0.00197
   0.00131
   0.00101
   0.00090
   0.00081
   0.00068
   0.00052
   0.00037
   0.00038
   0.00166
   0.00058
   1.44813
   0.77954
   0.72279
   0.71754
   0.71691
   0.71682
   0.71680
   0.71680
   0.71680
   0.71679
   0.71679
   0.71679
   0.71679
   0.71679
   0.71679
   0.71679
   0.71679
   0.71679
   0.71679
   0.71679
   0.71679
   0.71679
   0.71679
   0.71679
   0.71679
   0.71679
   0.71679
   0.71679
   0.71679
   0.71679
   0.71679
   0.71679
   0.71679
   0.71679
   0.71679
   0.71679
   0.71679
   0.71679
   0.71679
   0.71679
   0.71679
   0.71679
   0.71679
   0.71679
   0.71679
   0.71679
   0.71679
   0.71679
   0.71679
   0.71678
   0.71678
   0.71678
   0.71678
   0.71678
   0.71678
   0.71678
   0.71678
   0.71678
   0.71678
   0.71678
   0.71678
   0.71678
   0.71678
   0.71678
   0.71678
   0.71678
   0.71678
   0.71678
   0.71678
   0.71678
   0.71678
   0.71678
   0.71678
   0.71678
   0.71678
   0.71678
   0.71678
   0.71678
   0.71678
   0.71678
   0.71678
   0.71678
   0.71678
   0.71678
   0.71678
   0.71678
   0.71678
   0.71678
   0.71678
   0.71678
   0.71678
   0.71678
   0.71678
   0.71678
   0.71678
   0.71678
   0.71678
   0.71678
   0.71678
   0.71678
   0.71678
   0.71678
   0.71678
   0.71678
   0.71678
   0.71678
   0.71678
   0.71678
   0.71678
   0.71678
   0.71678
   0.71678
   0.71678
   0.71678
   0.71678
   0.71678
   0.71678
   0.71678
   0.71678
   0.71678
   0.71678
   0.71678
   0.71678
   0.71678
   0.71678
   0.71678
   0.71678
   0.71678
   0.71678
   0.71678
   0.71678
   0.71678
   0.71678
   0.71678
   0.71678
