   0.70159
   0.70249
   0.70013
   0.70403
   0.70452
   0.70720
   0.71858
   0.71130
   0.71101
   0.72179
   0.73246
   0.73467
   0.72635
   0.72736
   0.72596
   0.71265
   0.71252
   0.71260
   0.71057
   0.71067
   0.71138
   0.71130
   0.71130
   0.71194
   0.71279
   0.71318
   0.71431
   0.71781
   0.72011
   0.72234
   0.72713
   0.73043
   0.73662
   0.74547
   0.75622
   0.77056
   0.78609
   0.80351
   0.82362
   0.84848
   0.87660
   0.90262
   0.92901
   0.95463
   0.98162
   1.00604
   1.03122
   1.05505
   1.07725
   1.09963
   1.11901
   1.13764
   1.15520
   1.17202
   1.18594
   1.19852
   1.20935
   1.21975
   1.22769
   1.23342
   1.23552
   1.23495
   1.23121
   1.22591
   1.21819
   1.20642
   1.19400
   1.17872
   1.15998
   1.13911
   1.11536
   1.08877
   1.06056
   1.02987
   0.99683
   0.95957
   0.92234
   0.88168
   0.84008
   0.79905
   0.75588
   0.71343
   0.67048
   0.62884
   0.58488
   0.54263
   0.50433
   0.46555
   0.42948
   0.39658
   0.36750
   0.33880
   0.31435
   0.29040
   0.27147
   0.25484
   0.23977
   0.22440
   0.20927
   0.19294
   0.17833
   0.16326
   0.14583
   0.13202
   0.18991
   0.18812
   0.13064
   0.15945
   0.15804
   0.15545
   0.15289
   0.14045
   0.15703
   0.37630
   0.31231
   0.26545
   0.21079
   0.17372
   0.15007
   0.13413
   0.12285
   0.15371
   0.56636
   0.04304
   0.19350
   0.18773
   0.15608
   0.10258
   0.04200
   0.07260
   0.02845
   0.02042
   0.92672
   0.04041
   0.02174
   0.07190
   0.03534
   0.02320
   0.01878
   0.04272
   0.16033
   0.04956
   0.13987
   0.03122
   0.04446
   0.04313
   0.05698
   0.06188
   0.06010
   0.06099
   0.05230
   0.00865
   0.00628
   0.08915
   0.06624
   0.07252
   0.00361
   1.76024
   0.02971
   0.01269
   0.03424
   0.02359
   0.00692
   0.01440
   0.02969
   0.01395
   0.12605
   1.30421
   0.16489
   0.00330
   0.00322
   0.00247
   0.00237
   0.00240
   0.00287
   0.00170
   0.00225
   0.00621
   0.00416
   0.00336
   0.00342
   0.00303
   0.00276
   0.00256
   0.00240
   0.00228
   0.00218
   0.00191
   0.00176
   0.00219
   0.00225
   0.00156
   0.00147
   0.00224
   0.00159
   0.00145
   0.00136
   0.19755
   0.11153
   0.00124
   0.00923
   0.00132
   0.00690
   0.00137
   0.04038
   0.03767
   0.00224
   0.00181
   0.00257
   0.03216
   0.49143
   0.00744
   0.00539
   0.00117
   0.00257
   0.02126
   0.00324
   0.00124
   0.00143
   0.00259
   0.00135
   0.01041
   0.00814
   0.02454
   0.00125
   0.00113
   0.07270
   0.00109
   0.00111
   0.00127
   0.00269
   0.00247
   0.00140
   0.00107
   0.00134
   0.00114
   0.00096
   0.00090
   0.00305
   0.00148
   0.01314
   0.00670
   0.00595
   0.00356
   0.65043
   0.04770
   0.08031
   0.16091
   0.46282
   0.38513
   0.37676
   0.37098
   0.41858
   0.34011
   0.42164
   0.32119
   0.40291
   0.30209
   0.39388
   0.32499
   0.39023
   0.29746
   0.39348
   0.29915
   0.33537
   0.26138
   0.33974
   0.25147
   0.40694
   0.37937
   0.30043
   0.30994
   0.32183
   0.33934
   0.33738
   0.34333
   0.32111
   0.37253
   0.02133
   0.13679
   0.17033
   0.00282
   0.00060
   0.00059
   0.00056
   0.38541
   0.00055
   0.03423
   0.00060
   0.00055
   0.00055
   0.00051
   0.00063
   0.00062
   0.00054
   0.00057
   0.00057
   0.00054
   0.00055
   0.00053
   0.00048
   0.00043
   0.02813
   0.00039
   0.00039
   0.58183
   0.00042
   0.00039
   0.00036
   0.00035
   0.00036
   0.00033
   0.00031
   0.52860
   0.52448
   0.42677
   0.38901
   0.35737
   0.32880
   0.31696
   0.30799
   0.30284
   0.30644
   0.31692
   0.34653
   0.45432
   0.47326
   0.42361
   0.47107
   0.47584
   0.52818
   0.79767
   0.40822
   0.62604
   0.61051
   0.32466
   0.05333
   0.27642
   0.69629
   0.66161
   0.61021
   0.53322
   0.42412
   0.05091
   0.02015
   0.01161
   0.01093
   0.00988
   0.01828
   0.01228
   0.00920
   0.00795
   0.00851
   0.01215
   0.01595
   0.01007
   0.00849
   0.00709
   0.00830
   0.01332
   0.01180
   0.00965
   0.00716
   0.00661
   0.00625
   0.00586
   0.00553
   0.00512
   0.01029
   0.00897
   0.00518
   0.01020
   0.00913
   0.00573
   0.00509
   0.00604
   0.00478
   0.00459
   0.00675
   0.00816
   0.00672
   0.00493
   0.00355
   0.00493
   0.00367
   0.00972
   0.00647
   0.00612
   0.00288
   0.00553
   0.00508
   0.00505
   0.00429
   0.00381
   0.00329
   0.00225
   0.00481
   0.00697
   0.00303
   0.00229
   0.00197
   0.00415
   0.00231
   1.65778
   0.00158
   0.00175
   0.00794
   0.00406
   0.00202
   0.00276
   0.00220
   0.00135
   0.00124
   0.00310
   0.01872
   0.00150
   0.00814
   0.00119
   0.00457
   0.00098
   0.00144
   0.00119
   0.00106
   0.00231
   0.00342
   0.00148
   0.00119
   0.00103
   0.00283
   0.00329
   0.00183
   0.00080
   0.00141
   0.00113
   0.00094
   0.00089
   0.00114
   0.00101
   0.00071
   0.00068
   0.00075
   0.00276
   0.00239
   0.00204
   0.00162
   0.00128
   0.00103
   0.00086
   0.00102
   0.00204
   0.00152
   0.00118
   0.00094
   0.00078
   0.00072
   0.00181
   0.00119
   0.00115
   0.00090
   0.00073
   0.00063
   0.00163
   0.00163
   0.00132
   0.00105
   0.00086
   0.00073
   0.00076
   0.00087
   0.00064
   0.00048
   0.00054
   0.71191
   0.71792
   0.71732
   0.71703
   0.71688
   0.71681
   0.71677
   0.71674
   0.71673
   0.71672
   0.71672
   0.71671
   0.71671
   0.71671
   0.71671
   0.71671
   0.71671
   0.71671
   0.71671
   0.71671
   0.71671
   0.71671
   0.71670
   0.71670
   0.71670
   0.71670
   0.71670
   0.71670
   0.71670
   0.71670
   0.71670
   0.71670
   0.71670
   0.71670
   0.71670
   0.71670
   0.71670
   0.71670
   0.71670
   0.71670
   0.71670
   0.71670
   0.71670
   0.71670
   0.71670
   0.71670
   0.71670
   0.71670
   0.71670
   0.71670
   0.71670
   0.71670
   0.71670
   0.71670
   0.71670
   0.71670
   0.71670
   0.71670
   0.71670
   0.71670
   0.71669
   0.71669
   0.71669
   0.71669
   0.71669
   0.71669
   0.71669
   0.71669
   0.71669
   0.71669
   0.71669
   0.71669
   0.71669
   0.71669
   0.71669
   0.71669
   0.71669
   0.71669
   0.71669
   0.71669
   0.71669
   0.71669
   0.71669
   0.71669
   0.71669
   0.71669
   0.71669
   0.71669
   0.71669
   0.71669
   0.71669
   0.71669
   0.71669
   0.71669
   0.71669
   0.71669
   0.71669
   0.71668
   0.71668
   0.71668
   0.71668
   0.71668
   0.71668
   0.71668
   0.71668
   0.71668
   0.71668
   0.71668
   0.71668
   0.71668
   0.71668
   0.71668
   0.71668
   0.71668
   0.71668
   0.71668
   0.71668
   0.71668
   0.71668
   0.71668
   0.71668
   0.71668
   0.71668
   0.71668
   0.71668
   0.71668
   0.71668
   0.71668
   0.71668
   0.71668
   0.71668
   0.71668
   0.71668
   0.71668
   0.71667
   0.71667
   0.71667
   0.71667
   0.71667
   0.71667
   0.71667
   0.71667
   0.71667
   0.71667
   0.71667
   0.71667
   0.71667
   0.71667
   0.71667
   0.71667
   0.71667
   0.71667
   0.71667
   0.71667
   0.71667
   0.71667
   0.71667
   0.71667
   0.71667
   0.71667
   0.71667
   0.71667
   0.71667
   0.71667
   0.71667
   0.71667
   0.71667
   0.71667
   0.71667
   0.71667
   0.71666
   0.71666
   0.71666
   0.71666
   0.71666
   0.71666
   0.71666
   0.71666
   0.71666
   0.71666
   0.71666
   0.71666
   0.71666
   0.71666
   0.71666
   0.71666
   0.71666
   0.71666
   0.71666
   0.71666
   0.71666
   0.71666
   0.71666
   0.71666
   0.71666
   0.71666
   0.71666
   0.71666
   0.71666
   0.71666
   0.71666
   0.71666
   0.71666
   0.71666
   0.71666
   0.71666
   0.71665
   0.71665
   0.71665
   0.71665
   0.71665
   0.71665
   0.71665
   0.71665
   0.71665
   0.71665
   0.71665
   0.71665
   0.71665
   0.71665
   0.71665
   0.71665
   0.71665
   0.71665
   0.71665
   0.71665
   0.71665
   0.71665
   0.71665
   0.71665
   0.71665
   0.71665
   0.71665
   0.71665
   0.71665
   0.71665
   0.71665
   0.71665
   0.71665
   0.71665
   0.71665
   0.71664
   0.71664
   0.71664
   0.71664
   0.71664
   0.71664
   0.71664
   0.71664
   0.71664
   0.71664
   0.71664
   0.71664
   0.71664
   0.71664
   0.71664
   0.71664
   0.71664
   0.71664
   0.71664
   0.71664
   0.71664
   0.71664
   0.71664
   0.71664
   0.71664
   0.71664
   0.71664
   0.71664
   0.71664
   0.71664
   0.71664
   0.71664
   0.71664
   0.71664
   0.71663
   0.71663
   0.71663
   0.71663
   0.71663
   0.71663
   0.71663
   0.71663
   0.71663
   0.71663
   0.71663
   0.71663
   0.71663
   0.71663
   0.71663
   0.71663
   0.71663
   0.71663
   0.71663
   0.71663
   0.71663
   0.71663
   0.71663
   0.71663
   0.71663
   0.71663
   0.71663
   0.71663
   0.71663
   0.71663
   0.71663
   0.71663
   0.71663
   0.71663
   0.71662
   0.71662
   0.71662
   0.71662
   0.71662
   0.71662
   0.71662
   0.71662
   0.71662
   0.71662
   0.71662
   0.71662
   0.71662
   0.71662
   0.71662
   0.71662
   0.71662
   0.71662
   0.71662
   0.71662
   0.71662
   0.71662
   0.71662
   0.71662
   0.71662
   0.71662
   0.71662
   0.71662
   0.71662
   0.71662
   0.71662
   0.71662
   0.71662
   0.71661
   0.71661
   0.71661
   0.71661
   0.71661
   0.71661
   0.71661
   0.71661
   0.71661
   0.71661
   0.71661
   0.71661
   0.71661
   0.71661
   0.71661
   0.71661
   0.71661
   0.71661
   0.71661
   0.71661
   0.71661
   0.71661
   0.71661
   0.71661
   0.71661
   0.71661
   0.71661
   0.71661
   0.71661
   0.71661
   0.71661
   0.71661
   0.71660
   0.71660
   0.71660
   0.71660
   0.71660
   0.71660
   0.71660
   0.71660
   0.71660
   0.71660
   0.71660
   0.71660
   0.71660
   0.71660
   0.71660
   0.71660
   0.71660
   0.71660
   0.71660
   0.71660
   0.71660
   0.71660
   0.71660
   0.71660
   0.71660
   0.71660
   0.71660
   0.71660
   0.71660
   0.71659
   0.71659
   0.71659
   0.71659
   0.71659
   0.71659
   0.71659
   0.71659
   0.71659
   0.71659
   0.71659
   0.71659
   0.71659
   0.71659
   0.71659
   0.71659
   0.71659
   0.71659
   0.71659
   0.71659
   0.71659
   0.71659
   0.71659
   0.71659
   0.71659
   0.71659
   0.71659
   0.71658
   0.71658
   0.71658
   0.71658
   0.71658
   0.71658
   0.71658
   0.71658
   0.71658
   0.71658
   0.71658
   0.71658
   0.71658
   0.71658
   0.71658
   0.71658
   0.71658
   0.71658
   0.71657
   0.71657
   0.71657
   0.71657
   0.71657
   0.71657
   0.71657
   0.71657
   0.71657
   0.71657
   0.71657
   0.71657
   0.71657
   0.71657
   0.71657
   0.71657
   0.71657
   0.71657
   0.71657
   0.71657
   0.71657
   0.71657
   0.71657
   0.71657
   0.71657
   0.71657
   0.71657
   0.71657
   0.71657
   0.71657
   0.71657
   0.71657
   0.71657
   0.71657
   0.71657
   0.71656
   0.71656
   0.71656
   0.71656
   0.71656
   0.71656
   0.71656
   0.71656
   0.71656
   0.71656
   0.71656
   0.71656
   0.71656
   0.71656
   0.71656
   0.71656
   0.71656
   0.71656
   0.71656
   0.71656
   0.71656
   0.71656
   0.71656
   0.71656
   0.71656
   0.71656
   0.71656
   0.71656
   0.71656
   0.71656
   0.71656
   0.71656
   0.71656
   0.71656
   0.71656
   0.71656
   0.71656
   0.71655
   0.71655
   0.71655
   0.71655
   0.71655
   0.71655
   0.71655
   0.71655
