   0.74847
   0.75250
   0.75221
   0.75136
   0.75151
   0.75099
   0.75039
   0.74972
   0.74807
   0.74836
   0.74874
   0.74828
   0.74798
   0.74495
   0.74542
   0.74596
   0.74460
   0.74633
   0.74815
   0.74908
   0.74891
   0.74818
   0.74727
   0.74692
   0.74751
   0.74580
   0.74676
   0.74464
   0.73653
   0.74154
   0.73795
   0.73707
   0.73708
   0.73417
   0.73128
   0.72726
   0.72411
   0.71949
   0.71458
   0.71075
   0.69659
   0.69470
   0.69290
   0.69152
   0.69065
   0.69021
   0.68995
   0.68975
   0.68940
   0.68887
   0.68823
   0.68768
   0.68735
   0.68730
   0.68751
   0.68782
   0.68809
   0.68819
   0.68794
   0.68727
   0.68610
   0.68433
   0.68212
   0.67939
   0.67619
   0.67246
   0.66842
   0.66407
   0.65929
   0.65424
   0.64904
   0.64351
   0.63796
   0.63229
   0.62652
   0.62063
   0.61466
   0.60860
   0.60248
   0.59630
   0.59006
   0.58379
   0.57746
   0.57107
   0.56472
   0.55827
   0.55169
   0.54516
   0.53856
   0.53187
   0.52511
   0.51828
   0.51138
   0.50439
   0.49733
   0.49018
   0.48297
   0.47569
   0.46835
   0.46102
   0.45357
   0.44607
   0.43857
   0.43103
   0.42347
   0.41589
   0.40828
   0.40069
   0.39310
   0.38548
   0.37788
   0.37028
   0.36267
   0.35505
   0.34741
   0.33975
   0.33208
   0.32440
   0.31673
   0.30908
   0.30146
   0.29391
   0.28648
   0.27915
   0.27198
   0.26502
   0.25826
   0.25182
   0.24556
   0.23952
   0.23367
   0.22797
   0.22232
   0.21669
   0.21095
   0.20512
   0.19909
   0.19290
   0.18655
   0.18004
   0.17347
   0.16691
   0.16040
   0.15399
   0.14776
   0.14164
   0.13576
   0.13010
   0.12472
   0.11955
   0.11463
   0.10997
   0.10553
   0.10125
   0.09720
   0.09334
   0.08968
   0.08620
   0.08283
   0.07961
   0.07656
   0.07371
   0.07106
   0.06867
   0.06639
   0.06419
   0.06206
   0.05944
   0.05660
   0.05371
   0.05122
   0.05093
   0.05857
   0.11050
   0.17138
   0.03647
   0.03591
   0.04130
   0.03986
   0.03207
   0.03362
   0.04839
   0.04630
   0.04662
   0.04528
   0.04458
   0.04177
   0.04035
   0.03927
   0.03821
   0.03736
   0.03629
   0.03548
   0.03510
   0.03550
   0.03631
   0.03586
   0.02896
   0.02453
   0.03537
   0.03192
   0.03274
   0.03077
   0.02651
   0.07013
   0.02225
   0.06931
   0.02020
   0.07311
   0.02872
   0.07363
   0.07227
   0.05521
   0.01353
   0.01654
   0.02861
   0.02426
   0.01407
   0.02048
   0.02898
   0.02711
   0.05907
   0.11918
   0.11926
   0.11729
   0.11056
   0.10525
   0.08887
   0.14057
   0.05245
   0.02921
   0.01977
   0.12687
   0.05545
   0.02591
   0.01579
   0.01261
   0.01656
   0.00831
   0.00638
   0.00679
   0.00645
   0.00628
   0.00531
   0.00529
   0.00515
   0.00494
   0.00734
   0.00461
   0.00463
   0.00460
   0.00472
   0.00416
   0.00429
   0.03547
   0.01115
   0.00793
   0.03529
   0.00414
   0.00833
   0.01201
   0.00398
   0.00779
   0.00437
   0.00447
   0.00713
   0.00850
   0.02223
   0.00734
   0.03850
   0.04348
   0.01003
   0.00428
   0.00619
   0.00239
   0.00231
   0.00325
   0.00268
   0.11921
   0.09013
   0.08910
   0.08957
   0.08896
   0.08696
   0.08521
   0.08362
   0.08179
   0.07949
   0.07693
   0.07403
   0.07101
   0.06811
   0.06523
   0.06243
   0.05970
   0.05704
   0.05448
   0.05195
   0.04957
   0.04730
   0.04513
   0.04307
   0.04111
   0.03926
   0.03750
   0.03588
   0.03439
   0.03310
   0.03205
   0.03142
   0.03061
   0.03501
   0.02313
   0.02911
   0.03227
   0.03695
   0.03921
   0.03596
   0.03679
   0.03087
   0.03435
   0.03151
   0.03321
   0.02968
   0.03110
   0.02887
   0.02949
   0.02798
   0.02780
   0.02737
   0.02705
   0.02677
   0.02584
   0.02556
   0.02453
   0.02317
   0.02132
   0.02043
   0.02083
   0.02000
   0.02040
   0.01873
   0.01754
   0.01594
   0.01372
   0.01437
   0.01421
   0.01315
   0.01207
   0.01138
   0.01090
   0.01038
   0.00992
   0.00960
   0.01023
   0.00977
   0.00916
   0.00859
   0.00837
   0.00812
   0.00795
   0.00761
   0.00767
   0.00728
   0.00756
   0.00749
   0.00782
   0.00751
   0.00652
   0.00591
   0.00555
   0.00537
   0.00724
   0.00644
   0.01607
   0.01088
   0.01016
   0.00959
   0.00916
   0.00881
   0.00820
   0.00677
   0.00494
   0.00462
   0.00485
   0.00479
   0.00462
   0.00435
   0.00408
   0.00542
   0.00410
   0.00385
   0.00392
   0.00388
   0.00376
   0.00359
   0.00347
   0.00350
   0.00386
   0.00386
   0.00332
   0.00307
   0.00298
   0.00758
   0.01599
   0.00698
   0.00652
   0.00616
   0.00592
   0.00579
   0.00552
   0.00466
   0.00328
   0.00282
   0.00297
   0.00298
   0.00292
   0.00272
   0.00254
   0.00244
   0.00250
   0.00263
   0.00241
   0.00219
   0.00211
   0.00240
   0.70960
   0.00482
   0.00460
   0.00431
   0.00401
   0.00374
   0.00353
   0.00342
   0.00337
   0.00328
   0.00282
   0.00211
   0.00179
   0.00182
   0.00184
   0.00187
   0.00185
   0.00418
   0.00381
   0.00363
   0.00340
   0.00316
   0.00293
   0.00276
   0.00266
   0.00263
   0.00260
   0.00236
   0.00181
   0.00144
   0.00137
   0.00138
   0.00137
   0.00140
   0.00130
   0.00121
   0.00118
   0.00121
   0.00111
   0.00108
   0.00109
   0.00112
   0.00094
   0.00260
   0.00266
   0.00267
   0.00265
   0.00259
   0.00248
   0.00234
   0.00217
   0.00201
   0.00188
   0.00181
   0.00178
   0.00179
   0.00169
   0.00134
   0.00104
   0.00090
   0.00085
   0.00083
   0.00085
   0.00081
   0.00078
   0.00076
   0.00076
   0.00074
   0.00071
   0.00072
   0.00077
   0.00191
   3.53041
   0.00165
