   0.71119
   0.71708
   0.71935
   0.72531
   0.72371
   0.72959
   0.73130
   0.73286
   0.73235
   0.73239
   0.73689
   0.73724
   0.74086
   0.73196
   0.73985
   0.74160
   0.74230
   0.74320
   0.73981
   0.73950
   0.73971
   0.73980
   0.73917
   0.73852
   0.73751
   0.73647
   0.73517
   0.73396
   0.73318
   0.73293
   0.73341
   0.73474
   0.73684
   0.73966
   0.74325
   0.74772
   0.75356
   0.76030
   0.76818
   0.77696
   0.78620
   0.79555
   0.80605
   0.81585
   0.82830
   0.84044
   0.85363
   0.86682
   0.88061
   0.89620
   0.91472
   0.93314
   0.94723
   0.96155
   0.97658
   0.99044
   1.00242
   1.01741
   1.03119
   1.04337
   1.05576
   1.06770
   1.07819
   1.08842
   1.10135
   1.11069
   1.12081
   1.13039
   1.13969
   1.14943
   1.16125
   1.17202
   1.18170
   1.19320
   1.20008
   1.20841
   1.21962
   1.22030
   1.23605
   1.23720
   1.24383
   1.21386
   1.22167
   1.27673
   1.27591
   1.27475
   1.23491
   1.27895
   1.27632
   1.27027
   1.26848
   1.26159
   1.25224
   1.24317
   1.23304
   1.21692
   1.20866
   1.19461
   1.17731
   1.15741
   1.12646
   1.10587
   1.08275
   1.05875
   1.03461
   1.00265
   0.97674
   0.94806
   0.91615
   0.89612
   0.87781
   0.84087
   0.81295
   0.77964
   0.75148
   0.72013
   0.68924
   0.66056
   0.63156
   0.60198
   0.57293
   0.54400
   0.51797
   0.49577
   0.47362
   0.45197
   0.42973
   0.40890
   0.38431
   0.36737
   0.34388
   0.32187
   0.29992
   0.27789
   0.24721
   0.21452
   0.13166
   0.12683
   0.13088
   0.13514
   0.14513
   0.16267
   0.18052
   0.19274
   0.18636
   0.16507
   0.13674
   0.10313
   0.08650
   0.08938
   0.06796
   0.39361
   1.24587
   0.05247
   0.04826
   0.04234
   1.26081
   0.43586
   0.53403
   0.63182
   0.61418
   0.53829
   0.38266
   0.26504
   0.36488
   0.43410
   0.01213
   0.05868
   0.01000
   0.00873
   0.00894
   0.07220
   0.00743
   0.00585
   0.00574
   0.00706
   0.10008
   0.10288
   0.06666
   0.00392
   0.00823
   0.00240
   0.00196
   0.00240
   0.03894
   0.00195
   0.02398
   0.00178
   0.01309
   0.00214
   0.00201
   0.00160
   0.00154
   0.02021
   0.00134
   0.00136
   0.00127
   0.00122
   0.00170
   0.00352
   0.00338
   0.00136
   0.00127
   0.00163
   0.00333
   0.00135
   0.00296
   0.00198
   0.00252
   0.09963
   0.00409
   0.00280
   0.02381
   0.02341
   0.02627
   0.00164
   0.00486
   0.00082
   0.03864
   0.02135
   0.00415
   0.02161
   0.06395
   0.01795
   0.00883
   0.02459
   0.01065
   0.01179
   0.00808
   0.00083
   0.05962
   0.14832
   0.00205
   0.01060
   0.00202
   0.08276
   0.01749
   0.01304
   0.00122
   0.00126
   0.00198
   0.00707
   0.00184
   0.00098
   0.00345
   0.00103
   0.00197
   0.00099
   0.00236
   0.00952
   0.00902
   0.00119
   0.00086
   0.02540
   0.00378
   0.00704
   0.14585
   0.14452
   0.00069
   0.17506
   0.00052
   0.00072
   0.00420
   0.00063
   0.00188
   0.00062
   0.69225
   0.00229
   0.00865
   0.00130
   0.00064
   0.00063
   0.00074
   0.00055
   0.00058
   0.00072
   0.00068
   0.00132
   0.00052
   0.00168
   0.00114
   0.00068
   0.00086
   0.00112
   0.00104
   0.00086
   0.00079
   0.00099
   0.00066
   0.00084
   0.00116
   0.00042
   0.00110
   0.00124
   0.00091
   0.00124
   0.00146
   0.00051
   0.00087
   0.00095
   0.00115
   0.00116
   0.19793
   0.18590
   0.17927
   0.17140
   0.16270
   0.15355
   0.14433
   0.13540
   0.12705
   0.11972
   0.11381
   0.10998
   0.10944
   0.11473
   0.12742
   0.15035
   0.18016
   0.20854
   0.21154
   0.17612
   0.15639
   0.15784
   0.14607
   0.15354
   0.13164
   0.15483
   0.03922
   0.13425
   0.06095
   0.10971
   0.03548
   0.08052
   0.07983
   0.08062
   0.08160
   0.03814
   0.02116
   0.03516
   0.05898
   0.03532
   0.03256
   0.01788
   0.02618
   0.01776
   0.01910
   0.03950
   0.03068
   0.03078
   0.02029
   0.01351
   0.02956
   0.02102
   0.01288
   0.02724
   0.01912
   0.01171
   0.02635
   0.02311
   0.01466
   0.00955
   0.01350
   0.02291
   0.02489
   0.02261
   0.01686
   0.01040
   0.01485
   0.02201
   0.02158
   0.01849
   0.01276
   0.00797
   0.01275
   0.00872
   0.01371
   0.01871
   0.01744
   0.01470
   0.01019
   0.01149
   0.01701
   0.01586
   0.01342
   0.00992
   0.00480
   0.00619
   0.01228
   0.01424
   0.01245
   0.01035
   0.00714
   0.00359
   0.00390
   0.00588
   0.01121
   0.01146
   0.01003
   0.00824
   0.00511
   0.00301
   0.00288
   0.00297
   0.00346
   0.00668
   0.00999
   0.00919
   0.00798
   0.00607
   0.00506
   0.00299
   0.00335
   0.00636
   0.00805
   0.00729
   0.00624
   0.00477
   0.00571
   0.00347
   0.00300
   0.00275
   0.00309
   0.00635
   0.00625
   0.00607
   0.00523
   0.00395
   0.00200
   0.00209
   0.00169
   0.00153
   0.00150
   0.00175
   0.00372
   0.00482
   0.00431
   0.00379
   0.00291
   0.00175
   0.00145
   0.00123
   0.00107
   0.00101
   0.00102
   0.00142
   0.00312
   0.00365
   0.00312
   0.00272
   0.00211
   0.00582
   0.00332
   0.00198
   0.00139
   0.00121
   0.00110
   0.00118
   0.00307
   0.00199
   0.00163
   0.00125
   0.00101
   0.00089
   0.00090
   0.00186
   0.00276
   0.00222
   0.00218
   0.00187
   0.00103
   0.00058
   0.00478
   0.00385
   0.00279
   0.00195
   0.00133
   0.00089
   0.00070
   0.00069
   0.00064
   0.00156
   0.00128
   0.00133
   0.00142
   0.00124
   0.00063
   0.00103
   0.00086
   0.00081
   0.00071
   0.00061
   0.00051
   0.00042
   0.00036
   0.00032
   0.00038
   0.00074
   0.00110
   0.00090
   0.00091
   0.00063
   0.00026
   0.00053
   0.00045
   0.00037
   0.00030
   0.00026
   0.00024
   0.00031
   0.00058
   0.00108
   0.00073
   0.00072
   0.00046
   0.00020
   0.00368
   0.00268
   0.00198
   0.00145
   0.00101
   0.00071
   0.00051
   0.00040
   0.00042
   0.00030
   0.00030
   0.00056
   0.00085
   0.00063
   0.00057
   0.00037
   0.00016
   0.01259
   0.00881
   0.00603
   0.00401
   0.00272
   0.00178
   0.00119
   0.00081
   0.00056
   0.00040
   0.00031
   0.00025
   0.00031
   0.00031
   0.00036
   0.00039
   0.00041
   0.00036
   0.00021
   5.84160
   0.00248
   0.00201
   0.00158
   0.00120
   0.00090
   0.00065
   0.00047
   0.00034
   0.00025
   0.00019
   0.00017
   0.00015
   0.00030
   0.08043
   0.03984
   0.01672
   0.01082
   0.00782
   0.00853
   0.01254
   0.00524
   0.00548
   0.01083
   0.01222
   0.00985
   0.00452
   0.01370
   0.00769
   0.01346
   0.00929
   0.00446
   0.00429
   0.00402
   0.00455
   0.00391
   0.00393
   0.00794
   0.01186
   0.00731
   0.00345
   0.00458
   0.00721
   0.01059
   0.00652
   0.00335
   0.01429
   0.00338
   0.00299
   0.00382
   0.00923
   0.00781
   0.00492
   0.00583
   0.00300
   0.00268
   0.00318
   0.00766
   0.00725
   0.00465
   0.00274
   0.00269
   0.00249
   0.00249
   0.00528
   0.00680
   0.00435
   0.00214
   0.00205
   0.00211
   0.00298
   0.00269
   0.00236
   0.00201
   0.00219
   0.00501
   0.00547
   0.00357
   0.00174
   0.00220
   0.00238
   0.00191
   0.00166
   0.00144
   0.00128
   0.00136
   0.00236
   0.00412
   0.00232
   0.00264
   0.06126
   0.00152
   0.00135
   0.00120
   0.00107
   0.00093
   0.00072
   0.00088
   0.00280
   0.00315
   0.00187
   0.00115
   0.00063
   0.00137
   0.00130
   0.00118
   0.00105
   0.00094
   0.00084
   0.00069
   0.00056
   0.00110
   0.00283
   0.00201
   0.00125
   0.00058
   0.00046
   0.00074
   0.00067
   0.00056
   0.00045
   0.00072
   0.00203
   0.00163
   0.00106
   0.00067
   0.00065
   0.00071
   0.00063
   0.00057
   0.00051
   0.00044
   0.00036
   0.00053
   0.00151
   0.00128
   0.00084
   0.00057
   0.00090
   0.00070
   0.00064
   0.00057
   0.00051
   0.00046
   0.00040
   0.00033
   0.00032
   0.00076
   0.00122
   0.00077
   0.00055
   0.00027
   0.00025
   0.00139
   0.00132
   0.00121
   0.00107
   0.00092
   0.00078
   0.00064
   0.00054
   0.00046
   0.00044
   0.00072
   0.00133
   0.00085
   0.00058
   0.00028
   0.01160
   0.00693
   0.00444
   0.00297
   0.00205
   0.00142
   0.00101
   0.00073
   0.00056
   0.00048
   0.00066
   0.00098
   0.00069
   0.00047
   0.00021
   0.00046
   0.00049
   0.00050
   0.00050
   0.00047
   0.00042
   0.00037
   0.00033
   0.00030
   0.00025
   0.00020
   0.00025
   0.00063
   0.00057
   0.00042
   0.00029
   0.00016
   0.00036
   0.00039
   0.00041
   0.00041
   0.00039
   0.00036
   0.00031
   0.00028
   0.00025
   0.00022
   0.00017
   0.00016
   0.00036
   0.00048
   0.00037
   0.00027
   0.00014
   0.18475
   0.16703
   0.14707
   0.11449
   0.09566
   0.07602
   0.04819
   0.03165
   0.02813
   0.02385
   0.02035
   0.01797
   0.02225
   0.02789
   0.02095
   0.01496
   0.00674
   0.00582
   0.00960
   0.01064
   0.01168
   0.00818
   0.00353
   0.00345
   0.00334
   0.00321
   0.00298
   0.00266
   0.00230
   0.00236
   0.00388
   0.00560
   0.00601
   1.94207
   0.87047
   0.73155
   0.71896
   0.71745
   0.71726
   0.71724
   0.71724
   0.71724
   0.71725
   0.71725
   0.71725
   0.71725
   0.71725
   0.71725
   0.71725
   0.71725
   0.71725
   0.71725
   0.71725
   0.71725
   0.71725
   0.71725
   0.71725
   0.71725
   0.71725
   0.71725
   0.71725
   0.71725
   0.71725
   0.71725
   0.71725
   0.71725
   0.71725
   0.71725
   0.71725
   0.71725
   0.71725
   0.71725
   0.71725
   0.71725
   0.71725
   0.71725
   0.71724
   0.71724
   0.71724
   0.71724
   0.71724
   0.71724
   0.71724
   0.71724
   0.71724
   0.71724
   0.71724
   0.71724
   0.71724
   0.71724
   0.71724
   0.71724
   0.71724
   0.71724
   0.71724
   0.71724
   0.71724
   0.71724
   0.71724
   0.71724
   0.71724
   0.71724
   0.71724
   0.71724
   0.71724
   0.71724
   0.71724
   0.71724
   0.71724
   0.71724
   0.71724
   0.71724
   0.71724
   0.71724
   0.71724
   0.71724
   0.71724
   0.71724
   0.71724
   0.71724
   0.71724
   0.71724
   0.71724
   0.71724
   0.71724
   0.71724
   0.71724
   0.71724
   0.71724
   0.71724
   0.71724
   0.71724
   0.71724
   0.71724
   0.71724
   0.71724
   0.71724
   0.71724
   0.71724
   0.71724
   0.71724
   0.71724
   0.71724
   0.71724
   0.71724
   0.71724
   0.71724
   0.71724
   0.71724
   0.71724
   0.71724
   0.71724
   0.71724
   0.71724
   0.71724
   0.71724
   0.71724
   0.71724
   0.71724
   0.71724
   0.71724
   0.71724
   0.71724
   0.71724
   0.71724
   0.71724
   0.71724
   0.71724
   0.71724
   0.71724
   0.71724
   0.71724
   0.71724
   0.71724
   0.71724
   0.71724
   0.71724
   0.71724
   0.71724
   0.71724
   0.71724
   0.71724
   0.71724
   0.71724
   0.71724
   0.71724
   0.71724
   0.71724
   0.71724
   0.71724
   0.71724
   0.71724
   0.71724
   0.71724
   0.71724
   0.71724
   0.71724
   0.71724
   0.71724
   0.71723
   0.71723
   0.71723
   0.71723
   0.71723
   0.71723
   0.71723
   0.71723
   0.71723
   0.71723
   0.71723
   0.71723
   0.71723
   0.71723
   0.71723
   0.71723
   0.71723
   0.71723
   0.71723
   0.71723
   0.71723
   0.71723
   0.71723
   0.71723
   0.71723
   0.71723
   0.71723
   0.71723
   0.71723
   0.71723
   0.71723
   0.71723
