   0.64554
   0.62927
   0.60709
   0.61080
   0.55040
   0.48467
   0.49454
   0.44919
   0.49593
   0.42570
   0.46170
   0.39749
   0.39321
   0.44656
   0.43548
   0.40688
   0.40818
   0.41432
   0.40823
   0.40039
   0.39952
   0.40073
   0.40201
   0.40365
   0.42643
   0.40857
   0.39395
   0.38898
   0.40743
   0.42505
   0.42223
   0.43454
   0.49374
   0.51603
   0.54436
   0.56376
   0.57508
   0.58159
   0.59380
   0.60161
   0.60412
   0.60198
   0.59545
   0.58463
   0.57131
   0.55797
   0.54676
   0.53888
   0.53544
   0.53582
   0.53918
   0.54340
   0.54694
   0.54956
   0.55048
   0.54964
   0.54775
   0.54432
   0.53914
   0.53321
   0.52617
   0.51870
   0.51039
   0.50118
   0.49150
   0.48160
   0.47184
   0.46125
   0.45068
   0.44015
   0.42957
   0.41905
   0.40810
   0.39683
   0.38629
   0.37580
   0.36662
   0.35653
   0.34644
   0.33643
   0.32634
   0.31649
   0.30680
   0.29725
   0.28779
   0.27859
   0.26944
   0.26068
   0.25297
   0.24469
   0.23672
   0.22899
   0.22143
   0.21311
   0.20622
   0.19948
   0.19296
   0.18675
   0.18076
   0.17503
   0.16965
   0.16460
   0.15968
   0.15502
   0.15068
   0.14657
   0.14259
   0.13892
   0.13535
   0.13190
   0.12865
   0.12567
   0.12283
   0.12009
   0.11756
   0.11514
   0.11293
   0.11072
   0.10882
   0.10704
   0.10512
   0.10325
   0.10150
   0.09998
   0.09834
   0.09675
   0.09553
   0.09394
   0.09230
   0.09075
   0.08915
   0.08755
   0.08602
   0.08437
   0.08263
   0.08094
   0.07919
   0.07747
   0.07577
   0.07398
   0.07218
   0.07039
   0.06855
   0.06672
   0.06482
   0.06288
   0.06092
   0.05894
   0.05693
   0.05492
   0.05290
   0.05089
   0.04887
   0.04688
   0.04494
   0.04300
   0.04111
   0.03922
   0.03735
   0.03551
   0.03375
   0.03194
   0.03017
   0.02846
   0.02680
   0.02518
   0.02362
   0.02213
   0.02068
   0.01931
   0.01800
   0.01674
   0.01557
   0.01447
   0.01345
   0.01250
   0.01163
   0.01085
   0.01016
   0.00954
   0.00900
   0.00851
   0.00807
   0.00766
   0.00728
   0.00693
   0.00659
   0.00626
   0.00594
   0.00564
   0.00536
   0.00508
   0.00482
   0.00456
   0.00430
   0.00405
   0.00379
   0.00354
   0.00328
   0.00302
   0.00276
   0.00251
   0.00227
   0.00204
   0.00184
   0.00165
   0.00148
   0.00132
   0.00123
   0.00090
   0.00119
   0.00221
   0.00323
   0.00419
   0.00467
   0.00366
   0.00492
   0.00483
   0.00445
   0.00405
   0.00544
   0.00529
   0.00593
   0.00466
   0.00540
   0.00580
   0.00665
   0.00671
   0.00765
   0.00702
   0.00637
   0.00429
   0.00392
   0.00164
   0.00278
   0.00149
   0.00151
   0.00158
   0.00109
   0.00139
   0.00141
   0.00109
   0.00109
   0.00127
   0.00088
   0.00097
   0.00101
   0.00099
   0.00091
   0.00098
   0.00042
   0.00054
   0.00061
   0.00068
   0.00061
   0.00063
   0.00063
   0.00073
   0.00067
   0.00066
   0.00065
   0.00066
   0.00065
   0.00037
   0.00039
   0.00039
   0.00039
   0.00039
   0.00042
   0.00051
   0.00052
   0.00055
   0.00056
   0.00057
   0.00055
   0.00058
   0.00054
   0.00046
   0.00059
   0.00050
   0.00055
   0.00048
   0.00047
   0.00050
   0.00041
   0.00046
   0.00043
   0.00043
   0.00009
   0.00009
   0.00010
   0.00010
   0.00011
   0.00011
   0.00012
   0.00012
   0.00012
   0.00014
   0.00017
   0.00017
   0.00017
   0.00018
   0.00020
   0.00021
   0.00021
   0.00021
   0.00022
   0.00026
   0.00021
   0.00026
   0.00025
   0.00022
   0.00023
   0.00023
   0.00022
   0.00022
   0.00005
   0.00004
   0.00004
   0.00004
   0.00004
   0.00004
   0.00004
   0.00004
   0.00004
   0.00004
   0.00004
   0.00005
   0.00005
   0.00005
   0.00005
   0.00006
   0.00009
   0.00009
   0.00008
   0.00008
   0.00010
   0.00010
   0.00011
   0.00011
   0.00011
   0.00011
   0.00011
   0.00011
   0.00011
   0.00013
   0.00370
   0.00198
   0.00171
   0.00164
   0.00217
   0.00122
   0.00132
   0.00205
   0.00047
   0.00044
   0.00044
   0.00052
   0.00075
   0.00065
   0.00097
   0.00103
   0.00038
   0.00044
   0.00059
   0.00066
   0.00072
   0.00077
   0.00030
   0.00043
   0.00048
   0.00053
   0.00057
   0.00058
   0.00058
   0.00009
   0.00009
   0.00009
   0.00009
   0.00010
   0.00011
   0.00012
   0.00012
   0.00017
   0.00018
   0.00021
   0.00023
   0.00005
   0.00009
   0.00009
   0.00009
   0.00009
   0.00009
   0.00008
   0.00007
   0.00007
   0.00005
   0.00006
   0.00007
   0.00006
   0.00006
   0.00005
   0.00005
   0.00005
   0.00005
   0.00005
   0.00006
   0.00005
   0.00005
   0.00005
   0.00005
   0.00005
   0.00004
   0.00005
   0.00004
   0.00004
   0.00004
   0.00004
   0.00004
   0.00072
   0.00004
   0.00004
   0.00004
   0.00003
   0.00003
   0.00500
   0.00003
   0.00003
   0.00003
   0.00003
   0.00003
   0.00003
   0.00003
   0.00003
   0.00003
   0.00003
   0.00003
   0.00003
   0.00003
   0.00003
   0.00002
   0.00002
   0.00003
   0.00003
   0.00003
   0.00003
   0.00003
   0.00003
   0.00003
   0.00003
   0.00003
   0.00002
   0.00002
   0.00002
   0.00002
   0.00002
   0.00002
   0.00002
   0.00002
   0.00002
   0.00002
   0.00002
   0.00002
   0.00002
   0.00002
   0.00004
   0.00003
   1.62645
   0.00030
   0.00018
   0.00013
   0.00010
   0.00008
   0.00007
   0.00006
   0.00005
   0.00005
   0.00004
   0.00004
   0.00004
   0.00003
   0.00003
   0.00003
   0.00002
   0.00002
   0.00002
   0.00002
   0.00002
   0.00002
   0.00002
   0.00002
   0.00002
   0.00002
   0.00003
   0.00003
   0.00003
   0.00003
   0.00003
   0.00002
   0.00002
   0.00002
   0.00002
   0.00001
   0.00002
   0.00001
   0.00001
   0.00001
   0.00001
   0.00001
   0.00001
   0.00001
   0.00001
   0.00001
   0.00001
   0.00001
   0.00001
   0.00001
   0.00001
   0.00001
   0.00001
   0.00001
   0.00001
   0.00001
   0.00000
   0.00000
   0.00001
   0.00001
   0.00001
   0.00000
   0.00002
   0.00002
   0.00002
   0.00002
   0.00002
   0.00002
   0.00002
   0.00002
   0.00001
   0.00001
   0.00001
   0.00001
   0.00001
   0.00001
   0.00001
   0.00001
   0.00001
   0.00001
   0.00001
   0.00001
   0.00001
   0.00001
   0.00001
   0.00001
   0.00001
   0.00001
   0.00001
   0.00001
   0.00001
   0.00000
   0.00000
   0.00000
   0.00000
   0.00000
   0.00000
   0.00000
   0.00170
   0.00003
   0.00002
   0.00002
   0.00002
   0.00002
   0.00002
   0.00002
   0.00002
   0.00002
   0.00001
   0.00001
   0.00001
   0.00001
   0.00001
   0.00001
   0.00001
   0.00001
   0.00001
   0.00001
   0.00001
   0.00001
   0.00001
   0.00001
   0.00001
   0.00001
   0.00001
   0.00001
   0.00000
   0.00000
   0.00000
   0.00000
   0.00000
   0.00000
   0.00000
   0.00000
   0.00000
   0.00000
   0.00000
   0.00001
   0.00001
   0.00001
   0.00000
   0.00000
   0.00000
   0.00000
   0.00000
   0.00000
   0.00000
   0.00000
   0.00000
   0.00000
   0.00000
   0.00000
   0.00000
   0.00000
   0.00000
   0.00000
   0.00000
   0.00000
   0.00000
   0.00000
   0.00000
   0.00000
   0.00000
   0.00000
   0.00000
   0.00000
   0.00000
   0.00000
   0.00000
   0.00000
   0.00000
   0.00000
   0.00000
   0.00000
   0.00000
   0.00000
   0.00000
   0.00000
   0.00000
   0.00000
   0.00000
   0.00000
   0.00000
   0.00000
   0.00000
   0.00000
   0.00966
   0.00596
   0.00414
   0.00333
   0.00273
   0.00234
   0.00203
   0.00182
   0.00164
   0.00150
   0.00138
   0.00128
   0.00120
   0.00113
   0.00109
   0.00105
   0.00096
   0.00085
   0.00076
   0.00070
   0.00066
   0.00063
   0.00061
   0.00059
   0.00059
   0.00059
   0.00058
   0.00037
   0.00064
   0.00053
   0.00154
   0.00022
   0.00022
   0.00064
   0.00048
   0.00033
   0.00050
   0.00033
   0.00006
   0.00046
   0.00070
   0.00044
   0.00025
   0.00025
   0.00028
   0.00024
   0.00022
   0.00020
   0.00020
   0.00057
   0.00056
   0.00049
   0.00036
   0.00028
   0.00024
   0.00021
   0.00019
   0.00017
   0.00018
   0.00016
   0.00015
   0.00013
   0.00012
   0.00011
   0.00010
   0.00008
   0.00008
   0.00007
   0.00009
   0.00005
   0.00010
   0.00014
   0.00032
   0.00048
   0.00035
   0.00030
   0.00011
   0.00011
   0.00011
   0.00012
   0.00011
   0.00011
   0.00011
   0.00011
   0.00011
   0.00011
   0.00011
   0.00011
   0.00012
   0.00013
   0.00017
   0.00028
   0.00040
   0.00029
   0.00028
   0.00027
   0.00026
   0.00025
   0.00023
   0.00019
   0.00018
   0.00016
   0.00014
   0.00012
   0.00010
   0.00004
   0.00004
   0.00004
   0.00004
   0.00004
   0.00004
   0.00004
   0.00004
   0.00004
   0.00004
   0.00004
   0.00004
   0.00004
   0.00004
   0.00004
   0.00004
   0.00004
   0.00004
   0.00005
   0.00006
   0.00007
   0.00012
   0.00023
   0.00015
   0.00034
   0.00001
   0.00004
   0.00010
   0.00010
   0.00009
   0.00008
   0.00007
   0.00007
   0.00006
   0.00005
   0.00005
   0.00001
   0.00001
   0.00001
   0.00001
   0.00001
   0.00001
   0.00001
   0.00001
   0.00001
   0.00001
   0.00001
   0.00001
   0.00001
   0.00001
   0.00001
   0.00001
   0.00001
   0.00001
   0.00001
   0.00001
   0.00002
   0.00002
   0.00003
   0.00006
   0.00012
   0.00009
   0.00001
   0.00001
   0.00002
   0.00005
   0.00004
   0.00004
   0.00003
   0.00003
   0.00003
   0.00002
   0.00002
   0.00002
   0.00000
   0.00001
   0.00001
   0.00001
   0.00001
   0.00001
   0.00001
   0.00001
   0.00001
   0.00001
   0.00001
   0.00001
   0.00001
   0.00001
   0.00001
   0.00001
   0.00001
   0.00001
   0.00001
   0.00001
   0.00001
   0.00001
   0.00001
   0.00001
   0.00001
   0.00001
   0.00001
   0.00001
   0.00001
   0.00001
   0.00001
   0.00001
   0.00002
   0.00003
   0.00006
   0.00005
   0.00004
   0.00002
   0.00002
   0.00002
   0.00002
   0.00002
   0.00002
   0.00002
   0.00001
   0.00001
   0.00001
   0.00001
   0.00001
   0.00001
   0.00004
   0.00003
   0.00003
   0.00003
   0.00003
   0.00002
   0.00002
   0.00002
   0.00002
   0.00002
   0.00002
   0.00002
   0.00002
   0.00002
   0.00002
   0.00001
   0.00001
   0.00001
   0.00001
   0.00001
   0.00001
   0.00001
   0.00001
   0.00001
   0.00001
   0.00001
   0.00001
   0.00001
   0.00001
   0.00001
   0.00001
   0.00001
   0.00001
   0.00001
   0.00002
   0.00003
   0.00003
   0.00003
   0.00002
   0.00002
   0.00002
   0.00002
   0.00001
   0.00001
   0.00001
   0.00001
   0.00001
   0.00001
   0.00001
   0.00001
   0.00001
   0.00001
   0.00000
   0.00000
   0.00000
   0.00000
   0.00000
   0.00000
   0.00000
   0.00000
   0.00000
   0.00000
   0.00000
   0.00000
   0.00000
   0.00000
   0.00000
   0.00000
   0.00000
   0.00000
   0.00000
   0.00000
   0.00000
   0.00000
   0.00000
   0.00000
   0.00000
   0.00000
   0.00000
   0.00000
   0.00000
   0.00000
   0.00000
   0.00000
   0.00000
   0.00000
   0.00000
   0.00000
   0.00000
   0.00000
   0.00000
   0.00000
   0.00001
   0.00001
   0.00001
   0.00001
   0.00001
   0.00001
   0.00001
   0.00001
   0.00000
   0.00000
   0.00000
   0.00000
   0.00000
   0.00000
   0.00000
   0.00000
   0.00000
   0.00000
   0.00000
   0.00000
   0.00000
   0.00000
   0.00000
   0.00000
   0.00000
   0.00000
