   0.69032
   0.68931
   0.68927
   0.68920
   0.68903
   0.68885
   0.68870
   0.68854
   0.68829
   0.68813
   0.68790
   0.68781
   0.68760
   0.68740
   0.68721
   0.68708
   0.68695
   0.68680
   0.68693
   0.68655
   0.68635
   0.68618
   0.68605
   0.68591
   0.68600
   0.68570
   0.68555
   0.68542
   0.68544
   0.68518
   0.68506
   0.68499
   0.68492
   0.68482
   0.68468
   0.68492
   0.68471
   0.68459
   0.68490
   0.68604
   0.68465
   0.68458
   0.68452
   0.68448
   0.68444
   0.68435
   0.68421
   0.68639
   0.68373
   0.68370
   0.68318
   0.68291
   0.68251
   0.68181
   0.68132
   0.69144
   0.68495
   0.68307
   0.68234
   0.68207
   0.68222
   0.68299
   0.68440
   0.68622
   0.68849
   0.69147
   0.69482
   0.69766
   0.70095
   0.70332
   0.70504
   0.70549
   0.70397
   0.70228
   0.69866
   0.69366
   0.68843
   0.68194
   0.67395
   0.66501
   0.65662
   0.64710
   0.63757
   0.62766
   0.61792
   0.60879
   0.59996
   0.59139
   0.58336
   0.57597
   0.56904
   0.56268
   0.55670
   0.55120
   0.54591
   0.54086
   0.53592
   0.53101
   0.52618
   0.52130
   0.51641
   0.51144
   0.50657
   0.50191
   0.49690
   0.49227
   0.48741
   0.48272
   0.47808
   0.47361
   0.46920
   0.46494
   0.46083
   0.45685
   0.45301
   0.44923
   0.44562
   0.44203
   0.43855
   0.43516
   0.43173
   0.42835
   0.42493
   0.42153
   0.41807
   0.41461
   0.41114
   0.40766
   0.40422
   0.40076
   0.39729
   0.39386
   0.39045
   0.38703
   0.38368
   0.38035
   0.37704
   0.37371
   0.37044
   0.36724
   0.36408
   0.36090
   0.35775
   0.35460
   0.35151
   0.34840
   0.34537
   0.34233
   0.33930
   0.33627
   0.33325
   0.33023
   0.32723
   0.32425
   0.32126
   0.31829
   0.31532
   0.31235
   0.30936
   0.30642
   0.30353
   0.30053
   0.29760
   0.29466
   0.29175
   0.28888
   0.28606
   0.28319
   0.28037
   0.27747
   0.27463
   0.27179
   0.26892
   0.26614
   0.26333
   0.26051
   0.25776
   0.25501
   0.25227
   0.24958
   0.24684
   0.24414
   0.24138
   0.23873
   0.23605
   0.23342
   0.23083
   0.22820
   0.22561
   0.22298
   0.22041
   0.21788
   0.21529
   0.21282
   0.21027
   0.20777
   0.20527
   0.20271
   0.20034
   0.19776
   0.19539
   0.19281
   0.19045
   0.18808
   0.18559
   0.18327
   0.18091
   0.17856
   0.17625
   0.17393
   0.17160
   0.16941
   0.16723
   0.16499
   0.16278
   0.16060
   0.15840
   0.15630
   0.15414
   0.15204
   0.14996
   0.14791
   0.14586
   0.14380
   0.14182
   0.13980
   0.13782
   0.13585
   0.13390
   0.13196
   0.13002
   0.12810
   0.12620
   0.12427
   0.12240
   0.12054
   0.11867
   0.11681
   0.11495
   0.11311
   0.11123
   0.10944
   0.10760
   0.10594
   0.10419
   0.10214
   0.10040
   0.09858
   0.09684
   0.09504
   0.09328
   0.09151
   0.08980
   0.08802
   0.08654
   0.08483
   0.08308
   0.08139
   0.07961
   0.07793
   0.07626
   0.07453
   0.07270
   0.07116
   0.06955
   0.06771
   0.06640
   0.06463
   0.06279
   0.06115
   0.06014
   0.05808
   0.05697
   0.05508
   0.05395
   0.05213
   0.05068
   0.04924
   0.04820
   0.04652
   0.04516
   0.04384
   0.04257
   0.04131
   0.04009
   0.03890
   0.03773
   0.03661
   0.03550
   0.03443
   0.03352
   0.03240
   0.03153
   0.03046
   0.02964
   0.02867
   0.02789
   0.02699
   0.02626
   0.02543
   0.02475
   0.02398
   0.02334
   0.02263
   0.02203
   0.02138
   0.02081
   0.02023
   0.01968
   0.01914
   0.01864
   0.01814
   0.01767
   0.01721
   0.01677
   0.01634
   0.01593
   0.01554
   0.01515
   0.01479
   0.01443
   0.01409
   0.01376
   0.01344
   0.01312
   0.01282
   0.01252
   0.01222
   0.01193
   0.01165
   0.01136
   0.01108
   0.01080
   0.01052
   0.01025
   0.00998
   0.00973
   0.00948
   0.00925
   0.00904
   0.00883
   0.00863
   0.00845
   0.00826
   0.00807
   0.00788
   0.00769
   0.00750
   0.00733
   0.00716
   0.00699
   0.00684
   0.00671
   0.00663
   0.00657
   0.00643
   0.00630
   0.00676
   0.00702
   0.00613
   0.00550
   0.00547
   0.00528
   0.00593
   0.00557
   0.00572
   0.00733
   0.00781
   0.04202
   0.00811
   0.00560
   0.02076
   0.00604
   0.00566
   0.00697
   0.00723
   0.00726
   0.00714
   0.00688
   0.00646
   0.00570
   0.00494
   0.01550
   0.00928
   0.00824
   0.00790
   0.00768
   0.00749
   0.00731
   0.00713
   0.00695
   0.00677
   0.00659
   0.00642
   0.00625
   0.00609
   0.00593
   0.00578
   0.00564
   0.00550
   0.00537
   0.00525
   0.00514
   0.00504
   0.00495
   0.00487
   0.00480
   0.00474
   0.00470
   0.00467
   0.00464
   0.00462
   0.00461
   0.00455
   0.00267
   0.00534
   0.01003
   0.00309
   0.10560
   0.00651
   0.00638
   0.00578
   0.00566
   0.00552
   0.00537
   0.00523
   0.00509
   0.00495
   0.00482
   0.00469
   0.00457
   0.00446
   0.00435
   0.00424
   0.00413
   0.00402
   0.00392
   0.00382
   0.00372
   0.00362
   0.00351
   0.00341
   0.00330
   0.00319
   0.00307
   0.00296
   0.00282
   0.00268
   0.00254
   0.00238
   0.00222
   0.00203
   0.00185
   0.00167
   0.00158
   0.00153
   0.00150
   0.00147
   0.00143
   0.00140
   0.00137
   0.00135
   0.00132
   0.00129
   0.00126
   0.00124
   0.00121
   0.00119
   0.00117
   0.00114
   0.00113
   0.00110
   0.00108
   0.00106
   0.00104
   0.00102
   0.00101
   0.00099
   0.00097
   0.00095
   0.00094
   0.00092
   0.00090
   0.00089
   0.00087
   0.00086
   0.00084
   0.00083
   0.00082
   0.00080
   0.00079
   0.00078
   0.00077
   0.00077
   0.00076
   0.00075
   0.00075
   0.00072
   0.00068
   0.00073
