   0.70270
   0.75372
   0.74585
   0.74395
   0.74123
   0.74164
   0.74016
   0.73922
   0.73849
   0.73945
   0.73884
   0.69166
   0.72591
   0.72054
   0.72027
   0.72009
   0.71812
   0.72007
   0.71926
   0.71567
   0.71537
   0.71262
   0.70903
   0.70501
   0.69874
   0.69118
   0.68883
   0.68660
   0.68133
   0.67692
   0.63774
   0.63583
   0.66619
   0.65708
   0.65277
   0.64800
   0.64381
   0.63839
   0.63291
   0.62566
   0.61851
   0.61276
   0.60587
   0.59854
   0.59025
   0.57923
   0.57265
   0.56717
   0.56197
   0.55614
   0.54906
   0.54147
   0.53358
   0.52549
   0.51787
   0.51065
   0.50443
   0.49966
   0.49540
   0.49168
   0.48761
   0.48222
   0.47500
   0.46199
   0.44820
   0.43527
   0.42322
   0.41248
   0.40276
   0.39364
   0.38515
   0.37720
   0.36941
   0.36198
   0.35494
   0.34789
   0.34123
   0.33478
   0.32857
   0.32259
   0.31699
   0.31107
   0.30556
   0.30036
   0.29520
   0.29026
   0.28559
   0.28102
   0.27639
   0.27218
   0.26825
   0.26403
   0.26001
   0.25603
   0.25264
   0.24914
   0.24487
   0.24196
   0.23826
   0.23523
   0.23199
   0.22801
   0.22586
   0.22312
   0.21992
   0.21623
   0.21291
   0.20969
   0.20589
   0.20167
   0.19897
   0.19519
   0.19148
   0.18778
   0.18443
   0.18002
   0.17666
   0.17274
   0.16986
   0.16592
   0.16170
   0.15822
   0.15489
   0.15183
   0.14887
   0.14573
   0.14249
   0.13967
   0.13664
   0.13509
   0.13187
   0.12955
   0.12774
   0.12566
   0.12459
   0.12261
   0.12192
   0.12182
   0.12157
   0.12169
   0.12351
   0.12218
   0.12397
   0.12393
   0.12753
   0.12908
   0.13178
   0.13738
   0.14106
   0.14777
   0.15615
   0.16587
   0.17319
   0.17938
   0.17880
   0.16344
   0.13138
   0.09843
   0.07060
   0.07563
   0.07804
   0.07888
   0.07930
   0.08054
   0.08328
   0.08474
   0.08543
   0.08238
   0.08240
   0.07905
   0.07211
   0.06604
   0.06854
   0.06450
   0.05971
   0.04084
   0.03704
   0.05261
   0.03020
   0.07998
   0.06527
   0.04195
   0.03363
   0.06559
   0.03051
   0.05815
   0.02193
   0.06881
   0.04007
   0.04341
   0.03961
   0.04437
   0.03141
   0.04851
   0.02360
   0.04077
   0.03305
   0.02792
   0.02653
   0.02408
   0.02275
   0.01969
   0.01869
   0.02471
   0.05775
   0.03535
   0.03144
   0.09609
   0.06248
   0.09132
   0.02421
   0.02398
   0.06925
   0.05273
   0.03207
   0.03208
   0.01922
   0.03516
   0.02033
   0.02944
   0.15841
   0.00725
   0.02384
   0.01393
   0.01513
   0.01441
   0.01411
   0.01372
   0.01338
   0.01367
   0.01617
   0.07501
   0.00623
   0.02228
   0.00752
   0.00741
   0.00759
   0.00773
   0.00782
   0.00784
   0.00784
   0.00779
   0.00774
   0.00765
   0.00756
   0.00754
   0.00747
   0.00748
   0.00751
   0.00763
   0.00786
   0.00843
   0.00949
   0.01153
   0.00933
   0.00743
   0.02865
   0.08878
   0.00934
   0.00905
   0.00883
   0.17683
   0.00485
   0.00765
   0.00802
   0.00751
   0.00697
   0.00780
   0.00737
   0.00735
   0.00688
   0.00647
   0.00587
   0.00518
   0.00451
   0.00402
   0.00371
   0.00350
   0.00334
   0.00321
   0.00309
   0.00299
   0.00290
   0.00281
   0.00273
   0.00266
   0.00259
   0.00252
   0.00246
   0.00241
   0.00234
   0.00228
   0.00223
   0.00218
   0.00213
   0.00208
   0.00203
   0.00198
   0.00194
   0.00189
   0.00185
   0.00181
   0.00176
   0.00172
   0.00168
   0.00165
   0.00162
   0.00161
   0.00170
   0.00287
   1.95089
   0.12355
   0.10332
   0.08010
   0.07021
   0.06241
   0.05680
   0.05281
   0.04897
   0.04578
   0.04233
   0.03934
   0.03646
   0.03404
   0.03185
   0.02994
   0.02823
   0.02666
   0.02530
   0.02405
   0.02289
   0.02185
   0.02081
   0.01983
   0.01809
   0.01716
   0.01639
   0.01566
   0.01496
   0.01427
   0.01363
   0.01293
   0.01203
   0.01117
   0.01027
   0.00927
   0.00820
   1.24633
   0.01183
   0.00900
   0.00905
   0.00872
   0.00852
   0.00833
   0.00817
   0.00804
   0.00793
   0.00784
   0.00774
   0.00762
   0.00750
   0.00738
   0.00725
   0.00712
   0.00699
   0.00686
   0.00672
   0.00659
   0.00646
   0.00634
   0.00633
   0.02754
   0.03828
   0.03980
   0.04046
   0.03883
   0.03788
   0.03598
   0.03525
   0.03398
   0.03303
   0.03188
   0.03023
   0.02037
   0.00883
   0.02694
   0.01258
   0.00973
   0.00596
   0.00429
   0.00413
   0.00415
   0.00436
   0.00515
   0.00858
   0.00871
   0.00853
   0.00805
   0.00765
   0.00724
   0.00687
   0.00651
   0.00617
   0.00584
   0.00554
   0.00527
   0.00502
   0.00478
   0.00457
   0.00437
   0.00419
   0.00401
   0.00384
   0.00368
   0.00354
   0.00341
   0.00328
   0.00309
   0.00300
   0.00291
   0.00282
   0.00273
   0.00266
   0.00259
   0.00252
   0.00246
   0.00239
   0.00233
   0.00227
   0.00221
   0.00215
   0.00209
   0.00203
   0.00197
   0.00191
   0.00185
   0.00179
   0.00173
   0.00167
   0.00162
   0.00156
   0.00148
   0.00141
   0.00271
   0.00133
   0.00284
   0.00163
   0.00276
   0.00153
   0.00237
   0.00236
   0.00228
   0.00209
   0.00171
   0.00157
   0.52962
   0.00837
   0.00509
   0.00386
   0.00311
   0.00272
   0.00241
   0.00225
   0.00207
   0.00194
   0.00180
   0.00169
   0.00159
   0.00152
   0.00151
   0.00152
   0.00149
   0.00149
   0.00145
   0.00145
   0.00140
   0.00138
   0.00133
   0.00127
   0.00124
   0.00118
   0.00113
   0.00109
   0.00107
   0.00103
   0.00100
   0.00103
   0.00229
   0.00350
   0.00330
   0.00331
   0.00307
   0.00315
   0.00294
   0.00290
   0.00277
   0.00268
   0.00258
   0.00249
   0.00239
