   0.65720
   0.63670
   0.64053
   0.64226
   0.64352
   0.64487
   0.64405
   0.64294
   0.64162
   0.64077
   0.64103
   0.64170
   0.63822
   0.63860
   0.64025
   0.63781
   0.63680
   0.63587
   0.63544
   0.63494
   0.63455
   0.63550
   0.63656
   0.63733
   0.63699
   0.63632
   0.63397
   0.63415
   0.62635
   0.62954
   0.62856
   0.63034
   0.62587
   0.62380
   0.61939
   0.62026
   0.61721
   0.61236
   0.61281
   0.60711
   0.60507
   0.60302
   0.60114
   0.59954
   0.59853
   0.59818
   0.59857
   0.60065
   0.59841
   0.59464
   0.58949
   0.58603
   0.58535
   0.58642
   0.58554
   0.58073
   0.57110
   0.55877
   0.54676
   0.53604
   0.52703
   0.51945
   0.51280
   0.50691
   0.50155
   0.49652
   0.49171
   0.48706
   0.48249
   0.47798
   0.47347
   0.46895
   0.46441
   0.45982
   0.45519
   0.45050
   0.44573
   0.44089
   0.43597
   0.43104
   0.42590
   0.42068
   0.41540
   0.41003
   0.40452
   0.39897
   0.39327
   0.38744
   0.38153
   0.37552
   0.36938
   0.36323
   0.35705
   0.35074
   0.34439
   0.33803
   0.33167
   0.32536
   0.31911
   0.31294
   0.30693
   0.30106
   0.29538
   0.28990
   0.28466
   0.27964
   0.27486
   0.27032
   0.26601
   0.26191
   0.25797
   0.25422
   0.25059
   0.24702
   0.24358
   0.24014
   0.23674
   0.23332
   0.22984
   0.22632
   0.22271
   0.21904
   0.21534
   0.21138
   0.20734
   0.20339
   0.19920
   0.19491
   0.19048
   0.18573
   0.18097
   0.17603
   0.17077
   0.16561
   0.16033
   0.15492
   0.14931
   0.14385
   0.13815
   0.13237
   0.12662
   0.12098
   0.11539
   0.10996
   0.10465
   0.09948
   0.09453
   0.08973
   0.08519
   0.08084
   0.07672
   0.07280
   0.06912
   0.06564
   0.06238
   0.05933
   0.05648
   0.05382
   0.05134
   0.04903
   0.04690
   0.04491
   0.04307
   0.04137
   0.03979
   0.03833
   0.03697
   0.03572
   0.03455
   0.03349
   0.03249
   0.03158
   0.03072
   0.02995
   0.02924
   0.02862
   0.02808
   0.02759
   0.02724
   0.02699
   0.02683
   0.02681
   0.02687
   0.02707
   0.02733
   0.02763
   0.02788
   0.02801
   0.02790
   0.02739
   0.02634
   0.02463
   0.02252
   0.02072
   0.01964
   0.01867
   0.01766
   0.02207
   0.01418
   0.00479
   0.01266
   0.00768
   0.00402
   0.00460
   0.00344
   0.02134
   0.05599
   0.06485
   0.08381
   0.06682
   0.03875
   0.00273
   0.00246
   0.02135
   0.02081
   0.00228
   0.00226
   0.00233
   0.00218
   0.00220
   0.00206
   0.00200
   0.00198
   0.00180
   0.00180
   0.00166
   0.00155
   0.00145
   0.00159
   0.00732
   0.00284
   0.00751
   0.01293
   0.00562
   0.01496
   0.00660
   0.00820
   0.01048
   0.00669
   0.00364
   0.00198
   0.00254
   0.00513
   0.01201
   0.00998
   0.56563
   0.00147
   0.00552
   0.00558
   0.00542
   0.00522
   0.00504
   0.00491
   0.00359
   0.00192
   0.00205
   0.00894
   0.00153
   0.00154
   0.00149
   0.00145
   0.00146
   0.00169
   0.00267
   0.00244
   0.00286
   0.00727
   0.00213
   0.00473
   0.00098
   0.00328
   0.00123
   0.00074
   0.00264
   0.00253
   0.00234
   0.00124
   0.00136
   0.00083
   0.00428
   0.00822
   0.00879
   0.00276
   0.00226
   0.00078
   0.00272
   0.00065
   0.00093
   0.00248
   0.00190
   0.00188
   0.00183
   0.00176
   0.00168
   0.00160
   0.00154
   0.00142
   0.00047
   0.00685
   0.00083
   0.00067
   0.00109
   0.00121
   0.00130
   0.00140
   0.00148
   0.00155
   0.00160
   0.00162
   0.00162
   0.00159
   0.00153
   0.00146
   0.00139
   0.00131
   0.00123
   0.00116
   0.00106
   0.00071
   0.00032
   0.00126
   0.00605
   0.00278
   0.00023
   0.00438
   0.00283
   0.00023
   0.00038
   0.00020
   0.00300
   0.00076
   0.00038
   0.00037
   0.00038
   0.00038
   0.00037
   0.00036
   0.00035
   0.00033
   0.00032
   0.00033
   0.00036
   0.00040
   0.00047
   0.00053
   0.00058
   0.00063
   0.00067
   0.00070
   0.00074
   0.00076
   0.00077
   0.00077
   0.00076
   0.00073
   0.00070
   0.00067
   0.00063
   0.00059
   0.00056
   0.00051
   0.00042
   0.00015
   0.00031
   0.00018
   0.00047
   0.00048
   0.00051
   0.00049
   0.00028
   0.00011
   0.00021
   0.00010
   0.00011
   0.00009
   0.00014
   0.00009
   0.00019
   0.00036
   0.00014
   0.00046
   0.00013
   0.00033
   0.00016
   0.00018
   0.00015
   0.00016
   0.00019
   0.00020
   0.00031
   0.01210
   0.00942
   0.00805
   0.00712
   0.00624
   0.00552
   0.00504
   0.00477
   0.00436
   0.00377
   0.00349
   0.00343
   0.00328
   0.00315
   0.00303
   0.00292
   0.00282
   0.00273
   0.00264
   0.00257
   0.00250
   0.00244
   0.00241
   0.00239
   0.00240
   0.00243
   0.00250
   0.00260
   0.00275
   0.00292
   0.00310
   0.00324
   0.00333
   0.00327
   0.00301
   0.00277
   0.03312
   0.01838
   0.01518
   0.01406
   0.01207
   0.01176
   0.01249
   0.01430
   0.01782
   0.02220
   0.02272
   0.02299
   0.02313
   0.02286
   0.02172
   0.01984
   0.01731
   0.01473
   0.01369
   0.01119
   0.00989
   0.00894
   0.00831
   0.00771
   0.00500
   0.00399
   0.00413
   0.00412
   0.00404
   0.00378
   0.00360
   0.00342
   0.00324
   0.00307
   0.00293
   0.00278
   0.00264
   0.00249
   0.00235
   0.00221
   0.00207
   0.00193
   0.00180
   0.00166
   0.00153
   0.00141
   0.00129
   0.00118
   0.00107
   0.00099
   0.00091
   0.00084
   0.00077
   0.00072
   0.00067
   0.00062
   0.00058
   0.00054
   0.00051
   0.00048
   0.00046
   0.00043
   0.00041
   0.00039
   0.00037
   0.00035
   0.00033
   0.00032
   0.00030
   0.00028
   0.00027
   0.00025
   0.00023
   0.00022
