   0.70186
   0.70156
   0.70022
   0.70002
   0.69847
   0.70420
   0.70702
   0.70973
   0.71103
   0.71198
   0.71188
   0.71199
   0.71136
   0.71075
   0.70974
   0.70866
   0.70690
   0.70554
   0.70417
   0.70229
   0.70014
   0.69868
   0.69705
   0.69506
   0.69334
   0.69156
   0.68984
   0.68824
   0.68687
   0.68550
   0.68438
   0.68343
   0.68254
   0.68148
   0.68046
   0.67949
   0.67799
   0.67614
   0.67436
   0.67279
   0.67149
   0.67040
   0.66932
   0.66803
   0.66126
   0.65811
   0.65426
   0.64996
   0.64537
   0.64060
   0.63565
   0.63049
   0.62509
   0.61944
   0.61354
   0.60737
   0.60100
   0.59443
   0.58772
   0.58091
   0.57400
   0.56702
   0.56000
   0.55297
   0.54588
   0.53917
   0.53164
   0.52457
   0.51771
   0.51033
   0.50286
   0.49512
   0.48763
   0.47923
   0.47095
   0.46279
   0.45454
   0.44604
   0.43658
   0.42794
   0.41774
   0.40765
   0.39879
   0.38820
   0.37842
   0.36991
   0.36090
   0.35097
   0.34320
   0.33520
   0.32707
   0.31943
   0.31192
   0.30606
   0.29832
   0.29111
   0.28347
   0.27545
   0.26738
   0.25907
   0.25106
   0.24252
   0.23306
   0.22109
   0.21181
   0.20094
   0.19247
   0.18206
   0.17168
   0.16420
   0.15458
   0.14636
   0.13780
   0.12920
   0.12269
   0.11215
   0.10876
   0.10305
   0.09410
   0.09134
   0.08630
   0.08146
   0.07446
   0.07246
   0.06747
   0.06414
   0.06085
   0.05800
   0.05470
   0.05363
   0.05096
   0.04733
   0.04982
   0.04542
   0.03832
   0.04148
   0.03553
   0.04061
   0.03161
   0.08040
   0.04153
   0.09834
   0.10047
   0.06302
   0.02284
   0.02190
   0.02063
   0.03379
   0.03101
   0.01729
   0.05681
   0.01570
   0.02044
   0.04607
   0.04003
   0.04002
   0.03735
   0.01164
   0.01289
   0.02000
   0.04445
   0.03360
   0.01647
   0.04831
   0.01585
   0.03860
   0.10130
   0.04305
   0.02229
   0.01641
   0.01313
   0.04172
   0.04645
   0.03990
   0.01766
   0.02749
   0.02429
   0.01621
   0.01640
   0.02034
   0.01834
   0.01040
   0.00928
   0.02811
   0.01376
   0.01391
   0.03358
   0.02448
   0.00904
   0.02876
   0.02109
   0.02431
   0.01578
   0.01571
   0.00594
   0.01570
   0.00603
   0.00534
   0.01767
   0.01078
   0.01943
   0.01262
   0.00572
   0.00933
   0.02220
   0.00417
   0.00391
   0.00383
   0.00442
   0.01127
   0.01000
   0.00336
   0.01823
   0.00800
   0.00600
   0.00506
   0.00485
   0.00466
   0.00436
   0.00917
   0.03580
   0.00545
   4.05117
   0.05351
   0.03933
   0.03687
   0.03137
   0.02928
   0.02730
   0.02542
   0.02356
   0.02190
   0.02014
   0.01839
   0.01713
   0.01676
   0.01633
   0.01392
   0.01290
   0.01232
   0.01094
   0.00999
   0.00914
   0.01023
   3.44400
   0.01406
   0.01093
   0.01021
   0.01054
   2.90560
   2.01382
   0.08156
   0.02071
   0.01160
   0.00929
   0.00875
   0.00653
   0.01668
   0.01910
   0.01730
   0.01182
   0.01379
   0.01015
   0.00958
   0.00546
   0.00645
   0.00416
   0.00429
   1.13690
   0.00417
   0.00398
   0.00681
   1.11478
   0.00543
   0.00434
   0.00336
   0.00318
   0.00316
   0.00291
   0.02401
   0.00379
   0.00289
   0.00257
   0.00252
   0.00559
   0.00892
   0.00280
   0.00224
   0.00206
   0.00199
   0.00495
   0.00581
   0.18897
   3.88594
   0.01007
   0.00646
   0.00462
   0.00315
   0.00270
   0.00226
   0.01020
   0.00314
   0.00296
   0.00286
   0.00254
   0.00207
   0.00169
   0.00143
   0.00253
   2.18048
   0.00372
   0.00309
   0.00293
   0.00265
   0.00220
   0.00186
   0.00149
   0.00196
   0.00152
   0.00124
   1.44125
   0.01985
   0.02176
   0.85078
   0.00839
   0.00791
   0.00800
   0.01161
   0.00703
   0.00176
   2.67924
   0.00714
   0.00604
   0.00256
   0.00170
   0.00139
   0.00120
   0.42439
   0.00488
   0.00555
   0.00174
   0.00140
   0.00117
   0.01295
   0.00142
   0.00121
   0.00101
   0.00089
   0.12506
   0.01633
   0.49903
   0.00547
   0.00474
   0.00436
   0.00611
   0.02291
   0.00363
   0.51112
   0.00295
   0.00285
   0.00277
   0.00273
   0.00283
   0.00278
   0.00429
   0.00378
   0.00459
   0.00215
   0.00216
   0.00229
   0.00220
   0.00315
   0.00316
   0.00595
   0.00370
   4.51786
   0.01490
   0.00487
   0.00305
   0.00231
   0.00242
   0.00253
   0.00177
   0.00655
   0.00237
   0.01106
   0.00129
   0.00126
   0.00130
   0.00147
   0.00114
   0.00338
   0.14356
   0.03919
   0.02968
   0.03488
   0.03172
   0.02639
   0.03057
   0.02584
   0.02759
   0.02726
   0.02534
   0.02714
   0.02529
   0.02010
   0.02370
   0.02348
   0.02161
   0.02238
   0.02013
   0.01961
   0.01912
   0.01866
   0.01830
   0.01719
   0.08842
   0.01443
   0.01330
   0.01253
   0.01283
   0.01757
   0.01034
   0.00441
   0.00380
   0.00397
   0.00367
   0.00515
   0.00489
   0.00479
   0.00470
   0.00461
   0.00452
   0.00452
   0.00450
   0.00440
   0.00779
   0.00551
   0.00496
   0.00429
   0.00420
   0.00423
   0.00425
   0.00416
   0.09155
   0.00340
   0.00420
   0.00319
   0.00310
   0.00303
   0.00298
   0.00293
   0.00288
   0.00282
   0.00282
   0.00280
   0.00273
   0.00439
   0.00359
   0.00254
   0.00284
   0.00270
   0.00258
   0.00249
   0.00243
   0.00239
   0.00236
   0.00232
   0.00228
   0.00229
   0.00234
   0.00232
   0.00221
   0.00256
   0.00200
   0.00193
   0.00217
   0.70153
   0.57959
   0.05295
   0.01048
   0.00803
   0.00691
   0.00606
   0.00460
   0.00668
   0.00439
   0.00423
   0.01102
   0.01095
   0.04080
   0.02126
   0.01937
   0.02357
   0.03676
   0.02669
   0.02093
   0.01689
   0.01514
   0.01398
