   0.69231
   0.69485
   0.69257
   0.69138
   0.69115
   0.69059
   0.69058
   0.69024
   0.68983
   0.68951
   0.69036
   0.68971
   0.68926
   0.68890
   0.68858
   0.68831
   0.68807
   0.68776
   0.68760
   0.68743
   0.68714
   0.68701
   0.68678
   0.68665
   0.68663
   0.68632
   0.68619
   0.68601
   0.68588
   0.68576
   0.68565
   0.68552
   0.68542
   0.68535
   0.68543
   0.68521
   0.68508
   0.68509
   0.68502
   0.68495
   0.68487
   0.68477
   0.68471
   0.68455
   0.68439
   0.68415
   0.68391
   0.68348
   0.68320
   0.68279
   0.68220
   0.68161
   0.69246
   0.68352
   0.68253
   0.68213
   0.68223
   0.68301
   0.68429
   0.68581
   0.68968
   0.69335
   0.69770
   0.70236
   0.70639
   0.71017
   0.71322
   0.71444
   0.71365
   0.71173
   0.70663
   0.70064
   0.69314
   0.68386
   0.67453
   0.66477
   0.65383
   0.64403
   0.63321
   0.62236
   0.61281
   0.60368
   0.59525
   0.58760
   0.58063
   0.57436
   0.56827
   0.56253
   0.55653
   0.55063
   0.54456
   0.53865
   0.53262
   0.52663
   0.52073
   0.51490
   0.50911
   0.50340
   0.49779
   0.49235
   0.48704
   0.48198
   0.47708
   0.47238
   0.46787
   0.46352
   0.45931
   0.45519
   0.45113
   0.44709
   0.44306
   0.43902
   0.43495
   0.43092
   0.42689
   0.42285
   0.41884
   0.41486
   0.41090
   0.40697
   0.40306
   0.39919
   0.39535
   0.39154
   0.38777
   0.38405
   0.38035
   0.37670
   0.37308
   0.36950
   0.36594
   0.36243
   0.35890
   0.35546
   0.35201
   0.34860
   0.34523
   0.34188
   0.33856
   0.33526
   0.33200
   0.32873
   0.32553
   0.32234
   0.31914
   0.31600
   0.31286
   0.30974
   0.30665
   0.30358
   0.30054
   0.29752
   0.29453
   0.29154
   0.28859
   0.28563
   0.28272
   0.27981
   0.27693
   0.27407
   0.27123
   0.26842
   0.26561
   0.26284
   0.26008
   0.25734
   0.25462
   0.25193
   0.24925
   0.24659
   0.24396
   0.24134
   0.23874
   0.23616
   0.23360
   0.23106
   0.22853
   0.22602
   0.22352
   0.22104
   0.21857
   0.21612
   0.21368
   0.21125
   0.20884
   0.20644
   0.20405
   0.20167
   0.19930
   0.19694
   0.19459
   0.19226
   0.18993
   0.18762
   0.18532
   0.18303
   0.18075
   0.17849
   0.17624
   0.17400
   0.17178
   0.16958
   0.16740
   0.16523
   0.16308
   0.16096
   0.15886
   0.15677
   0.15470
   0.15266
   0.15064
   0.14863
   0.14664
   0.14469
   0.14276
   0.14083
   0.13894
   0.13707
   0.13522
   0.13339
   0.13161
   0.12981
   0.12802
   0.12626
   0.12451
   0.12280
   0.12111
   0.11942
   0.11775
   0.11609
   0.11447
   0.11286
   0.11126
   0.10968
   0.10813
   0.10657
   0.10505
   0.10351
   0.10200
   0.10053
   0.09903
   0.09755
   0.09610
   0.09466
   0.09326
   0.09186
   0.09042
   0.08901
   0.08764
   0.08623
   0.08487
   0.08351
   0.08212
   0.08079
   0.07944
   0.07807
   0.07671
   0.07537
   0.07403
   0.07268
   0.07134
   0.07001
   0.06870
   0.06735
   0.06601
   0.06469
   0.06334
   0.06202
   0.06068
   0.05936
   0.05804
   0.05670
   0.05538
   0.05408
   0.05273
   0.05140
   0.05010
   0.04879
   0.04749
   0.04623
   0.04495
   0.04366
   0.04244
   0.04118
   0.03999
   0.03878
   0.03762
   0.03645
   0.03531
   0.03419
   0.03310
   0.03204
   0.03100
   0.02999
   0.02900
   0.02806
   0.02714
   0.02625
   0.02538
   0.02456
   0.02376
   0.02299
   0.02225
   0.02153
   0.02085
   0.02020
   0.01956
   0.01896
   0.01837
   0.01782
   0.01728
   0.01676
   0.01628
   0.01581
   0.01535
   0.01492
   0.01450
   0.01410
   0.01372
   0.01335
   0.01300
   0.01267
   0.01235
   0.01204
   0.01175
   0.01147
   0.01120
   0.01094
   0.01070
   0.01047
   0.01025
   0.01004
   0.00984
   0.00966
   0.00948
   0.00931
   0.00916
   0.00901
   0.00887
   0.00875
   0.00863
   0.00852
   0.00843
   0.00835
   0.00827
   0.00821
   0.00816
   0.00812
   0.00809
   0.00808
   0.00807
   0.00807
   0.00810
   0.00813
   0.00818
   0.00824
   0.00830
   0.00840
   0.00848
   0.00859
   0.00871
   0.00883
   0.00896
   0.00912
   0.00930
   0.00948
   0.00963
   0.00969
   0.00950
   0.00882
   0.00996
   0.00323
   0.00752
   0.01017
   0.00923
   0.00946
   0.00952
   0.00893
   0.00818
   0.00745
   0.00671
   0.00599
   0.00527
   0.00466
   0.00425
   0.00397
   0.00378
   0.00369
   0.00368
   0.00376
   0.00399
   0.00468
   0.00950
   0.01540
   0.00554
   0.01689
   0.01001
   0.01038
   0.00814
   0.01183
   0.00637
   0.01184
   0.00844
   0.00880
   0.00794
   0.00850
   0.00799
   0.00805
   0.00806
   0.00817
   0.00837
   0.00862
   0.00871
   0.00857
   0.00838
   0.00817
   0.00795
   0.00772
   0.00748
   0.00724
   0.00700
   0.00676
   0.00651
   0.00627
   0.00604
   0.00580
   0.00558
   0.00536
   0.00514
   0.00493
   0.00473
   0.00453
   0.00433
   0.00415
   0.00397
   0.00379
   0.00361
   0.00343
   0.00327
   0.00311
   0.00295
   0.00281
   0.00269
   0.00257
   0.00248
   0.00241
   0.00233
   0.00227
   0.00221
   0.00214
   0.00208
   0.00202
   0.00195
   0.00189
   0.00181
   0.00172
   0.00156
   0.00123
   0.01490
   0.00283
   0.00176
   0.00178
   0.00179
   0.00180
   0.00182
   0.00184
   0.00187
   0.00190
   0.00193
   0.00197
   0.00201
   0.00205
   0.00209
   0.00213
   0.00217
   0.00220
   0.00223
   0.00225
   0.00227
   0.00229
   0.00230
   0.00231
   0.00232
   0.00232
   0.00234
   0.00235
   0.00237
   0.00240
   0.00244
   0.00247
   0.00249
   0.00245
   0.00233
   0.00214
   0.00196
   0.00183
   0.00171
   0.00163
   0.00157
   0.00154
   0.00152
   0.00152
   0.00151
   0.00150
   0.00151
   0.00155
   0.00180
   0.00605
   0.00617
   0.00604
   0.00588
   0.00568
   0.00545
   0.00527
   0.00513
   0.00499
   0.00486
   0.00474
   0.00463
   0.00451
   0.00440
   0.00421
   0.00406
   0.00275
   0.00360
   0.00343
   0.00218
   0.00240
   0.00347
   0.00280
   0.00190
   0.00296
   0.00220
   0.00133
   0.00265
   0.00189
   0.20215
   0.00404
   0.00168
   0.00171
   0.00172
   0.00174
   0.00177
   0.00180
   0.00183
   0.00186
   0.00189
   0.00192
   0.00195
   0.00197
   0.00199
   0.00200
   0.00201
   0.00202
   0.00202
   0.00201
   0.00201
   0.00200
   0.00199
   0.00198
   0.00197
   0.00196
   0.00195
   0.00193
   0.00193
   0.00192
   0.00191
   0.00190
   0.00190
   0.00188
   0.00185
   0.00180
   0.00174
   0.00166
   0.00159
   0.00153
   0.00148
   0.00145
   0.00143
   0.00141
   0.00140
   0.00140
   0.00141
   0.00169
   0.00138
   0.00154
   0.00156
   0.04358
   0.00179
   0.00141
   0.00140
   0.00139
   0.00138
   0.00138
   0.00137
   0.00137
   0.00137
   0.00137
   0.00138
   0.00139
   0.00140
   0.00142
   0.00143
   0.00145
   0.00147
   0.00150
   0.00152
   0.00154
   0.00156
   0.00157
   0.00158
   0.00159
   0.00160
   0.00160
   0.00160
   0.00159
   0.00159
   0.00158
   0.00158
   0.00157
   0.00156
   0.00155
   0.00155
   0.00154
   0.00154
   0.00153
   0.00152
   0.00152
   0.00151
   0.00149
   0.00146
   0.00141
   0.00136
   0.00131
   0.00127
   0.00123
   0.00120
   0.00117
   0.00116
   0.00114
   0.00114
   0.00115
   0.00126
   0.00161
   0.00109
   0.00241
   0.00178
   0.00113
   0.00210
   0.00189
   0.00135
   0.00106
   0.00287
   0.00101
   0.00251
   0.00382
   0.00097
   0.00212
   0.00165
   0.00244
   0.00134
   0.00228
   0.00137
   0.00183
   0.00091
   0.00086
   0.01073
   0.00132
   0.00118
   0.00117
   0.00117
   0.00116
   0.00116
   0.00115
   0.00114
   0.00113
   0.00111
   0.00110
   0.00108
   0.00107
   0.00105
   0.00104
   0.00102
   0.00100
   0.00099
   0.00098
   0.00096
   0.00095
   0.00094
   0.00092
   0.00091
   0.00090
   0.00090
   0.00089
   0.00088
   0.00087
   0.00087
   0.00087
   0.00087
   0.00087
   0.00087
   0.00087
   0.00088
   0.00088
   0.00089
   0.00090
   0.00091
   0.00093
   0.00094
   0.00095
   0.00096
   0.00097
   0.00098
   0.00099
   0.00099
   0.00099
   0.00099
   0.00099
   0.00099
   0.00099
   0.00098
   0.00098
   0.00098
   0.00097
   0.00097
   0.00097
   0.00096
   0.00096
   0.00096
   0.00095
   0.00094
   0.00093
   0.00091
   0.00088
   0.00085
   0.00082
   0.00080
   0.00077
   0.00076
   0.00074
   0.00074
   0.00073
   0.00073
   0.00073
   0.00074
   0.00103
   0.00206
   0.00131
   0.00074
   0.00182
   0.00124
   0.00088
   0.00140
   0.00065
   0.00068
   0.00084
   0.00084
   0.00083
   0.00083
   0.00082
   0.00082
   0.00081
   0.00080
   0.00079
   0.00078
   0.00077
   0.00076
   0.00075
   0.00074
   0.00073
   0.00072
   0.00071
   0.00070
   0.00070
   0.00069
   0.00068
   0.00067
   0.00067
   0.00066
   0.00066
   0.00065
   0.00065
   0.00065
   0.00065
   0.00065
   0.00065
   0.00065
   0.00065
   0.00066
   0.00066
   0.00067
   0.00067
   0.00068
   0.00069
   0.00070
   0.00071
   0.00072
   0.00073
   0.00073
   0.00074
   0.00074
   0.00074
   0.00074
   0.00074
   0.00074
   0.00074
   0.00073
   0.00073
   0.00073
   0.00073
   0.00072
   0.00072
   0.00072
   0.00072
   0.00071
   0.00071
   0.00070
   0.00069
   0.00067
   0.00065
   0.00063
   0.00061
   0.00059
   0.00057
   0.00056
   0.00055
   0.00054
   0.00054
   0.00053
   0.00053
   0.00054
   0.00058
   0.00126
   0.00122
   0.00084
   0.00052
   0.00127
   0.00117
   0.00092
   0.00094
   0.00083
   0.00091
   0.00079
   0.00084
   0.00079
   0.00076
   0.00073
   0.00071
   0.00069
   0.00066
   0.00063
   0.00061
   0.00058
   0.00055
   0.00052
   0.00049
   0.00045
   0.00041
   0.00037
   0.00035
   0.00053
   0.00033
   0.00049
   0.00034
   0.00042
   0.00034
   0.00044
   0.00033
   0.00031
   0.00029
   0.00030
   0.00035
   0.00028
   0.00029
   0.00026
   0.00031
   0.00025
   0.00024
   0.00029
   0.00023
   0.00023
   0.00027
   0.00022
   0.00023
   2.76482
   0.00063
   0.00025
   0.00026
   0.00026
   0.00026
   0.00026
   0.00026
   0.00027
   0.00027
   0.00027
   0.00027
   0.00027
   0.00027
   0.00027
   0.00027
   0.00027
   0.00027
   0.00028
   0.00028
   0.00028
   0.00028
   0.00028
   0.00029
   0.00029
   0.00029
   0.00029
   0.00030
   0.00030
   0.00030
   0.00030
   0.00031
   0.00031
   0.00031
   0.00031
   0.00031
   0.00031
   0.00031
   0.00030
   0.00030
   0.00030
   0.00029
   0.00029
   0.00028
   0.00028
   0.00027
   0.00027
   0.00026
   0.00026
   0.00025
   0.00025
   0.00024
   0.00024
   0.00024
   0.00023
   0.00023
   0.00022
   0.00022
   0.00022
   0.00021
   0.00021
   0.00021
   0.00020
   0.00020
   0.00020
   0.00020
   0.00020
   0.00020
   0.00020
   0.00020
   0.00020
   0.00020
   0.00020
   0.00020
   0.00020
   0.00020
   0.00021
   0.00021
   0.00021
   0.00021
   0.00021
   0.00021
   0.00021
   0.00021
   0.00021
   0.00021
   0.00021
   0.00021
   0.00021
   0.00021
   0.00021
   0.00021
   0.00021
   0.00021
   0.00020
   0.00020
   0.00020
   0.00020
   0.00019
   0.00019
   0.00018
   0.00018
   0.00017
   0.00017
   0.00017
   0.00016
   0.00016
   0.00016
   0.00016
   0.00016
   0.00016
   0.00016
   0.00016
   0.00022
   0.00023
   0.00015
