   0.69313
   0.69966
   0.69606
   0.69589
   0.69537
   0.69455
   0.69403
   0.69334
   0.69264
   0.69197
   0.69130
   0.69059
   0.68987
   0.68912
   0.68839
   0.68759
   0.68686
   0.68603
   0.68515
   0.68419
   0.68325
   0.68234
   0.68133
   0.68036
   0.68002
   0.67669
   0.67609
   0.67523
   0.67410
   0.67300
   0.67185
   0.67079
   0.66957
   0.66843
   0.66728
   0.66606
   0.66484
   0.66370
   0.66254
   0.66143
   0.66815
   0.65949
   0.65802
   0.65713
   0.65627
   0.65528
   0.65451
   0.65391
   0.65306
   0.65267
   0.65240
   0.65203
   0.65227
   0.65532
   0.66411
   0.65878
   0.65666
   0.65719
   0.65857
   0.66139
   0.66423
   0.66843
   0.67372
   0.67976
   0.68711
   0.69503
   0.70316
   0.71093
   0.71764
   0.72179
   0.72382
   0.72508
   0.72585
   0.72703
   0.72837
   0.72906
   0.72958
   0.72894
   0.72766
   0.72501
   0.72224
   0.71857
   0.71395
   0.70977
   0.70573
   0.70183
   0.69652
   0.69191
   0.68718
   0.68277
   0.65645
   0.66044
   0.66240
   0.65852
   0.65303
   0.64732
   0.64268
   0.63725
   0.63206
   0.62632
   0.62090
   0.61507
   0.60935
   0.60386
   0.59791
   0.59307
   0.58731
   0.58145
   0.57550
   0.56946
   0.56350
   0.55749
   0.55152
   0.54526
   0.53907
   0.53273
   0.52636
   0.52005
   0.51375
   0.50760
   0.50117
   0.49484
   0.48856
   0.48217
   0.47598
   0.46934
   0.46345
   0.45748
   0.45106
   0.44521
   0.43928
   0.43377
   0.42825
   0.42303
   0.41785
   0.41282
   0.40815
   0.40377
   0.39962
   0.39569
   0.39199
   0.38856
   0.38523
   0.38206
   0.37902
   0.37611
   0.37320
   0.37060
   0.36814
   0.36607
   0.36389
   0.36225
   0.36083
   0.35961
   0.35891
   0.35809
   0.35806
   0.35784
   0.35820
   0.35858
   0.35853
   0.35899
   0.35872
   0.35852
   0.35774
   0.35711
   0.35586
   0.35409
   0.35271
   0.35050
   0.34837
   0.34650
   0.34461
   0.34232
   0.34031
   0.33812
   0.33571
   0.33348
   0.33134
   0.32907
   0.32685
   0.32433
   0.32194
   0.31969
   0.31690
   0.31519
   0.31131
   0.30986
   0.30579
   0.30421
   0.30068
   0.29927
   0.29567
   0.29447
   0.29036
   0.28870
   0.28503
   0.28361
   0.27928
   0.27781
   0.27399
   0.27299
   0.26909
   0.26809
   0.26382
   0.26322
   0.25889
   0.25842
   0.25435
   0.25388
   0.25103
   0.24838
   0.24598
   0.24360
   0.24112
   0.23871
   0.23614
   0.23367
   0.23122
   0.22879
   0.22592
   0.22307
   0.22020
   0.21778
   0.21512
   0.21297
   0.21034
   0.20783
   0.20506
   0.20252
   0.19838
   0.19472
   0.19095
   0.18994
   0.18524
   0.18410
   0.18011
   0.18007
   0.17595
   0.17413
   0.17148
   0.16778
   0.16535
   0.16440
   0.16113
   0.15884
   0.15591
   0.15409
   0.15159
   0.15019
   0.14718
   0.14470
   0.14282
   0.14010
   0.13835
   0.13574
   0.13347
   0.13161
   0.12899
   0.12619
   0.12399
   0.12226
   0.11969
   0.11671
   0.11470
   0.11285
   0.11043
   0.10879
   0.10692
   0.10465
   0.10261
   0.10060
   0.09880
   0.09674
   0.09484
   0.09337
   0.09130
   0.08943
   0.08719
   0.08569
   0.08378
   0.08217
   0.08055
   0.07890
   0.07742
   0.07527
   0.07438
   0.07219
   0.07094
   0.06900
   0.06777
   0.06603
   0.06470
   0.06280
   0.06131
   0.06040
   0.05888
   0.05737
   0.05676
   0.05518
   0.05422
   0.05327
   0.05198
   0.05096
   0.05010
   0.04889
   0.04824
   0.04623
   0.04632
   0.04466
   0.04347
   0.04156
   0.03933
   0.03771
   0.03574
   0.03473
   0.03302
   0.03250
   0.03145
   0.03226
   0.03036
   0.03100
   0.04766
   0.06523
   0.11385
   0.03025
   0.07781
   0.02909
   0.07141
   0.02888
   0.06899
   0.02861
   0.06728
   0.02825
   0.06523
   0.02841
   0.06215
   0.02852
   0.05741
   0.02913
   0.05232
   0.02988
   0.04726
   0.03093
   0.04264
   0.03249
   0.03849
   0.03376
   0.03620
   0.03395
   0.03472
   0.03372
   0.03365
   0.03382
   0.03268
   0.03223
   0.03168
   0.03137
   0.03066
   0.03024
   0.02966
   0.02884
   0.02817
   0.02780
   0.02740
   0.02682
   0.02615
   0.02516
   0.02461
   0.02386
   0.02353
   0.02271
   0.02196
   0.02154
   0.02102
   0.02056
   0.01968
   0.01912
   0.01863
   0.01821
   0.01766
   0.01698
   0.01692
   0.01642
   0.01598
   0.01531
   0.01492
   0.01468
   0.01431
   0.01394
   0.01374
   0.01338
   0.01305
   0.01271
   0.01250
   0.01218
   0.01191
   0.01168
   0.01147
   0.01122
   0.01099
   0.01075
   0.01058
   0.01040
   0.01020
   0.01004
   0.00985
   0.00971
   0.00958
   0.00942
   0.00929
   0.00918
   0.00903
   0.00895
   0.00887
   0.00874
   0.00863
   0.00859
   0.00849
   0.00845
   0.00837
   0.00829
   0.00822
   0.00813
   0.00807
   0.00804
   0.00792
   0.00792
   0.00773
   0.00782
   0.00770
   0.00770
   0.00761
   0.00763
   0.00754
   0.00757
   0.00742
   0.00743
   0.00744
   0.00736
   0.00730
   0.00729
   0.00724
   0.00718
   0.00722
   0.00720
   0.00719
   0.00719
   0.00713
   0.00706
   0.00720
   0.00705
   0.00709
   0.00718
   0.00717
   0.00703
   0.00721
   0.00706
   0.00724
   0.00712
   0.00733
   0.00723
   0.00728
   0.00721
   0.00745
   0.00758
   0.00708
   0.00770
   0.00694
   0.00798
   0.00753
   0.00789
   0.00781
   0.00826
   0.00673
   0.00828
   0.00837
   0.00616
   0.00591
   0.03371
   0.14045
   0.06325
   0.02513
   0.02632
   0.02475
   0.02414
   0.02312
   0.02050
   0.01756
   0.01525
   0.01430
   0.01400
   0.01389
   0.01384
   0.01378
   0.01379
   0.01381
   0.01383
   0.01387
   0.01392
