   0.41549
   0.41735
   0.42101
   0.42175
   0.42426
   0.42625
   0.43229
   0.43342
   0.43422
   0.43460
   0.43521
   0.43556
   0.43585
   0.43568
   0.43540
   0.43541
   0.43462
   0.43415
   0.43364
   0.43606
   0.43499
   0.43364
   0.42901
   0.43291
   0.42818
   0.42588
   0.42425
   0.42352
   0.42020
   0.41881
   0.41781
   0.41102
   0.41163
   0.40276
   0.40130
   0.40123
   0.39544
   0.39708
   0.39391
   0.39083
   0.38749
   0.37960
   0.37963
   0.40603
   0.38744
   0.39182
   0.39225
   0.39797
   0.40407
   0.41222
   0.41733
   0.42832
   0.45057
   0.45903
   0.46995
   0.48081
   0.49000
   0.49735
   0.50383
   0.50748
   0.50646
   0.50006
   0.48793
   0.47118
   0.45204
   0.43282
   0.41844
   0.40333
   0.39018
   0.38187
   0.37424
   0.36708
   0.36100
   0.35500
   0.34867
   0.34321
   0.33683
   0.32983
   0.32258
   0.31539
   0.30807
   0.30091
   0.29385
   0.28699
   0.28018
   0.27351
   0.26696
   0.26041
   0.25416
   0.24805
   0.24213
   0.23630
   0.23052
   0.22474
   0.21916
   0.21365
   0.20826
   0.20291
   0.19760
   0.19237
   0.18716
   0.18194
   0.17683
   0.17168
   0.16666
   0.16161
   0.15656
   0.15150
   0.14657
   0.14165
   0.13674
   0.13188
   0.12712
   0.12237
   0.11765
   0.11304
   0.10848
   0.10398
   0.09960
   0.09531
   0.09114
   0.08707
   0.08312
   0.07930
   0.07560
   0.07205
   0.06864
   0.06535
   0.06222
   0.05923
   0.05642
   0.05373
   0.05117
   0.04877
   0.04649
   0.04433
   0.04231
   0.04039
   0.03860
   0.03691
   0.03532
   0.03383
   0.03241
   0.03109
   0.02983
   0.02864
   0.02752
   0.02645
   0.02543
   0.02446
   0.02353
   0.02264
   0.02178
   0.02094
   0.02013
   0.01935
   0.01858
   0.01781
   0.01706
   0.01632
   0.01559
   0.01487
   0.01415
   0.01344
   0.01273
   0.01204
   0.01136
   0.01069
   0.01003
   0.00938
   0.00875
   0.00814
   0.00755
   0.00699
   0.00644
   0.00593
   0.00544
   0.00498
   0.00454
   0.00414
   0.00376
   0.00341
   0.00309
   0.00279
   0.00253
   0.00229
   0.00208
   0.00190
   0.00174
   0.00161
   0.00150
   0.00141
   0.00133
   0.00127
   0.00121
   0.00116
   0.00111
   0.00106
   0.00101
   0.00096
   0.00091
   0.00086
   0.00082
   0.00077
   0.00073
   0.00068
   0.00064
   0.00060
   0.00056
   0.00052
   0.00049
   0.00046
   0.00042
   0.00040
   0.00037
   0.00034
   0.00032
   0.00030
   0.00028
   0.00026
   0.00024
   0.00022
   0.00021
   0.00019
   0.00017
   0.00022
   0.00025
   0.00027
   0.00028
   0.00030
   0.00028
   0.00059
   0.00077
   0.00088
   0.00090
   0.00086
   0.00086
   0.00086
   0.00084
   0.00082
   0.00080
   0.00078
   0.00076
   0.00075
   0.00074
   0.00073
   0.00073
   0.00072
   0.00071
   0.00070
   0.00068
   0.00072
   0.00125
   0.00131
   0.00152
   0.00067
   0.00018
   0.00012
   0.00013
   0.00010
   0.00010
   0.00009
   0.00010
   0.00008
   0.00010
   0.00008
   0.00009
   0.00009
   0.00009
   0.00010
   0.00011
   0.00010
   0.00007
   0.00009
   0.00009
   0.00010
   0.00008
   0.00008
   0.00008
   0.00007
   0.00009
   0.00008
   0.00008
   0.00007
   0.00007
   0.00006
   0.00005
   0.00004
   0.00004
   0.00005
   0.00005
   0.00005
   0.00005
   0.00005
   0.00005
   0.00005
   0.00006
   0.00661
   0.00042
   0.00030
   0.00024
   0.00021
   0.00021
   0.00022
   0.00025
   0.00022
   0.00017
   0.00017
   0.00017
   0.00016
   0.00015
   0.00012
   0.00011
   0.00010
   0.00011
   0.00023
   0.00008
   0.00010
   0.00017
   0.00009
   0.00009
   0.00009
   0.00008
   0.00008
   0.00009
   0.00011
   0.00012
   0.00014
   0.00013
   0.00012
   0.00011
   0.00010
   0.00008
   0.00050
   0.00270
   0.00174
   0.00125
   0.00093
   0.00074
   0.00062
   0.00055
   0.00051
   0.00047
   0.00043
   0.00040
   0.00036
   0.00032
   0.00031
   0.00016
   0.00042
   0.00038
   0.00034
   0.00030
   0.00029
   0.00029
   0.00029
   0.00029
   0.00027
   0.00026
   0.00024
   0.00023
   0.00746
   0.00077
   0.00061
   0.00050
   0.00041
   0.00036
   0.00033
   0.00032
   0.00031
   0.00029
   0.00027
   0.00025
   0.00026
   0.00260
   0.00061
   0.00051
   0.00044
   0.00038
   0.00032
   0.00028
   0.00025
   0.00023
   0.00023
   0.00023
   0.00022
   0.00020
   0.00018
   0.00040
   0.00012
   0.00011
   0.00011
   0.00010
   0.00009
   0.00010
   0.00011
   0.00011
   0.00010
   0.00010
   0.00009
   0.00086
   0.00016
   0.00016
   0.00015
   0.00014
   0.00014
   0.00014
   0.00013
   0.00013
   0.00012
   0.00012
   0.00011
   0.00010
   0.00010
   0.00009
   0.00008
   0.00008
   0.00008
   0.00009
   0.00009
   0.00008
   0.00008
   0.00008
   0.00009
   0.00012
   0.00012
   0.00011
   0.00011
   0.00010
   0.00010
   0.00009
   0.00009
   0.00009
   0.00008
   0.00008
   0.00007
   0.00007
   0.00006
   0.00006
   0.00006
   0.00007
   0.00007
   0.00006
   0.00006
   0.00006
   0.00042
   0.00009
   0.00009
   0.00008
   0.00008
   0.00008
   0.00007
   0.00007
   0.00007
   0.00007
   0.00006
   0.00006
   0.00006
   0.00002
   0.00006
   0.00006
   0.00006
   0.00006
   0.00005
   0.00005
   0.00005
   0.00005
   0.00005
   0.00004
   0.00004
   0.00001
   0.00008
   0.00008
   0.00008
   0.00007
   0.00007
   0.00007
   0.00006
   0.00006
   0.00006
   0.00009
   0.00007
   0.00007
   0.00007
   0.00006
   0.00006
   0.00006
   0.00006
   0.00005
   0.00005
   0.00005
   0.00005
   0.00005
   0.00005
   0.00005
   0.00004
   0.00004
   0.00004
   0.00004
   0.00004
   0.00004
   0.00003
   0.00003
   0.00003
   0.00003
   0.00003
   0.00003
   0.00003
   0.00281
   0.00127
   0.00103
   0.00085
   0.00071
   0.00060
   0.00051
   0.00044
   0.00039
   0.00035
   0.00032
   0.00029
   0.00026
   0.00023
   0.00020
   0.00018
   0.00017
   0.00018
   0.00017
   0.00015
   0.00014
   0.00013
   0.00012
   0.00012
   0.00012
   0.00010
   0.00009
   0.00026
   0.00024
   0.00022
   0.00020
   0.00019
   0.00017
   0.00017
   0.00016
   0.00015
   0.00014
   0.00013
   0.00012
   0.00012
   0.00011
   0.00010
   0.00009
   0.00009
   0.00008
   0.00008
   0.00008
   0.00016
   0.00006
   0.00006
   0.00006
   0.00006
   0.00006
   0.00006
   0.00005
   0.00005
   0.00005
   0.00005
   0.00005
   0.00005
   0.00005
   0.00005
   0.00005
   0.00005
   0.00005
   0.00004
   0.00004
   0.00004
   0.00004
   0.00004
   0.00004
   0.00007
   0.00250
   0.00205
   0.00171
   0.00148
   0.00131
   0.00119
   0.00110
   0.00100
   0.00091
   0.00052
   0.00049
   0.00045
   0.00042
   0.00038
   0.00035
   0.00032
   0.00030
   0.00027
   0.00025
   0.00024
   0.00007
   0.00019
   0.00019
   0.00018
   0.00016
   0.00015
   0.00014
   0.00014
   0.00013
   0.00012
   0.24015
   0.00202
   0.00154
   0.00121
   0.00097
   0.00081
   0.00154
   0.00063
   0.00055
   0.00050
   0.01404
   0.00045
   0.00042
   0.00040
   0.00037
   0.00035
   0.00032
   0.00030
   0.00028
   0.00198
   0.00026
   0.00024
   0.00023
   0.00021
   0.00020
   0.00020
   0.00017
   0.00018
   0.00017
   0.00016
   0.00016
   0.00016
   0.00015
   0.00025
   0.00044
   0.00041
   0.00039
   0.00037
   0.00035
   0.00033
   0.00031
   0.00030
   0.00028
   0.00027
   0.00025
   0.00023
   0.00022
   0.00020
   0.00019
   0.00018
   0.00017
   0.00017
   0.00016
   0.00015
   0.00013
   0.21170
   0.00052
   0.00048
   0.00044
   0.00040
   0.00037
   0.00034
   0.00032
   0.00030
   0.00028
   0.00026
   0.00024
   0.00023
   0.00021
   0.00019
   0.00018
   0.00016
   0.00015
   0.00014
   0.00014
   0.00013
   0.00012
   0.00012
   0.00011
   0.00009
   0.00241
   0.00731
   0.00458
   0.00349
   0.00285
   0.00243
   0.00199
   0.00157
   0.00146
   0.00139
   0.00131
   0.00328
   0.00107
   0.00125
   0.03223
   0.00077
   0.00073
   0.00071
   0.00072
   0.00075
   0.00078
   0.00077
   0.00070
   0.00085
   0.00195
   0.00048
   0.00047
   0.00045
   0.00046
   0.00048
   0.00050
   0.00053
   0.00052
   0.00048
   0.00058
   0.00088
   0.00035
   0.00034
   0.00033
   0.00032
   0.00030
   0.00030
   0.00030
   0.00031
   0.00034
   0.00036
   0.00037
   0.00034
   0.00033
   0.00052
   0.00031
   0.00029
   0.00027
   0.00014
   0.01718
   0.00021
   0.00021
   0.00022
   0.00022
   0.00021
   0.00021
   0.00020
   0.00019
   0.00018
   0.00018
   0.00019
   0.00021
   0.00022
   0.00022
   0.00021
   0.00019
   0.00021
   0.00028
   0.00017
   0.00017
   0.00009
   0.00002
   0.00011
   0.00010
   0.00010
   0.00011
   0.00011
   0.00012
   0.00013
   0.00013
   0.00012
   0.00011
   0.00012
   0.00008
   0.00006
   0.00009
   0.00005
   0.00005
   0.00005
   0.00005
   0.00006
   0.00006
   0.00006
   0.00006
   0.00006
   0.00006
   0.00006
   0.00005
   0.00005
   0.00005
   0.00005
   0.00006
   0.00006
   0.00007
   0.00007
   0.00007
   0.00007
   0.00006
   0.00006
   0.00006
   0.00005
   0.00004
   0.00349
   0.00060
   0.00056
   0.00052
   0.00049
   0.00045
   0.00042
   0.00039
   0.00036
   0.00033
   0.00031
   0.00029
   0.00027
   0.00025
   0.00024
   0.00022
   0.00021
   0.00020
   0.00018
   0.00016
   0.00015
   0.00013
   0.00012
   0.00012
   0.00011
   0.00011
   0.00011
   0.00010
   0.00010
   0.00009
   0.00008
   0.00007
   0.00007
   0.00006
   0.00005
   0.00035
   0.00005
   0.00005
   0.00004
   0.00004
   0.00004
   0.00004
   0.00004
   0.00004
   0.00004
   0.00004
   0.00004
   0.00004
   0.00004
   0.00004
   0.00004
   0.00004
   0.00004
   0.00004
   0.00004
   0.00004
   0.00004
   0.00004
   0.00003
   0.00003
   0.00003
   0.00003
   0.00003
   0.00003
   0.00003
   0.00003
   0.00003
   0.00003
   0.00003
   0.00003
   0.00003
   0.00003
   0.00002
   0.00002
   0.00032
   0.00002
   0.00002
   0.00002
   0.00002
   0.00002
   0.00002
   0.00002
   0.00002
   0.00002
   0.00002
   0.00002
   0.00002
   0.00002
   0.00002
   0.00002
   0.00002
   0.00002
   0.00002
   0.00002
   0.00002
   0.00002
   0.00002
   0.00002
   0.00002
   0.00002
   0.00002
   0.00001
   0.00001
   0.00001
   0.00001
   0.00001
   0.00001
   0.00001
   0.00001
   0.00002
   0.00002
   0.00002
   0.00001
   0.00001
   0.00001
   0.00001
   0.00001
   0.00001
   0.00942
   0.00172
   0.00162
   0.00152
   0.00142
   0.00129
   0.00118
   0.00121
   0.00167
   0.00205
   0.00200
   0.00171
   0.00145
   0.00126
   0.00107
   0.00097
   0.00100
   0.00101
   0.00099
   0.00093
   0.00085
   0.00078
   0.00079
   0.00094
   0.00064
   0.00069
   0.00071
   0.00070
   0.00066
   0.00063
   0.00059
   0.00057
   0.00061
   0.00082
   0.00105
   0.00110
   0.00104
   0.00095
   0.00085
   0.00074
   0.00064
   0.00062
   0.00061
   0.00058
   0.00053
   0.00047
   0.00045
   0.00138
   0.00022
   0.00023
   0.00024
   0.00025
   0.00027
   0.00029
   0.00031
   0.00032
   0.00031
   0.00030
   0.00028
   0.00027
   0.00027
   0.00031
   0.00042
   0.00057
   0.00064
   0.00063
   0.00059
   0.00053
   0.00048
   0.00042
   0.00039
   0.00036
   0.00033
   0.00029
   0.00026
