   0.71333
   0.72415
   0.73336
   0.72668
   0.74060
   0.74683
   0.73748
   0.74642
   0.74960
   0.73864
   0.74880
   0.73909
   0.73785
   0.73455
   0.72612
   0.72885
   0.73213
   0.73577
   0.73511
   0.73473
   0.72680
   0.72872
   0.73129
   0.73677
   0.73956
   0.73307
   0.73889
   0.74036
   0.73548
   0.74383
   0.74491
   0.74650
   0.74850
   0.74964
   0.75134
   0.75167
   0.75130
   0.75190
   0.74897
   0.74361
   0.73720
   0.72918
   0.72527
   0.72231
   0.72019
   0.71822
   0.71631
   0.71445
   0.71267
   0.71183
   0.71138
   0.71141
   0.71247
   0.71515
   0.71754
   0.72078
   0.72430
   0.72717
   0.73246
   0.73893
   0.74478
   0.75244
   0.75916
   0.76522
   0.77045
   0.77552
   0.77889
   0.78219
   0.78516
   0.78931
   0.79311
   0.79638
   0.79932
   0.80182
   0.80389
   0.80556
   0.80694
   0.80800
   0.80879
   0.80928
   0.80951
   0.80949
   0.80927
   0.80886
   0.80827
   0.80754
   0.80667
   0.80568
   0.80466
   0.80343
   0.80209
   0.80068
   0.79920
   0.79763
   0.79600
   0.79429
   0.79252
   0.79070
   0.78882
   0.78689
   0.78488
   0.78285
   0.78078
   0.77860
   0.77643
   0.77417
   0.77185
   0.76942
   0.76690
   0.76434
   0.76165
   0.75872
   0.75576
   0.75280
   0.74970
   0.74646
   0.74295
   0.73946
   0.73561
   0.73173
   0.72779
   0.72363
   0.71933
   0.71498
   0.71034
   0.70556
   0.70051
   0.69531
   0.68991
   0.68444
   0.67888
   0.67325
   0.66752
   0.66155
   0.65545
   0.64951
   0.64325
   0.63675
   0.63025
   0.62366
   0.61701
   0.61029
   0.60277
   0.59524
   0.58839
   0.58155
   0.57469
   0.56771
   0.56081
   0.55388
   0.54601
   0.53923
   0.53239
   0.52564
   0.51882
   0.51227
   0.50555
   0.49888
   0.49250
   0.48595
   0.47945
   0.47284
   0.46617
   0.45954
   0.45205
   0.44558
   0.43881
   0.43189
   0.42517
   0.41819
   0.41107
   0.40400
   0.39645
   0.39015
   0.38266
   0.37494
   0.36743
   0.35958
   0.35181
   0.34416
   0.33861
   0.33351
   0.32865
   0.32191
   0.31535
   0.30880
   0.30240
   0.29613
   0.29014
   0.28432
   0.27860
   0.27319
   0.26791
   0.26288
   0.25805
   0.25336
   0.24878
   0.24440
   0.24015
   0.23607
   0.23205
   0.22813
   0.22424
   0.22050
   0.21686
   0.21329
   0.20981
   0.20635
   0.20290
   0.19949
   0.19606
   0.19260
   0.18908
   0.18550
   0.18187
   0.17815
   0.17439
   0.17067
   0.16697
   0.16324
   0.15938
   0.15556
   0.15152
   0.14733
   0.14302
   0.13858
   0.13461
   0.13143
   0.12890
   0.12947
   0.13688
   0.15307
   0.17670
   0.19383
   0.20046
   0.20082
   0.19799
   0.19361
   0.18853
   0.18310
   0.17762
   0.17222
   0.16693
   0.16178
   0.15686
   0.15206
   0.14692
   0.14033
   0.13049
   0.11733
   0.10301
   0.08964
   0.07833
   0.06883
   0.06176
   0.05687
   0.05467
   0.05116
   0.04972
   0.04639
   0.04457
   0.04202
   0.03981
   0.03786
   0.03651
   0.03519
   0.03699
   0.03464
   0.03442
   0.05482
   0.08040
   0.05506
   0.04085
   0.02505
   0.01604
   0.01281
   0.01389
   0.01096
   0.01031
   0.01009
   0.00984
   0.00950
   0.00822
   0.00897
   0.04440
   0.01319
   0.01453
   0.01145
   0.00867
   0.00738
   0.00697
   0.00835
   0.00786
   0.01420
   0.00486
   0.87750
   0.85676
   0.00387
   0.00648
   0.00709
   0.00602
   0.00364
   0.00779
   0.00683
   0.00355
   0.00414
   0.00358
   0.00375
   0.00403
   0.00726
   0.00576
   0.00473
   0.00501
   0.00560
   0.00526
   0.00386
   0.00315
   0.00648
   0.00545
   0.00508
   0.00404
   0.00624
   0.00517
   0.00503
   0.00463
   0.00497
   0.00689
   0.00529
   0.00695
   0.00806
   0.01022
   0.00859
   0.00825
   0.00865
   0.00754
   0.00708
   0.00668
   0.00647
   0.00805
   0.00592
   0.00584
   0.00590
   0.00561
   0.00618
   0.00755
   0.00525
   0.00584
   0.00378
   0.00695
   0.00644
   0.00585
   0.00616
   0.00619
   0.00555
   0.00479
   0.00366
   0.00335
   0.00242
   0.00153
   0.00189
   0.00236
   0.00153
   0.00213
   0.07725
   0.00198
   0.00138
   0.00169
   0.00546
   0.00507
   0.00474
   0.00437
   0.00390
   0.00332
   0.00266
   0.00202
   0.00141
   0.00114
   0.00110
   0.00200
   0.33122
   0.00543
   0.00503
   0.00457
   0.00415
   0.00373
   0.00327
   0.00275
   0.00223
   0.00171
   0.00124
   0.00095
   0.00115
   0.00163
   0.00141
   0.00404
   0.00376
   0.00341
   0.00297
   0.00245
   0.00192
   0.00148
   0.00112
   0.00086
   0.00080
   0.00105
   0.00141
   0.00680
   0.00583
   0.00534
   0.00503
   0.00470
   0.00439
   0.00410
   0.00371
   0.00329
   0.00283
   0.00227
   0.00176
   0.00132
   0.00097
   0.01135
   0.00574
   0.00500
   0.00457
   0.00419
   0.00382
   0.00342
   0.00301
   0.00303
   0.00268
   0.00218
   0.00168
   0.00129
   0.02080
   0.01921
   0.01394
   0.01139
   0.01169
   0.01312
   0.01240
   0.01155
   0.00972
   0.00798
   0.00683
   0.00458
   0.00575
   2.75820
   1.23902
   0.78013
   0.69611
   0.69646
   0.70481
   0.71032
   0.71312
   0.71441
   0.71498
   0.71522
   0.71533
   0.71538
   0.71540
   0.71542
   0.71542
   0.71543
   0.71544
   0.71544
   0.71544
   0.71544
   0.71544
   0.71545
   0.71545
   0.71545
   0.71545
   0.71545
   0.71545
   0.71545
   0.71545
   0.71545
   0.71545
   0.71545
   0.71545
   0.71545
   0.71545
   0.71545
   0.71545
   0.71545
   0.71545
   0.71545
   0.71545
   0.71545
   0.71545
   0.71545
   0.71545
   0.71545
   0.71545
   0.71545
   0.71545
   0.71545
   0.71545
   0.71545
   0.71545
