   0.58676
   0.59400
   0.62208
   0.62644
   0.62142
   0.61287
   0.61366
   0.60710
   0.60317
   0.60652
   0.58705
   0.57502
   0.56464
   0.56310
   0.56429
   0.56541
   0.57033
   0.59616
   0.57540
   0.58016
   0.57899
   0.57000
   0.55618
   0.54313
   0.53059
   0.51431
   0.50091
   0.52813
   0.54078
   0.54335
   0.53253
   0.52150
   0.50300
   0.47485
   0.43747
   0.39544
   0.35687
   0.32345
   0.29720
   0.27639
   0.25950
   0.24587
   0.23462
   0.22549
   0.21803
   0.21122
   0.20466
   0.19928
   0.19521
   0.18979
   0.18437
   0.18093
   0.17704
   0.17193
   0.16739
   0.16461
   0.16127
   0.15599
   0.14986
   0.14433
   0.13798
   0.13104
   0.12316
   0.11603
   0.10695
   0.09854
   0.09099
   0.08260
   0.07453
   0.06710
   0.05868
   0.05275
   0.04668
   0.04048
   0.03582
   0.03204
   0.02861
   0.02586
   0.02322
   0.02212
   0.02035
   0.01911
   0.01848
   0.01807
   0.01738
   0.01912
   0.01577
   0.01472
   0.01481
   0.01628
   0.01346
   0.01259
   0.01134
   0.01007
   0.00870
   0.00787
   0.00695
   0.00686
   0.00790
   0.00865
   0.01033
   0.01174
   0.01488
   0.01596
   0.00783
   0.00734
   0.00804
   0.01032
   0.01055
   0.01073
   0.01045
   0.01067
   0.01060
   0.01059
   0.01076
   0.01095
   0.01071
   0.01070
   0.01069
   0.01021
   0.01004
   0.00934
   0.00875
   0.00844
   0.00790
   0.00708
   0.00670
   0.00728
   0.00982
   0.00984
   0.00657
   0.00727
   0.06836
   0.01681
   0.01840
   0.01433
   0.00152
   0.00171
   0.00186
   0.01038
   0.06370
   0.01870
   0.02259
   0.00297
   0.00142
   0.00095
   0.00144
   0.00116
   0.00071
   0.00069
   0.00068
   0.00066
   0.00055
   0.00121
   0.00114
   0.00108
   0.00108
   0.00110
   0.00109
   0.00102
   0.00104
   0.00095
   0.00047
   0.00092
   0.00081
   0.00028
   0.00094
   0.00105
   0.00147
   0.00141
   0.00107
   0.00155
   0.00165
   0.00164
   0.00176
   0.00179
   0.00178
   0.00156
   0.00153
   0.01394
   0.00221
   0.00212
   0.00224
   0.00268
   0.00871
   0.03549
   0.04061
   0.00988
   0.03543
   0.02498
   0.00159
   0.00994
   0.00061
   0.00053
   0.00065
   0.00067
   0.00062
   0.00047
   0.00198
   0.00105
   0.00125
   0.00068
   0.00073
   0.00104
   0.00006
   0.00031
   0.00074
   0.00044
   0.00028
   0.00047
   0.00026
   0.00045
   0.00096
   0.18011
   0.13950
   0.11567
   0.09746
   0.08280
   0.07005
   0.05978
   0.05224
   0.04662
   0.04291
   0.04124
   0.03971
   0.03514
   0.03073
   0.02683
   0.02476
   0.01878
   0.01639
   0.01126
   0.00596
   0.00307
   0.02174
   1.33458
   0.00186
   0.00163
   0.00081
   0.00183
   0.00823
   0.02147
   0.01978
   0.01508
   0.01348
   0.00955
   0.00743
   0.00236
   0.00494
   0.00350
   0.00295
   0.00221
   0.00003
   0.00041
   0.00201
   0.00361
   0.00061
   0.00080
   0.00009
   0.00001
   0.00032
   0.00033
   0.00034
   0.00051
   0.01283
   0.00029
   0.00028
   0.00040
   0.00001
   0.00016
   0.00019
   0.00019
   0.00019
   0.00028
   0.00024
   0.00045
   0.00217
   0.00077
   0.00053
   0.00044
   0.00041
   0.00036
   0.00032
   0.00035
   0.00033
   0.00029
   5.10205
   0.00270
   0.00137
   0.00087
   0.00056
   0.00041
   0.00034
   0.00029
   0.00009
   0.00020
   0.00028
   0.00014
   0.00018
   0.01589
   0.00712
   0.00445
   0.00284
   0.00201
   0.00460
   0.00518
   0.00402
   0.00288
   0.00214
   0.00186
   0.00446
   0.00385
   0.01705
   0.00230
   0.00595
   0.00646
   0.00484
   0.00297
   0.00192
   0.00135
   0.00121
   0.00106
   0.00095
   0.00088
   0.00046
   0.00610
   0.00054
   0.00704
   0.00040
   0.00045
   0.00047
   0.00049
   0.00049
   0.00048
   0.00049
   0.00043
   0.00415
   0.00024
   0.00026
   0.00027
   0.00029
   0.00032
   0.00034
   0.00035
   0.00036
   0.00039
   0.00023
   0.00500
   0.00009
   0.00554
   0.00180
   0.00099
   0.00069
   0.00054
   0.00045
   0.00036
   0.00032
   0.00029
   0.00028
   0.00027
   0.00025
   0.00024
   0.00022
   0.00021
   0.00018
   0.00011
   0.00024
   0.00012
   0.00013
   0.00013
   0.00013
   0.00013
   0.00012
   0.00010
   0.00007
   0.00005
   0.00000
   0.00052
   0.00039
   0.00030
   0.00026
   0.00025
   0.00023
   0.00020
   0.00018
   0.00015
   0.00013
   0.00012
   0.00011
   0.00012
   0.00012
   0.00013
   0.00010
   0.00010
   0.00010
   0.00014
   0.03310
   0.02120
   0.02571
   0.04560
   0.02323
   0.01648
   0.01392
   0.01298
   0.00838
   0.00888
   0.00849
   0.01089
   0.01428
   0.00968
   0.01440
   0.01051
   0.03320
   0.01612
   0.00522
   0.04771
   0.02001
   0.00527
   0.00845
   0.02743
   0.01521
   0.00950
   0.00783
   0.00179
   0.00552
   0.00185
   0.00383
   0.00422
   0.00372
   0.00252
   0.00134
   0.00056
   0.00028
   0.00035
   0.00229
   0.00516
   0.00467
   0.00368
   0.00281
   0.00200
   0.00114
   0.00044
   0.00022
   0.00139
   0.00098
   0.00050
   0.00019
   0.00062
   0.04187
   0.01016
   0.00520
   0.00709
   0.03244
   0.10517
   0.03108
   0.06809
   0.02807
   0.04623
   0.05323
   0.05631
   0.03434
   0.04148
   0.04226
   0.04470
   0.02382
   0.04499
   0.04464
   0.02383
   0.00917
   0.00051
   0.00052
   0.00052
   0.00056
   0.00082
   0.04387
   0.03924
   0.03823
   0.02398
   0.00036
   0.00028
   0.00024
   0.01665
   0.00025
   0.00068
   0.00025
   0.00026
   0.00019
   0.00016
   0.00032
   0.00024
   0.00018
   0.00016
   0.00021
   0.00016
   0.00015
   0.00014
   0.00013
   0.00012
   0.00012
   0.00011
   0.00011
   0.00012
   0.00012
   0.00013
   0.00173
   0.00138
   0.00097
   0.00088
   0.00078
   0.00309
   0.00071
   0.00058
   0.00076
   0.00064
   0.00059
   0.00055
   0.00052
   0.00097
   0.00028
   0.00023
   0.00017
   0.00058
   0.00021
   0.00069
   0.00021
   0.00020
   0.00020
   0.00019
   0.00018
   0.00019
   0.00020
   0.00024
   0.00024
   0.00008
   0.00005
   0.00005
   0.00004
   0.00028
   0.00027
   0.00026
   0.00025
   0.00024
   0.00024
   0.00023
   0.00023
   0.00023
   0.00019
   0.00019
   0.00015
   0.00018
   0.00018
   0.00017
   0.00016
   0.00016
   0.00015
   0.00014
   0.00013
   0.00012
   0.00012
   0.00011
   0.00011
   0.00011
   0.00011
   0.00011
   0.00009
   0.00008
   0.00007
   0.00006
   0.00005
   0.00004
   0.00004
   0.00004
   0.00004
   0.00004
   0.00004
   0.00004
   0.00004
   0.00004
   0.00004
   0.00004
   0.00005
   0.00005
   0.00004
   0.00004
   0.00004
   0.00003
   0.00003
   0.00003
   0.00003
   0.00003
   0.00003
   0.00003
   0.00003
   0.00003
   0.00004
   0.00004
   0.00004
   0.00004
   0.00003
   0.00003
   0.00003
   0.00003
   0.00003
   0.00002
   0.00002
   0.00002
   0.00001
   0.00001
   0.00005
   0.00006
   0.00006
   0.00005
   0.00005
   0.00005
   0.00005
   0.00005
   0.00004
   0.00004
   0.00004
   0.00004
   0.00004
   0.00004
   0.00004
   0.00004
   0.00004
   0.00003
   0.00003
   0.00003
   0.00002
   0.00002
   0.00002
   0.00002
   0.00002
   0.00003
   0.00003
   0.00003
   0.00003
   0.00003
   0.00003
   0.00003
   0.00003
   0.00003
   0.00003
   0.00002
   0.00002
   0.00002
   0.00002
   0.00002
   0.00002
   0.00003
   0.00003
   0.00002
   0.00002
   0.00002
   0.00002
   0.00002
   0.00001
   0.00001
   0.00001
   0.00001
   0.00001
   0.00001
   0.00001
   0.00001
   0.00001
   0.00001
   0.00001
   0.00001
   0.00001
   0.00001
   0.00001
   0.00001
   0.00001
   0.00001
   0.00001
   0.00001
   0.00001
   0.00001
   0.00001
   0.00001
   0.00001
   0.00001
   0.00001
   0.00001
   0.00001
   0.00001
   0.00001
   0.00001
   0.00001
   0.00001
   0.00001
   0.00001
   0.00001
   0.00001
   0.00001
   0.00001
   0.00001
   0.00001
   0.00001
   0.00001
   0.00001
   0.00001
   0.00001
   0.00001
   0.00001
   0.00001
   0.00001
   0.00001
   0.00001
   0.00001
   0.00001
   0.00001
   0.00001
   0.00001
   0.00001
   0.00001
   0.00001
   0.00001
   0.00001
   0.00001
   0.00001
   0.00001
   0.00001
   0.00001
   0.00001
   0.00001
   0.00001
   0.00001
   0.00001
   0.00001
   0.00001
   0.00001
   0.00001
   0.00000
   0.00001
   0.00000
   0.00001
   0.00001
   0.00001
   0.00001
   0.00001
   0.00001
   0.00001
   0.00001
   0.00001
   0.00001
   0.00001
   0.00001
   0.00001
   0.00001
   0.00001
   0.00001
   0.00001
   0.00001
   0.00001
   0.00001
   0.00001
   0.00001
   0.00001
   0.00001
   0.00001
   0.00001
   0.00001
   0.00001
   0.00001
   0.00001
   0.00000
   0.00000
   0.00000
   0.00000
   0.00000
   0.00000
   0.00000
   0.00005
   0.00004
   0.00004
   0.00003
   0.00003
   0.00003
   0.00003
   0.00002
   0.00002
   0.00002
   0.00002
   0.00002
   0.00002
   0.00001
   0.00001
   0.00001
   0.00001
   0.00001
   0.00001
   0.00001
   0.00001
   0.00001
   0.00001
   0.00001
   0.00001
   0.00001
   0.00001
   0.00001
   0.00001
   0.00001
   0.00001
   0.00001
   0.00001
   0.00001
   0.00001
   0.00001
   0.00000
   0.00000
   0.00000
   0.00000
   0.00000
   0.00000
   0.00000
   0.00000
   0.00000
   0.00000
   0.00000
   0.00000
   0.00000
   0.00000
   0.00000
   0.00000
   0.00000
   0.00000
   0.00000
   0.00000
   0.00000
   0.00000
   0.00000
   0.00000
   0.00000
   0.00001
   0.00004
   0.00004
   0.00003
   0.00003
   0.00003
   0.00003
   0.00002
   0.00002
   0.00002
   0.00002
   0.00002
   0.00001
   0.00001
   0.00001
   0.00001
   0.00001
   0.00001
   0.00001
   0.00001
   0.00001
   0.00001
   0.00001
   0.00000
   0.00000
   0.00000
   0.00000
   0.00000
   0.00000
   0.00000
   0.00000
   0.00000
   0.00000
   0.00000
   0.00000
   0.00000
   0.00000
   0.00000
   0.00000
   0.00000
   0.00000
   0.00000
   0.51921
   0.00000
   0.00000
   0.00000
   0.00000
   0.00000
   0.00000
   0.00000
   0.00000
   0.00000
   0.00000
   0.00000
   0.00000
   0.00000
   0.00000
   0.00000
   0.00000
   0.00000
   0.00000
   0.00000
   0.00000
   0.00000
   0.00000
   0.00000
   0.00000
   0.00000
   0.00000
   0.00000
   0.00000
   0.00000
   0.00000
   0.00000
   0.00000
   0.00000
   0.00000
   0.00000
   0.00000
   0.00000
   0.00000
   0.00000
   0.00000
   0.00000
   0.00000
   0.00000
   0.00000
   0.00000
   0.00000
   0.00000
   0.00002
   0.00002
   0.00002
   0.00002
   0.00002
   0.00002
   0.00002
   0.00002
   0.00001
   0.00001
   0.00001
   0.00001
   0.00001
   0.00001
   0.00001
   0.00001
   0.00001
   0.00001
   0.00001
   0.00001
   0.00001
   0.00000
   0.00000
   0.00000
   0.00000
   0.00000
   0.00000
   0.00000
   0.00000
   0.00000
   0.00000
   0.00000
   0.00000
   0.00000
   0.00000
   0.00000
   0.00000
   0.00000
   0.00000
   0.00000
   0.00000
   0.00000
   0.00000
   0.00000
   0.00000
   0.00000
   0.00000
   0.00000
   0.00000
   0.00000
   0.00000
   0.00000
   0.00221
   0.00002
   0.00001
   0.00001
   0.00001
   0.00001
   0.00001
   0.00001
   0.00001
   0.00001
   0.00001
   0.00000
   0.00000
   0.00000
   0.00000
   0.00000
   0.00000
   0.00000
   0.00000
   0.00000
   0.00000
   0.00000
   0.00000
   0.00000
