   0.80423
   0.78500
   0.78299
   0.77329
   0.77441
   0.77202
   0.76297
   0.75873
   0.75496
   0.75057
   0.74703
   0.74387
   0.74177
   0.73884
   0.73663
   0.73492
   0.73454
   0.73127
   0.73053
   0.73001
   0.72893
   0.72975
   0.73204
   0.72747
   0.73040
   0.73217
   0.72953
   0.73332
   0.73496
   0.73195
   0.73615
   0.73746
   0.73573
   0.73831
   0.74165
   0.74500
   0.74474
   0.74505
   0.74411
   0.74472
   0.74521
   0.74427
   0.74297
   0.74032
   0.73552
   0.72870
   0.72996
   0.72339
   0.71962
   0.71064
   0.70284
   0.69385
   0.68518
   0.67623
   0.66668
   0.65818
   0.64123
   0.63558
   0.62879
   0.62007
   0.61447
   0.60792
   0.60031
   0.59215
   0.58365
   0.57493
   0.56608
   0.55764
   0.55022
   0.54396
   0.53860
   0.53318
   0.52678
   0.51931
   0.51157
   0.50400
   0.49669
   0.48953
   0.48236
   0.47535
   0.46858
   0.46196
   0.45578
   0.44974
   0.44409
   0.43854
   0.43305
   0.42780
   0.42256
   0.41750
   0.41247
   0.40748
   0.40253
   0.39743
   0.39236
   0.38708
   0.38182
   0.37628
   0.37086
   0.36498
   0.35902
   0.35281
   0.34665
   0.34030
   0.33396
   0.32764
   0.32146
   0.31543
   0.30930
   0.30347
   0.29810
   0.29219
   0.28686
   0.28156
   0.27712
   0.27223
   0.26700
   0.26243
   0.25828
   0.25396
   0.24977
   0.24654
   0.24191
   0.23856
   0.23472
   0.23217
   0.22776
   0.22526
   0.22123
   0.21943
   0.21500
   0.21258
   0.20903
   0.20750
   0.20307
   0.20050
   0.19838
   0.19509
   0.19331
   0.18983
   0.18684
   0.18512
   0.18158
   0.17988
   0.17771
   0.17354
   0.17241
   0.16821
   0.16552
   0.16436
   0.16043
   0.15775
   0.15704
   0.15279
   0.14991
   0.14771
   0.14495
   0.14283
   0.14006
   0.13793
   0.13529
   0.13403
   0.13069
   0.12883
   0.12766
   0.12461
   0.12257
   0.11981
   0.11821
   0.11600
   0.11437
   0.11280
   0.11058
   0.10883
   0.10691
   0.10527
   0.10373
   0.10202
   0.10052
   0.09930
   0.09758
   0.09670
   0.09513
   0.09400
   0.09166
   0.09156
   0.08962
   0.08826
   0.08774
   0.08624
   0.08506
   0.08398
   0.08284
   0.08170
   0.08029
   0.07939
   0.07823
   0.07714
   0.07598
   0.07516
   0.07433
   0.07355
   0.07207
   0.07088
   0.06954
   0.06829
   0.06714
   0.06465
   0.06424
   0.06315
   0.06118
   0.05974
   0.05822
   0.05679
   0.05425
   0.05337
   0.05279
   0.05063
   0.04873
   0.04802
   0.04503
   0.04636
   0.03782
   0.04603
   0.03146
   0.03686
   0.04516
   0.02669
   0.03172
   0.04368
   0.03467
   0.02984
   0.01507
   0.01109
   0.01369
   0.01081
   0.01391
   0.01066
   0.01129
   0.01145
   0.01141
   0.01102
   0.01098
   0.01055
   0.01051
   0.01012
   0.01006
   0.00972
   0.00963
   0.00931
   0.00920
   0.00887
   0.00884
   0.00841
   0.00839
   0.00811
   0.00806
   0.00782
   0.00777
   0.00750
   0.00752
   0.00728
   0.00706
   0.01248
   0.01003
   0.01273
   0.01233
   0.01168
   0.01110
   0.01049
   0.00993
   0.00943
   0.00898
   0.00857
   0.00822
   0.00789
   0.00760
   0.00733
   0.00707
   0.00683
   0.00660
   0.00638
   0.00618
   0.00599
   0.00581
   0.00565
   0.00551
   0.00544
   0.00604
   0.01189
   0.00617
   0.01070
   0.00632
   0.00998
   0.00849
   0.00937
   0.00945
   0.00904
   0.00881
   0.00851
   0.00823
   0.00798
   0.00775
   0.00754
   0.00734
   0.00714
   0.00696
   0.00678
   0.00661
   0.00643
   0.00626
   0.00606
   0.00592
   0.00576
   0.00561
   0.00543
   0.00526
   0.00507
   0.00490
   0.00472
   0.00455
   0.00439
   0.00423
   0.00406
   0.00390
   0.00372
   0.00349
   0.00320
   0.00292
   0.00291
   0.00269
   0.00262
   0.00247
   0.00240
   0.00233
   0.00231
   0.00232
   0.00234
   0.00231
   0.00230
   0.00225
   0.00232
   0.00127
   0.13795
   0.01162
   0.01405
   0.00865
   0.01457
   0.00707
   0.01493
   0.00614
   0.01492
   0.00463
   0.00873
   0.01426
   0.00437
   0.00594
   0.00820
   0.01236
   0.00410
   0.00447
   0.00511
   0.00594
   0.00770
   0.00862
   0.00645
   0.00786
   0.00658
   0.00683
   0.00642
   0.00607
   0.00571
   0.00535
   0.00498
   0.00465
   0.00430
   0.00394
   0.00366
   0.00352
   0.00343
   0.00336
   0.00329
   0.00323
   0.00317
   0.00312
   0.00308
   0.00305
   0.00302
   0.00300
   0.00298
   0.00298
   0.00297
   0.00296
   0.00295
   0.00294
   0.00292
   0.00290
   0.00287
   0.00283
   0.00279
   0.00275
   0.00269
   0.00263
   0.00256
   0.00249
   0.00241
   0.00231
   0.00221
   0.00211
   0.00200
   0.00191
   0.00182
   0.00175
   0.00169
   0.00164
   0.00159
   0.00154
   0.00150
   0.00147
   0.00144
   0.00140
   0.00137
   0.00133
   0.00129
   0.00126
   0.00122
   0.00119
   0.00116
   0.00112
   0.00109
   0.00106
   0.00103
   0.00101
   0.00098
   0.00095
   0.00093
   0.00090
   0.00088
   0.00085
   0.00083
   0.00081
   0.00078
   0.00076
   0.00074
   0.00072
   0.00070
   0.00068
   0.00066
   0.00064
   0.00062
   0.00061
   0.00059
   0.00057
   0.00056
   0.00054
   0.00052
   0.00051
   0.00050
   0.00048
   0.00047
   0.00046
   0.00044
   0.00043
   0.00042
   0.00041
   0.00040
   0.00040
   0.00077
   0.00036
   0.00035
   0.00035
   0.00056
   0.00033
   0.00048
   0.00030
   0.00031
   0.00029
   0.00035
   0.43311
   0.03121
   0.00033
   0.00027
   0.00027
   0.00027
   0.00027
   0.00027
   0.00027
   0.00027
   0.00027
   0.00027
   0.00027
   0.00027
   0.00027
   0.00027
   0.00027
   0.00027
   0.00027
   0.00027
   0.00027
   0.00027
   0.00027
   0.00027
   0.00027
   0.00027
   0.00027
   0.00027
   0.00027
   0.00027
   0.00027
   0.00028
   0.00028
   0.00028
   0.00028
   0.00029
   0.00029
   0.00030
   0.00030
   0.00031
   0.00032
   0.00033
   0.00034
   0.00035
   0.00036
   0.00037
   0.00039
   0.00041
   0.00042
   0.00044
   0.00045
   0.00047
   0.00048
   0.00050
   0.00051
   0.00052
   0.00054
   0.00055
   0.00057
   0.00060
   0.00064
   0.00067
   0.00062
   0.00055
   0.00049
   0.00033
   0.00038
   0.00023
   0.00054
   0.00146
   0.00313
   0.00088
   0.00127
   0.48213
   0.25880
   0.05416
   0.01444
   0.01095
   0.01261
   0.00594
   0.00540
   0.00502
   0.00477
   0.00456
   0.00437
   0.00421
   0.00408
   0.00395
   0.00384
   0.00372
   0.00363
   0.00353
   0.00344
   0.00335
   0.00327
   0.00319
   0.00311
   0.00304
   0.00296
   0.00289
   0.00282
   0.00276
   0.00269
   0.00263
   0.00257
   0.00251
   0.00245
   0.00239
   0.00234
   0.00229
   0.00223
   0.00218
   0.00213
   0.00208
   0.00204
   0.00199
   0.00194
   0.00190
   0.00186
   0.00182
   0.00178
   0.00174
   0.00170
   0.00166
   0.00162
   0.00159
   0.00155
   0.00152
   0.00148
   0.00145
   0.00142
   0.00138
   0.00135
   0.00132
   0.00129
   0.00126
   0.00123
   0.00121
   0.00118
   0.00115
   0.00112
   0.00110
   0.00107
   0.00105
   0.00102
   0.00100
   0.00098
   0.00096
   0.00093
   0.00091
   0.00089
   0.00087
   0.00085
   0.00083
   0.00081
   0.00079
   0.00077
   0.00076
   0.00074
   0.00072
   0.00070
   0.00068
   0.00066
   0.00065
   0.00063
   0.00061
   0.00059
   0.00058
   0.00056
   0.00054
   0.00053
   0.00051
   0.00050
   0.00049
   0.00047
   0.00046
   0.00044
   0.00043
   0.00042
   0.00041
   0.00040
   0.00038
   0.00037
   0.00036
   0.00035
   0.00034
   0.00033
   0.00032
   0.00031
   0.00030
   0.00029
   0.00028
   0.00027
   0.00027
   0.00026
   0.00025
   0.00024
   0.00024
   0.00023
   0.00022
   0.00022
   0.00021
   0.00020
   0.00020
   0.00019
   0.00018
   0.00018
   0.00017
   0.00017
   0.00016
   0.00016
   0.00015
   0.00015
   0.00014
   0.00014
   0.00014
   0.00013
   0.00013
   0.00012
   0.00012
   0.00012
   0.00011
   0.00011
   0.00011
   0.00010
   0.00010
   0.00010
   0.00009
   0.00009
   0.00009
   0.00008
   0.00008
   0.00008
   0.00008
   0.00007
   0.00007
   0.00007
   0.00007
   0.00007
   0.00006
   0.00006
   0.00006
   0.00006
   0.00006
   0.00005
   0.00005
   0.00005
   0.00005
   0.00005
   0.00005
   0.00004
   0.00004
   0.00004
   0.00004
   0.00004
   0.00004
   0.00004
   0.00003
   0.00003
   0.00003
   0.00003
   0.00003
   0.00003
   0.00003
   0.00003
   0.00003
   0.00003
   0.00002
   0.00002
   0.00002
   0.00002
   0.00002
   0.00002
   0.00002
   0.00002
   0.00002
   0.00002
   0.00002
   0.00002
   0.00002
   0.00002
   0.00002
   0.00002
   0.00001
   0.00001
   0.00001
   0.00001
   0.00001
   0.00001
   0.00001
   0.00001
   0.00001
   0.00001
   0.00001
   0.00001
   0.00001
   0.00001
   0.00001
   0.00001
   0.00001
   0.00001
   0.00001
   0.00001
   0.00001
   0.00001
   0.00001
   0.00001
   0.00001
   0.00001
   0.00001
   0.00001
   0.00001
   0.00001
   0.00001
   0.00001
   0.00001
   0.00001
   0.00001
   0.00001
   0.00001
   0.00001
   0.00000
   0.00000
   0.00000
   0.00000
   0.00000
   0.00000
   0.00000
   0.00000
   0.00000
   0.00000
   0.00000
   0.00000
   0.00000
   0.00000
   0.00000
   0.00000
   0.00000
   0.00000
   0.00000
   0.00000
   0.00000
   0.00000
   0.00000
   0.00000
   0.00000
   0.00000
   0.00000
   0.00000
   0.00000
   0.00000
   0.00000
   0.00000
   0.00000
   0.00000
   0.00000
   0.00000
   0.00000
   0.00000
   0.28912
   0.46779
   0.45614
   0.44876
   0.45281
   0.03265
   0.02266
   0.02083
   0.01995
   0.01922
   0.01857
   0.01799
   0.01744
   0.01692
   0.01644
   0.01596
   0.01550
   0.01507
   0.01465
   0.01425
   0.01386
   0.01347
   0.01311
   0.01275
   0.01241
   0.01208
   0.01176
   0.01146
   0.01116
   0.01087
   0.01060
   0.01033
   0.01008
   0.00983
   0.00960
   0.00937
   0.00916
   0.00895
   0.00875
   0.00856
   0.00838
   0.00821
   0.00804
   0.00788
   0.00773
   0.00758
   0.00744
   0.00730
   0.00716
   0.00703
   0.00690
   0.00677
   0.00664
   0.00651
   0.00638
   0.00626
   0.00614
   0.00602
   0.00591
   0.00580
   0.00568
   0.00558
   0.00548
   0.00539
   0.00529
   0.00520
   0.00511
   0.00504
   0.00496
   0.00488
   0.00481
   0.00474
   0.00467
   0.00459
   0.00452
   0.00444
   0.00437
   0.00429
   0.00420
   0.00412
   0.00402
   0.00393
   0.00383
   0.00373
   0.00363
   0.00353
   0.00343
   0.00333
   0.00323
   0.00313
   0.00303
   0.00294
   0.00284
   0.00275
   0.00266
   0.00257
   0.00249
   0.00241
   0.00233
   0.00225
   0.00217
   0.00210
   0.00203
   0.00196
   0.00190
   0.00183
   0.00177
   0.00172
   0.00166
   0.00161
   0.00155
   0.00150
   0.00145
   0.00141
   0.00136
   0.00132
   0.00128
   0.00124
   0.00120
   0.00116
   0.00112
   0.00109
   0.00105
   0.00102
   0.00099
   0.00096
   0.00093
   0.00090
   0.00087
   0.00084
   0.00082
   0.00079
   0.00077
   0.00074
   0.00072
   0.00070
   0.00068
   0.00065
   0.00063
   0.00061
   0.00060
   0.00058
   0.00056
   0.00054
   0.00053
   0.00051
   0.00049
   0.00048
   0.00046
   0.00045
   0.00044
   0.00042
   0.00041
   0.00040
   0.00039
   0.00038
   0.00037
   0.00036
   0.00035
   0.00034
   0.00033
   0.00032
   0.00031
