   0.79545
   0.80506
   0.80119
   0.79431
   0.79246
   0.78588
   0.78115
   0.77471
   0.76971
   0.76301
   0.75947
   0.75506
   0.75028
   0.74595
   0.74377
   0.71473
   0.76477
   0.75150
   0.74641
   0.74103
   0.73523
   0.73721
   0.74057
   0.73936
   0.74443
   0.73807
   0.73877
   0.74035
   0.74121
   0.74187
   0.74347
   0.74293
   0.74219
   0.74069
   0.73332
   0.71121
   0.67593
   0.69138
   0.64515
   0.63448
   0.62539
   0.62180
   0.62128
   0.59997
   0.59391
   0.59000
   0.58645
   0.57766
   0.57029
   0.56289
   0.55536
   0.54807
   0.54120
   0.53510
   0.52936
   0.52331
   0.51393
   0.50461
   0.49534
   0.48709
   0.47935
   0.47189
   0.46474
   0.45804
   0.45158
   0.44543
   0.43955
   0.43387
   0.42816
   0.42283
   0.41748
   0.41230
   0.40699
   0.40186
   0.39644
   0.39090
   0.38517
   0.37921
   0.37291
   0.36642
   0.35973
   0.35283
   0.34595
   0.33905
   0.33228
   0.32571
   0.31927
   0.31310
   0.30718
   0.30148
   0.29603
   0.29082
   0.28584
   0.28107
   0.27649
   0.27211
   0.26791
   0.26388
   0.26001
   0.25643
   0.25288
   0.24948
   0.24621
   0.24309
   0.24008
   0.23717
   0.23441
   0.23170
   0.22912
   0.22667
   0.22429
   0.22195
   0.21977
   0.21760
   0.21548
   0.21381
   0.21183
   0.20991
   0.20805
   0.20611
   0.20431
   0.20245
   0.20065
   0.19883
   0.19700
   0.19519
   0.19337
   0.19157
   0.18997
   0.18813
   0.18627
   0.18443
   0.18253
   0.18068
   0.17876
   0.17687
   0.17496
   0.17305
   0.17111
   0.16921
   0.16731
   0.16542
   0.16351
   0.16165
   0.15980
   0.15795
   0.15616
   0.15438
   0.15265
   0.15095
   0.14927
   0.14765
   0.14607
   0.14452
   0.14303
   0.14159
   0.14020
   0.13887
   0.13760
   0.13638
   0.13523
   0.13413
   0.13310
   0.13213
   0.13123
   0.13040
   0.12963
   0.12894
   0.12831
   0.12728
   0.12653
   0.12618
   0.12599
   0.12580
   0.12577
   0.12580
   0.12592
   0.12614
   0.12642
   0.12674
   0.12710
   0.12752
   0.12797
   0.12839
   0.12875
   0.12910
   0.12935
   0.12944
   0.12947
   0.12929
   0.12904
   0.12850
   0.12782
   0.12701
   0.12600
   0.12485
   0.12351
   0.12202
   0.12025
   0.11833
   0.11611
   0.11366
   0.11054
   0.10596
   0.09202
   0.06954
   0.06204
   0.01527
   0.01611
   0.01640
   0.01483
   0.01458
   0.01355
   0.01353
   0.01369
   0.01364
   0.01282
   0.01230
   0.01134
   0.01085
   0.01098
   0.01036
   0.01544
   0.01423
   0.01081
   0.01178
   0.00891
   0.01144
   0.02495
   0.01104
   0.04298
   0.04248
   0.04058
   0.03947
   0.03819
   0.03710
   0.03603
   0.03501
   0.03399
   0.03292
   0.03172
   0.03034
   0.02900
   0.02835
   0.02832
   0.02826
   0.02801
   0.02756
   0.02693
   0.02619
   0.02539
   0.02456
   0.02375
   0.02288
   0.02202
   0.02116
   0.02027
   0.01937
   0.01848
   0.01757
   0.01670
   0.01573
   0.01461
   0.01183
   0.01171
   0.01288
   0.01694
   0.00963
   0.07030
   0.00330
   0.00767
   0.00813
   0.00651
   0.00611
   0.00578
   0.00545
   0.00462
   0.00465
   0.00257
   0.00361
   0.00248
   0.00522
   0.00470
   0.00386
   0.00273
   0.00227
   0.00267
   0.00224
   0.00263
   0.00218
   0.00243
   0.00214
   0.00227
   0.00212
   0.00218
   0.00223
   0.00201
   0.00197
   0.00194
   0.00195
   0.00210
   0.00222
   0.00215
   0.00208
   0.00201
   0.00194
   0.00189
   0.00184
   0.00179
   0.00176
   0.00172
   0.00168
   0.00164
   0.00160
   0.00157
   0.00154
   0.00151
   0.00148
   0.00146
   0.00143
   0.00140
   0.00138
   0.00135
   0.00132
   0.00130
   0.00128
   0.00125
   0.00123
   0.00121
   0.00119
   0.00118
   0.00117
   0.00116
   0.00117
   0.00118
   0.00118
   0.00118
   0.00118
   0.00117
   0.00117
   0.00114
   0.00115
   0.00111
   0.00112
   0.00107
   0.00105
   0.00103
   0.00098
   0.00091
   0.00083
   0.00074
   1.20007
   0.07132
   0.05165
   0.04290
   0.03693
   0.03283
   0.02900
   0.02601
   0.02401
   0.02301
   0.02203
   0.02126
   0.02063
   0.02012
   0.01959
   0.01909
   0.01861
   0.01797
   0.01724
   0.01652
   0.01604
   0.01564
   0.01527
   0.01493
   0.01463
   0.01426
   0.01372
   0.01293
   0.01231
   0.01200
   0.01179
   0.01158
   0.01138
   0.01117
   0.01097
   0.01076
   0.01056
   0.01034
   0.01013
   0.00991
   0.00969
   0.00946
   0.00925
   0.00903
   0.00882
   0.00861
   0.00841
   0.00822
   0.00802
   0.00783
   0.00765
   0.00746
   0.00728
   0.00710
   0.00693
   0.00675
   0.00658
   0.00640
   0.00623
   0.00607
   0.00590
   0.00574
   0.00558
   0.00542
   0.00527
   0.00511
   0.00497
   0.00482
   0.00468
   0.00454
   0.00439
   0.00426
   0.00413
   0.00400
   0.00387
   0.00375
   0.00364
   0.00352
   0.00341
   0.00331
   0.00320
   0.00310
   0.00301
   0.00291
   0.00282
   0.00273
   0.00264
   0.00255
   0.00234
   1.06519
   0.03272
   0.02396
   0.01606
   0.01423
   0.01304
   0.01145
   0.01110
   0.01025
   0.01010
   0.00924
   0.00936
   0.00763
   0.00909
   0.00610
   0.00924
   0.00538
   0.00883
   0.00499
   0.00776
   0.00461
   0.00734
   0.00433
   0.00709
   0.00404
   0.00666
   0.00395
   0.00539
   0.00390
   0.00364
   0.00363
   0.00365
   0.00373
   0.00379
   0.00386
   0.00390
   0.00401
   0.00412
   0.00426
   0.00436
   0.00446
   0.00453
   0.00467
   0.00473
   0.00483
   0.00487
   0.00486
   0.00484
   0.00482
   0.00480
   0.00473
   0.00451
   0.00454
   0.00381
   0.00491
   0.00591
   0.00567
   0.00556
   0.00300
   0.01156
