   0.85701
   0.86268
   0.88612
   0.85705
   0.85326
   0.84300
   0.83170
   0.81384
   0.79858
   0.78330
   0.76749
   0.75164
   0.73799
   0.72565
   0.71577
   0.70717
   0.70180
   0.69750
   0.69411
   0.69192
   0.69024
   0.68869
   0.68663
   0.68520
   0.68316
   0.69771
   0.69600
   0.68912
   0.68697
   0.68763
   0.68533
   0.68479
   0.68498
   0.68506
   0.68699
   0.68437
   0.68504
   0.68602
   0.68949
   0.69027
   0.69403
   0.70014
   0.70322
   0.73470
   0.73346
   0.74124
   0.74956
   0.75053
   0.75817
   0.76102
   0.76512
   0.76824
   0.77192
   0.76998
   0.77756
   0.78005
   0.78130
   0.78249
   0.78319
   0.78323
   0.78131
   0.78012
   0.77796
   0.77454
   0.77183
   0.76828
   0.76493
   0.76127
   0.75746
   0.75196
   0.74585
   0.74533
   0.74027
   0.73591
   0.73114
   0.72527
   0.72099
   0.71411
   0.71093
   0.70462
   0.69816
   0.69118
   0.68488
   0.67965
   0.67361
   0.66790
   0.66119
   0.65432
   0.64544
   0.63883
   0.63238
   0.62509
   0.61802
   0.61083
   0.60428
   0.59635
   0.58823
   0.58061
   0.57212
   0.56368
   0.55529
   0.54598
   0.53799
   0.52823
   0.51874
   0.51101
   0.50227
   0.49419
   0.48604
   0.47821
   0.47057
   0.46407
   0.45762
   0.45244
   0.44779
   0.44404
   0.44038
   0.43766
   0.43562
   0.43415
   0.43929
   0.43806
   0.43864
   0.43935
   0.43947
   0.43968
   0.44015
   0.43985
   0.43939
   0.43809
   0.43651
   0.43352
   0.43190
   0.42899
   0.42559
   0.42233
   0.41959
   0.41530
   0.41147
   0.40803
   0.40432
   0.39959
   0.39516
   0.39042
   0.38545
   0.38036
   0.37485
   0.36948
   0.36366
   0.35722
   0.35096
   0.34423
   0.33703
   0.33050
   0.32354
   0.31624
   0.30929
   0.30294
   0.29649
   0.29073
   0.28506
   0.27926
   0.27370
   0.26922
   0.26355
   0.25858
   0.25360
   0.24862
   0.24402
   0.23856
   0.23354
   0.22890
   0.22416
   0.22011
   0.21596
   0.21191
   0.20838
   0.20516
   0.20200
   0.19911
   0.19610
   0.19323
   0.19032
   0.18702
   0.18419
   0.18062
   0.17728
   0.17386
   0.17059
   0.16646
   0.16371
   0.15974
   0.15649
   0.15218
   0.14916
   0.14595
   0.14167
   0.13790
   0.13523
   0.13108
   0.12777
   0.12433
   0.12094
   0.11717
   0.11503
   0.11070
   0.10760
   0.10468
   0.10260
   0.09959
   0.09670
   0.09489
   0.09165
   0.09017
   0.08717
   0.08573
   0.08283
   0.08160
   0.07879
   0.07696
   0.07590
   0.07420
   0.07223
   0.07153
   0.06933
   0.06761
   0.06703
   0.06488
   0.06377
   0.06265
   0.06126
   0.06020
   0.05870
   0.05768
   0.05608
   0.05511
   0.05362
   0.05254
   0.05109
   0.04958
   0.04830
   0.04683
   0.04538
   0.04395
   0.04250
   0.04110
   0.03962
   0.03829
   0.03692
   0.03564
   0.03428
   0.03309
   0.03189
   0.03072
   0.02957
   0.02854
   0.02746
   0.02651
   0.02556
   0.02484
   0.02382
   0.02309
   0.02251
   0.02161
   0.02098
   0.02048
   0.01973
   0.01920
   0.01861
   0.01819
   0.01763
   0.01711
   0.01670
   0.01623
   0.01578
   0.01531
   0.01494
   0.01448
   0.01425
   0.01376
   0.01341
   0.01364
   0.01631
   0.01433
   3.04637
   0.04550
   0.03867
   0.08666
   0.02156
   0.02959
   0.02039
   0.02610
   0.01965
   0.02534
   0.01907
   0.03062
   0.01742
   0.05827
   0.07100
   0.01696
   0.03532
   0.01659
   0.06743
   0.06327
   0.01575
   0.03576
   0.01643
   0.05140
   0.16907
   0.12215
   0.02709
   0.02802
   0.01831
   0.02814
   0.01491
   0.02994
   0.01293
   0.03508
   0.01345
   0.05615
   0.08241
   0.03887
   0.01195
   0.04174
   0.01285
   0.07039
   0.04076
   0.02431
   0.02037
   0.02114
   0.01876
   0.02062
   0.01684
   0.02047
   0.01507
   0.02034
   0.01359
   0.02021
   0.01265
   0.01964
   0.01212
   0.01811
   0.01220
   0.01628
   0.01243
   0.01451
   0.01274
   0.01323
   0.01262
   0.01250
   0.01225
   0.01198
   0.01182
   0.01156
   0.01136
   0.01116
   0.01096
   0.01079
   0.01056
   0.01042
   0.01019
   0.01006
   0.00985
   0.00965
   0.00950
   0.00935
   0.00911
   0.00899
   0.00879
   0.00859
   0.00851
   0.00829
   0.00809
   0.00793
   0.00775
   0.00751
   0.00732
   0.00723
   0.00701
   0.00680
   0.00656
   0.00640
   0.00625
   0.00604
   0.00585
   0.00565
   0.00545
   0.00529
   0.00510
   0.00491
   0.00473
   0.00454
   0.00442
   0.00439
   0.00446
   0.00454
   0.00445
   0.00431
   0.00415
   0.00402
   0.00391
   0.00382
   0.00377
   0.00372
   0.00369
   0.00365
   0.00361
   0.00356
   0.00351
   0.00345
   0.00340
   0.00335
   0.00329
   0.00324
   0.00319
   0.00313
   0.00308
   0.00304
   0.00298
   0.00294
   0.00288
   0.00284
   0.00279
   0.00274
   0.00270
   0.00266
   0.00261
   0.00257
   0.00253
   0.00248
   0.00244
   0.00240
   0.00236
   0.00233
   0.00229
   0.00225
   0.00222
   0.00218
   0.00215
   0.00211
   0.00208
   0.00205
   0.00202
   0.00199
   0.00195
   0.00192
   0.00189
   0.00186
   0.00184
   0.00180
   0.00178
   0.00175
   0.00172
   0.00169
   0.00167
   0.00164
   0.00161
   0.00159
   0.00156
   0.00153
   0.00150
   0.00147
   0.00144
   0.00141
   0.00139
   0.00137
   0.00140
   0.00159
   0.00183
   0.00128
   0.00129
   0.00137
   0.00133
   0.00127
   0.00122
   0.00116
   0.00115
   0.00191
   0.00178
   0.00178
   0.00168
   0.00106
   0.00115
   0.00109
   0.00106
   0.00103
   0.00101
   0.00097
   0.00095
   0.00093
   0.00088
   0.00157
   2.36332
   0.70728
   0.39422
   0.38663
   0.35503
   0.31932
   0.23167
   0.20326
