   0.80704
   0.85292
   0.84238
   0.83524
   0.83079
   0.82827
   0.82074
   0.81583
   0.81544
   0.80897
   0.80392
   0.80119
   0.79735
   0.79450
   0.79163
   0.78947
   0.78708
   0.78493
   0.78289
   0.78354
   0.78068
   0.76928
   0.77738
   0.76923
   0.77572
   0.77018
   0.76813
   0.76496
   0.75901
   0.75229
   0.74791
   0.74361
   0.73766
   0.73136
   0.72637
   0.71952
   0.71065
   0.69859
   0.68975
   0.68014
   0.67085
   0.65841
   0.65137
   0.64090
   0.62936
   0.62000
   0.60352
   0.58245
   0.59236
   0.58474
   0.57768
   0.57306
   0.56794
   0.56272
   0.54454
   0.54573
   0.54734
   0.52594
   0.51794
   0.51154
   0.50403
   0.49918
   0.48235
   0.47399
   0.46525
   0.46045
   0.45445
   0.44721
   0.43796
   0.42851
   0.41956
   0.41094
   0.40251
   0.39436
   0.38660
   0.37923
   0.37204
   0.36510
   0.35849
   0.35229
   0.34639
   0.34062
   0.33517
   0.32990
   0.32487
   0.31969
   0.31490
   0.30983
   0.30445
   0.30085
   0.29575
   0.29111
   0.28838
   0.28397
   0.28040
   0.27634
   0.27196
   0.26822
   0.26425
   0.25982
   0.25615
   0.25211
   0.24831
   0.24569
   0.24036
   0.23504
   0.23304
   0.22810
   0.22392
   0.21792
   0.21523
   0.21208
   0.20637
   0.20018
   0.19482
   0.19125
   0.18530
   0.18122
   0.17598
   0.17075
   0.16714
   0.16268
   0.15697
   0.15349
   0.14783
   0.14466
   0.14058
   0.13647
   0.13200
   0.12941
   0.12610
   0.12263
   0.11919
   0.11764
   0.11553
   0.11258
   0.10931
   0.10623
   0.10358
   0.10152
   0.09973
   0.09807
   0.09760
   0.09312
   0.09166
   0.09061
   0.08786
   0.08532
   0.08512
   0.08116
   0.07878
   0.07640
   0.07491
   0.07241
   0.07108
   0.06879
   0.06768
   0.06589
   0.06396
   0.06234
   0.06118
   0.06073
   0.05713
   0.05681
   0.05421
   0.05303
   0.05278
   0.05066
   0.05053
   0.04765
   0.04675
   0.04654
   0.04434
   0.04566
   0.04459
   0.04343
   0.04063
   0.03872
   0.03697
   0.03561
   0.03463
   0.03531
   0.03288
   0.03166
   0.03106
   0.02966
   0.02908
   0.02797
   0.02715
   0.02613
   0.02513
   0.02404
   0.02290
   0.02200
   0.02117
   0.02028
   0.01937
   0.01869
   0.01798
   0.01736
   0.01692
   0.01605
   0.01577
   0.01599
   0.01485
   0.01539
   0.01527
   0.01422
   0.01534
   0.01506
   0.01543
   0.01500
   0.01512
   0.01349
   0.01460
   0.01826
   0.01177
   0.35576
   0.08864
   0.06049
   0.05399
   0.05223
   0.05024
   0.04737
   0.04462
   0.04416
   0.04337
   0.04185
   0.03893
   0.03560
   0.03149
   0.02789
   0.03480
   0.05285
   0.05133
   0.05051
   0.04982
   0.04828
   0.04456
   0.04764
   0.03442
   0.04183
   0.02776
   0.02827
   0.01974
   0.04874
   0.02612
   0.02032
   0.01950
   0.01883
   0.01865
   0.01844
   0.01830
   0.01819
   0.01814
   0.01817
   0.01824
   0.01850
   0.01895
   0.01983
   0.02155
   0.02639
   0.02515
   0.02528
   0.01224
   0.02254
   0.01268
   0.02344
   0.02035
   0.02485
   0.01898
   0.02297
   0.02112
   0.01771
   0.01956
   0.02327
   0.01058
   0.01646
   0.01610
   0.01410
   0.01257
   0.01177
   0.01136
   0.01102
   0.01070
   0.01043
   0.01018
   0.00993
   0.00973
   0.00949
   0.00929
   0.00907
   0.00886
   0.00865
   0.00844
   0.00823
   0.00803
   0.00782
   0.00763
   0.00743
   0.00724
   0.00705
   0.00689
   0.00669
   0.00652
   0.00633
   0.00617
   0.00601
   0.00584
   0.00568
   0.00551
   0.00536
   0.00521
   0.00506
   0.00491
   0.00478
   0.00463
   0.00450
   0.00437
   0.00424
   0.00412
   0.00399
   0.00387
   0.00375
   0.00363
   0.00351
   0.00340
   0.00329
   0.00319
   0.00309
   0.00298
   0.00289
   0.00279
   0.00270
   0.00262
   0.00253
   0.00245
   0.00237
   0.00229
   0.00222
   0.00214
   0.00208
   0.00200
   0.00197
   0.00184
   0.00195
   0.00173
   0.00201
   0.00207
   0.00195
   0.00195
   0.00194
   0.00173
   0.00156
   0.00218
   0.00141
   0.00152
   0.00158
   0.00129
   0.00193
   0.00164
   0.00157
   0.00154
   0.00156
   0.00162
   0.00157
   0.00169
   0.00139
   0.00184
   0.00091
   0.00140
   0.00139
   0.00119
   0.00153
   0.00070
   0.00132
   0.00130
   0.00142
   0.00053
   0.00044
   0.34823
   0.28913
   0.26690
   0.25082
   0.24025
   0.23372
   0.22474
   0.21995
   0.21109
   0.20501
   0.19897
   0.19130
   0.18380
   0.17790
   0.17227
   0.16680
   0.16160
   0.15658
   0.15181
   0.14732
   0.14307
   0.13906
   0.13527
   0.13168
   0.12828
   0.12505
   0.12197
   0.11903
   0.11621
   0.11351
   0.11081
   0.10826
   0.10569
   0.10327
   0.10081
   0.09846
   0.09602
   0.09373
   0.09138
   0.08905
   0.08677
   0.08448
   0.08218
   0.07996
   0.07769
   0.07544
   0.07320
   0.07102
   0.06878
   0.06660
   0.06443
   0.06227
   0.06016
   0.05809
   0.05602
   0.05404
   0.05215
   0.05032
   0.04860
   0.04697
   0.04542
   0.04390
   0.04263
   0.04132
   0.04013
   0.03903
   0.03795
   0.03691
   0.03594
   0.03501
   0.03412
   0.03326
   0.03245
   0.03166
   0.03091
   0.03020
   0.02952
   0.02885
   0.02823
   0.02762
   0.02705
   0.02651
   0.02600
   0.02551
   0.02507
   0.02463
   0.02423
   0.02384
   0.02349
   0.02312
   0.02265
   0.02238
   0.02211
   0.02187
   0.02164
   0.02142
   0.02129
   0.02113
   0.02095
   0.02083
   0.02069
   0.02058
   0.02044
   0.02032
   0.02019
   0.01998
   0.01979
   0.01954
   0.01922
   0.01883
   0.01836
   0.01781
   0.01717
   0.01647
   0.01574
   0.01491
   0.01414
   0.01331
   0.01249
   0.01170
   0.01095
   0.01024
   0.00959
   0.00901
   0.00849
   0.00806
   0.00772
   0.00747
   0.00729
   0.00717
   0.00712
   0.00712
   0.00724
   0.00711
   0.00734
   0.00993
   0.00600
   0.00723
   0.00672
   0.00561
   0.00998
   0.01013
   0.01060
   0.00687
   0.00541
   0.00565
   0.00582
   0.01011
   0.00468
   0.00504
   0.00928
   0.00454
   0.00439
   0.01193
   0.00397
   0.00523
   0.00556
   0.00533
   0.00511
   0.00480
   0.00453
   0.00431
   0.00412
   0.00395
   0.00380
   0.00367
   0.00355
   0.00344
   0.00335
   0.00326
   0.00318
   0.00310
   0.00302
   0.00295
   0.00288
   0.00282
   0.00275
   0.00269
   0.00263
   0.00257
   0.00251
   0.00245
   0.00240
   0.00235
   0.00230
   0.00225
   0.00220
   0.00215
   0.00210
   0.00206
   0.00201
   0.00197
   0.00193
   0.00188
   0.00185
   0.00180
   0.00176
   0.00173
   0.00169
   0.00165
   0.00162
   0.00158
   0.00154
   0.00151
   0.00148
   0.00144
   0.00141
   0.00138
   0.00135
   0.00132
   0.00129
   0.00126
   0.00123
   0.00120
   0.00117
   0.00115
   0.00112
   0.00109
   0.00107
   0.00104
   0.00102
   0.00100
   0.00097
   0.00095
   0.00093
   0.00090
   0.00088
   0.00086
   0.00084
   0.00082
   0.00080
   0.00078
   0.00076
   0.00075
   0.00073
   0.00071
   0.00070
   0.00067
   0.00066
   0.00065
   0.00063
   0.00061
   0.00060
   0.00058
   0.00056
   0.00056
   0.00054
   0.00053
   0.00051
   0.00050
   0.00049
   0.00048
   0.00047
   0.00045
   0.00044
   0.00043
   0.00042
   0.00041
   0.00040
   0.00039
   0.00038
   0.00037
   0.00036
   0.00035
   0.00035
   0.00034
   0.00033
   0.00032
   0.00032
   0.00031
   0.00030
   0.00030
   0.00029
   0.00028
   0.00028
   0.00027
   0.00026
   0.00026
   0.00025
   0.00024
   0.00024
   0.00023
   0.00022
   0.00022
   0.00021
   0.00020
   0.00020
   0.00019
   0.00018
   0.00018
   0.00017
   0.00016
   0.00016
   0.00015
   0.00015
   0.00014
   0.00013
   0.00013
   0.00012
   0.00012
   0.00011
   0.00013
   0.00011
   0.00011
   0.00014
   0.00011
   0.00008
   0.02187
   0.00393
   0.00247
   0.00241
   0.00230
   0.00221
   0.00213
   0.00206
   0.00198
   0.00192
   0.00185
   0.00179
   0.00174
   0.00168
   0.00162
   0.00156
   0.00151
   0.00146
   0.00141
   0.00137
   0.00133
   0.00129
   0.00126
   0.00123
   0.00119
   0.00116
   0.00114
   0.00110
   0.00107
   0.00105
   0.00103
   0.00100
   0.00098
   0.00096
   0.00094
   0.00092
   0.00090
   0.00090
   0.00088
   0.00087
   0.00087
   0.00087
   0.00087
   0.00086
   0.00086
   0.00086
   0.00086
   0.00086
   0.00086
   0.00086
   0.00086
   0.00087
   0.00087
   0.00088
   0.00088
   0.00088
   0.00089
   0.00089
   0.00089
   0.00089
   0.00089
   0.00088
   0.00090
   0.00090
   0.00090
   0.00091
   0.00091
   0.00091
   0.00091
   0.00092
   0.00093
   0.00094
   0.00096
   0.00099
   0.00103
   0.00109
   0.00119
   0.00134
   0.00154
   0.00158
   0.00163
   0.00164
   0.00163
   0.00161
   0.00160
   0.00159
   0.00159
   0.00159
   0.00160
   0.00160
   0.00160
   0.00161
   0.00161
   0.00161
   0.00161
   0.00160
   0.00159
   0.00158
   0.00157
   0.00155
   0.00153
   0.00151
   0.00149
   0.00146
   0.00143
   0.00139
   0.00135
   0.00132
   0.00128
   0.00124
   0.00120
   0.00117
   0.00113
   0.00109
   0.00105
   0.00102
   0.00098
   0.00095
   0.00092
   0.00089
   0.00086
   0.00083
   0.00081
   0.00080
   0.00078
   0.00077
   0.00076
   0.00076
   0.00077
   0.00078
   0.00079
   0.00081
   0.00083
   0.00085
   0.00087
   0.00088
   0.00088
   0.00087
   0.00086
   0.00084
   0.00082
   0.00081
   0.00078
   0.00076
   0.00074
   0.00072
   0.00069
   0.00066
   0.00063
   0.00061
   0.00058
   0.00055
   0.00052
   0.00049
   0.00046
   0.00042
   0.00038
   0.00034
   0.00032
   0.00030
   0.00029
   0.00029
   0.00028
   0.00027
   0.00027
   0.00026
   0.00025
   0.00024
   0.00024
   0.00023
   0.00022
   0.00022
   0.00021
   0.00020
   0.00020
   0.00019
   0.00018
   0.00018
   0.00017
   0.00017
   0.00016
   0.00016
   0.00015
   0.00015
   0.00014
   0.00014
   0.00013
   0.00013
   0.00013
   0.00012
   0.00012
   0.00012
   0.00011
   0.00011
   0.00011
   0.00010
   0.00010
   0.00010
   0.00010
   0.00009
   0.00009
   0.00009
   0.00009
   0.00009
   0.00008
   0.00008
   0.00008
   0.00008
   0.00008
   0.00007
   0.00007
   0.00007
   0.00007
   0.00007
   0.00007
   0.00006
   0.00006
   0.00006
   0.00006
   0.00006
   0.00006
   0.00005
   0.00005
   0.00005
   0.00005
   0.00005
   0.00005
   0.00005
   0.00005
   0.00004
   0.00004
   0.00004
   0.00004
   0.00004
   0.00004
   0.00004
   0.00004
   0.00004
   0.00003
   0.00003
   0.00003
   0.00003
   0.00003
   0.00003
   0.00003
   0.00003
   0.00003
   0.00003
   0.00003
   0.00003
   0.00003
   0.00002
   0.00002
   0.00002
   0.00002
   0.00002
   0.00002
   0.00002
   0.00002
   0.00002
   0.00002
   0.00002
   0.00002
   0.00002
   0.00002
   0.00002
   0.00002
   0.00002
   0.00002
   0.00002
   0.00001
   0.00001
   0.00001
   0.00001
   0.00001
   0.00001
   0.00001
   0.00001
   0.00001
   0.00001
   0.00001
   0.00001
   0.00001
   0.00001
   0.00001
   0.00001
   0.00001
   0.00001
   0.00001
   0.00001
   0.00001
   0.00001
   0.00001
   0.00001
   0.00001
   0.00001
   0.00001
   0.00001
   0.00001
   0.00001
   0.00001
   0.00001
   0.00001
   0.00001
   0.00001
   0.00001
   0.00001
   0.00001
   0.00000
   0.00000
   0.00000
   0.00000
   0.00000
