   0.67020
   0.66921
   0.66753
   0.66651
   0.66546
   0.66468
   0.66415
   0.66363
   0.66320
   0.66282
   0.66239
   0.66206
   0.66174
   0.66143
   0.66118
   0.66084
   0.66062
   0.66037
   0.66004
   0.65994
   0.65948
   0.65902
   0.65911
   0.65881
   0.65855
   0.65822
   0.65780
   0.65754
   0.65746
   0.65715
   0.65712
   0.65682
   0.65686
   0.65736
   0.65736
   0.65708
   0.65791
   0.65778
   0.65833
   0.65775
   0.65725
   0.65588
   0.65474
   0.65222
   0.64915
   0.64565
   0.64144
   0.63640
   0.63052
   0.62399
   0.61695
   0.60988
   0.60272
   0.59084
   0.58070
   0.57374
   0.56620
   0.55801
   0.54946
   0.54117
   0.53348
   0.52614
   0.51806
   0.50936
   0.49900
   0.48841
   0.47844
   0.46915
   0.46062
   0.45292
   0.44589
   0.43948
   0.43357
   0.42808
   0.42298
   0.41817
   0.41360
   0.40925
   0.40509
   0.40103
   0.39711
   0.39328
   0.38954
   0.38585
   0.38223
   0.37869
   0.37516
   0.37166
   0.36821
   0.36478
   0.36137
   0.35800
   0.35469
   0.35137
   0.34812
   0.34491
   0.34172
   0.33856
   0.33548
   0.33245
   0.32947
   0.32873
   0.32524
   0.32211
   0.31910
   0.31627
   0.31349
   0.31083
   0.30821
   0.30577
   0.30318
   0.30076
   0.29838
   0.29612
   0.29359
   0.29144
   0.28932
   0.28698
   0.28518
   0.28328
   0.28146
   0.27969
   0.27782
   0.27589
   0.27408
   0.27219
   0.27044
   0.26802
   0.26540
   0.26318
   0.26059
   0.25760
   0.25278
   0.24951
   0.24551
   0.24130
   0.23623
   0.23133
   0.22632
   0.22031
   0.21444
   0.20833
   0.20258
   0.19700
   0.19099
   0.18502
   0.17911
   0.17322
   0.16487
   0.16267
   0.15765
   0.15274
   0.14810
   0.14376
   0.13968
   0.13585
   0.13229
   0.12888
   0.12571
   0.12272
   0.11986
   0.11711
   0.11685
   0.11406
   0.11144
   0.10886
   0.10628
   0.10374
   0.10119
   0.09865
   0.09608
   0.09351
   0.09091
   0.08832
   0.08567
   0.08301
   0.08033
   0.07762
   0.07490
   0.07221
   0.06948
   0.06685
   0.06415
   0.06156
   0.05902
   0.05662
   0.05434
   0.05225
   0.05044
   0.04899
   0.04800
   0.04758
   0.04778
   0.04865
   0.05015
   0.05211
   0.05401
   0.05538
   0.05604
   0.05573
   0.05500
   0.05441
   0.05369
   0.05251
   0.05037
   0.04285
   0.03223
   0.05947
   0.04722
   0.05603
   0.06513
   0.06748
   0.06097
   0.06374
   0.06186
   0.06059
   0.05891
   0.05505
   0.04777
   0.05977
   0.04908
   0.04658
   0.01432
   0.05767
   0.01223
   0.11273
   0.10725
   0.10136
   0.09350
   0.07881
   0.12931
   0.02422
   0.02787
   0.02697
   0.02609
   0.02166
   0.02422
   0.01941
   0.01512
   0.01225
   0.00870
   0.00732
   0.00617
   0.00505
   0.00424
   0.00516
   0.00439
   0.03139
   0.00665
   0.00662
   0.05018
   0.00627
   0.13816
   0.00749
   0.00756
   0.00624
   0.00526
   0.01499
   0.00586
   0.01208
   0.00580
   0.00519
   0.01808
   0.01673
   0.00542
   0.01367
   0.00453
   0.00456
   0.00433
   0.01155
   0.00417
   0.00411
   0.00363
   0.00381
   0.00647
   0.00582
   0.00381
   0.00359
   0.00198
   0.00378
   0.00214
   0.00424
   0.00459
   0.00215
   0.00414
   0.00594
   0.00248
   0.00234
   0.00191
   0.00244
   0.01664
   0.00425
   0.00404
   0.00377
   0.00348
   0.00321
   0.00297
   0.00278
   0.06407
   0.00304
   0.00278
   0.00257
   0.00238
   0.00319
   0.00208
   0.00183
   0.00165
   0.00621
   0.00259
   0.00239
   0.00220
   0.00203
   0.00186
   0.00168
   1.14448
   0.00271
   0.00276
   0.00271
   0.00265
   0.00256
   0.00249
   0.00242
   0.00239
   0.00237
   0.00236
   0.00233
   0.00226
   0.00210
   0.00190
   0.00183
   0.00170
   0.00158
   0.00147
   0.00137
   0.00126
   0.00117
   0.00109
   0.00104
   0.00101
   0.00102
   0.00111
   0.00135
   0.00163
   0.00151
   0.00147
   0.00140
   0.00128
   0.00114
   0.00107
   0.00103
   0.00099
   0.00094
   0.00088
   0.00082
   0.00077
   0.00072
   0.00070
   0.00071
   0.00078
   0.00101
   0.00078
   0.06961
   0.00385
   0.00326
   0.00298
   0.00289
   0.00277
   0.00257
   0.00237
   0.00215
   0.00194
   0.00182
   0.00175
   0.00171
   0.00168
   0.00166
   0.00163
   0.00160
   0.00160
   0.00167
   0.00182
   0.00208
   0.00210
   0.00205
   0.00162
   0.00208
   0.00124
   0.00121
   0.00120
   0.00122
   0.00129
   0.00174
   0.00160
   0.00145
   0.02905
   0.02154
   0.01760
   0.01261
   0.00591
   0.00603
   0.00628
   0.00648
   0.00640
   0.00597
   0.00532
   0.00467
   0.00408
   0.00374
   0.00355
   0.00340
   0.00327
   0.00316
   0.00308
   0.00296
   0.00285
   0.00276
   0.00283
   0.01246
   0.00310
   0.00331
   0.00358
   0.00356
   0.00313
   0.00271
   0.00252
   0.00244
   0.00224
   0.00206
   0.00195
   0.00185
   0.00176
   0.00168
   0.00162
   0.00157
   0.00158
   0.00156
   0.00149
   0.00164
   0.00128
   0.00146
   0.00182
   0.00148
   0.00174
   0.00150
   0.00153
   0.00150
   0.00147
   0.00143
   0.00138
   0.00133
   0.00128
   0.00122
   0.00116
   0.00110
   0.00104
   0.00098
   0.00092
   0.00086
   0.00081
   0.00076
   0.00071
   0.00067
   0.00063
   0.00059
   0.00055
   0.00052
   0.00049
   0.00046
   0.00043
   0.00041
   0.00039
   0.00036
   0.00035
   0.00033
   0.00031
   0.00029
   0.00028
   0.00026
   0.00025
   0.00023
   0.00022
   0.00021
   0.00020
   0.00018
   0.00017
   0.00016
   0.00015
   0.00015
   0.00014
   0.00013
   0.00012
   0.00011
   0.00011
   0.00010
   0.00010
   0.00009
   0.00009
   0.00008
   0.00008
   0.00007
