   0.39976
   0.40731
   0.39493
   0.42618
   0.42651
   0.43622
   0.44137
   0.45043
   0.41171
   0.46016
   0.40345
   0.44455
   0.45646
   0.45848
   0.45914
   0.46277
   0.45966
   0.44556
   0.44567
   0.45368
   0.43484
   0.40746
   0.43482
   0.45476
   0.44959
   0.44916
   0.43171
   0.44659
   0.42225
   0.41928
   0.41016
   0.41273
   0.40950
   0.40915
   0.39814
   0.39474
   0.39118
   0.38484
   0.37969
   0.38546
   0.37846
   0.39050
   0.39424
   0.42027
   0.38199
   0.40074
   0.40412
   0.45265
   0.45641
   0.45434
   0.45815
   0.47485
   0.48412
   0.48579
   0.48975
   0.49042
   0.48684
   0.48114
   0.47058
   0.45772
   0.44203
   0.42438
   0.40790
   0.39121
   0.37644
   0.36334
   0.35128
   0.34156
   0.33320
   0.32575
   0.31912
   0.31294
   0.30661
   0.30045
   0.29401
   0.28739
   0.28029
   0.27296
   0.26614
   0.25877
   0.25141
   0.24417
   0.23701
   0.22839
   0.22162
   0.21501
   0.20856
   0.20229
   0.19619
   0.19024
   0.18447
   0.17887
   0.17340
   0.16810
   0.16321
   0.15818
   0.15330
   0.14814
   0.14395
   0.13911
   0.13486
   0.13064
   0.12656
   0.12256
   0.11870
   0.11495
   0.11129
   0.10772
   0.10419
   0.10079
   0.09753
   0.09431
   0.09119
   0.08815
   0.08518
   0.08229
   0.07947
   0.07674
   0.07406
   0.07147
   0.06895
   0.06649
   0.06411
   0.06180
   0.05955
   0.05737
   0.05526
   0.05321
   0.05122
   0.04930
   0.04744
   0.04564
   0.04390
   0.04222
   0.04060
   0.03903
   0.03752
   0.03606
   0.03465
   0.03328
   0.03197
   0.03070
   0.02948
   0.02830
   0.02716
   0.02606
   0.02499
   0.02396
   0.02296
   0.02200
   0.02107
   0.02017
   0.01929
   0.01844
   0.01761
   0.01680
   0.01602
   0.01525
   0.01450
   0.01377
   0.01306
   0.01236
   0.01169
   0.01103
   0.01039
   0.00976
   0.00916
   0.00858
   0.00802
   0.00748
   0.00696
   0.00647
   0.00600
   0.00555
   0.00514
   0.00474
   0.00436
   0.00401
   0.00367
   0.00336
   0.00307
   0.00280
   0.00256
   0.00233
   0.00212
   0.00193
   0.00176
   0.00160
   0.00146
   0.00133
   0.00121
   0.00111
   0.00102
   0.00094
   0.00087
   0.00081
   0.00076
   0.00071
   0.00067
   0.00064
   0.00061
   0.00058
   0.00056
   0.00053
   0.00051
   0.00049
   0.00048
   0.00046
   0.00044
   0.00043
   0.00041
   0.00039
   0.00038
   0.00037
   0.00035
   0.00034
   0.00033
   0.00031
   0.00030
   0.00029
   0.00028
   0.00027
   0.00026
   0.00025
   0.00025
   0.00024
   0.00023
   0.00023
   0.00022
   0.00022
   0.00021
   0.00020
   0.00019
   0.00018
   0.00017
   0.00016
   0.00015
   0.00015
   0.00014
   0.00013
   0.00012
   0.00011
   0.00010
   0.00009
   0.00008
   0.00007
   0.00007
   0.00006
   0.00006
   0.00005
   0.00005
   0.00004
   0.00004
   0.00003
   0.00003
   0.00003
   0.00003
   0.00004
   0.00038
   0.00043
   0.00047
   0.00044
   0.00044
   0.00042
   0.00040
   0.00022
   0.00037
   0.00032
   0.00023
   0.00012
   0.00018
   0.00011
   0.00012
   0.00012
   0.00009
   0.00012
   0.00013
   0.00012
   0.00025
   0.00009
   0.00020
   0.00008
   0.00010
   0.00019
   0.00008
   0.00008
   0.00009
   0.00011
   0.00003
   0.00010
   0.00011
   0.00020
   0.00011
   0.00017
   0.00010
   0.00002
   0.00002
   0.00002
   0.00010
   0.00014
   0.00015
   0.00014
   0.00007
   0.00014
   0.00011
   0.00007
   0.00014
   0.00018
   0.00019
   0.00014
   0.00005
   0.00003
   0.00003
   0.00002
   0.00002
   0.00004
   0.00012
   0.00010
   0.00008
   0.00008
   0.00008
   0.00009
   0.00009
   0.00008
   0.00006
   0.00006
   0.00007
   0.00001
   0.00004
   0.00001
   0.00003
   0.00003
   0.00013
   0.00004
   0.00011
   0.00010
   0.00003
   0.00004
   0.00003
   0.00003
   0.00002
   0.00002
   0.00005
   0.00002
   0.00006
   0.00001
   0.00001
   0.00001
   0.00001
   0.00000
   0.00002
   0.00000
   0.00001
   0.00001
   0.00001
   0.00001
   0.00001
   0.00001
   0.00001
   0.00000
   0.00000
   0.00000
   0.00009
   0.00001
   0.00007
   0.00000
   0.00000
   0.00000
   0.00000
   0.00000
   0.00000
   0.00000
   0.00000
   0.00001
   0.00013
   0.00000
   0.00000
   0.00000
   0.00000
   0.00000
   0.00000
   0.00000
   0.00000
   0.00000
   0.00002
   0.00006
   0.00002
   0.00002
   0.00001
   0.00003
   0.00004
   0.00001
   0.00001
   0.00002
   0.00002
   0.00002
   0.00002
   0.00000
   0.00001
   0.00001
   0.00001
   0.00000
   0.00000
   0.00000
   0.00000
   0.00000
   0.00000
   0.00000
   0.00000
   0.00000
   0.00000
   0.00000
   0.00000
   0.00000
   0.00000
   0.00000
   0.00000
   0.00000
   0.00000
   0.00000
   0.00000
   0.00000
   0.00000
   0.00000
   0.00000
   0.00000
   0.00000
   0.00000
   0.00000
   0.00000
   0.00000
   0.00000
   0.00000
   0.00000
   0.00000
   0.00000
   0.00000
   0.00000
   0.00000
   0.00000
   0.00000
   0.00000
   0.00000
   0.00000
   0.00001
   0.00001
   0.00004
   0.00003
   0.00003
   0.00003
   0.00002
   0.00002
   0.00002
   0.00002
   0.00002
   0.00001
   0.00001
   0.00001
   0.00001
   0.00001
   0.00001
   0.00001
   0.00001
   0.00000
   0.00000
   0.00000
   0.00000
   0.00000
   0.00000
   0.00000
   0.00001
   0.01638
   0.01292
   0.01050
   0.00901
   0.00823
   0.00788
   0.00655
   0.00602
   0.00557
   0.00516
   0.00476
   0.00437
   0.00401
   0.00367
   0.00335
   0.00306
   0.00279
   0.00254
   0.00232
   0.00212
   0.00194
   0.00178
   0.00163
   0.00150
   0.00138
   0.00122
   0.00095
   0.00085
   0.00077
