   0.70438
   0.70070
   0.69892
   0.69807
   0.69719
   0.69642
   0.69571
   0.69502
   0.69435
   0.69367
   0.69293
   0.69225
   0.69150
   0.69083
   0.69005
   0.68931
   0.68823
   0.68775
   0.68688
   0.68574
   0.68520
   0.68397
   0.68340
   0.68233
   0.68118
   0.68039
   0.67919
   0.67834
   0.67706
   0.67620
   0.67487
   0.67384
   0.67259
   0.67143
   0.67022
   0.66902
   0.66777
   0.66657
   0.66924
   0.66298
   0.66098
   0.66052
   0.65957
   0.65841
   0.65729
   0.65620
   0.65503
   0.65392
   0.65285
   0.65179
   0.65077
   0.64982
   0.64884
   0.64798
   0.64726
   0.64649
   0.64590
   0.64532
   0.64500
   0.64474
   0.64459
   0.64470
   0.64499
   0.64572
   0.64679
   0.64841
   0.65024
   0.65305
   0.65592
   0.65941
   0.66335
   0.66772
   0.67338
   0.67930
   0.68534
   0.69117
   0.69636
   0.70022
   0.70293
   0.70421
   0.70490
   0.70500
   0.70553
   0.70572
   0.70636
   0.70614
   0.70597
   0.70483
   0.70362
   0.70167
   0.69965
   0.69669
   0.69389
   0.68996
   0.68611
   0.68272
   0.67861
   0.67466
   0.67064
   0.66612
   0.66224
   0.65796
   0.65402
   0.64979
   0.64537
   0.64106
   0.63641
   0.63204
   0.62758
   0.62333
   0.61857
   0.61405
   0.60974
   0.60556
   0.60111
   0.59653
   0.59227
   0.58783
   0.58315
   0.57847
   0.57418
   0.56970
   0.56522
   0.56029
   0.55549
   0.55106
   0.54620
   0.54163
   0.53687
   0.53278
   0.52816
   0.52354
   0.51880
   0.51405
   0.50923
   0.50436
   0.49952
   0.49477
   0.48989
   0.48506
   0.48017
   0.47529
   0.47028
   0.46528
   0.46043
   0.45530
   0.45037
   0.44523
   0.44017
   0.43514
   0.42977
   0.42494
   0.41974
   0.41476
   0.40968
   0.40485
   0.39973
   0.39500
   0.39015
   0.38562
   0.38101
   0.37678
   0.37232
   0.36808
   0.36409
   0.36035
   0.35668
   0.35318
   0.34997
   0.34672
   0.34378
   0.34097
   0.33808
   0.33545
   0.33275
   0.33024
   0.32783
   0.32548
   0.32313
   0.32099
   0.31892
   0.31709
   0.31524
   0.31344
   0.31191
   0.31044
   0.30918
   0.30777
   0.30681
   0.30558
   0.30459
   0.30347
   0.30258
   0.30116
   0.29996
   0.29856
   0.29719
   0.29600
   0.29416
   0.29260
   0.29044
   0.28851
   0.28662
   0.28451
   0.28237
   0.28015
   0.27803
   0.27578
   0.27351
   0.27115
   0.26893
   0.26652
   0.26409
   0.26168
   0.25913
   0.25689
   0.25462
   0.25240
   0.24992
   0.24764
   0.24509
   0.24289
   0.24024
   0.23839
   0.23592
   0.23385
   0.23150
   0.22965
   0.22738
   0.22547
   0.22352
   0.22104
   0.21885
   0.21757
   0.21508
   0.21336
   0.21165
   0.20944
   0.20746
   0.20586
   0.20448
   0.20280
   0.20053
   0.19885
   0.19731
   0.19528
   0.19347
   0.19143
   0.18958
   0.18756
   0.18572
   0.18324
   0.18122
   0.17901
   0.17649
   0.17368
   0.17059
   0.16750
   0.16414
   0.16056
   0.15723
   0.15372
   0.14971
   0.14615
   0.14284
   0.13946
   0.13626
   0.13303
   0.13055
   0.12786
   0.12562
   0.12363
   0.12151
   0.11897
   0.11664
   0.11502
   0.11331
   0.11107
   0.10947
   0.10743
   0.10610
   0.10435
   0.10249
   0.10077
   0.09931
   0.09756
   0.09619
   0.09431
   0.09257
   0.09062
   0.08893
   0.08774
   0.08626
   0.08512
   0.08334
   0.08207
   0.08074
   0.07913
   0.07748
   0.07646
   0.07527
   0.07378
   0.07216
   0.07137
   0.06996
   0.06848
   0.06694
   0.06591
   0.06465
   0.06355
   0.06216
   0.06119
   0.06029
   0.05894
   0.05768
   0.05655
   0.05552
   0.05431
   0.05334
   0.05234
   0.05133
   0.05023
   0.04936
   0.04837
   0.04760
   0.04670
   0.04575
   0.04495
   0.04410
   0.04352
   0.04273
   0.04200
   0.04138
   0.04072
   0.04019
   0.03965
   0.03920
   0.03879
   0.03847
   0.03819
   0.03809
   0.03812
   0.03833
   0.03867
   0.03931
   0.04011
   0.04117
   0.04250
   0.04382
   0.04454
   0.04502
   0.04481
   0.04480
   0.04456
   0.04365
   0.04305
   0.04225
   0.04170
   0.04086
   0.04012
   0.03934
   0.03857
   0.03783
   0.03707
   0.03630
   0.03557
   0.03483
   0.03411
   0.03339
   0.03272
   0.03206
   0.03138
   0.03074
   0.03010
   0.02951
   0.02890
   0.02832
   0.02773
   0.02720
   0.02666
   0.02614
   0.02570
   0.02520
   0.02471
   0.02424
   0.02382
   0.02336
   0.02295
   0.02255
   0.02214
   0.02178
   0.02139
   0.02100
   0.02066
   0.02029
   0.01995
   0.01963
   0.01930
   0.01896
   0.01868
   0.01839
   0.01807
   0.01779
   0.01748
   0.01723
   0.01696
   0.01668
   0.01643
   0.01618
   0.01591
   0.01568
   0.01544
   0.01519
   0.01496
   0.01474
   0.01453
   0.01429
   0.01408
   0.01387
   0.01367
   0.01345
   0.01325
   0.01304
   0.01288
   0.01265
   0.01250
   0.01228
   0.01213
   0.01191
   0.01176
   0.01156
   0.01141
   0.01123
   0.01106
   0.01092
   0.01074
   0.01060
   0.01042
   0.01030
   0.01012
   0.01000
   0.00981
   0.00970
   0.00954
   0.00940
   0.00927
   0.00911
   0.00900
   0.00887
   0.00874
   0.00860
   0.00848
   0.00834
   0.00822
   0.00809
   0.00798
   0.00786
   0.00773
   0.00762
   0.00751
   0.00738
   0.00728
   0.00715
   0.00707
   0.00693
   0.00682
   0.00669
   0.00659
   0.00647
   0.00636
   0.00625
   0.00613
   0.00602
   0.00590
   0.00579
   0.00567
   0.00555
   0.00546
   0.00532
   0.00521
   0.00511
   0.00497
   0.00486
   0.00476
   0.00465
   0.00456
   0.00445
   0.00442
   0.00430
   0.00422
   0.00412
   0.00405
   0.00399
   0.00394
   0.00396
   0.00385
   0.00380
   0.00373
   0.00375
   0.00661
   0.01124
   0.45453
   0.00635
   0.01071
   0.01006
   0.00908
   0.00915
   0.00915
   0.00917
   0.00918
   0.00919
   0.00917
   0.00909
   0.00906
   0.00912
   0.00930
   0.00925
   0.00924
   0.00925
   0.00927
   0.00928
   0.00930
   0.00932
   0.00934
   0.00936
   0.00939
   0.00941
   0.00943
   0.00946
   0.00948
   0.00951
   0.00954
   0.00956
   0.00959
   0.00962
   0.00965
   0.00968
   0.00971
   0.00975
   0.00979
   0.00982
   0.00986
   0.00990
   0.00995
   0.00999
   0.01004
   0.01009
   0.01013
   0.01018
   0.01023
   0.01028
   0.01033
   0.01038
   0.01041
   0.01045
   0.01047
   0.01047
   0.01047
   0.01046
   0.01045
   0.01042
   0.01033
   0.01021
   0.01008
   0.00993
   0.00977
   0.00960
   0.00942
   0.00923
   0.00905
   0.00883
   0.00865
   0.00845
   0.00828
   0.00811
   0.00794
   0.00779
   0.00767
   0.00754
   0.00742
   0.00732
   0.00723
   0.00715
   0.00710
   0.00703
   0.00698
   0.00696
   0.00694
   0.00692
   0.00693
   0.00694
   0.00697
   0.00701
   0.00706
   0.00714
   0.00724
   0.00738
   0.00756
   0.00780
   0.00820
   0.00888
   0.01053
   0.01766
   0.00282
   0.01902
   0.00319
   0.00762
   0.01011
   0.02045
   0.00784
   0.01813
   0.00504
   0.02131
   0.00506
   0.02117
   0.00638
   0.01809
   0.00675
   0.01669
   0.00605
   0.01627
   0.00557
   0.01567
   0.00506
   0.01453
   0.00444
   0.01297
   0.00329
   0.01375
   0.00234
   0.01816
   0.00511
   0.01329
   0.00265
   0.01339
   0.00157
   0.00398
   0.00727
   0.00609
   0.00493
   0.00875
   0.00146
   0.00334
   0.00675
   0.00528
   0.00683
   0.00157
   0.01231
   0.01722
   0.00361
   0.00886
   0.01041
   0.01046
   0.00120
   0.00193
   0.00190
   0.00183
   0.00190
   0.00203
   0.00232
   0.00348
   0.00576
   0.01726
   0.01181
   0.00111
   0.00176
   0.00182
   0.00190
   0.00227
   0.00420
   0.00153
   0.00364
   0.00136
   0.00137
   0.00163
   0.00202
   0.00423
   0.00134
   0.00300
   0.00116
   0.00129
   0.00170
   0.00328
   0.00111
   0.00190
   0.00083
   0.00131
   0.00218
   0.00330
   0.12474
   0.22961
   0.01766
   0.01662
   0.01363
   0.01112
   0.00954
   0.00832
   0.00734
   0.00682
   0.00669
   0.00658
   0.00649
   0.00646
   0.00641
   0.00635
   0.00628
   0.00620
   0.00606
   0.00567
   0.00526
   0.00487
   0.00454
   0.00425
   0.00398
   0.00375
   0.00353
   0.00334
   0.00321
   0.00312
   0.00304
   0.00301
   0.00298
   0.00296
   0.00294
   0.00293
   0.00292
   0.00290
   0.00289
   0.00287
   0.00284
   0.00282
   0.00280
   0.00277
   0.00273
   0.00262
   0.00259
   0.00238
   0.00219
   0.00202
   0.00186
   0.00172
   0.00160
   0.00149
   0.00140
   0.00131
   0.00123
   0.00116
   0.00109
   0.00103
   0.00098
   0.00093
   0.00089
   0.00087
   0.00085
   0.00084
   0.00083
   0.00082
   0.00082
   0.00082
   0.00082
   0.00081
   0.00081
   0.00081
   0.00081
   0.00081
   0.00081
   0.00081
   0.00081
   0.00081
   0.00081
   0.00081
   0.00081
   0.00081
   0.00081
   0.00081
   0.00080
   0.00081
   0.00081
   0.00081
   0.00081
   0.00081
   0.00080
   0.00080
   0.00080
   0.00080
   0.00080
   0.00080
   0.00080
   0.00080
   0.00080
   0.00080
   0.00080
   0.00080
   0.00080
   0.00080
   0.00080
   0.00080
   0.00080
   0.00080
   0.00080
   0.00080
   0.00080
   0.00080
   0.00080
   0.00080
   0.00080
   0.00080
   0.00080
   0.00080
   0.00080
   0.00080
   0.00080
   0.00079
   0.00079
   0.00079
   0.00079
   0.00078
   0.00078
   0.00078
   0.00077
   0.00077
   0.00076
   0.00076
   0.00075
   0.00074
   0.00074
   0.00073
   0.00072
   0.00071
   0.00071
   0.00070
   0.00069
   0.00068
   0.00067
   0.00066
   0.00065
   0.00065
   0.00064
   0.00063
   0.00062
   0.00062
   0.00061
   0.00061
   0.00060
   0.00060
   0.00059
   0.00059
   0.00058
   0.00058
   0.00058
   0.00057
   0.00057
   0.00057
   0.00057
   0.00057
   0.00056
   0.00056
   0.00056
   0.00056
   0.00057
   0.00057
   0.00057
   0.00057
   0.00058
   0.00059
   0.00059
   0.00061
   0.00063
   0.00066
   0.00073
   0.00094
   0.00360
   0.17752
   0.22992
   0.11018
   0.04073
   0.03773
   0.03794
   0.03735
   0.03641
   0.03603
   0.03576
   0.03548
   0.03521
   0.03498
   0.03469
   0.03449
   0.03431
   0.03416
   0.03400
   0.03385
   0.03369
   0.03351
   0.03340
   0.03323
   0.03317
   0.03313
   0.03304
   0.03267
   0.03159
   0.01549
   0.01210
   0.01183
   0.01171
   0.01161
   0.01156
   0.01153
   0.01152
   0.01150
   0.01148
   0.01146
   0.01144
   0.01143
   0.01142
   0.01140
   0.01138
   0.01137
   0.01136
   0.01135
   0.01134
   0.01134
   0.01133
   0.01134
   0.01134
   0.01135
   0.01137
   0.01138
   0.01142
   0.01141
   0.01136
   0.01034
   0.00675
   0.00678
   0.00675
   0.00674
   0.00674
   0.00674
   0.00674
   0.00674
   0.00674
   0.00675
   0.00675
   0.00676
   0.00678
   0.00679
   0.00682
   0.00684
   0.00688
   0.00691
   0.00696
   0.00702
   0.00709
   0.00717
   0.00728
   0.00741
   0.00757
   0.00777
   0.00804
   0.00841
   0.00896
   0.00983
   0.01144
   0.01458
   0.01017
   0.01482
   0.00536
   0.01255
   0.01269
   0.00712
   0.01374
   0.00597
   0.01296
   0.00685
   0.01345
   0.00389
   0.01177
   0.00726
   0.01259
   0.00311
   0.01130
   0.00566
   0.01224
   0.00287
   0.01091
   0.00435
   0.01157
   0.00274
   0.01060
   0.00332
   0.01083
   0.00261
   0.01027
   0.00270
   0.01018
   0.00245
   0.00983
   0.00239
   0.00961
   0.00228
   0.00934
