   0.66462
   0.65858
   0.65452
   0.65216
   0.64807
   0.64444
   0.64298
   0.65188
   0.65873
   0.66083
   0.65821
   0.65513
   0.65907
   0.65514
   0.65069
   0.65149
   0.65262
   0.64813
   0.63959
   0.64422
   0.64006
   0.64303
   0.63395
   0.62247
   0.61996
   0.62269
   0.61875
   0.61368
   0.61134
   0.60314
   0.59927
   0.59252
   0.58534
   0.57915
   0.57261
   0.56607
   0.55958
   0.55121
   0.54052
   0.52504
   0.50933
   0.49528
   0.48250
   0.46997
   0.45997
   0.45039
   0.44129
   0.43273
   0.42368
   0.41659
   0.41032
   0.40492
   0.39966
   0.39466
   0.38964
   0.38469
   0.38021
   0.37586
   0.37163
   0.36750
   0.36346
   0.35928
   0.35562
   0.35176
   0.34788
   0.34399
   0.34021
   0.33637
   0.33286
   0.32876
   0.32460
   0.32012
   0.31542
   0.31055
   0.30522
   0.29947
   0.29333
   0.28676
   0.27938
   0.27162
   0.26353
   0.25519
   0.24668
   0.23825
   0.22990
   0.22180
   0.21425
   0.20738
   0.20116
   0.19568
   0.19102
   0.18700
   0.18366
   0.18070
   0.17845
   0.17653
   0.17500
   0.17376
   0.17276
   0.17202
   0.17157
   0.17071
   0.17026
   0.16911
   0.16810
   0.16697
   0.16515
   0.16333
   0.16124
   0.15847
   0.15596
   0.15325
   0.15041
   0.14773
   0.14470
   0.14172
   0.13939
   0.13713
   0.13508
   0.13309
   0.13130
   0.12951
   0.12784
   0.12618
   0.12445
   0.12208
   0.11872
   0.11431
   0.10935
   0.10257
   0.09603
   0.09186
   0.08770
   0.08692
   0.06343
   0.07696
   0.04706
   0.08026
   0.07869
   0.07723
   0.07617
   0.07450
   0.07220
   0.06894
   0.06552
   0.06199
   0.05804
   0.05414
   0.05008
   0.04677
   0.04333
   0.04077
   0.03795
   0.03593
   0.03345
   0.03182
   0.02949
   0.02788
   0.02600
   0.02474
   0.02347
   0.02275
   0.02244
   0.02245
   0.02294
   0.02333
   0.02204
   0.02084
   0.01248
   0.01614
   0.02121
   0.02022
   0.01895
   0.01820
   0.01600
   0.01326
   0.01337
   0.00822
   0.00907
   0.01373
   0.01318
   0.01323
   0.01224
   0.01081
   0.00549
   0.01037
   0.00949
   0.00707
   0.00950
   0.00362
   0.01810
   0.01733
   0.01772
   0.01806
   0.01879
   0.01923
   0.02256
   0.04955
   0.04796
   0.05098
   0.04828
   0.04909
   0.02277
   0.01871
   0.01135
   0.00792
   0.00671
   0.00623
   0.00584
   0.00704
   0.00646
   0.00670
   0.00657
   0.00697
   0.00846
   0.00686
   0.00815
   0.00612
   0.00758
   0.00659
   0.00593
   0.00431
   0.00354
   0.00308
   0.00281
   0.00264
   0.00257
   0.00255
   0.00380
   0.00236
   0.00274
   0.00230
   0.00356
   0.00374
   0.00297
   0.00501
   0.00420
   0.00248
   0.00212
   0.00225
   0.00270
   0.00198
   0.00248
   0.00169
   0.00184
   0.00179
   0.00177
   0.00162
   0.00381
   0.00162
   0.00160
   0.00153
   0.00149
   0.00144
   0.00137
   0.00125
   0.18683
   0.00129
   0.00121
   0.26101
   0.00137
   0.00122
   0.02006
   0.00111
   0.00145
   0.00191
   0.00178
   0.00109
   0.00120
   0.00119
   0.00100
   0.00138
   0.00134
   0.00132
   0.00096
   0.00168
   0.00153
   0.00082
   0.00122
   0.21757
   0.00094
   0.00119
   0.00104
   0.00105
   0.00098
   0.00092
   0.00109
   0.00070
   0.04215
   0.00112
   0.00218
   0.00204
   0.00192
   0.00181
   0.00170
   0.00160
   0.00151
   0.00144
   0.00137
   0.00102
   0.00108
   0.00107
   0.00097
   0.00090
   0.00080
   0.00077
   0.00072
   0.00067
   0.00063
   0.00060
   0.01630
   0.00276
   0.00243
   0.00219
   0.00196
   0.00176
   0.00159
   0.00146
   0.00136
   0.00128
   0.00122
   0.00118
   0.00117
   0.00112
   0.00104
   0.00100
   0.00097
   0.00094
   0.00091
   0.00089
   0.00087
   0.00086
   0.00084
   0.00082
   0.00079
   0.00085
   0.00067
   0.00081
   0.01161
   0.00270
   0.00217
   0.00188
   0.00172
   0.00161
   0.00153
   0.00145
   0.00139
   0.00132
   0.00127
   0.00121
   0.00117
   0.00147
   0.00126
   0.00103
   0.00100
   0.00099
   0.03594
   0.01517
   0.01113
   0.00878
   0.00734
   0.00644
   0.01229
   0.00586
   0.00509
   0.00497
   0.00443
   0.00412
   0.00425
   0.00413
   0.00402
   0.00395
   0.00525
   0.00450
   0.00433
   0.00422
   0.00415
   0.00410
   0.00405
   0.00398
   0.00389
   0.00377
   0.00362
   0.00347
   0.00337
   0.00335
   0.00333
   0.00325
   0.00315
   0.00310
   0.00316
   0.00330
   0.00342
   0.00292
   0.00296
   0.00310
   0.00298
   0.00265
   0.00285
   0.00250
   0.00220
   0.00211
   0.00205
   0.00203
   0.00203
   0.00204
   0.00205
   0.00205
   0.00202
   0.00197
   0.00188
   0.00178
   0.00170
   0.00170
   0.00176
   0.00177
   0.00175
   0.00166
   0.00157
   0.00162
   0.00331
   0.00205
   0.00163
   0.00157
   0.00162
   0.00154
   0.00123
   0.00375
   0.00110
   0.03391
   0.01120
   0.00957
   0.00859
   0.00798
   0.00738
   0.00670
   0.00620
   0.00569
   0.00531
   0.00493
   0.00449
   0.00409
   0.00375
   0.00346
   0.00322
   0.00301
   0.00283
   0.00266
   0.00250
   0.00236
   0.00224
   0.00214
   0.00208
   0.00197
   0.00189
   0.00179
   0.00172
   0.00168
   0.00166
   0.01686
   0.01087
   0.00846
   0.00682
   0.00603
   0.00523
   0.00428
   0.00364
   0.00300
   0.00276
   0.00257
   0.00242
   0.00227
   0.00218
   0.00218
   0.00242
   0.00208
   0.00203
   0.00194
   0.00185
   0.00176
   0.00167
   0.00160
   0.00154
   0.00151
   0.00146
   0.00172
   0.00140
   0.00150
   0.00142
   0.00143
   0.00136
   0.00135
   0.00133
   0.00130
   0.00127
   0.00125
   0.00123
   0.00120
   0.00116
   0.00112
   0.00109
   0.00105
   0.00101
   0.00098
   0.00092
   0.00083
   0.00099
   0.00078
   0.00066
   0.00593
   0.00545
   0.00503
   0.00450
   0.00405
   0.00364
   0.00411
   0.00539
   0.00300
   0.00506
   0.00276
   0.00406
   0.00215
   0.00257
   0.00243
   0.00280
   0.00252
   0.00295
   0.00294
   0.00281
   0.00261
   0.00254
   0.00258
   0.00251
   0.00237
   0.00222
   0.00210
   0.00198
   0.00188
   0.00178
   0.00169
   0.00158
   0.00147
   0.00135
   0.00124
   0.00115
   0.00109
   0.00103
   0.00098
   0.00094
   0.00090
   0.00087
   0.00083
   0.00080
   0.00078
   0.00075
   0.00073
   0.00069
   0.00065
   0.00061
   0.00058
   0.00056
   0.00054
   0.00052
   0.00091
   0.00079
   0.00076
   0.00073
   0.00070
   0.00069
   0.00070
   0.00074
   0.00074
   0.00077
   0.00086
   0.00096
   0.00105
   0.00111
   0.00114
   0.00114
   0.00113
   0.00109
   0.00104
   0.00098
   0.00093
   0.00088
   0.00083
   0.00079
   0.00076
   0.00072
   0.00069
   0.00065
   0.00060
   0.00056
   0.00052
   0.00049
   0.00046
   0.00038
   0.00040
   0.00037
   0.00036
   0.00034
   0.00032
   0.00031
   0.00030
   0.00030
   0.00030
   0.00029
   0.00028
   0.00027
   0.00359
   0.00235
   0.00192
   0.00162
   0.00140
   0.00122
   0.00108
   0.00096
   0.00087
   0.00079
   0.00072
   0.00066
   0.00061
   0.00057
   0.00053
   0.00050
   0.00047
   0.00045
   0.00044
   0.00044
   0.00045
   0.00048
   0.00050
   0.00050
   0.00051
   0.00057
   0.00058
   0.00059
   0.00058
   0.00056
   0.00053
   0.00049
   0.00046
   0.00043
   0.00041
   0.00039
   0.00037
   0.00035
   0.00034
   0.00033
   0.00031
   0.00030
   0.00028
   0.00026
   0.00025
   0.00023
   0.00021
   0.00016
   0.00022
   0.05288
   0.03703
   0.02838
   0.02408
   0.02143
   0.01917
   0.01730
   0.01556
   0.01429
   0.01201
   0.00986
   0.00899
   0.00833
   0.00907
   0.00916
   0.00944
   0.00774
   0.00641
   0.00613
   0.00590
   0.00568
   0.00556
   0.00561
   0.00521
   0.00486
   0.00747
   0.01040
   0.00457
   0.00450
   0.00444
   0.00437
   0.00431
   0.00424
   0.00418
   0.00411
   0.00403
   0.00393
   0.00381
   0.00371
   0.00361
   0.00352
   0.00348
   0.00350
   0.00354
   0.00348
   0.00336
   0.00354
   0.00331
   0.00322
   0.00338
   0.00266
   0.00276
   0.00310
   0.00341
   0.00233
   0.00223
   0.00222
   0.00216
   0.00212
   0.00178
   0.00172
   0.00170
   0.00167
   0.00165
   0.00162
   0.00159
   0.00160
   0.00155
   0.00151
   0.00147
   0.00144
   0.00140
   0.00137
   0.00137
   0.00137
   0.00139
   0.00142
   0.00146
   0.00150
   0.00151
   0.00150
   0.00149
   0.00147
   0.00145
   0.00140
   0.00094
   0.00118
   0.00117
   0.00114
   0.00112
   0.00109
   0.00107
   0.00105
   0.00103
   0.00102
   0.00100
   0.00098
   0.00096
   0.00095
   0.00093
   0.00091
   0.00089
   0.00087
   0.00086
   0.00085
   0.00084
   0.00083
   0.00082
   0.00081
   0.00080
   0.00079
   0.00078
   0.00077
   0.00076
   0.00074
   0.00073
   0.00073
   0.00069
   0.00068
   0.00066
   0.00064
   0.00064
   0.00062
   0.00061
   0.00061
   0.00061
   0.00061
   0.00061
   0.00061
   0.00062
   0.00062
   0.00062
   0.00061
   0.00061
   0.00059
   0.00057
   0.00041
   0.00049
   0.00051
   0.00054
   0.00045
   0.00046
   0.00047
   0.00047
   0.00048
   0.00048
   0.00048
   0.00047
   0.00047
   0.00046
   0.00045
   0.00044
   0.00043
   0.00042
   0.00042
   0.00041
   0.00037
   0.00036
   0.00035
   0.00034
   0.00033
   0.00032
   0.00031
   0.00030
   0.00029
   0.00029
   0.00028
   0.00028
   0.00027
   0.00027
   0.00026
   0.00026
   0.00025
   0.00025
   0.00024
   0.00024
   0.00023
   0.00023
   0.00023
   0.00023
   0.00022
   0.00022
   0.00021
   0.00020
   0.00020
   0.00019
   0.00018
   0.00018
   0.00017
   0.00017
   0.00016
   0.00016
   0.00016
   0.00015
   0.00015
   0.00015
   0.00015
   0.00015
   0.00015
   0.00014
   0.00014
   0.00014
   0.00013
   0.00013
   0.00013
   0.00012
   0.00010
   0.00011
   4.44766
   0.00168
   0.00150
   0.00137
   0.00127
   0.00118
   0.00110
   0.00103
   0.00096
   0.00090
   0.00084
   0.00078
   0.00073
   0.00068
   0.00064
   0.00060
   0.00056
   0.00052
   0.00049
   0.00046
   0.00043
   0.00040
   0.00037
   0.00035
   0.00033
   0.00031
   0.00029
   0.00028
   0.00026
   0.00025
   0.00024
   0.00023
   0.00021
   0.00020
   0.00020
   0.00019
   0.00018
   0.00017
   0.00016
   0.00016
   0.00015
   0.00014
   0.00013
   0.00013
   0.00012
   0.00012
   0.00011
   0.00011
   0.00010
   0.00010
   0.00009
   0.00009
   0.00009
   0.00008
   0.00008
   0.00007
   0.00007
   0.00007
   0.00006
   0.00006
   0.00006
   0.00006
   0.00005
   0.00005
   0.00005
   0.00005
   0.00005
   0.00005
   0.00005
   0.00008
   0.00004
   0.00004
   0.00004
   0.00004
   0.00004
   0.00004
   0.00004
   0.00004
   0.00004
   0.00004
   0.00003
   0.00211
   0.00037
   0.00035
   0.00035
   0.00034
   0.00033
   0.00032
   0.00031
   0.00030
   0.00029
   0.00028
   0.00027
   0.00026
   0.00025
   0.00024
   0.00023
   0.00022
   0.00021
   0.00020
   0.00019
   0.00018
   0.00018
   0.00017
   0.00016
   0.00015
   0.00014
   0.00014
   0.00013
   0.00013
   0.00012
   0.00012
   0.00011
   0.00011
   0.00010
   0.00010
   0.00010
   0.00009
   0.00009
   0.00009
   0.00008
   0.00008
   0.00008
   0.00008
   0.00007
   0.00007
   0.00007
   0.00006
   0.00006
   0.00006
   0.00006
   0.00006
   0.00005
   0.00005
