   0.67724
   0.69250
   0.70375
   0.70407
   0.71079
   0.71136
   0.72842
   0.71428
   0.73549
   0.73369
   0.71789
   0.74243
   0.73745
   0.73631
   0.73574
   0.74179
   0.72768
   0.73091
   0.73160
   0.72583
   0.73004
   0.72890
   0.72727
   0.72826
   0.72900
   0.73161
   0.73414
   0.73863
   0.74240
   0.74677
   0.75229
   0.75893
   0.76690
   0.77600
   0.78534
   0.79579
   0.80700
   0.81933
   0.83307
   0.84940
   0.86752
   0.88715
   0.90847
   0.93053
   0.95385
   0.97904
   1.00214
   1.02592
   1.04829
   1.07168
   1.09339
   1.11679
   1.13402
   1.15369
   1.17473
   1.19541
   1.21599
   1.23457
   1.25519
   1.27567
   1.29259
   1.31105
   1.32922
   1.34652
   1.36414
   1.38195
   1.40105
   1.41908
   1.43507
   1.45040
   1.45349
   1.46720
   1.47627
   1.48980
   1.50064
   1.50806
   1.51682
   1.52977
   1.52963
   1.53004
   1.52629
   1.52181
   1.51457
   1.50341
   1.49088
   1.47289
   1.45399
   1.43467
   1.41081
   1.38509
   1.35920
   1.32968
   1.30386
   1.27201
   1.24234
   1.21193
   1.17782
   1.14354
   1.09373
   1.06447
   1.04092
   1.00821
   0.98515
   0.96925
   0.95408
   0.94832
   0.94845
   0.95231
   0.96778
   0.98402
   1.03201
   1.03249
   1.02794
   1.00278
   0.97104
   0.92620
   0.86423
   0.75462
   0.59055
   0.45823
   0.39581
   0.38446
   0.37432
   0.35742
   0.34742
   0.33550
   0.32129
   0.31669
   0.29434
   0.30130
   0.34215
   0.41997
   0.92199
   0.47143
   0.15900
   0.29406
   0.28812
   0.29275
   0.27595
   0.30972
   0.32970
   0.35167
   0.36382
   0.33020
   0.14321
   0.25891
   0.25739
   0.25187
   0.29648
   0.25618
   0.08157
   0.34245
   0.52304
   0.11264
   0.01170
   0.11920
   0.04715
   0.02858
   0.02144
   0.01110
   0.01367
   0.00932
   0.00882
   0.00839
   0.00964
   1.75677
   1.59693
   0.00773
   0.04905
   0.01613
   0.01640
   0.01573
   0.01126
   0.01037
   0.00996
   0.00895
   0.01129
   0.00817
   0.00972
   0.00712
   0.03372
   0.00763
   0.00664
   0.00946
   0.00827
   0.01093
   0.01201
   0.39999
   0.00378
   0.02092
   0.67561
   0.01014
   0.00336
   0.00598
   0.01050
   0.73962
   0.02190
   0.01170
   0.00473
   0.01186
   0.02185
   0.01994
   0.02363
   0.01776
   0.01889
   0.01965
   0.01480
   0.01019
   0.01762
   0.01679
   0.01214
   0.00970
   0.01569
   0.01053
   1.38769
   0.00867
   0.15612
   0.01689
   0.27595
   0.00693
   1.89570
   0.01729
   0.01130
   0.00490
   0.01441
   0.01168
   0.01008
   0.00935
   0.00909
   0.00987
   0.00797
   0.00881
   0.00755
   0.00846
   0.00809
   0.00608
   0.00665
   0.01007
   0.00605
   0.00537
   0.00675
   0.00606
   0.06413
   0.05538
   0.05026
   0.04680
   0.04435
   0.04305
   0.04219
   0.04215
   0.04377
   0.04963
   0.29756
   0.03055
   0.02653
   0.01515
   0.02737
   0.03250
   0.02766
   0.01224
   0.02572
   0.03184
   0.02826
   0.01816
   0.04361
   0.03293
   0.03599
   0.72582
   0.00511
   0.01031
   0.00399
   0.00432
   0.00678
   0.00669
   0.00376
   0.00340
   0.00405
   0.00510
   0.00480
   0.00347
   0.00317
   0.00319
   0.00433
   0.00301
   0.00535
   0.00251
   0.00238
   0.00223
   0.00228
   0.00259
   0.00194
   0.00576
   0.00320
   0.00234
   0.00175
   0.00982
   0.00519
   0.00355
   0.00273
   0.00293
   0.00248
   0.00173
   0.00833
   0.00450
   0.01147
   0.00880
   0.00471
   0.01283
   0.01031
   0.00810
   0.00440
   0.01221
   0.00971
   0.00612
   0.00355
   0.00821
   0.00800
   0.00530
   0.00312
   0.00583
   0.00731
   0.00704
   0.00437
   0.00270
   0.00235
   0.00137
   0.04665
   0.03517
   0.02496
   0.02815
   0.02124
   0.04142
   0.03102
   0.02414
   0.01970
   0.04380
   0.03391
   0.02472
   0.02085
   0.01707
   0.02476
   0.03293
   0.03462
   0.03593
   0.01547
   0.02959
   0.02096
   0.02029
   0.02301
   0.03037
   0.02819
   0.02722
   0.01953
   0.01685
   0.01129
   0.02282
   0.02114
   0.01965
   0.01823
   0.01676
   0.00990
   0.01313
   0.01278
   0.00851
   0.00657
   0.01469
   0.01324
   0.01071
   0.00808
   0.00670
   0.01656
   0.01430
   0.01384
   0.00386
   0.00961
   0.37997
   0.22927
   0.15335
   0.12473
   0.10319
   0.08556
   0.07178
   0.05901
   0.04912
   0.04110
   0.03443
   0.02912
   0.02511
   0.02242
   0.02395
   0.02261
   0.02133
   0.01859
   0.01850
   0.01674
   0.01455
   0.01358
   0.01900
   0.45923
   0.30808
   0.01163
   0.06515
   0.06419
   0.00997
   0.01185
   0.03999
   0.01161
   0.01662
   0.47551
   0.00692
   0.00727
   0.00962
   0.01253
   0.00604
   0.01116
   0.00922
   0.01471
   0.01146
   0.00697
   0.01584
   0.01518
   0.01262
   0.00891
   1.42235
   0.69886
   0.70512
   0.71405
   0.71616
   0.71661
   0.71672
   0.71676
   0.71678
   0.71679
   0.71679
   0.71679
   0.71680
   0.71680
   0.71680
   0.71680
   0.71680
   0.71680
   0.71680
   0.71680
   0.71680
   0.71680
   0.71680
   0.71680
   0.71680
   0.71680
   0.71680
   0.71680
   0.71680
   0.71680
   0.71680
   0.71680
   0.71680
   0.71680
   0.71679
   0.71679
   0.71679
   0.71679
   0.71679
   0.71679
   0.71679
   0.71679
   0.71679
   0.71679
   0.71679
   0.71679
   0.71679
   0.71679
   0.71679
   0.71679
   0.71679
   0.71679
   0.71679
   0.71679
   0.71679
   0.71679
   0.71679
   0.71679
   0.71679
   0.71679
   0.71679
   0.71679
   0.71679
   0.71679
   0.71679
   0.71679
   0.71679
   0.71679
   0.71679
   0.71679
   0.71679
   0.71679
   0.71679
   0.71679
   0.71679
   0.71679
   0.71679
   0.71679
   0.71678
   0.71678
   0.71678
   0.71678
   0.71678
   0.71678
   0.71678
   0.71678
   0.71678
   0.71678
   0.71678
   0.71678
   0.71678
   0.71678
   0.71678
   0.71678
   0.71678
   0.71678
   0.71678
   0.71678
   0.71678
   0.71678
   0.71678
   0.71678
   0.71678
   0.71678
   0.71678
   0.71678
   0.71678
   0.71678
   0.71678
   0.71678
   0.71678
   0.71678
   0.71678
   0.71678
   0.71678
   0.71678
   0.71678
   0.71678
   0.71678
   0.71678
   0.71678
   0.71678
   0.71677
   0.71677
   0.71677
   0.71677
   0.71677
   0.71677
   0.71677
   0.71677
   0.71677
   0.71677
   0.71677
   0.71677
   0.71677
   0.71677
   0.71677
   0.71677
   0.71677
   0.71677
   0.71677
   0.71677
   0.71677
   0.71677
   0.71677
   0.71677
   0.71677
   0.71677
   0.71677
   0.71677
   0.71677
   0.71677
   0.71677
   0.71677
   0.71677
   0.71677
   0.71677
   0.71677
   0.71677
   0.71677
   0.71677
   0.71677
   0.71677
   0.71677
   0.71677
   0.71676
   0.71676
   0.71676
   0.71676
   0.71676
   0.71676
   0.71676
   0.71676
   0.71676
   0.71676
   0.71676
   0.71676
   0.71676
   0.71676
   0.71676
   0.71676
   0.71676
   0.71676
   0.71676
   0.71676
   0.71676
   0.71676
   0.71676
   0.71676
   0.71676
   0.71676
   0.71676
   0.71676
   0.71676
   0.71676
   0.71676
   0.71676
   0.71676
   0.71676
   0.71676
   0.71676
   0.71676
   0.71676
   0.71676
   0.71676
   0.71676
   0.71676
   0.71676
   0.71675
   0.71675
   0.71675
   0.71675
   0.71675
   0.71675
   0.71675
   0.71675
   0.71675
   0.71675
   0.71675
   0.71675
   0.71675
   0.71675
   0.71675
   0.71675
   0.71675
   0.71675
   0.71675
   0.71675
   0.71675
   0.71675
   0.71675
   0.71675
   0.71675
   0.71675
   0.71675
   0.71675
   0.71675
   0.71675
   0.71675
   0.71675
   0.71675
   0.71675
   0.71675
   0.71675
   0.71675
   0.71675
   0.71675
   0.71675
   0.71675
   0.71675
   0.71675
   0.71675
   0.71674
   0.71674
   0.71674
   0.71674
   0.71674
   0.71674
   0.71674
   0.71674
   0.71674
   0.71674
   0.71674
   0.71674
   0.71674
   0.71674
   0.71674
   0.71674
   0.71674
   0.71674
   0.71674
   0.71674
   0.71674
   0.71674
   0.71674
   0.71674
   0.71674
   0.71674
   0.71674
   0.71674
   0.71674
   0.71674
   0.71674
   0.71674
   0.71674
   0.71674
   0.71674
   0.71674
   0.71674
   0.71674
   0.71674
   0.71674
   0.71674
   0.71674
   0.71674
   0.71673
   0.71673
   0.71673
   0.71673
   0.71673
   0.71673
   0.71673
   0.71673
   0.71673
   0.71673
   0.71673
   0.71673
   0.71673
   0.71673
   0.71673
   0.71673
   0.71673
   0.71673
   0.71673
   0.71673
   0.71673
   0.71673
   0.71673
   0.71673
   0.71673
   0.71673
   0.71673
   0.71673
   0.71673
   0.71673
   0.71673
   0.71673
   0.71673
   0.71673
   0.71673
   0.71673
   0.71673
   0.71673
   0.71673
   0.71673
   0.71673
   0.71673
   0.71672
   0.71672
   0.71672
   0.71672
   0.71672
   0.71672
   0.71672
   0.71672
   0.71672
   0.71672
   0.71672
   0.71672
   0.71672
   0.71672
   0.71672
   0.71672
   0.71672
   0.71672
   0.71672
   0.71672
   0.71672
   0.71672
   0.71672
   0.71672
   0.71672
   0.71672
   0.71672
   0.71672
   0.71672
   0.71672
   0.71672
   0.71672
   0.71672
   0.71672
   0.71672
   0.71672
   0.71672
   0.71672
   0.71672
   0.71672
   0.71672
   0.71672
   0.71672
   0.71671
   0.71671
   0.71671
   0.71671
   0.71671
   0.71671
   0.71671
   0.71671
   0.71671
   0.71671
   0.71671
   0.71671
   0.71671
   0.71671
   0.71671
   0.71671
   0.71671
   0.71671
   0.71671
   0.71671
   0.71671
   0.71671
   0.71671
   0.71671
   0.71671
   0.71671
   0.71671
   0.71671
   0.71671
   0.71671
   0.71671
   0.71671
   0.71671
   0.71671
   0.71671
   0.71671
   0.71671
   0.71671
   0.71671
   0.71671
   0.71671
   0.71671
   0.71671
   0.71670
   0.71670
   0.71670
   0.71670
   0.71670
   0.71670
   0.71670
   0.71670
   0.71670
   0.71670
   0.71670
   0.71670
   0.71670
   0.71670
   0.71670
   0.71670
   0.71670
   0.71670
   0.71670
   0.71670
   0.71670
   0.71670
   0.71670
   0.71670
   0.71670
   0.71670
   0.71670
   0.71670
   0.71670
   0.71670
   0.71670
   0.71670
   0.71670
   0.71670
   0.71670
   0.71670
   0.71670
   0.71670
   0.71670
   0.71670
   0.71670
   0.71669
   0.71669
   0.71669
   0.71669
   0.71669
   0.71669
   0.71669
   0.71669
   0.71669
   0.71669
   0.71669
   0.71669
   0.71669
   0.71669
   0.71669
   0.71669
   0.71669
   0.71669
   0.71669
   0.71669
   0.71669
   0.71669
   0.71669
   0.71669
   0.71669
   0.71669
   0.71669
   0.71669
   0.71669
   0.71669
   0.71669
   0.71669
   0.71669
   0.71669
   0.71669
   0.71669
   0.71669
   0.71669
   0.71669
   0.71669
   0.71669
   0.71669
   0.71668
   0.71668
   0.71668
   0.71668
   0.71668
   0.71668
   0.71668
   0.71668
   0.71668
   0.71668
   0.71668
   0.71668
   0.71668
   0.71668
   0.71668
   0.71668
   0.71668
   0.71668
   0.71668
   0.71668
   0.71668
   0.71668
   0.71668
   0.71668
   0.71668
   0.71668
   0.71668
   0.71668
   0.71668
   0.71668
   0.71668
   0.71668
   0.71668
   0.71668
   0.71668
   0.71668
   0.71668
   0.71668
   0.71668
   0.71668
   0.71668
   0.71668
   0.71667
   0.71667
   0.71667
   0.71667
   0.71667
   0.71667
   0.71667
   0.71667
   0.71667
   0.71667
   0.71667
   0.71667
   0.71667
   0.71667
   0.71667
   0.71667
   0.71667
   0.71667
   0.71667
   0.71667
   0.71667
   0.71667
   0.71667
   0.71667
   0.71667
   0.71667
   0.71667
   0.71667
   0.71667
