   0.70185
   0.70243
   0.70200
   0.70113
   0.70064
   0.69998
   0.69933
   0.69872
   0.69809
   0.69749
   0.69689
   0.69631
   0.69576
   0.69522
   0.69469
   0.69411
   0.69363
   0.69310
   0.69262
   0.69210
   0.69155
   0.69089
   0.69045
   0.68985
   0.68923
   0.68852
   0.68799
   0.68721
   0.68646
   0.68555
   0.68494
   0.68424
   0.68347
   0.68268
   0.68184
   0.68128
   0.68068
   0.68016
   0.67970
   0.67953
   0.69195
   0.68121
   0.76040
   0.74805
   0.73611
   0.72971
   0.72631
   0.72496
   0.72493
   0.72592
   0.72733
   0.72875
   0.73011
   0.73106
   0.73102
   0.73076
   0.72894
   0.72654
   0.72312
   0.71827
   0.71325
   0.70696
   0.69890
   0.69044
   0.68061
   0.67081
   0.66028
   0.64979
   0.63844
   0.62704
   0.61523
   0.60387
   0.59267
   0.58185
   0.57164
   0.56236
   0.55394
   0.54656
   0.54003
   0.53429
   0.52909
   0.52407
   0.51909
   0.51398
   0.50859
   0.50272
   0.49673
   0.49071
   0.48454
   0.47831
   0.46328
   0.45576
   0.45069
   0.44598
   0.44164
   0.43763
   0.43385
   0.43009
   0.42604
   0.42148
   0.41629
   0.41071
   0.40484
   0.39884
   0.39298
   0.38726
   0.38173
   0.37648
   0.37145
   0.36668
   0.36213
   0.35776
   0.35275
   0.34843
   0.34353
   0.33888
   0.33426
   0.32974
   0.32524
   0.32076
   0.31639
   0.31200
   0.30771
   0.30346
   0.29925
   0.29509
   0.29101
   0.28693
   0.28291
   0.27901
   0.27510
   0.27123
   0.26740
   0.26350
   0.25987
   0.25614
   0.25242
   0.24881
   0.24514
   0.24153
   0.23794
   0.23439
   0.23086
   0.22729
   0.22377
   0.22026
   0.21672
   0.21328
   0.20976
   0.20634
   0.20288
   0.19944
   0.19606
   0.19261
   0.18928
   0.18584
   0.18245
   0.17909
   0.17574
   0.17241
   0.16915
   0.16579
   0.16260
   0.15934
   0.15611
   0.15283
   0.14980
   0.14658
   0.14345
   0.14039
   0.13731
   0.13428
   0.13144
   0.12851
   0.12562
   0.12275
   0.11990
   0.11712
   0.11445
   0.11160
   0.10905
   0.10637
   0.10385
   0.10135
   0.09887
   0.09644
   0.09408
   0.09174
   0.08947
   0.08724
   0.08506
   0.08292
   0.08084
   0.07883
   0.07682
   0.07489
   0.07305
   0.07116
   0.06936
   0.06761
   0.06599
   0.06434
   0.06274
   0.06120
   0.05971
   0.05830
   0.05690
   0.05557
   0.05434
   0.05315
   0.05199
   0.05096
   0.04998
   0.04911
   0.04833
   0.04768
   0.04715
   0.04674
   0.04652
   0.04648
   0.04667
   0.04706
   0.04770
   0.04853
   0.04933
   0.04971
   0.04865
   0.04467
   0.03766
   0.03504
   0.05922
   0.04990
   0.05120
   0.05051
   0.04991
   0.04900
   0.04755
   0.04518
   0.04097
   0.03326
   0.02665
   0.03188
   0.03031
   0.02951
   0.02740
   0.02437
   0.03798
   0.03782
   0.03530
   0.03522
   0.03494
   0.03465
   0.03437
   0.03408
   0.03374
   0.03339
   0.03309
   0.03274
   0.03235
   0.03179
   0.03051
   0.02610
   0.01610
   0.02170
   0.01533
   0.02275
   0.01469
   0.02293
   0.01409
   0.02194
   0.01357
   0.01974
   0.01332
   0.01648
   0.01336
   0.01409
   0.01324
   0.01354
   0.01509
   0.02620
   0.03855
   0.02692
   0.02455
   0.02352
   0.02236
   0.02094
   0.01953
   0.01845
   0.01702
   0.01622
   0.01518
   0.01429
   0.01341
   0.01279
   0.01250
   0.01272
   0.01206
   0.01703
   0.01087
   0.03579
   0.02551
   0.01868
   0.01008
   0.06172
   0.01171
   0.03726
   0.03237
   0.02798
   0.02412
   0.01296
   0.00546
   0.01012
   0.10541
   0.00870
   0.00863
   0.00465
   0.01250
   0.00911
   0.00440
   0.01229
   0.00744
   0.00453
   0.00793
   0.00693
   0.00382
   0.01158
   0.00730
   0.00720
   0.00687
   0.00717
   0.00861
   0.00615
   0.00826
   0.00680
   0.00733
   0.00843
   0.00845
   0.00804
   0.00759
   0.00728
   0.00687
   0.00661
   0.00620
   0.00596
   0.00568
   0.00532
   0.00511
   0.00486
   0.00456
   0.00439
   0.00409
   0.00394
   0.00366
   0.00353
   0.00327
   0.00316
   0.00295
   0.00285
   0.00269
   0.00262
   0.00252
   0.00243
   0.00236
   0.00230
   0.00225
   0.00221
   0.00213
   0.00210
   0.00206
   0.00200
   0.00198
   0.00191
   0.00189
   0.00183
   0.00183
   0.00178
   0.00172
   0.00169
   0.00167
   0.00164
   0.00158
   0.00155
   0.00151
   0.00147
   0.00144
   0.00140
   0.00137
   0.00133
   0.00130
   0.00128
   0.00125
   0.00122
   0.00118
   0.00115
   0.00111
   0.00108
   0.00105
   0.00102
   0.00100
   0.00097
   0.00094
   0.00092
   0.00090
   0.00087
   0.00085
   0.00083
   0.00081
   0.00079
   0.00077
   0.00076
   0.00074
   0.00073
   0.00071
   0.00069
   0.00068
   0.00066
   0.00065
   0.00063
   0.00062
   0.00061
   0.00059
   0.00058
   0.00057
   0.00055
   0.00054
   0.00053
   0.00052
   0.00050
   0.00049
   0.00048
   0.00046
   0.00045
   0.00043
   0.00042
   0.00040
   0.00038
   0.00036
   0.00035
   0.00033
   0.00031
   0.00029
   0.00027
   0.00024
   0.00022
   0.00022
   0.00024
   0.00028
   0.00030
   0.00031
   0.00031
   0.00031
   0.00031
   0.00031
   0.00031
   0.00031
   0.00031
   0.00030
   0.00029
   0.00028
   0.00028
   0.00027
   0.00026
   0.00025
   0.00024
   0.00023
   0.00022
   0.00021
   0.00021
   0.00019
   0.00019
   0.00015
   0.00016
   0.04546
   0.00696
   0.00415
   0.14806
   0.09248
   0.06690
   0.06673
   0.00841
   0.00555
   0.00626
   0.00658
   0.00687
   0.00899
   0.00858
   0.00224
   0.00359
   0.00355
   0.00375
   0.00306
   0.00340
   0.00376
   0.00299
   0.00372
   0.00332
   0.00367
   0.00307
   0.00423
   0.00339
