   0.49599
   0.45814
   0.38726
   0.69624
   0.68706
   0.67845
   0.67031
   0.66259
   0.65525
   0.64828
   0.64163
   0.63530
   0.62926
   0.62350
   0.61801
   0.61277
   0.60777
   0.60299
   0.59844
   0.59409
   0.58994
   0.58599
   0.58221
   0.57861
   0.57517
   0.57189
   0.56876
   0.56577
   0.56292
   0.56021
   0.55761
   0.55514
   0.55278
   0.55053
   0.54838
   0.54633
   0.54437
   0.54250
   0.54072
   0.53902
   0.53740
   0.53585
   0.53437
   0.53296
   0.53162
   0.53033
   0.52911
   0.52794
   0.52682
   0.52575
   0.52473
   0.52376
   0.52283
   0.52195
   0.52110
   0.52029
   0.51952
   0.51878
   0.51808
   0.51740
   0.51676
   0.51615
   0.51556
   0.51500
   0.51446
   0.51395
   0.51346
   0.51300
   0.51255
   0.51212
   0.51172
   0.51133
   0.51096
   0.51060
   0.51026
   0.50994
   0.50963
   0.50933
   0.50905
   0.50878
   0.50852
   0.50827
   0.50803
   0.50781
   0.50759
   0.50738
   0.50719
   0.50700
   0.50682
   0.50665
   0.50648
   0.50632
   0.50617
   0.50603
   0.50589
   0.50576
   0.50563
   0.50551
   0.50540
   0.50529
   0.50518
   0.50508
   0.50499
   0.50489
   0.50481
   0.50472
   0.50464
   0.50457
   0.50449
   0.50442
   0.50435
   0.50429
   0.50423
   0.50417
   0.50411
   0.50406
   0.50401
   0.50396
   0.50391
   0.50387
   0.50383
   0.50378
   0.50375
   0.50371
   0.50367
   0.50364
   0.50361
   0.50357
   0.50354
   0.50352
   0.50349
   0.50346
   0.50344
   0.50341
   0.50339
   0.50337
   0.50335
   0.50333
   0.50331
   0.50329
   0.50327
   0.50326
   0.50324
   0.50322
   0.50321
   0.50320
   0.50318
   0.50317
   0.50316
   0.50314
   0.50313
   0.50312
   0.50311
   0.50310
   0.50309
   0.50308
   0.50308
   0.50307
   0.50306
   0.50305
   0.50305
   0.50304
   0.50303
   0.50303
   0.50302
   0.50301
   0.50301
   0.50300
   0.50300
   0.50299
   0.50299
   0.50298
   0.50298
   0.50298
   0.50297
   0.50297
   0.50297
   0.50296
   0.50296
   0.50296
   0.50295
   0.50295
   0.50295
   0.50294
   0.50294
   0.50294
   0.50294
   0.50294
   0.50293
   0.50293
   0.50293
   0.50293
   0.50293
   0.50292
   0.50292
   0.50292
   0.50292
   0.50292
   0.50292
   0.50292
   0.50292
   0.50291
   0.50291
   0.50291
   0.50291
   0.50291
   0.50291
   0.50291
   0.50291
   0.50291
   0.50291
   0.50291
   0.50290
   0.50290
   0.50290
   0.50290
   0.50290
   0.50290
   0.50290
   0.50290
   0.50290
   0.50290
   0.50290
   0.50290
   0.50290
   0.50290
   0.50290
   0.50290
   0.50290
   0.50290
   0.50290
   0.50290
   0.50290
   0.50290
   0.50290
   0.50290
   0.50289
   0.50289
   0.50289
   0.50289
   0.50289
   0.50289
   0.50289
   0.50289
   0.50289
   0.50289
   0.50289
   0.50289
   0.50289
   0.50289
   0.50289
   0.50289
   0.50289
   0.50289
   0.50289
   0.50289
   0.50289
   0.50289
   0.50289
   0.50289
   0.50289
   0.50289
   0.50289
   0.50289
   0.50289
   0.50289
   0.50289
   0.50289
   0.50289
   0.50289
   0.50289
   0.50289
   0.50289
   0.50289
   0.50289
   0.50289
   0.50289
   0.50289
   0.50289
   0.50289
   0.50289
   0.50289
   0.50289
   0.50289
   0.50289
   0.50289
   0.50289
   0.50289
   0.50289
   0.50289
   0.50289
   0.50289
   0.50289
   0.50289
   0.50289
   0.50289
   0.50289
   0.50289
   0.50289
   0.50289
   0.50289
   0.50289
   0.50289
   0.50289
   0.50289
   0.50289
   0.50289
   0.50289
   0.50289
   0.50289
   0.50289
   0.50289
   0.50289
   0.50289
   0.50289
   0.50289
   0.50289
   0.50289
   0.50289
   0.50289
   0.50289
   0.50289
   0.50289
   0.50289
   0.50289
   0.50289
   0.50289
   0.50289
   0.50289
   0.50289
   0.50289
   0.50289
   0.50289
   0.50289
   0.50289
   0.50289
   0.50289
   0.50289
   0.50289
   0.50289
   0.50289
   0.50289
   0.50289
   0.50289
   0.50289
   0.50289
   0.50289
   0.50289
   0.50289
   0.50289
   0.50289
   0.50289
   0.50289
   0.50289
   0.50289
   0.50289
   0.50289
   0.50289
   0.50289
   0.50289
   0.50289
   0.50289
   0.50289
   0.50289
   0.50289
   0.50289
   0.50289
   0.50289
   0.50289
   0.50289
   0.50289
   0.50289
   0.50289
   0.50289
   0.50289
   0.50289
   0.50289
   0.50289
   0.50289
   0.50289
   0.50289
   0.50289
   0.50289
   0.50289
   0.50289
   0.50289
   0.50289
   0.50289
   0.50289
   0.50289
   0.50289
   0.50289
   0.50289
   0.50289
   0.50289
   0.50289
   0.50289
   0.50289
   0.50289
   0.50289
   0.50289
   0.50289
   0.50289
   0.50289
   0.50289
   0.50289
   0.50289
   0.50289
   0.50289
   0.50289
   0.50289
   0.50289
   0.50289
   0.50289
   0.50289
   0.50289
   0.50289
   0.50289
   0.50289
   0.50289
   0.50289
   0.50289
   0.50289
   0.50289
   0.50289
   0.50289
   0.50289
   0.50289
   0.50289
   0.50289
   0.50289
   0.50289
   0.50289
   0.50289
   0.50289
   0.50289
   0.50289
   0.50289
   0.50289
   0.50289
   0.50289
   0.50289
   0.50289
   0.50289
   0.50289
   0.50289
   0.50289
   0.50289
   0.50289
   0.50289
   0.50289
   0.50289
   0.50289
   0.50289
   0.50289
   0.50289
   0.50289
   0.50289
   0.50289
   0.50289
   0.50289
   0.50289
   0.50289
   0.50289
   0.50289
   0.50289
   0.50289
   0.50289
   0.50289
   0.50289
   0.50289
   0.50289
   0.50289
   0.50289
   0.50289
   0.50289
   0.50289
   0.50289
   0.50289
   0.50289
   0.50289
   0.50289
   0.50289
   0.50289
   0.50289
   0.50289
   0.50289
   0.50289
   0.50289
   0.50289
   0.50289
   0.50289
   0.50289
   0.50289
   0.50289
   0.50289
   0.50289
   0.50289
   0.50289
   0.50289
