   0.66183
   0.67297
   0.67298
   0.67722
   0.67376
   0.66887
   0.66986
   0.65975
   0.65921
   0.66025
   0.66370
   0.66030
   0.65912
   0.65868
   0.65843
   0.65831
   0.65798
   0.65806
   0.65753
   0.65702
   0.65701
   0.65981
   0.65958
   0.66016
   0.65889
   0.66494
   0.65707
   0.65771
   0.65541
   0.65638
   0.65720
   0.65820
   0.65575
   0.65406
   0.65542
   0.65330
   0.65217
   0.65175
   0.65067
   0.64929
   0.64730
   0.63985
   0.63586
   0.63169
   0.62776
   0.62331
   0.61915
   0.60963
   0.60499
   0.59440
   0.58453
   0.57849
   0.57251
   0.56649
   0.56042
   0.55415
   0.54758
   0.54057
   0.53327
   0.52588
   0.51876
   0.51197
   0.50554
   0.49940
   0.49308
   0.48646
   0.47983
   0.47273
   0.46549
   0.45835
   0.45130
   0.44461
   0.43826
   0.43295
   0.42649
   0.42194
   0.41675
   0.41115
   0.40720
   0.40271
   0.39841
   0.39427
   0.39045
   0.38661
   0.38285
   0.37919
   0.37561
   0.37217
   0.36867
   0.36545
   0.36198
   0.35881
   0.35538
   0.35224
   0.34907
   0.34588
   0.34275
   0.33962
   0.33655
   0.33346
   0.33017
   0.32707
   0.32414
   0.32096
   0.31797
   0.31502
   0.31194
   0.30899
   0.30604
   0.30316
   0.30031
   0.29732
   0.29460
   0.29189
   0.28923
   0.28661
   0.28378
   0.28112
   0.27827
   0.27574
   0.27318
   0.27049
   0.26804
   0.26523
   0.26279
   0.25994
   0.25745
   0.25441
   0.25162
   0.24821
   0.24519
   0.24200
   0.23880
   0.23593
   0.23317
   0.23061
   0.22776
   0.22819
   0.22547
   0.22226
   0.21955
   0.21619
   0.21360
   0.21020
   0.20729
   0.20392
   0.20015
   0.19703
   0.19376
   0.18083
   0.18813
   0.17545
   0.18125
   0.18148
   0.17869
   0.17504
   0.17056
   0.16605
   0.16165
   0.15710
   0.15410
   0.15015
   0.14595
   0.14250
   0.13812
   0.13384
   0.12947
   0.12524
   0.12113
   0.11942
   0.11527
   0.11121
   0.10727
   0.10566
   0.10135
   0.09954
   0.09525
   0.09280
   0.08985
   0.08748
   0.08508
   0.08273
   0.08043
   0.07815
   0.07590
   0.07367
   0.07144
   0.06924
   0.06705
   0.06486
   0.06268
   0.06033
   0.05846
   0.05628
   0.05412
   0.05226
   0.05031
   0.04838
   0.04651
   0.04467
   0.04272
   0.04100
   0.03936
   0.03769
   0.03611
   0.03466
   0.03310
   0.03156
   0.02904
   0.02914
   0.02642
   0.02532
   0.02608
   0.02446
   0.02296
   0.02176
   0.02056
   0.01953
   0.01845
   0.01748
   0.01662
   0.01589
   0.01528
   0.01481
   0.01516
   0.01489
   0.01409
   0.01331
   0.01259
   0.01414
   0.01583
   0.01683
   0.01689
   0.01628
   0.01650
   0.01356
   0.01364
   0.01794
   0.01384
   0.01079
   0.00880
   0.00551
   0.01475
   0.02527
   0.00397
   0.00582
   0.00398
   0.00526
   0.02408
   0.94132
   0.00389
   0.00372
   0.00368
   0.00368
   0.00370
   0.00364
   0.00358
   0.00381
   0.00614
   0.00641
   0.00344
   0.00347
   0.07818
   0.00316
   0.00883
   0.00347
   0.00456
   0.00381
   0.00761
   0.00272
   0.00891
   0.00966
   0.01038
   0.01131
   0.00380
   0.00948
   0.00746
   0.00254
   0.00912
   0.00885
   0.00897
   0.00663
   0.00888
   0.00913
   0.00219
   0.00730
   0.00202
   0.00257
   0.00204
   0.00821
   0.00180
   0.00175
   0.00196
   0.00171
   0.00159
   0.00167
   0.00359
   0.00175
   0.00211
   0.00353
   0.00155
   0.00133
   0.00154
   0.00127
   0.00141
   0.00531
   0.00153
   0.00133
   0.00332
   0.00125
   0.00130
   0.00264
   0.00120
   0.00244
   0.00108
   0.00098
   0.00336
   0.00105
   0.00336
   0.00102
   0.00107
   0.00091
   0.00137
   0.00166
   0.00087
   0.01166
   0.00356
   0.00089
   0.00362
   0.01518
   0.00091
   0.00126
   0.00575
   0.00073
   0.00077
   0.00076
   0.00079
   0.00082
   0.00075
   0.00467
   0.00548
   0.00073
   0.00069
   0.00068
   0.00067
   0.00068
   0.00067
   0.00071
   0.00064
   0.00060
   0.00075
   0.00055
   0.00052
   0.00052
   0.00050
   0.00046
   0.00046
   0.00045
   0.00044
   0.00232
   0.00049
   0.00044
   0.00044
   0.00044
   0.00045
   0.00043
   0.00061
   0.00038
   0.00038
   0.00037
   0.00036
   0.00035
   0.00034
   0.00033
   0.00033
   0.00033
   0.00033
   0.00033
   0.00033
   0.00032
   0.00031
   0.00029
   0.00028
   0.00028
   0.00028
   0.00034
   0.00028
   0.00024
   0.00032
   0.00030
   0.00028
   0.00027
   0.00027
   0.00027
   0.00027
   0.00026
   0.00026
   0.00025
   0.00044
   0.00304
   0.00329
   0.00049
   0.00044
   0.00039
   0.00035
   0.00032
   0.00030
   0.00029
   0.00028
   0.00028
   0.00027
   0.00026
   0.00024
   0.00024
   0.00028
   0.00156
   0.00034
   0.00027
   0.00031
   0.00031
   0.00019
   0.30126
   0.00023
   0.00022
   0.00023
   0.00023
   0.00024
   0.00023
   0.00022
   0.00021
   0.00020
   0.00019
   0.00019
   0.00018
   0.00017
   0.00017
   0.00017
   0.00016
   0.00016
   0.00017
   0.00022
   0.00022
   0.00017
   0.00028
   0.00025
   0.00024
   0.00023
   0.00022
   0.00022
   0.00021
   0.00020
   0.00020
   0.00020
   0.00020
   0.00020
   0.00020
   0.00020
   0.00020
   0.00019
   0.00018
   0.00018
   0.00017
   0.00017
   0.00016
   0.00016
   0.00016
   0.00015
   0.00015
   0.00015
   0.00019
   0.00018
   0.00015
   0.00055
   0.00018
   0.00017
   0.00017
   0.00017
   0.00016
   0.00016
   0.00016
   0.00016
   0.00016
   0.00016
   0.00016
   0.00016
   0.00016
   0.00016
   0.00016
   0.00016
   0.00016
   0.00016
   0.00015
   0.00015
   0.00014
   0.00014
   0.00014
   0.00013
   0.00013
   0.00013
   0.00012
   0.00012
   0.00012
   0.00014
   0.00013
   0.00011
   0.01111
   0.00013
   0.00013
   0.00013
   0.00012
   0.00012
   0.00012
   0.00012
   0.00012
   0.00012
   0.00012
   0.00012
   0.00012
   0.00012
   0.00012
   0.00012
   0.00012
   0.00012
   0.00012
   0.00012
   0.00012
   0.00012
   0.00012
   0.00012
   0.00012
   0.00011
   0.00011
   0.00011
   0.00011
   0.00010
   0.00010
   0.00010
   0.00010
   0.00009
   0.00009
   0.00009
   0.00009
   0.00008
   0.00008
   0.00008
   0.00008
   0.00008
   0.00008
   0.00008
   0.00008
   0.00008
   0.00007
   0.00007
   0.00006
   0.00006
   0.00006
   0.00006
   0.00033
   0.00032
   0.00030
   0.00029
   0.00027
   0.00026
   0.00024
   0.00023
   0.00022
   0.00021
   0.00020
   0.00019
   0.00018
   0.00017
   0.00016
   0.00015
   0.00014
   0.00014
   0.00013
   0.00012
   0.00012
   0.00011
   0.00011
   0.00010
   0.00010
   0.00010
   0.00010
   0.00009
   0.00009
   0.00009
   0.00009
   0.00009
   0.00008
   0.00008
   0.00008
   0.00008
   0.00007
   0.00007
   0.00007
   0.00007
   0.00007
   0.00006
   0.00006
   0.00006
   0.00006
   0.00006
   0.00006
   0.00006
   0.00006
   0.00006
   0.00006
   0.00005
   0.00005
   0.00005
   0.00005
   0.00005
   0.00005
   0.00004
   0.00004
   0.00004
   0.00676
   0.00434
   0.00346
   0.00301
   0.00270
   0.00262
   0.00277
   0.00283
   0.00287
   0.00271
   0.00247
   0.00223
   0.00207
   0.00212
   0.00236
   0.00232
   0.00220
   0.00222
   0.00226
   0.00227
   0.00227
   0.00225
   0.00223
   0.00219
   0.00215
   0.00210
   0.00204
   0.00199
   0.00194
   0.00188
   0.00182
   0.00177
   0.00172
   0.00166
   0.00161
   0.00156
   0.00151
   0.00146
   0.00142
   0.00138
   0.00134
   0.00130
   0.00126
   0.00123
   0.00119
   0.00116
   0.00113
   0.00110
   0.00107
   0.00104
   0.00101
   0.00098
   0.00095
   0.00091
   0.00088
   0.00085
   0.00082
   0.00079
   0.00076
   0.00075
   0.00078
   0.00092
   0.00165
   0.11615
   0.00015
   0.00016
   0.00016
   0.00016
   0.00016
   0.00016
   0.00016
   0.00016
   0.00017
   0.00019
   0.00021
   0.00022
   0.00024
   0.00025
   0.00026
   0.00026
   0.00027
   0.00028
   0.00028
   0.00028
   0.00028
   0.00027
   0.00028
   0.00027
   0.00027
   0.00026
   0.00033
   0.00017
   0.00018
   0.00019
   0.00020
   0.00021
   0.00021
   0.00022
   0.00023
   0.00023
   0.00024
   0.00023
   0.00023
   0.00014
   0.00023
   0.00022
   0.03840
   0.00012
   0.00011
   0.00011
   0.00011
   0.00010
   0.00010
   0.00010
   0.00010
   0.00010
   0.00010
   0.00010
   0.00011
   0.00012
   0.00013
   0.00014
   0.00015
   0.00016
   0.00016
   0.00017
   0.00018
   0.00018
   0.00019
   0.00020
   0.00020
   0.00020
   0.00021
   0.00021
   0.00020
   0.00020
   0.00019
   0.00019
   0.00021
   0.00348
   0.00009
   0.00008
   0.00008
   0.00008
   0.00008
   0.00008
   0.00007
   0.00007
   0.00007
   0.00007
   0.00007
   0.00007
   0.00007
   0.00007
   0.00007
   0.00007
   0.00008
   0.00009
   0.00010
   0.00010
   0.00011
   0.00011
   0.00012
   0.00012
   0.00012
   0.00013
   0.00013
   0.00014
   0.00014
   0.00013
   0.00013
   0.00013
   0.00013
   0.00013
   0.00012
   0.00012
   0.00012
   0.00013
   0.00013
   0.00012
   0.00938
   0.00006
   0.00006
   0.00006
   0.00005
   0.00005
   0.00005
   0.00005
   0.00005
   0.00005
   0.00005
   0.00004
   0.00004
   0.00004
   0.00004
   0.00004
   0.00004
   0.00004
   0.00004
   0.00004
   0.00005
   0.00005
   0.00005
   0.00006
   0.00006
   0.00007
   0.00007
   0.00007
   0.00007
   0.00008
   0.00008
   0.00008
   0.00005
   0.00005
   0.00005
   0.00005
   0.00005
   0.00005
   0.00005
   0.00005
   0.00005
   0.00005
   0.00005
   0.00005
   0.00005
   0.00005
   0.00005
   0.00005
   0.00005
   0.00005
   0.13033
   0.00005
   0.00004
   0.00004
   0.00003
   0.00003
   0.00003
   0.00003
   0.00003
   0.00003
   0.00003
   0.00003
   0.00003
   0.00003
   0.00002
   0.00002
   0.00002
   0.00002
   0.00002
   0.00002
   0.00002
   0.00002
   0.00002
   0.00002
   0.00002
   0.00002
   0.00002
   0.00002
   0.00002
   0.00002
   0.00002
   0.00002
   0.00002
   0.00002
   0.00001
   0.00001
   0.00001
   0.00001
   0.00001
   0.00002
   0.00002
   0.00002
   0.00002
   0.00002
   0.00002
   0.00002
   0.00002
   0.00002
   0.00002
   0.00002
   0.00002
   0.00002
   0.00002
   0.00003
   0.00002
   0.00004
   0.00004
   0.00004
   0.00004
   0.00003
   0.00003
   0.00003
   0.00003
   0.00002
   0.00002
   0.00002
   0.00002
   0.00002
   0.00002
   0.00002
   0.00002
   0.00002
   0.00002
   0.00002
   0.00002
   0.00002
   0.00001
   0.00001
   0.00001
   0.00001
   0.00001
   0.00001
   0.00001
   0.00001
   0.00001
   0.00001
   0.00001
   0.00001
   0.00001
   0.00001
   0.00001
   0.00001
   0.00001
   0.00001
   0.00001
   0.00001
   0.00001
   0.00001
   0.00001
   0.00001
   0.00001
   0.00001
   0.00001
   0.00001
   0.00001
   0.00001
   0.00001
   0.00001
   0.00001
   0.00001
   0.00001
   0.00005
   0.00003
   0.00003
   0.00003
   0.00002
   0.00002
   0.00002
   0.00002
   0.00002
   0.00002
   0.00002
   0.00002
   0.00002
   0.00002
   0.00002
   0.00002
   0.00002
   0.00002
   0.00002
   0.00002
   0.00001
   0.00001
   0.00001
   0.00001
   0.00001
   0.00001
   0.00001
   0.00001
   0.00001
   0.00001
   0.00001
   0.00001
   0.00001
   0.00001
   0.00001
   0.00001
   0.00001
   0.00001
   0.00001
   0.00001
   0.00001
   0.00001
