   0.47942
   0.48433
   0.47910
   0.47568
   0.47957
   0.46664
   0.48296
   0.47978
   0.50934
   0.47898
   0.47749
   0.47651
   0.47589
   0.47169
   0.47242
   0.46999
   0.46020
   0.45777
   0.45755
   0.45409
   0.45257
   0.45354
   0.59678
   0.55579
   0.53365
   0.52107
   0.51390
   0.50983
   0.50753
   0.50623
   0.50549
   0.50505
   0.50483
   0.50471
   0.50465
   0.50462
   0.50460
   0.50459
   0.50459
   0.50459
   0.50459
   0.50459
   0.50459
   0.50459
   0.50459
   0.50459
   0.50459
   0.50460
   0.50460
   0.50460
   0.50460
   0.50460
   0.50460
   0.50461
   0.50461
   0.50461
   0.50461
   0.50461
   0.50462
   0.50462
   0.50462
   0.50463
   0.50463
   0.50464
   0.50464
   0.50464
   0.50464
   0.50464
   0.50465
   0.50465
   0.50465
   0.50465
   0.50465
   0.50465
   0.50466
   0.50466
   0.50466
   0.50466
   0.50466
   0.50466
   0.50466
   0.50467
   0.50467
   0.50467
   0.50467
   0.50467
   0.50467
   0.50468
   0.50468
   0.50468
   0.50468
   0.50468
   0.50468
   0.50469
   0.50469
   0.50469
   0.50469
   0.50469
   0.50469
   0.50470
   0.50470
   0.50470
   0.50470
   0.50470
   0.50471
   0.50471
   0.50471
   0.50471
   0.50471
   0.50472
   0.50472
   0.50472
   0.50472
   0.50472
   0.50473
   0.50473
   0.50473
   0.50473
   0.50474
   0.50474
   0.50474
   0.50475
   0.50475
   0.50476
   0.50476
   0.50476
   0.50477
   0.50477
   0.50477
   0.50477
   0.50477
   0.50478
   0.50478
   0.50478
   0.50478
   0.50479
   0.50479
   0.50479
   0.50480
   0.50480
   0.50480
   0.50481
   0.50478
   0.50481
   0.50483
   0.50484
   0.50485
   0.50486
   0.50486
   0.50487
   0.50487
   0.50487
   0.50487
   0.50487
   0.50488
   0.50488
   0.50488
   0.50488
   0.50488
   0.50488
   0.50488
   0.50489
   0.50489
   0.50489
   0.50489
   0.50489
   0.50489
   0.50490
   0.50490
   0.50490
   0.50490
   0.50491
   0.50491
   0.50492
   0.50492
   0.50492
   0.50492
   0.50492
   0.50493
   0.50493
   0.50493
   0.50493
   0.50493
   0.50493
   0.50493
   0.50493
   0.50493
   0.50494
   0.50494
   0.50494
   0.50494
   0.50494
   0.50494
   0.50494
   0.50494
   0.50494
   0.50495
   0.50495
   0.50495
   0.50495
   0.50495
   0.50495
   0.50495
   0.50495
   0.50495
   0.50495
   0.50495
   0.50495
   0.50495
   0.50495
   0.50495
   0.50495
   0.50495
   0.50495
   0.50495
   0.50495
   0.50495
   0.50495
   0.50496
   0.50496
   0.50496
   0.50496
   0.50496
   0.50496
   0.50496
   0.50496
   0.50497
   0.50497
   0.50497
   0.50497
   0.50497
   0.50497
   0.50497
   0.50498
   0.50498
   0.50498
   0.50498
   0.50499
   0.50499
   0.50500
   0.50500
   0.50500
   0.50500
   0.50500
   0.50500
   0.50501
   0.50501
   0.50501
   0.50501
   0.50501
   0.50501
   0.50501
   0.50501
   0.50501
   0.50502
   0.50502
   0.50502
   0.50502
   0.50502
   0.50502
   0.50502
   0.50502
   0.50502
   0.50503
   0.50503
   0.50503
   0.50503
   0.50503
   0.50503
   0.50503
   0.50503
   0.50504
   0.50504
   0.50504
   0.50504
   0.50504
   0.50505
   0.50505
   0.50505
   0.50506
   0.50506
   0.50506
   0.50507
   0.50507
   0.50507
   0.50507
   0.50507
   0.50507
   0.50507
   0.50507
   0.50507
   0.50508
   0.50508
   0.50508
   0.50508
   0.50508
   0.50508
   0.50508
   0.50508
   0.50508
   0.50508
   0.50508
   0.50509
   0.50509
   0.50509
   0.50509
   0.50509
   0.50509
   0.50509
   0.50509
   0.50509
   0.50509
   0.50509
   0.50510
   0.50510
   0.50510
   0.50510
   0.50510
   0.50510
   0.50510
   0.50510
   0.50510
   0.50511
   0.50511
   0.50511
   0.50511
   0.50511
   0.50511
   0.50511
   0.50511
   0.50511
   0.50511
   0.50512
   0.50512
   0.50512
   0.50512
   0.50512
   0.50512
   0.50512
   0.50512
   0.50512
   0.50513
   0.50513
   0.50513
   0.50513
   0.50513
   0.50513
   0.50513
   0.50513
   0.50514
   0.50514
   0.50514
   0.50514
   0.50514
   0.50514
   0.50514
   0.50514
   0.50514
   0.50514
   0.50514
   0.50514
   0.50515
   0.50515
   0.50515
   0.50516
   0.50516
   0.50516
   0.50516
   0.50516
   0.50516
   0.50516
   0.50516
   0.50517
   0.50517
   0.50517
   0.50517
   0.50517
   0.50517
   0.50517
   0.50517
   0.50517
   0.50517
   0.50518
   0.50518
   0.50518
   0.50518
   0.50518
   0.50518
   0.50518
   0.50518
   0.50518
   0.50517
   0.50517
   0.50517
   0.50517
   0.50516
   0.50516
   0.50516
   0.50517
   0.50517
   0.50517
   0.50517
   0.50518
   0.50518
   0.50518
   0.50518
   0.50518
   0.50518
   0.50518
   0.50518
   0.50518
   0.50518
   0.50519
   0.50519
   0.50519
   0.50519
   0.50519
   0.50519
   0.50519
   0.50519
   0.50519
   0.50519
   0.50519
   0.50519
   0.50519
   0.50519
   0.50519
   0.50519
   0.50519
   0.50520
   0.50520
   0.50520
   0.50520
   0.50520
   0.50520
   0.50520
   0.50520
   0.50520
   0.50520
   0.50520
   0.50520
   0.50520
   0.50520
   0.50520
   0.50520
   0.50520
   0.50521
   0.50521
   0.50521
   0.50521
   0.50521
   0.50521
   0.50521
   0.50521
   0.50521
   0.50521
   0.50521
   0.50521
   0.50521
   0.50521
   0.50521
   0.50521
   0.50522
   0.50522
   0.50522
   0.50522
   0.50522
   0.50522
   0.50522
   0.50522
   0.50522
   0.50522
   0.50522
   0.50522
   0.50522
   0.50522
   0.50522
   0.50523
   0.50523
   0.50523
   0.50523
   0.50523
   0.50523
   0.50523
   0.50523
   0.50523
   0.50523
   0.50523
   0.50523
   0.50523
   0.50523
   0.50523
   0.50523
   0.50524
   0.50524
   0.50524
   0.50524
   0.50524
   0.50524
   0.50524
