   0.71041
   0.69593
   0.68704
   0.68174
   0.68035
   0.68128
   0.68096
   0.68024
   0.67951
   0.67888
   0.67829
   0.67772
   0.67716
   0.67659
   0.67602
   0.67547
   0.67490
   0.67433
   0.67377
   0.67321
   0.67264
   0.67200
   0.67139
   0.67083
   0.67027
   0.66970
   0.66913
   0.66856
   0.66797
   0.66741
   0.66681
   0.66623
   0.66562
   0.66503
   0.66442
   0.66382
   0.66314
   0.66254
   0.66193
   0.66131
   0.66064
   0.65997
   0.65932
   0.65864
   0.65799
   0.65726
   0.65656
   0.65579
   0.65508
   0.65435
   0.65362
   0.65289
   0.65214
   0.65140
   0.65059
   0.65777
   0.66002
   0.65984
   0.65849
   0.65682
   0.65522
   0.65382
   0.65254
   0.65147
   0.65052
   0.64973
   0.64902
   0.64852
   0.64811
   0.64782
   0.64761
   0.64757
   0.64758
   0.64832
   0.64876
   0.64921
   0.64962
   0.64995
   0.65017
   0.65023
   0.64998
   0.64937
   0.64827
   0.64665
   0.64460
   0.64209
   0.63915
   0.63615
   0.63297
   0.62963
   0.62620
   0.62284
   0.61944
   0.61592
   0.61238
   0.60894
   0.60530
   0.60172
   0.59810
   0.59440
   0.59054
   0.58685
   0.58308
   0.57929
   0.57542
   0.57159
   0.56781
   0.56404
   0.56028
   0.55663
   0.55298
   0.54938
   0.54584
   0.54232
   0.53886
   0.53546
   0.53213
   0.52881
   0.52553
   0.52227
   0.51907
   0.51585
   0.51273
   0.50962
   0.50652
   0.50350
   0.50050
   0.49755
   0.49463
   0.49174
   0.48892
   0.48613
   0.48342
   0.48078
   0.47815
   0.47559
   0.47308
   0.47063
   0.46825
   0.46593
   0.46370
   0.46156
   0.45953
   0.45759
   0.45572
   0.45401
   0.45239
   0.45086
   0.44945
   0.44815
   0.44699
   0.44595
   0.44500
   0.44421
   0.44351
   0.44294
   0.44246
   0.44197
   0.44140
   0.44075
   0.44006
   0.43908
   0.43786
   0.43631
   0.43442
   0.43229
   0.42984
   0.42721
   0.42438
   0.42144
   0.41841
   0.41540
   0.41233
   0.40928
   0.40622
   0.40320
   0.40021
   0.39722
   0.39429
   0.39129
   0.38835
   0.38542
   0.38254
   0.37966
   0.37676
   0.37387
   0.37103
   0.36816
   0.36535
   0.36247
   0.35964
   0.35682
   0.35397
   0.35119
   0.34837
   0.34554
   0.34273
   0.33996
   0.33716
   0.33438
   0.33159
   0.32883
   0.32604
   0.32330
   0.32060
   0.31780
   0.31511
   0.31238
   0.30967
   0.30698
   0.30427
   0.30161
   0.29893
   0.29630
   0.29365
   0.29102
   0.28839
   0.28579
   0.28318
   0.28063
   0.27803
   0.27547
   0.27292
   0.27037
   0.26785
   0.26534
   0.26284
   0.26035
   0.25787
   0.25540
   0.25295
   0.25051
   0.24808
   0.24568
   0.24326
   0.24086
   0.23848
   0.23612
   0.23375
   0.23142
   0.22907
   0.22676
   0.22443
   0.22215
   0.21984
   0.21759
   0.21532
   0.21310
   0.21081
   0.20859
   0.20634
   0.20417
   0.20192
   0.19977
   0.19757
   0.19542
   0.19326
   0.19113
   0.18896
   0.18687
   0.18478
   0.18265
   0.18053
   0.17846
   0.17641
   0.17432
   0.17229
   0.17025
   0.16820
   0.16620
   0.16420
   0.16218
   0.16024
   0.15823
   0.15626
   0.15431
   0.15236
   0.15043
   0.14850
   0.14657
   0.14469
   0.14279
   0.14094
   0.13909
   0.13717
   0.13533
   0.13351
   0.13168
   0.12987
   0.12806
   0.12627
   0.12450
   0.12271
   0.12097
   0.11922
   0.11750
   0.11581
   0.11407
   0.11238
   0.11070
   0.10902
   0.10739
   0.10575
   0.10412
   0.10251
   0.10089
   0.09933
   0.09775
   0.09620
   0.09468
   0.09314
   0.09161
   0.09013
   0.08864
   0.08718
   0.08575
   0.08433
   0.08289
   0.08144
   0.08011
   0.07876
   0.07741
   0.07607
   0.07475
   0.07348
   0.07221
   0.07095
   0.06969
   0.06849
   0.06731
   0.06612
   0.06494
   0.06382
   0.06271
   0.06159
   0.06050
   0.05947
   0.05841
   0.05740
   0.05642
   0.05545
   0.05446
   0.05353
   0.05263
   0.05173
   0.05085
   0.05000
   0.04916
   0.04832
   0.04752
   0.04674
   0.04579
   0.04470
   0.04392
   0.04320
   0.04249
   0.04181
   0.04113
   0.04048
   0.03984
   0.03921
   0.03860
   0.03801
   0.03743
   0.03686
   0.03631
   0.03578
   0.03525
   0.03474
   0.03425
   0.03376
   0.03329
   0.03282
   0.03237
   0.03193
   0.03150
   0.03109
   0.03068
   0.03028
   0.02990
   0.02952
   0.02916
   0.02881
   0.02847
   0.02813
   0.02782
   0.02751
   0.02721
   0.02693
   0.02666
   0.02640
   0.02615
   0.02592
   0.02569
   0.02548
   0.02529
   0.02511
   0.02494
   0.02479
   0.02465
   0.02452
   0.02441
   0.02432
   0.02424
   0.02418
   0.02414
   0.02412
   0.02411
   0.02413
   0.02416
   0.02422
   0.02431
   0.02441
   0.02454
   0.02469
   0.02488
   0.02509
   0.02533
   0.02561
   0.02592
   0.02626
   0.02664
   0.02706
   0.02752
   0.02801
   0.02855
   0.02913
   0.02975
   0.03041
   0.03108
   0.03175
   0.03243
   0.03304
   0.03352
   0.03378
   0.03367
   0.03310
   0.03205
   0.03061
   0.02884
   0.02673
   0.02406
   0.02055
   0.01603
   0.01179
   0.01075
   0.01076
   0.01072
   0.01054
   0.01043
   0.01033
   0.01022
   0.01011
   0.01001
   0.00990
   0.00980
   0.00969
   0.00959
   0.00949
   0.00939
   0.00929
   0.00919
   0.00909
   0.00899
   0.00889
   0.00880
   0.00870
   0.00860
   0.00851
   0.00842
   0.00833
   0.00823
   0.00814
   0.00805
   0.00796
   0.00787
   0.00779
   0.00770
   0.00761
   0.00752
   0.00744
   0.00735
   0.00727
   0.00719
   0.00711
   0.00702
   0.00694
   0.00686
   0.00678
   0.00670
   0.00663
   0.00655
   0.00647
   0.00640
   0.00632
   0.00625
   0.00617
   0.00610
   0.00603
   0.00596
   0.00588
   0.00581
   0.00574
   0.00568
   0.00561
   0.00554
   0.00548
   0.00541
   0.00534
   0.00528
   0.00522
   0.00515
   0.00509
   0.00503
   0.00497
   0.00491
   0.00485
   0.00479
   0.00473
   0.00468
   0.00462
   0.00457
   0.00451
   0.00446
   0.00440
   0.00435
   0.00430
   0.00425
   0.00420
   0.00415
   0.00410
   0.00405
   0.00400
   0.00395
   0.00390
   0.00386
   0.00381
   0.00376
   0.00372
   0.00367
   0.00363
   0.00359
   0.00355
   0.00350
   0.00346
   0.00342
   0.00338
   0.00334
   0.00330
   0.00326
   0.00322
   0.00318
   0.00315
   0.00311
   0.00307
   0.00304
   0.00300
   0.00297
   0.00293
   0.00290
   0.00286
   0.00283
   0.00280
   0.00276
   0.00273
   0.00270
   0.00267
   0.00263
   0.00260
   0.00257
   0.00254
   0.00251
   0.00248
   0.00246
   0.00243
   0.00240
   0.00237
   0.00234
   0.00232
   0.00229
   0.00226
   0.00224
   0.00221
   0.00218
   0.00216
   0.00213
   0.00211
   0.00208
   0.00206
   0.00204
   0.00201
   0.00199
   0.00197
   0.00194
   0.00192
   0.00190
   0.00188
   0.00185
   0.00183
   0.00181
   0.00179
   0.00177
   0.00175
   0.00173
   0.00171
   0.00169
   0.00167
   0.00165
   0.00163
   0.00161
   0.00159
   0.00158
   0.00156
   0.00154
   0.00152
   0.00150
   0.00149
   0.00147
   0.00145
   0.00144
   0.00142
   0.00140
   0.00139
   0.00137
   0.00135
   0.00134
   0.00132
   0.00131
   0.00129
   0.00128
   0.00126
   0.00125
   0.00124
   0.00122
   0.00121
   0.00119
   0.00118
   0.00117
   0.00115
   0.00114
   0.00113
   0.00111
   0.00110
   0.00109
   0.00108
   0.00106
   0.00105
   0.00104
   0.00103
   0.00102
   0.00100
   0.00099
   0.00098
   0.00097
   0.00096
   0.00095
   0.00094
   0.00093
   0.00092
   0.00091
   0.00090
   0.00089
   0.00088
   0.00087
   0.00086
   0.00085
   0.00084
   0.00083
   0.00082
   0.00081
   0.00080
   0.00079
   0.00078
   0.00077
   0.00077
   0.00076
   0.00075
   0.00074
   0.00073
   0.00072
   0.00072
   0.00071
   0.00070
   0.00069
   0.00069
   0.00068
   0.00067
   0.00066
   0.00066
   0.00065
   0.00064
   0.00063
   0.00063
   0.00062
   0.00061
   0.00061
   0.00060
   0.00059
   0.00059
   0.00058
   0.00057
   0.00057
   0.00056
   0.00056
   0.00055
   0.00054
   0.00054
   0.00053
   0.00053
   0.00052
   0.00051
   0.00051
   0.00050
   0.00050
   0.00049
   0.00049
   0.00048
   0.00048
   0.00047
   0.00047
   0.00046
   0.00046
   0.00045
   0.00045
   0.00044
   0.00044
   0.00043
   0.00043
   0.00042
   0.00042
   0.00042
   0.00041
   0.00041
   0.00040
   0.00040
   0.00039
   0.00039
   0.00039
   0.00038
   0.00038
   0.00037
   0.00037
   0.00037
   0.00036
   0.00036
   0.00035
   0.00035
   0.00035
   0.00034
   0.00034
   0.00034
   0.00033
   0.00033
   0.00033
   0.00032
   0.00032
   0.00032
   0.00031
   0.00031
   0.00031
   0.00030
   0.00030
   0.00030
   0.00029
   0.00029
   0.00029
   0.00028
   0.00028
   0.00028
   0.00028
   0.00027
   0.00027
   0.00027
   0.00026
   0.00026
   0.00026
   0.00026
   0.00025
   0.00025
   0.00025
   0.00025
   0.00024
   0.00024
   0.00024
   0.00024
   0.00023
   0.00023
   0.00023
   0.00023
   0.00022
   0.00022
   0.00022
   0.00022
   0.00022
   0.00021
   0.00021
   0.00021
   0.00021
   0.00021
   0.00020
   0.00020
   0.00020
   0.00020
   0.00020
   0.00019
   0.00019
   0.00019
   0.00019
   0.00019
   0.00018
   0.00018
   0.00018
   0.00018
   0.00018
   0.00018
   0.00017
   0.00017
   0.00017
   0.00017
   0.00017
   0.00017
   0.00016
   0.00016
   0.00016
   0.00016
   0.00016
   0.00016
   0.00015
   0.00015
   0.00015
   0.00015
   0.00015
   0.00015
   0.00015
   0.00014
   0.00014
   0.00014
   0.00014
   0.00014
   0.00014
   0.00014
   0.00014
   0.00013
   0.00013
   0.00013
   0.00013
   0.00013
   0.00013
   0.00013
   0.00013
   0.00012
   0.00012
   0.00012
   0.00012
   0.00012
   0.00012
   0.00012
   0.00012
   0.00012
   0.00011
   0.00011
   0.00011
   0.00011
   0.00011
   0.00011
   0.00011
   0.00011
   0.00011
   0.00011
   0.00010
   0.00010
   0.00010
   0.00010
   0.00010
   0.00010
   0.00010
   0.00010
   0.00010
   0.00010
   0.00010
   0.00009
   0.00009
   0.00009
   0.00009
   0.00009
   0.00009
   0.00009
   0.00009
   0.00009
   0.00009
   0.00009
   0.00009
   0.00009
   0.00008
   0.00008
   0.00008
   0.00008
   0.00008
   0.00008
   0.00008
   0.00008
   0.00008
   0.00008
   0.00008
   0.00008
   0.00008
   0.00008
   0.00008
   0.00007
   0.00007
   0.00007
   0.00007
   0.00007
   0.00007
   0.00007
   0.00007
   0.00007
   0.00007
   0.00007
   0.00007
   0.00007
   0.00007
   0.00007
   0.00007
   0.00007
   0.00006
   0.00006
   0.00006
   0.00006
   0.00006
   0.00006
   0.00006
   0.00006
   0.00006
   0.00006
   0.00006
   0.00006
   0.00006
   0.00006
   0.00006
   0.00006
   0.00006
   0.00006
   0.00006
   0.00006
   0.00006
   0.00006
   0.00005
   0.00005
   0.00005
   0.00005
   0.00005
   0.00005
   0.00005
   0.00005
   0.00005
   0.00005
   0.00005
   0.00005
   0.00005
   0.00005
   0.00005
   0.00005
   0.00005
   0.00005
   0.00005
   0.00005
   0.00005
   0.00005
   0.00005
   0.00005
   0.00005
   0.00005
   0.00005
   0.00005
   0.00005
   0.00004
   0.00004
   0.00004
   0.00004
   0.00004
   0.00004
   0.00004
   0.00004
   0.00004
   0.00004
   0.00004
   0.00004
   0.00004
   0.00004
   0.00004
   0.00004
   0.00004
   0.00004
   0.00004
   0.00004
   0.00004
   0.00004
   0.00004
   0.00004
