   0.56432
   0.58097
   0.54013
   0.47018
   0.48058
   0.48387
   0.47328
   0.47300
   0.49145
   0.46863
   0.46432
   0.46321
   0.46178
   0.46198
   0.46095
   0.46024
   0.46001
   0.45859
   0.45789
   0.46184
   0.62960
   0.56342
   0.53243
   0.51767
   0.51068
   0.50732
   0.50571
   0.50493
   0.50456
   0.50438
   0.50430
   0.50426
   0.50425
   0.50424
   0.50425
   0.50425
   0.50425
   0.50426
   0.50426
   0.50427
   0.50427
   0.50427
   0.50428
   0.50428
   0.50428
   0.50429
   0.50429
   0.50430
   0.50430
   0.50430
   0.50431
   0.50431
   0.50432
   0.50432
   0.50433
   0.50433
   0.50434
   0.50434
   0.50435
   0.50435
   0.50435
   0.50436
   0.50436
   0.50436
   0.50437
   0.50437
   0.50438
   0.50438
   0.50438
   0.50438
   0.50438
   0.50438
   0.50439
   0.50439
   0.50439
   0.50439
   0.50439
   0.50440
   0.50440
   0.50440
   0.50440
   0.50441
   0.50441
   0.50441
   0.50441
   0.50442
   0.50442
   0.50442
   0.50442
   0.50442
   0.50443
   0.50443
   0.50443
   0.50443
   0.50444
   0.50444
   0.50444
   0.50444
   0.50445
   0.50445
   0.50445
   0.50445
   0.50446
   0.50446
   0.50446
   0.50446
   0.50446
   0.50446
   0.50447
   0.50447
   0.50447
   0.50447
   0.50448
   0.50448
   0.50448
   0.50448
   0.50449
   0.50449
   0.50450
   0.50450
   0.50451
   0.50451
   0.50451
   0.50452
   0.50452
   0.50452
   0.50452
   0.50452
   0.50453
   0.50453
   0.50453
   0.50453
   0.50454
   0.50454
   0.50453
   0.50455
   0.50455
   0.50456
   0.50456
   0.50457
   0.50457
   0.50457
   0.50457
   0.50457
   0.50458
   0.50458
   0.50458
   0.50458
   0.50458
   0.50459
   0.50459
   0.50459
   0.50459
   0.50459
   0.50459
   0.50460
   0.50460
   0.50460
   0.50460
   0.50460
   0.50461
   0.50461
   0.50461
   0.50461
   0.50461
   0.50462
   0.50462
   0.50462
   0.50462
   0.50462
   0.50463
   0.50463
   0.50463
   0.50463
   0.50464
   0.50464
   0.50464
   0.50465
   0.50465
   0.50466
   0.50466
   0.50466
   0.50467
   0.50467
   0.50467
   0.50467
   0.50467
   0.50468
   0.50468
   0.50468
   0.50468
   0.50468
   0.50469
   0.50469
   0.50469
   0.50469
   0.50469
   0.50470
   0.50470
   0.50470
   0.50471
   0.50471
   0.50471
   0.50472
   0.50472
   0.50473
   0.50473
   0.50473
   0.50473
   0.50473
   0.50474
   0.50474
   0.50474
   0.50474
   0.50474
   0.50475
   0.50475
   0.50475
   0.50475
   0.50475
   0.50475
   0.50476
   0.50476
   0.50476
   0.50476
   0.50476
   0.50477
   0.50477
   0.50477
   0.50477
   0.50478
   0.50478
   0.50478
   0.50478
   0.50478
   0.50478
   0.50479
   0.50479
   0.50479
   0.50479
   0.50480
   0.50480
   0.50480
   0.50480
   0.50480
   0.50480
   0.50480
   0.50480
   0.50480
   0.50480
   0.50481
   0.50481
   0.50481
   0.50481
   0.50481
   0.50481
   0.50481
   0.50481
   0.50482
   0.50482
   0.50482
   0.50482
   0.50482
   0.50482
   0.50482
   0.50482
   0.50483
   0.50483
   0.50483
   0.50483
   0.50483
   0.50483
   0.50483
   0.50483
   0.50483
   0.50483
   0.50483
   0.50483
   0.50483
   0.50483
   0.50483
   0.50483
   0.50483
   0.50483
   0.50483
   0.50483
   0.50483
   0.50483
   0.50483
   0.50483
   0.50483
   0.50484
   0.50484
   0.50484
   0.50484
   0.50484
   0.50484
   0.50484
   0.50484
   0.50484
   0.50485
   0.50485
   0.50485
   0.50485
   0.50485
   0.50485
   0.50485
   0.50485
   0.50486
   0.50486
   0.50486
   0.50486
   0.50486
   0.50486
   0.50486
   0.50486
   0.50487
   0.50487
   0.50487
   0.50487
   0.50487
   0.50487
   0.50488
   0.50488
   0.50488
   0.50488
   0.50488
   0.50488
   0.50489
   0.50489
   0.50489
   0.50490
   0.50490
   0.50490
   0.50491
   0.50491
   0.50491
   0.50492
   0.50492
   0.50492
   0.50492
   0.50492
   0.50493
   0.50493
   0.50493
   0.50493
   0.50494
   0.50494
   0.50495
   0.50495
   0.50495
   0.50495
   0.50495
   0.50495
   0.50496
   0.50496
   0.50496
   0.50496
   0.50496
   0.50496
   0.50496
   0.50496
   0.50497
   0.50497
   0.50497
   0.50497
   0.50497
   0.50498
   0.50498
   0.50498
   0.50499
   0.50499
   0.50499
   0.50499
   0.50499
   0.50499
   0.50499
   0.50499
   0.50499
   0.50499
   0.50500
   0.50500
   0.50500
   0.50500
   0.50500
   0.50500
   0.50500
   0.50500
   0.50500
   0.50500
   0.50500
   0.50500
   0.50500
   0.50500
   0.50500
   0.50500
   0.50500
   0.50500
   0.50500
   0.50500
   0.50500
   0.50500
   0.50500
   0.50500
   0.50500
   0.50500
   0.50500
   0.50500
   0.50500
   0.50500
   0.50500
   0.50500
   0.50500
   0.50500
   0.50500
   0.50500
   0.50500
   0.50500
   0.50500
   0.50501
   0.50501
   0.50501
   0.50501
   0.50501
   0.50501
   0.50501
   0.50501
   0.50501
   0.50501
   0.50501
   0.50501
   0.50501
   0.50501
   0.50501
   0.50501
   0.50501
   0.50502
   0.50502
   0.50502
   0.50502
   0.50502
   0.50502
   0.50502
   0.50502
   0.50502
   0.50502
   0.50502
   0.50502
   0.50503
   0.50503
   0.50503
   0.50503
   0.50503
   0.50503
   0.50504
   0.50504
   0.50504
   0.50505
   0.50505
   0.50505
   0.50505
   0.50505
   0.50505
   0.50505
   0.50505
   0.50505
   0.50505
   0.50505
   0.50505
   0.50505
   0.50505
   0.50505
   0.50505
   0.50505
   0.50506
   0.50506
   0.50506
   0.50506
   0.50506
   0.50506
   0.50506
   0.50506
   0.50506
   0.50506
   0.50506
   0.50506
   0.50506
   0.50506
   0.50506
   0.50506
   0.50506
   0.50506
   0.50506
   0.50506
   0.50506
   0.50506
   0.50507
   0.50507
   0.50507
   0.50507
   0.50507
   0.50507
   0.50507
   0.50507
   0.50507
   0.50507
   0.50507
   0.50507
   0.50507
   0.50507
   0.50507
   0.50507
   0.50507
   0.50507
   0.50507
   0.50508
   0.50508
   0.50508
   0.50508
   0.50508
   0.50508
   0.50508
   0.50508
   0.50508
   0.50508
   0.50507
   0.50507
   0.50507
   0.50507
   0.50507
   0.50507
   0.50507
   0.50506
   0.50506
   0.50506
   0.50506
   0.50506
   0.50506
   0.50506
   0.50506
   0.50506
   0.50506
   0.50506
   0.50506
   0.50506
   0.50506
   0.50506
   0.50506
   0.50506
   0.50506
   0.50506
   0.50506
   0.50506
   0.50506
   0.50506
   0.50506
   0.50506
   0.50506
   0.50506
   0.50506
   0.50506
   0.50506
   0.50506
   0.50507
   0.50507
   0.50507
   0.50507
   0.50507
   0.50507
   0.50507
   0.50507
   0.50507
   0.50507
   0.50507
   0.50507
   0.50507
   0.50507
   0.50507
   0.50507
   0.50507
   0.50507
   0.50507
   0.50507
   0.50507
   0.50507
   0.50507
   0.50507
   0.50507
   0.50507
   0.50507
   0.50507
   0.50507
   0.50507
   0.50507
   0.50507
   0.50507
   0.50507
   0.50508
   0.50508
   0.50508
   0.50508
   0.50508
   0.50508
   0.50508
   0.50508
   0.50508
   0.50508
   0.50508
   0.50508
   0.50508
   0.50508
   0.50508
   0.50508
   0.50508
   0.50508
   0.50508
   0.50508
   0.50508
   0.50508
   0.50508
   0.50508
   0.50508
   0.50508
   0.50508
   0.50508
   0.50508
   0.50508
   0.50508
   0.50508
   0.50508
   0.50507
   0.50507
   0.50507
   0.50507
   0.50507
   0.50507
   0.50507
   0.50507
   0.50507
   0.50507
   0.50507
   0.50508
   0.50508
   0.50508
   0.50508
   0.50508
   0.50508
   0.50508
   0.50508
   0.50508
   0.50508
   0.50508
   0.50508
   0.50508
   0.50508
   0.50508
   0.50508
   0.50508
   0.50508
   0.50508
   0.50508
   0.50508
   0.50508
   0.50508
   0.50508
   0.50508
   0.50508
   0.50508
   0.50508
   0.50508
   0.50508
   0.50508
   0.50508
   0.50508
   0.50508
   0.50508
   0.50508
   0.50508
   0.50508
   0.50508
   0.50508
   0.50508
   0.50508
   0.50508
   0.50508
   0.50508
   0.50508
   0.50509
   0.50509
   0.50509
   0.50509
   0.50509
   0.50509
   0.50509
   0.50509
   0.50509
   0.50509
   0.50509
   0.50509
   0.50509
   0.50509
   0.50509
   0.50509
   0.50509
   0.50509
   0.50509
   0.50509
   0.50509
   0.50509
   0.50509
   0.50509
   0.50509
   0.50509
   0.50509
   0.50509
   0.50509
   0.50509
   0.50509
   0.50509
   0.50509
   0.50509
   0.50509
   0.50509
   0.50509
   0.50509
   0.50509
   0.50509
   0.50509
   0.50509
   0.50509
   0.50509
   0.50509
   0.50509
   0.50509
   0.50510
   0.50510
   0.50510
   0.50510
   0.50510
   0.50510
   0.50510
   0.50510
   0.50510
   0.50510
   0.50510
   0.50510
   0.50510
   0.50510
   0.50510
   0.50510
   0.50510
   0.50510
   0.50510
   0.50510
   0.50510
   0.50510
   0.50510
   0.50510
   0.50510
   0.50510
   0.50510
   0.50510
   0.50510
   0.50510
   0.50510
   0.50510
   0.50510
   0.50510
   0.50510
   0.50510
   0.50510
   0.50510
   0.50510
   0.50510
   0.50510
   0.50511
   0.50511
   0.50511
   0.50511
   0.50511
   0.50511
   0.50511
   0.50511
   0.50511
   0.50511
   0.50511
   0.50511
   0.50511
   0.50511
   0.50511
   0.50511
   0.50511
   0.50511
   0.50511
   0.50511
   0.50511
   0.50511
   0.50511
   0.50511
   0.50511
   0.50511
   0.50511
   0.50511
   0.50511
   0.50511
   0.50511
   0.50511
   0.50511
   0.50511
   0.50511
   0.50511
   0.50511
   0.50511
   0.50511
   0.50511
   0.50512
   0.50512
   0.50512
   0.50512
   0.50512
   0.50512
   0.50512
   0.50512
   0.50512
   0.50512
   0.50512
   0.50512
   0.50512
   0.50512
   0.50512
   0.50512
   0.50512
   0.50512
   0.50512
   0.50512
   0.50512
   0.50512
   0.50512
   0.50512
   0.50512
   0.50512
   0.50512
   0.50512
   0.50512
   0.50512
   0.50512
   0.50512
   0.50512
   0.50512
   0.50512
   0.50512
   0.50513
   0.50513
   0.50513
   0.50513
   0.50513
   0.50513
   0.50513
   0.50513
   0.50513
   0.50513
   0.50513
   0.50513
   0.50513
   0.50513
   0.50513
   0.50513
   0.50513
   0.50513
   0.50513
   0.50513
   0.50513
   0.50513
   0.50513
   0.50513
   0.50513
   0.50513
   0.50513
   0.50513
   0.50513
   0.50513
   0.50513
   0.50513
   0.50513
   0.50513
   0.50513
   0.50514
   0.50514
   0.50514
   0.50514
   0.50514
   0.50514
   0.50514
   0.50514
   0.50514
   0.50514
   0.50514
   0.50514
   0.50514
   0.50514
   0.50514
   0.50514
   0.50514
   0.50514
   0.50514
   0.50514
   0.50514
   0.50514
   0.50514
   0.50514
   0.50514
   0.50514
   0.50514
   0.50514
   0.50514
   0.50515
   0.50515
   0.50515
   0.50515
   0.50515
   0.50515
   0.50515
   0.50515
   0.50515
   0.50515
   0.50515
   0.50515
   0.50515
   0.50515
   0.50515
   0.50515
   0.50515
   0.50515
   0.50515
   0.50515
   0.50515
   0.50515
   0.50515
   0.50515
   0.50515
   0.50515
   0.50516
   0.50516
   0.50516
   0.50516
   0.50516
   0.50516
   0.50516
   0.50516
   0.50516
   0.50516
   0.50516
   0.50516
   0.50516
   0.50516
   0.50516
   0.50516
   0.50516
   0.50515
   0.50515
   0.50515
   0.50515
   0.50515
   0.50515
   0.50515
   0.50515
   0.50515
   0.50515
   0.50515
   0.50515
   0.50515
   0.50515
   0.50515
   0.50515
   0.50515
   0.50515
   0.50515
   0.50515
   0.50515
   0.50515
   0.50515
   0.50515
   0.50514
   0.50514
   0.50514
   0.50514
   0.50514
   0.50514
   0.50514
   0.50514
   0.50514
   0.50514
   0.50514
   0.50514
   0.50514
   0.50514
   0.50514
   0.50514
   0.50514
   0.50514
