   0.69085
   0.68308
   0.68254
   0.68310
   0.68196
   0.68141
   0.68122
   0.68049
   0.68007
   0.67923
   0.67916
   0.67857
   0.67784
   0.67777
   0.67709
   0.67668
   0.67599
   0.67593
   0.67544
   0.67507
   0.67456
   0.67423
   0.67362
   0.67323
   0.67274
   0.67237
   0.67169
   0.67116
   0.67066
   0.67012
   0.66959
   0.66907
   0.66852
   0.66795
   0.66739
   0.66680
   0.66626
   0.66566
   0.66499
   0.66435
   0.66373
   0.66311
   0.66246
   0.66179
   0.66107
   0.66044
   0.65975
   0.65903
   0.65837
   0.65739
   0.65673
   0.65586
   0.65510
   0.65429
   0.65348
   0.65274
   0.65208
   0.65137
   0.65073
   0.64953
   0.64880
   0.64792
   0.64698
   0.64618
   0.64551
   0.64497
   0.64429
   0.64386
   0.64346
   0.64265
   0.64231
   0.64227
   0.64258
   0.64204
   0.64192
   0.64262
   0.64743
   0.64727
   0.64796
   0.64712
   0.64806
   0.64919
   0.64996
   0.65031
   0.65084
   0.64803
   0.64479
   0.64206
   0.63817
   0.63332
   0.62938
   0.62541
   0.62110
   0.61714
   0.61307
   0.60909
   0.60508
   0.60102
   0.59705
   0.59292
   0.58898
   0.58487
   0.58142
   0.57497
   0.57078
   0.56742
   0.56371
   0.56005
   0.55643
   0.55305
   0.54952
   0.54609
   0.54281
   0.53947
   0.53629
   0.53308
   0.52996
   0.52692
   0.52385
   0.52088
   0.51793
   0.51510
   0.51222
   0.50946
   0.50667
   0.50401
   0.50144
   0.49895
   0.49656
   0.49421
   0.49198
   0.48977
   0.48759
   0.48549
   0.48346
   0.48152
   0.47962
   0.47789
   0.47623
   0.47471
   0.47321
   0.47196
   0.47071
   0.46949
   0.46849
   0.46747
   0.46662
   0.46582
   0.46513
   0.46449
   0.46384
   0.46323
   0.46261
   0.46199
   0.46137
   0.46051
   0.45975
   0.45879
   0.45738
   0.45568
   0.45397
   0.45198
   0.44966
   0.44720
   0.44456
   0.44193
   0.43906
   0.43646
   0.43354
   0.43087
   0.42789
   0.42500
   0.42219
   0.41933
   0.41644
   0.41379
   0.41096
   0.40803
   0.40542
   0.40267
   0.39974
   0.39716
   0.39438
   0.39167
   0.38906
   0.38625
   0.38361
   0.38094
   0.37828
   0.37560
   0.37289
   0.37039
   0.36756
   0.36492
   0.36241
   0.35963
   0.35712
   0.35442
   0.35190
   0.34919
   0.34651
   0.34409
   0.34131
   0.33870
   0.33630
   0.33355
   0.33105
   0.32853
   0.32606
   0.32344
   0.32086
   0.31835
   0.31602
   0.31328
   0.31087
   0.30839
   0.30606
   0.30337
   0.30086
   0.29849
   0.29602
   0.29351
   0.29116
   0.28860
   0.28640
   0.28372
   0.28151
   0.27916
   0.27700
   0.27442
   0.27213
   0.26975
   0.26749
   0.26500
   0.26287
   0.26040
   0.25807
   0.25572
   0.25363
   0.25112
   0.24888
   0.24661
   0.24454
   0.24196
   0.23986
   0.23760
   0.23505
   0.23305
   0.23081
   0.22851
   0.22639
   0.22414
   0.22195
   0.22000
   0.21742
   0.21560
   0.21332
   0.21114
   0.20925
   0.20693
   0.20505
   0.20274
   0.20073
   0.19865
   0.19654
   0.19438
   0.19265
   0.19035
   0.18859
   0.18672
   0.18451
   0.18247
   0.18039
   0.17840
   0.17670
   0.17424
   0.17216
   0.17022
   0.16812
   0.16624
   0.16420
   0.16217
   0.16041
   0.15822
   0.15634
   0.15439
   0.15244
   0.15053
   0.14883
   0.14735
   0.14613
   0.14369
   0.14208
   0.14010
   0.13819
   0.13638
   0.13458
   0.13278
   0.13100
   0.12927
   0.12752
   0.12582
   0.12424
   0.12244
   0.12079
   0.11914
   0.11746
   0.11585
   0.11420
   0.11260
   0.11098
   0.10944
   0.10786
   0.10634
   0.10477
   0.10330
   0.10177
   0.10031
   0.09880
   0.09738
   0.09591
   0.09451
   0.09309
   0.09168
   0.09037
   0.08894
   0.08756
   0.08626
   0.08493
   0.08360
   0.08233
   0.08103
   0.07977
   0.07852
   0.07728
   0.07613
   0.07485
   0.07366
   0.07251
   0.07132
   0.07017
   0.06906
   0.06793
   0.06683
   0.06576
   0.06472
   0.06362
   0.06258
   0.06155
   0.06054
   0.05955
   0.05857
   0.05764
   0.05667
   0.05573
   0.05479
   0.05391
   0.05299
   0.05214
   0.05130
   0.05043
   0.04958
   0.04879
   0.04796
   0.04720
   0.04644
   0.04565
   0.04490
   0.04418
   0.04345
   0.04278
   0.04208
   0.04139
   0.04073
   0.04010
   0.03948
   0.03886
   0.03825
   0.03765
   0.03708
   0.03651
   0.03596
   0.03541
   0.03489
   0.03437
   0.03387
   0.03338
   0.03290
   0.03243
   0.03197
   0.03154
   0.03110
   0.03069
   0.03028
   0.02988
   0.02949
   0.02912
   0.02875
   0.02840
   0.02805
   0.02772
   0.02740
   0.02709
   0.02679
   0.02650
   0.02622
   0.02596
   0.02569
   0.02544
   0.02520
   0.02498
   0.02476
   0.02455
   0.02435
   0.02416
   0.02396
   0.02379
   0.02364
   0.02347
   0.02332
   0.02317
   0.02304
   0.02289
   0.02277
   0.02265
   0.02254
   0.02243
   0.02231
   0.02220
   0.02207
   0.02197
   0.02186
   0.02174
   0.02161
   0.02148
   0.02135
   0.02120
   0.02103
   0.02085
   0.02067
   0.02045
   0.02021
   0.01995
   0.01966
   0.01934
   0.01900
   0.01863
   0.01823
   0.01779
   0.01733
   0.01684
   0.01633
   0.01581
   0.01526
   0.01472
   0.01415
   0.01359
   0.01306
   0.01254
   0.01206
   0.01163
   0.01124
   0.01090
   0.01061
   0.01038
   0.01017
   0.00999
   0.00982
   0.00967
   0.00954
   0.00941
   0.00929
   0.00917
   0.00905
   0.00894
   0.00883
   0.00873
   0.00862
   0.00851
   0.00840
   0.00830
   0.00819
   0.00809
   0.00799
   0.00788
   0.00778
   0.00768
   0.00758
   0.00748
   0.00738
   0.00729
   0.00719
   0.00710
   0.00701
   0.00692
   0.00682
   0.00673
   0.00664
   0.00656
   0.00647
