   0.80759
   0.79452
   0.79304
   0.78372
   0.77903
   0.79231
   0.78173
   0.77400
   0.76785
   0.76178
   0.75714
   0.75291
   0.74700
   0.74206
   0.73786
   0.73435
   0.73104
   0.72893
   0.72626
   0.72408
   0.72196
   0.72195
   0.75811
   0.75730
   0.77171
   0.75759
   0.75487
   0.75011
   0.74909
   0.74789
   0.74782
   0.74748
   0.74764
   0.74713
   0.74724
   0.74633
   0.74793
   0.74748
   0.74603
   0.74522
   0.74397
   0.74249
   0.74126
   0.73424
   0.70911
   0.71057
   0.69551
   0.68961
   0.68715
   0.68367
   0.67744
   0.66905
   0.66131
   0.65113
   0.64181
   0.63249
   0.62271
   0.61268
   0.60337
   0.59449
   0.58623
   0.57897
   0.57187
   0.56770
   0.56229
   0.55776
   0.55261
   0.54717
   0.54114
   0.53456
   0.52759
   0.52040
   0.51309
   0.50595
   0.49886
   0.49234
   0.48639
   0.48141
   0.47749
   0.47446
   0.47165
   0.46786
   0.46140
   0.45134
   0.44202
   0.43345
   0.42577
   0.41887
   0.41252
   0.40644
   0.40061
   0.39497
   0.38924
   0.38416
   0.37876
   0.37383
   0.36859
   0.36379
   0.35884
   0.35432
   0.34958
   0.34493
   0.34064
   0.33613
   0.33183
   0.32760
   0.32320
   0.31942
   0.31526
   0.31115
   0.30721
   0.30324
   0.29924
   0.29523
   0.29130
   0.28738
   0.28349
   0.27958
   0.27567
   0.27154
   0.26758
   0.26355
   0.25950
   0.25510
   0.25099
   0.24714
   0.24246
   0.23825
   0.23439
   0.22976
   0.22530
   0.22088
   0.21632
   0.21238
   0.20745
   0.20287
   0.19818
   0.19396
   0.18932
   0.18506
   0.18119
   0.17705
   0.17239
   0.16779
   0.16389
   0.15995
   0.15604
   0.15203
   0.14834
   0.14460
   0.14087
   0.13744
   0.13395
   0.13053
   0.12718
   0.12396
   0.12063
   0.11768
   0.11461
   0.11172
   0.10879
   0.10540
   0.10235
   0.09964
   0.09727
   0.09452
   0.09220
   0.08951
   0.08727
   0.08458
   0.08232
   0.08024
   0.07759
   0.07544
   0.07315
   0.07111
   0.06880
   0.06670
   0.06455
   0.06274
   0.06050
   0.05841
   0.05691
   0.05473
   0.05298
   0.05100
   0.04965
   0.04779
   0.04627
   0.04460
   0.04306
   0.04170
   0.04014
   0.03885
   0.03746
   0.03625
   0.03513
   0.03387
   0.03283
   0.03164
   0.03069
   0.02974
   0.02878
   0.02791
   0.02702
   0.02624
   0.02541
   0.02470
   0.02396
   0.02342
   0.02275
   0.02226
   0.02170
   0.02146
   0.02098
   0.02095
   0.02057
   0.02067
   0.02050
   0.02046
   0.02055
   0.02045
   0.02026
   0.02056
   0.02082
   0.02094
   0.02114
   0.02011
   0.02071
   0.02126
   0.02215
   0.02177
   0.02132
   0.02068
   0.02152
   0.02206
   0.02258
   0.02254
   0.02153
   0.01763
   0.05436
   0.10112
   0.01178
   0.06858
   0.15425
   0.01334
   0.00950
   0.18014
   0.00840
   0.01264
   0.01128
   0.01081
   0.01046
   0.00995
   0.00954
   0.00896
   0.00842
   0.00784
   0.00726
   0.00673
   0.00632
   0.00605
   0.00576
   0.14652
   0.01547
   0.00856
   0.00719
   0.00870
   0.00553
   0.00604
   0.00617
   0.00626
   0.00584
   0.00595
   0.00533
   0.00601
   0.00474
   0.00587
   0.00425
   0.00598
   0.00378
   0.00527
   0.00411
   0.00494
   0.00354
   1.83892
   0.01387
   0.01872
   0.00615
   0.00724
   0.00690
   0.00646
   0.00579
   0.00526
   0.00470
   0.00477
   0.00446
   0.00431
   0.00441
   0.00446
   0.00442
   0.00423
   0.00392
   0.00344
   0.00309
   0.00307
   0.00299
   0.00305
   0.00314
   0.00353
   0.00559
   0.00812
   0.00240
   0.00993
   0.00687
   0.00379
   0.00603
   0.00427
   0.00622
   0.00272
   0.00210
   0.40622
   0.02039
   0.02704
   0.01334
   0.01855
   0.01796
   0.01824
   0.01698
   0.01598
   0.01486
   0.01391
   0.01298
   0.01114
   0.00731
   0.00229
   0.01291
   0.01276
   0.01359
   0.01256
   0.00957
   0.00168
   0.02062
   0.01530
   0.02045
   0.00142
   0.05421
   0.00148
   0.00763
   0.03616
   0.01234
   0.02695
   0.02262
   0.02675
   0.02672
   0.02536
   0.02328
   0.00114
   0.00583
   0.02164
   0.00461
   0.01238
   0.00258
   0.03282
   0.00390
   0.00100
   0.11193
   0.00364
   0.02347
   0.00529
   0.00088
   0.00245
   0.00367
   0.03167
   0.01625
   0.00114
   0.00125
   0.00110
   0.00111
   0.00112
   0.00114
   0.00117
   0.00122
   0.00131
   0.00150
   0.00236
   0.00333
   0.00156
   0.00297
   0.00849
   0.00074
   0.00283
   0.01125
   0.00072
   0.00299
   0.01069
   0.00069
   0.00297
   0.01065
   0.00066
   0.00289
   0.01088
   0.00062
   0.00286
   0.00651
   0.00061
   0.00266
   0.01118
   0.00851
   0.00134
   0.06983
   0.00153
   0.00080
   0.00077
   0.00073
   0.00071
   0.00071
   0.00071
   0.00072
   0.00072
   0.00073
   0.00073
   0.00074
   0.00074
   0.00075
   0.00075
   0.00075
   0.00076
   0.00076
   0.00077
   0.00079
   0.00081
   0.00084
   0.00089
   0.00101
   0.00143
   0.00145
   0.00083
   0.00153
   0.09246
   0.00176
   0.00508
   0.10704
   0.00083
   0.00067
   0.00064
   0.00063
   0.00061
   0.00060
   0.00060
   0.00059
   0.00059
   0.00059
   0.00059
   0.00059
   0.00059
   0.00059
   0.00060
   0.00060
   0.00061
   0.00061
   0.00061
   0.00062
   0.00062
   0.00063
   0.00063
   0.00063
   0.00064
   0.00064
   0.00065
   0.00066
   0.00067
   0.00069
   0.00071
   0.00075
   0.00083
   0.00104
   0.00150
   0.06547
   0.52294
   0.00064
   0.00057
   0.00054
   0.00052
   0.00050
   0.00049
   0.00048
   0.00048
   0.00047
   0.00047
   0.00046
   0.00046
   0.00046
   0.00046
   0.00045
   0.00045
   0.00045
   0.00045
   0.00045
   0.00044
   0.00044
   0.00044
   0.00044
   0.00044
   0.00044
   0.00044
   0.00044
   0.00045
   0.00045
   0.00045
   0.00045
   0.00046
   0.00046
   0.00047
   0.00047
   0.00047
   0.00048
   0.00048
   0.00049
   0.00049
   0.00050
   0.00050
   0.00051
   0.00052
   0.00052
   0.00054
   0.00055
   0.00057
   0.00060
   0.00065
   0.00074
   0.00087
   0.00052
   0.00084
   0.00833
   0.01130
   0.00089
   0.00037
   0.00037
   0.00037
   0.00037
   0.00037
   0.00037
   0.00037
   0.00037
   0.00037
   0.00037
   0.00037
   0.00037
   0.00037
   0.00037
   0.00037
   0.00037
   0.00037
   0.00038
   0.00038
   0.00038
   0.00039
   0.00039
   0.00040
   0.00040
   0.00041
   0.00041
   0.00042
   0.00042
   0.00043
   0.00043
   0.00044
   0.00044
   0.00045
   0.00046
   0.00047
   0.00048
   0.00049
   0.00051
   0.00054
   0.00059
   0.00067
   0.00076
   0.00064
   0.00071
   0.00047
   0.00070
   7.64016
   0.07631
   0.03776
   0.03029
   0.02695
   0.02379
   0.02212
   0.02001
   0.01829
   0.01687
   0.01599
   0.01522
   0.01400
   0.01357
   0.01295
   0.01163
   0.01078
   0.01021
   0.00972
   0.00924
   0.00883
   0.00841
   0.00807
   0.00776
   0.00741
   0.00715
   0.00688
   0.00666
   0.00641
   0.00623
   0.00605
   0.00587
   0.00574
   0.00555
   0.00541
   0.00528
   0.00514
   0.00502
   0.00490
   0.00480
   0.00465
   0.00456
   0.00444
   0.00434
   0.00423
   0.00414
   0.00404
   0.00396
   0.00383
   0.00376
   0.00365
   0.00356
   0.00345
   0.00335
   0.00324
   0.00312
   0.00287
   0.00282
   0.00269
   0.00265
   0.00257
   0.00250
   0.00244
   0.00239
   0.00231
   0.00225
   0.00219
   0.00213
   0.00208
   0.00202
   0.00196
   0.00191
   0.00186
   0.00181
   0.00175
   0.00171
   0.00166
   0.00161
   0.00157
   0.00153
   0.00149
   0.00145
   0.00141
   0.00137
   0.00134
   0.00130
   0.00127
   0.00123
   0.00121
   0.00117
   0.00114
   0.00111
   0.00108
   0.00105
   0.00102
   0.00100
   0.00097
   0.00094
   0.00092
   0.00089
   0.00087
   0.00085
   0.00082
   0.00080
   0.00078
   0.00076
   0.00074
   0.00072
   0.00070
   0.00068
   0.00066
   0.00064
   0.00062
   0.00061
   0.00059
   0.00057
   0.00056
   0.00054
   0.00053
   0.00051
   0.00050
   0.00048
   0.00047
   0.00046
   0.00045
   0.00043
   0.00042
   0.00041
   0.00040
   0.00039
   0.00037
   0.00036
   0.00035
   0.00034
   0.00033
   0.00032
   0.00032
   0.00031
   0.00030
   0.00029
   0.00028
   0.00027
   0.00027
   0.00026
   0.00025
   0.00024
   0.00024
   0.00023
   0.00022
   0.00022
   0.00021
   0.00021
   0.00020
   0.00019
   0.00019
   0.00018
   0.00018
   0.00017
   0.00017
   0.00016
   0.00016
   0.00016
   0.00015
   0.00015
   0.00014
   0.00014
   0.00014
   0.00013
   0.00013
   0.00013
   0.00012
   0.00012
   0.00012
   0.00011
   0.00011
   0.00011
   0.00011
   0.00010
   0.00010
   0.00010
   0.00010
   0.00009
   0.00009
   0.00009
   0.00009
   0.00009
   0.00008
   0.00008
   0.00008
   0.00008
   0.00008
   0.00008
   0.00007
   0.00007
   0.00007
   0.00007
   0.00007
   0.00007
   0.00007
   0.00007
   0.00006
   0.00006
   0.00006
   0.00006
   0.00006
   0.00006
   0.00006
   0.00006
   0.00006
   0.00006
   0.00006
   0.00006
   0.00006
   0.00006
   0.00006
   0.00006
   0.00005
   0.00005
   0.00005
   0.99275
   0.10246
   0.06312
   0.05022
   0.04631
   0.04266
   0.04119
   0.03967
   0.03718
   0.03572
   0.03380
   0.03356
   0.03105
   0.02984
   0.02870
   0.02779
   0.02683
   0.02589
   0.02496
   0.02408
   0.02318
   0.02233
   0.02154
   0.02077
   0.01999
   0.01918
   0.01845
   0.01778
   0.01706
   0.01635
   0.01552
   0.01475
   0.01418
   0.01396
   0.01364
   0.01299
   0.01246
   0.01199
   0.01158
   0.01122
   0.01084
   0.01045
   0.01010
   0.00976
   0.00946
   0.00918
   0.00890
   0.00866
   0.00843
   0.00822
   0.00801
   0.00782
   0.00764
   0.00747
   0.00730
   0.00715
   0.00699
   0.00682
   0.00665
   0.00645
   0.00631
   0.00617
   0.00605
   0.00592
   0.00581
   0.00570
   0.00558
   0.00547
   0.00537
   0.00526
   0.00516
   0.00505
   0.00495
   0.00486
   0.00476
   0.00466
   0.00457
   0.00447
   0.00438
   0.00429
   0.00420
   0.00411
   0.00402
   0.00394
   0.00385
   0.00377
   0.00369
   0.00361
   0.00353
   0.00345
   0.00338
   0.00330
   0.00323
   0.00316
   0.00309
   0.00302
   0.00295
   0.00289
   0.00282
   0.00276
   0.00270
   0.00264
   0.00258
   0.00252
   0.00246
   0.00240
   0.00235
   0.00229
   0.00224
   0.00219
   0.00214
   0.00208
   0.00203
   0.00199
   0.00194
   0.00189
   0.00185
   0.00180
   0.00176
   0.00171
   0.00167
   0.00163
   0.00159
   0.00155
   0.00151
   0.00147
   0.00144
   0.00140
   0.00136
   0.00133
   0.00130
   0.00126
   0.00123
   0.00120
   0.00117
   0.00114
   0.00111
   0.00108
   0.00105
   0.00102
   0.00100
   0.00097
   0.00094
   0.00092
   0.00089
   0.00087
   0.00085
   0.00083
   0.00080
   0.00078
   0.00076
   0.00074
   0.00072
   0.00070
   0.00068
   0.00066
   0.00064
   0.00063
   0.00061
   0.00059
   0.00058
   0.00056
   0.00054
   0.00053
   0.00051
   0.00050
   0.00049
   0.00047
   0.00046
   0.00045
   0.00043
   0.00042
   0.00041
   0.00040
   0.00039
   0.00037
   0.00036
   0.00035
   0.00034
   0.00033
   0.00032
   0.00031
   0.00031
   0.00030
   0.00029
   0.00028
   0.00027
   0.00026
   0.00026
   0.00025
   0.00024
   0.00023
   0.00023
   0.00022
   0.00021
   0.00021
   0.00020
   0.00020
