   0.59664
   0.58293
   0.55213
   0.56478
   0.57823
   0.47268
   0.46282
   0.46332
   0.46210
   0.46305
   0.46128
   0.46103
   0.46160
   0.46094
   0.46182
   0.46188
   0.46296
   0.46543
   0.46885
   0.47460
   0.48061
   0.48792
   0.49978
   0.51347
   0.53232
   0.53977
   0.53776
   0.54013
   0.49737
   0.53657
   0.52458
   0.51760
   0.50078
   0.48426
   0.46132
   0.43244
   0.40219
   0.36538
   0.33507
   0.30983
   0.28773
   0.26858
   0.25157
   0.23583
   0.22347
   0.21207
   0.20301
   0.19475
   0.18751
   0.18103
   0.17645
   0.17128
   0.16668
   0.16255
   0.15898
   0.15558
   0.15238
   0.14943
   0.14652
   0.14377
   0.14129
   0.13908
   0.13676
   0.13474
   0.13292
   0.13125
   0.12902
   0.12764
   0.12592
   0.12407
   0.12248
   0.12086
   0.11916
   0.11745
   0.11584
   0.11425
   0.11279
   0.11120
   0.10967
   0.10783
   0.10546
   0.10342
   0.10131
   0.10002
   0.09836
   0.09758
   0.09665
   0.09494
   0.09325
   0.09097
   0.08923
   0.08760
   0.08605
   0.08465
   0.08389
   0.08239
   0.08132
   0.08037
   0.07909
   0.07737
   0.07577
   0.07384
   0.07122
   0.06950
   0.06796
   0.06694
   0.06581
   0.06380
   0.06171
   0.05961
   0.05761
   0.05551
   0.05322
   0.05085
   0.04854
   0.04649
   0.04472
   0.04323
   0.04187
   0.04082
   0.03987
   0.03834
   0.03639
   0.03432
   0.03271
   0.03135
   0.03009
   0.02882
   0.02730
   0.02594
   0.02472
   0.02351
   0.02230
   0.02114
   0.02001
   0.01893
   0.01788
   0.01687
   0.01592
   0.01500
   0.01414
   0.01332
   0.01254
   0.01174
   0.01086
   0.00975
   0.00814
   0.00684
   0.00605
   0.00277
   0.00258
   0.00198
   0.00482
   0.00185
   0.00188
   0.00176
   0.00197
   0.00156
   0.00190
   0.00198
   0.00132
   0.00126
   0.00314
   0.00171
   0.00112
   0.00140
   0.00116
   0.00097
   0.00148
   0.00125
   0.00062
   0.00084
   0.00154
   0.00047
   0.00061
   0.00073
   0.00148
   0.00037
   0.00078
   0.00126
   0.00076
   0.00075
   0.00120
   0.00022
   0.00108
   0.00082
   0.00020
   0.00113
   0.00123
   0.00019
   0.00066
   0.00017
   0.00152
   0.00018
   0.00246
   0.00094
   0.00101
   0.00014
   0.00004
   0.00006
   0.00112
   0.00125
   0.00005
   0.00134
   0.00122
   0.00061
   0.00005
   0.00047
   0.00129
   0.00016
   0.00041
   0.00111
   0.00160
   0.00149
   0.00155
   0.00160
   0.00173
   0.00159
   0.00126
   0.00134
   0.00177
   0.00228
   0.00189
   0.00211
   0.00205
   0.00188
   0.00218
   0.00216
   0.00214
   0.00143
   0.00167
   0.00169
   0.00144
   0.00148
   0.00139
   0.00148
   0.00151
   0.00210
   0.00210
   0.00223
   0.00210
   0.00201
   0.00166
   0.00161
   0.00153
   0.00143
   0.00125
   0.00100
   0.00112
   0.00200
   0.00073
   0.00076
   0.00091
   0.00090
   0.00063
   0.00069
   0.00080
   0.00093
   0.00095
   0.00075
   0.00062
   0.00075
   0.00103
   0.00120
   0.00135
   0.00086
   0.00162
   0.00108
   2.23883
   0.85971
   0.62466
   0.55417
   0.52518
   0.51298
   0.50773
   0.50521
   0.50451
   0.50417
   0.50402
   0.50394
   0.50391
   0.50389
   0.50389
   0.50388
   0.50388
   0.50388
   0.50388
   0.50388
   0.50388
   0.50389
   0.50389
   0.50389
   0.50389
   0.50389
   0.50389
   0.50389
   0.50389
   0.50389
   0.50389
   0.50390
   0.50390
   0.50390
   0.50390
   0.50390
   0.50390
   0.50390
   0.50390
   0.50390
   0.50390
   0.50391
   0.50391
   0.50391
   0.50391
   0.50391
   0.50391
   0.50391
   0.50391
   0.50391
   0.50391
   0.50392
   0.50392
   0.50392
   0.50392
   0.50392
   0.50392
   0.50392
   0.50392
   0.50392
   0.50392
   0.50393
   0.50393
   0.50393
   0.50393
   0.50393
   0.50393
   0.50393
   0.50393
   0.50393
   0.50393
   0.50393
   0.50394
   0.50394
   0.50394
   0.50394
   0.50394
   0.50394
   0.50394
   0.50394
   0.50394
   0.50394
   0.50395
   0.50395
   0.50395
   0.50395
   0.50395
   0.50395
   0.50395
   0.50395
   0.50395
   0.50395
   0.50396
   0.50396
   0.50396
   0.50396
   0.50396
   0.50396
   0.50396
   0.50396
   0.50396
   0.50396
   0.50397
   0.50397
   0.50397
   0.50397
   0.50397
   0.50397
   0.50397
   0.50397
   0.50397
   0.50397
   0.50397
   0.50398
   0.50398
   0.50398
   0.50398
   0.50398
   0.50398
   0.50398
   0.50398
   0.50398
   0.50398
   0.50399
   0.50399
   0.50399
   0.50399
   0.50399
   0.50399
   0.50399
   0.50399
   0.50399
   0.50399
   0.50400
   0.50400
   0.50400
   0.50400
   0.50400
   0.50400
   0.50400
   0.50400
   0.50400
   0.50400
   0.50400
   0.50401
   0.50401
   0.50401
   0.50401
   0.50401
   0.50401
   0.50401
   0.50401
   0.50401
   0.50401
   0.50402
   0.50402
   0.50402
   0.50402
   0.50402
   0.50402
   0.50402
   0.50402
   0.50402
   0.50402
   0.50402
   0.50403
   0.50403
   0.50403
   0.50403
   0.50403
   0.50403
   0.50403
   0.50403
   0.50403
   0.50404
   0.50404
   0.50404
   0.50404
   0.50404
   0.50404
   0.50404
   0.50404
   0.50404
   0.50404
   0.50405
   0.50405
   0.50405
   0.50405
   0.50405
   0.50405
   0.50405
   0.50405
   0.50405
   0.50405
   0.50406
   0.50406
   0.50406
   0.50406
   0.50406
   0.50406
   0.50406
   0.50406
   0.50406
   0.50406
   0.50407
   0.50407
   0.50407
   0.50407
   0.50407
   0.50407
   0.50407
   0.50407
   0.50407
   0.50407
   0.50408
   0.50408
   0.50408
   0.50408
   0.50408
   0.50408
   0.50408
   0.50408
   0.50408
   0.50408
   0.50409
   0.50409
   0.50409
   0.50409
   0.50409
   0.50409
   0.50409
   0.50409
