   0.58325
   0.58307
   0.55845
   0.51183
   0.49558
   0.48667
   0.46894
   0.47084
   0.46664
   0.46183
   0.46202
   0.46289
   0.46590
   0.46605
   0.46800
   0.47174
   0.47626
   0.47156
   0.46943
   0.47130
   0.47561
   0.48207
   0.49530
   0.51003
   0.54537
   0.55062
   0.55672
   0.54944
   0.52472
   0.50182
   0.47039
   0.43941
   0.40330
   0.36648
   0.33516
   0.30292
   0.26571
   0.24317
   0.22552
   0.21051
   0.19645
   0.18413
   0.17432
   0.16464
   0.15692
   0.14984
   0.14390
   0.13825
   0.13306
   0.12839
   0.12435
   0.12035
   0.11714
   0.11421
   0.11175
   0.10961
   0.10778
   0.10615
   0.10480
   0.10374
   0.10287
   0.10202
   0.10092
   0.10056
   0.10001
   0.09973
   0.09930
   0.09951
   0.09967
   0.09969
   0.09993
   0.10013
   0.10046
   0.10041
   0.10091
   0.09843
   0.09887
   0.09889
   0.09922
   0.09963
   0.09957
   0.09918
   0.09850
   0.09804
   0.09743
   0.09652
   0.09454
   0.09382
   0.09280
   0.09193
   0.09067
   0.08950
   0.08779
   0.08518
   0.08346
   0.08180
   0.07975
   0.07761
   0.07540
   0.07305
   0.07094
   0.06832
   0.06603
   0.06340
   0.06105
   0.05878
   0.05638
   0.05393
   0.05184
   0.04973
   0.04747
   0.04561
   0.04402
   0.04239
   0.04081
   0.03938
   0.03798
   0.03671
   0.03523
   0.03372
   0.03233
   0.03096
   0.02944
   0.02793
   0.02662
   0.02505
   0.02343
   0.02181
   0.02022
   0.01882
   0.01748
   0.01593
   0.01457
   0.01304
   0.01159
   0.00993
   0.00865
   0.00748
   0.00648
   0.00554
   0.00479
   0.00416
   0.00430
   0.00333
   0.00322
   0.00247
   0.00248
   0.01050
   0.00971
   0.00135
   0.00167
   0.00091
   0.01190
   0.01263
   0.00072
   0.00915
   0.00129
   0.00050
   0.00034
   0.00034
   0.00051
   0.00034
   0.00025
   0.00563
   0.00010
   0.00389
   0.00021
   0.00495
   0.00166
   0.00011
   0.00009
   0.00008
   0.00007
   0.00165
   0.00008
   0.00045
   0.00001
   0.00638
   0.00036
   0.00011
   6.17105
   0.78833
   0.51055
   0.49400
   0.49270
   0.49253
   0.49248
   0.49247
   0.49247
   0.49247
   0.49247
   0.49248
   0.49248
   0.49248
   0.49249
   0.49249
   0.49249
   0.49250
   0.49250
   0.49250
   0.49251
   0.49251
   0.49251
   0.49252
   0.49252
   0.49252
   0.49253
   0.49253
   0.49253
   0.49254
   0.49254
   0.49254
   0.49255
   0.49255
   0.49255
   0.49256
   0.49256
   0.49256
   0.49257
   0.49257
   0.49257
   0.49258
   0.49258
   0.49258
   0.49259
   0.49259
   0.49259
   0.49260
   0.49260
   0.49260
   0.49261
   0.49261
   0.49261
   0.49262
   0.49262
   0.49262
   0.49263
   0.49263
   0.49263
   0.49264
   0.49264
   0.49264
   0.49265
   0.49265
   0.49265
   0.49266
   0.49266
   0.49266
   0.49267
   0.49267
   0.49267
   0.49268
   0.49268
   0.49268
   0.49269
   0.49269
   0.49269
   0.49270
   0.49270
   0.49270
   0.49271
   0.49271
   0.49271
   0.49272
   0.49272
   0.49272
   0.49273
   0.49273
   0.49273
   0.49274
   0.49274
   0.49275
   0.49275
   0.49275
   0.49276
   0.49276
   0.49276
   0.49277
   0.49277
   0.49277
   0.49278
   0.49278
   0.49278
   0.49279
   0.49279
   0.49279
   0.49280
   0.49280
   0.49280
   0.49281
   0.49281
   0.49281
   0.49282
   0.49282
   0.49282
   0.49283
   0.49283
   0.49283
   0.49284
   0.49284
   0.49284
   0.49285
   0.49285
   0.49285
   0.49286
   0.49286
   0.49286
   0.49287
   0.49287
   0.49287
   0.49288
   0.49288
   0.49288
   0.49289
   0.49289
   0.49289
   0.49290
   0.49290
   0.49290
   0.49291
   0.49291
   0.49291
   0.49292
   0.49292
   0.49292
   0.49293
   0.49293
   0.49293
   0.49294
   0.49294
   0.49294
   0.49295
   0.49295
   0.49295
   0.49296
   0.49296
   0.49296
   0.49297
   0.49297
   0.49297
   0.49298
   0.49298
   0.49298
   0.49299
   0.49299
   0.49299
   0.49300
   0.49300
   0.49301
   0.49301
   0.49301
   0.49302
   0.49302
   0.49302
   0.49303
   0.49303
   0.49303
   0.49304
   0.49304
   0.49304
   0.49305
   0.49305
   0.49305
   0.49306
   0.49306
   0.49306
   0.49307
   0.49307
   0.49307
   0.49308
   0.49308
   0.49308
   0.49309
   0.49309
   0.49309
   0.49310
   0.49310
   0.49310
   0.49311
   0.49311
   0.49311
   0.49312
   0.49312
   0.49312
   0.49313
   0.49313
   0.49313
   0.49314
   0.49314
   0.49314
   0.49315
   0.49315
   0.49315
   0.49316
   0.49316
   0.49317
   0.49317
   0.49317
   0.49318
   0.49318
   0.49318
   0.49319
   0.49319
   0.49319
   0.49320
   0.49320
   0.49320
   0.49321
   0.49321
   0.49321
   0.49322
   0.49322
   0.49322
   0.49323
   0.49323
   0.49323
   0.49324
   0.49324
   0.49324
   0.49325
   0.49325
   0.49325
   0.49326
   0.49326
   0.49326
   0.49327
   0.49327
   0.49328
   0.49328
   0.49328
   0.49329
   0.49329
   0.49329
   0.49330
   0.49330
   0.49330
   0.49331
   0.49331
   0.49331
   0.49332
   0.49332
   0.49332
   0.49333
   0.49333
   0.49333
   0.49334
   0.49334
   0.49334
   0.49335
   0.49335
   0.49335
   0.49336
   0.49336
   0.49336
   0.49337
   0.49337
   0.49338
   0.49338
   0.49338
   0.49339
   0.49339
   0.49339
   0.49340
   0.49340
   0.49340
   0.49341
   0.49341
   0.49341
   0.49342
   0.49342
   0.49342
   0.49343
   0.49343
   0.49343
   0.49344
   0.49344
   0.49344
   0.49345
   0.49345
   0.49345
   0.49346
   0.49346
   0.49347
   0.49347
   0.49347
   0.49348
   0.49348
   0.49348
   0.49349
   0.49349
   0.49349
   0.49350
   0.49350
   0.49350
   0.49351
   0.49351
   0.49351
   0.49352
   0.49352
   0.49352
