   0.43520
   0.44032
   0.44112
   0.44243
   0.44484
   0.44822
   0.44864
   0.44949
   0.45006
   0.45041
   0.45063
   0.45070
   0.45058
   0.45035
   0.44992
   0.44935
   0.44876
   0.44776
   0.44701
   0.44601
   0.44489
   0.44388
   0.43899
   0.44033
   0.44036
   0.43827
   0.43577
   0.43334
   0.43071
   0.42773
   0.42468
   0.42165
   0.41262
   0.41489
   0.40965
   0.40679
   0.39657
   0.39869
   0.39389
   0.38941
   0.38517
   0.47254
   0.44708
   0.44481
   0.44926
   0.45433
   0.52573
   0.51951
   0.52261
   0.52584
   0.52958
   0.53080
   0.52126
   0.50561
   0.48609
   0.46433
   0.44345
   0.42891
   0.42082
   0.41599
   0.41270
   0.40809
   0.40180
   0.39341
   0.38231
   0.37092
   0.36036
   0.34870
   0.33668
   0.32451
   0.31275
   0.30166
   0.29103
   0.28103
   0.27061
   0.26110
   0.25165
   0.24277
   0.23389
   0.22557
   0.21742
   0.20931
   0.20168
   0.19420
   0.18653
   0.17931
   0.17210
   0.16571
   0.15909
   0.15298
   0.14658
   0.14079
   0.13528
   0.12993
   0.12451
   0.11954
   0.11475
   0.11010
   0.10583
   0.10143
   0.09753
   0.09350
   0.08969
   0.08611
   0.08249
   0.07920
   0.07609
   0.07319
   0.07039
   0.06771
   0.06517
   0.06268
   0.06048
   0.05836
   0.05636
   0.05441
   0.05292
   0.05112
   0.04928
   0.04779
   0.04635
   0.04497
   0.04370
   0.04244
   0.04121
   0.03999
   0.03889
   0.03771
   0.03664
   0.03557
   0.03454
   0.03346
   0.03240
   0.03140
   0.03028
   0.02928
   0.02822
   0.02713
   0.02610
   0.02498
   0.02392
   0.02285
   0.02175
   0.02066
   0.01950
   0.01840
   0.01739
   0.01636
   0.01529
   0.01430
   0.01335
   0.01241
   0.01148
   0.01062
   0.00976
   0.00881
   0.00818
   0.00741
   0.00663
   0.00596
   0.00532
   0.00472
   0.00420
   0.00369
   0.00326
   0.00287
   0.00250
   0.00217
   0.00189
   0.00166
   0.00141
   0.00124
   0.00112
   0.00097
   0.00086
   0.00077
   0.00069
   0.00062
   0.00057
   0.00051
   0.00048
   0.00045
   0.00043
   0.00041
   0.00043
   0.00043
   0.00042
   0.00041
   0.00040
   0.00038
   0.00038
   0.00037
   0.00037
   0.00035
   0.00035
   0.00034
   0.00033
   0.00031
   0.00028
   0.00027
   0.00031
   0.00027
   0.00026
   0.00024
   0.00021
   0.00022
   0.00020
   0.00016
   0.00013
   0.00031
   0.00042
   0.00041
   0.00046
   0.00058
   0.00055
   0.00055
   0.00056
   0.00055
   0.00053
   0.00052
   0.00047
   0.00044
   0.00038
   0.00032
   0.00007
   0.00013
   0.00009
   0.00009
   0.00004
   0.00006
   0.00005
   0.00006
   0.00008
   0.00005
   0.00006
   0.00004
   0.00004
   0.00004
   0.00004
   0.00002
   0.00003
   0.00003
   0.00002
   0.00002
   0.00002
   0.00003
   0.00002
   0.00002
   0.00003
   0.00002
   0.00002
   0.00001
   0.00001
   0.00001
   0.00001
   0.00001
   0.00001
   0.00002
   0.00001
   0.00001
   0.00001
   0.00001
   0.00001
   0.00001
   0.00000
   0.00001
   0.00001
   0.00001
   0.00001
   0.00000
   0.00000
   0.00001
   0.00001
   0.00001
   0.00001
   0.00000
   0.00000
   0.00000
   0.00001
   0.00001
   0.00001
   0.00001
   0.00001
   0.00000
   0.00001
   0.00001
   0.00001
   0.00001
   0.00001
   0.00001
   0.00000
   0.00000
   0.00001
   0.00001
   0.00001
   0.00001
   0.00001
   0.00000
   0.00000
   0.00000
   0.00000
   0.00000
   0.00000
   0.00000
   0.00001
   0.00001
   0.00001
   0.00001
   0.00001
   0.00000
   0.00000
   0.00000
   0.00000
   0.00000
   0.00000
   0.00000
   0.00000
   0.00000
   0.00000
   0.00000
   0.00000
   0.00001
   0.00001
   0.00000
   0.00000
   0.00000
   0.00000
   0.00000
   0.00000
   0.00000
   0.00000
   0.00000
   0.00000
   0.00000
   0.00000
   0.00000
   0.00000
   0.00000
   0.00000
   0.00000
   0.00000
   0.00000
   0.00003
   0.00000
   0.00000
   0.00010
   0.00000
   0.00000
   0.00000
   0.00000
   0.00000
   0.00000
   0.00000
   0.00000
   0.00000
   0.00000
   0.00000
   0.00000
   0.00000
   0.00000
   0.00000
   0.00000
   0.00000
   0.00000
   0.00000
   0.00000
   0.00000
   0.00000
   0.00000
   0.00000
   0.00000
   0.00000
   0.00000
   0.00000
   0.00000
   0.00000
   0.00000
   0.00000
   0.00000
   0.00000
   0.00000
   0.00000
   0.00000
   0.00000
   0.00000
   0.00000
   0.00000
   0.00000
   0.00000
   0.00000
   0.00000
   0.00000
   0.00000
   0.00000
   0.00000
   0.00000
   0.00000
   0.00000
   0.00000
   0.00000
   0.00000
   0.00000
   0.00000
   0.00000
   0.00000
   0.00000
   0.00000
   0.00000
   0.00000
   0.00000
   0.00000
   0.00000
   0.00000
   0.00000
   0.00000
   0.00000
   0.00000
   0.00000
   0.00000
   0.00000
   0.00000
   0.00000
   0.00000
   0.00000
   0.00000
   0.00000
   0.00000
   0.00000
   0.00000
   0.00000
   0.00000
   0.00000
   0.00000
   0.00000
   0.00000
   0.00000
   0.00000
   0.00000
   0.00000
   0.00000
   0.00000
   0.00000
   0.00000
   0.00000
   0.00000
   0.00000
   0.00000
   0.00000
   0.00000
   0.00000
   0.00000
   0.00000
   0.00002
   0.03188
   0.03450
   0.00987
   0.01205
   0.01190
   0.00031
   0.00030
   0.00018
   0.00019
   0.00022
   0.00022
   0.00022
   0.00021
   0.00020
   0.00019
   0.00019
   0.00019
   0.00014
   0.00039
   0.00013
   0.00001
   0.00014
   0.00014
   0.00011
   0.00010
   0.00010
   0.00005
   0.00006
   0.00006
   0.00006
   0.00007
   0.00007
   0.00008
   0.00009
   0.00009
   0.00109
   0.00005
   0.00005
   0.00006
   0.00005
   0.00006
   0.00006
   0.00006
   0.00007
   0.00007
   0.00008
   0.00008
