   0.63643
   0.63002
   0.62413
   0.62318
   0.62135
   0.61951
   0.61763
   0.61571
   0.61377
   0.61179
   0.60979
   0.60776
   0.60572
   0.60365
   0.60156
   0.59945
   0.59732
   0.59515
   0.59297
   0.59076
   0.58852
   0.58626
   0.58396
   0.58163
   0.57928
   0.57687
   0.57443
   0.57200
   0.56947
   0.56692
   0.56433
   0.56171
   0.55655
   0.55241
   0.55083
   0.54675
   0.54326
   0.54018
   0.53704
   0.53389
   0.53072
   0.52755
   0.52433
   0.52111
   0.51781
   0.51449
   0.51112
   0.50768
   0.50425
   0.50077
   0.49724
   0.49367
   0.48999
   0.48643
   0.48272
   0.47895
   0.47517
   0.47144
   0.46758
   0.46376
   0.45992
   0.45600
   0.45211
   0.44818
   0.44428
   0.44035
   0.43640
   0.43248
   0.42849
   0.42464
   0.42082
   0.41687
   0.41298
   0.40926
   0.40540
   0.40559
   0.39947
   0.39419
   0.39073
   0.38717
   0.38358
   0.38002
   0.37660
   0.37324
   0.36999
   0.36682
   0.36396
   0.36090
   0.35815
   0.35551
   0.35306
   0.35094
   0.34899
   0.34738
   0.34581
   0.34423
   0.34312
   0.34188
   0.34061
   0.34025
   0.33816
   0.33611
   0.33334
   0.32971
   0.32543
   0.32067
   0.31556
   0.31030
   0.30510
   0.30017
   0.29523
   0.29063
   0.28609
   0.28177
   0.27753
   0.27346
   0.26956
   0.26541
   0.26150
   0.25737
   0.25353
   0.24959
   0.24563
   0.24168
   0.23754
   0.23378
   0.22974
   0.22577
   0.22185
   0.21780
   0.21408
   0.21010
   0.20634
   0.20254
   0.19871
   0.19496
   0.19130
   0.18771
   0.18398
   0.18052
   0.17706
   0.17367
   0.17034
   0.16697
   0.16377
   0.16061
   0.15742
   0.15422
   0.15132
   0.14827
   0.14544
   0.14256
   0.13969
   0.13684
   0.13412
   0.13145
   0.12886
   0.12643
   0.12376
   0.12129
   0.11880
   0.11644
   0.11414
   0.11182
   0.10945
   0.10727
   0.10511
   0.10303
   0.10095
   0.09888
   0.09699
   0.09498
   0.09298
   0.09118
   0.08926
   0.08755
   0.08573
   0.08402
   0.08225
   0.08064
   0.07894
   0.07742
   0.07584
   0.07440
   0.07286
   0.07139
   0.06999
   0.06855
   0.06724
   0.06586
   0.06458
   0.06323
   0.06197
   0.06073
   0.05956
   0.05837
   0.05723
   0.05622
   0.05499
   0.05383
   0.05293
   0.05179
   0.05069
   0.04982
   0.04883
   0.04782
   0.04689
   0.04607
   0.04508
   0.04417
   0.04336
   0.04261
   0.04167
   0.04087
   0.04016
   0.03927
   0.03857
   0.03781
   0.03717
   0.03635
   0.03572
   0.03492
   0.03424
   0.03368
   0.03296
   0.03236
   0.03174
   0.03116
   0.03048
   0.02989
   0.02928
   0.02873
   0.02815
   0.02764
   0.02705
   0.02654
   0.02603
   0.02553
   0.02503
   0.02454
   0.02406
   0.02359
   0.02312
   0.02267
   0.02222
   0.02178
   0.02135
   0.02078
   0.02033
   0.01994
   0.01950
   0.01911
   0.01874
   0.01836
   0.01800
   0.01764
   0.01729
   0.01695
   0.01662
   0.01628
   0.01596
   0.01565
   0.01534
   0.01505
   0.01476
   0.01448
   0.01420
   0.01394
   0.01367
   0.01342
   0.01316
   0.01292
   0.01267
   0.01244
   0.01221
   0.01198
   0.01176
   0.01155
   0.01133
   0.01111
   0.01091
   0.01070
   0.01046
   0.01027
   0.01007
   0.00987
   0.00967
   0.00948
   0.00930
   0.00911
   0.00892
   0.00873
   0.00855
   0.00837
   0.00819
   0.00801
   0.00784
   0.00767
   0.00751
   0.00734
   0.00718
   0.00701
   0.00685
   0.00670
   0.00654
   0.00640
   0.00625
   0.00611
   0.00597
   0.00583
   0.00569
   0.00556
   0.00543
   0.00530
   0.00518
   0.00506
   0.00493
   0.00476
   0.00464
   0.00452
   0.00441
   0.00430
   0.00418
   0.00408
   0.00397
   0.00387
   0.00377
   0.00367
   0.00358
   0.00349
   0.00340
   0.00332
   0.00324
   0.00317
   0.00309
   0.00303
   0.00296
   0.00291
   0.00286
   0.00282
   0.00279
   0.00278
   0.00281
   0.00292
   0.00312
   0.00334
   0.00340
   0.00339
   0.00345
   0.00331
   0.00324
   0.00232
   0.00244
   0.00191
   0.00188
   0.00180
   0.00177
   0.00170
   0.00167
   0.00162
   0.00158
   0.00153
   0.00149
   0.00145
   0.00142
   0.00138
   0.00134
   0.00131
   0.00128
   0.00125
   0.00121
   0.00118
   0.00116
   0.00113
   0.00110
   0.00107
   0.00105
   0.00102
   0.00100
   0.00097
   0.00095
   0.00093
   0.00091
   0.00088
   0.00086
   0.00084
   0.00082
   0.00080
   0.00078
   0.00077
   0.00075
   0.00073
   0.00071
   0.00070
   0.00068
   0.00067
   0.00065
   0.00064
   0.00062
   0.00061
   0.00059
   0.00058
   0.00057
   0.00055
   0.00054
   0.00053
   0.00052
   0.00051
   0.00050
   0.00048
   0.00047
   0.00046
   0.00045
   0.00045
   0.00044
   0.00043
   0.00043
   0.00042
   0.00042
   0.00041
   0.00040
   0.00039
   0.00038
   0.00037
   0.00036
   0.00035
   0.00034
   0.00033
   0.00032
   0.00031
   0.00030
   0.00031
   0.00039
   0.01957
   0.00224
   0.01261
   0.00076
   0.00076
   0.00078
   0.00079
   0.00079
   0.00078
   0.00079
   0.00079
   0.00080
   0.00080
   0.00081
   0.00082
   0.00083
   0.00083
   0.00084
   0.00084
   0.00085
   0.00085
   0.00085
   0.00085
   0.00085
   0.00084
   0.00084
   0.00084
   0.00084
   0.00083
   0.00083
   0.00082
   0.00081
   0.00081
   0.00080
   0.00080
   0.00079
   0.00078
   0.00078
   0.00077
   0.00076
   0.00076
   0.00075
   0.00074
   0.00074
   0.00073
   0.00072
   0.00071
   0.00071
   0.00070
   0.00069
   0.00069
   0.00068
   0.00067
   0.00067
   0.00066
   0.00065
   0.00064
   0.00061
   0.00056
   0.00057
   0.00055
   0.00056
   0.00054
   0.00055
   0.00054
   0.00053
   0.00053
