   0.67689
   0.67304
   0.67248
   0.67075
   0.67001
   0.66929
   0.66862
   0.66799
   0.66736
   0.66656
   0.66581
   0.66551
   0.67214
   0.66532
   0.66453
   0.66394
   0.66347
   0.66304
   0.66268
   0.66243
   0.66192
   0.66198
   0.66215
   0.66120
   0.66056
   0.66040
   0.66011
   0.65985
   0.65960
   0.65935
   0.65901
   0.65899
   0.66485
   0.66613
   0.66412
   0.66327
   0.66160
   0.65970
   0.65763
   0.65576
   0.65302
   0.64991
   0.64622
   0.64108
   0.63508
   0.62968
   0.62441
   0.61858
   0.61309
   0.60732
   0.60154
   0.59591
   0.59047
   0.58522
   0.58008
   0.57468
   0.56892
   0.56272
   0.55639
   0.55018
   0.54436
   0.53885
   0.53347
   0.52797
   0.52233
   0.51567
   0.50886
   0.50166
   0.49442
   0.48741
   0.48071
   0.47434
   0.46831
   0.46262
   0.45718
   0.45200
   0.44702
   0.44226
   0.43763
   0.43313
   0.42875
   0.42447
   0.42030
   0.41616
   0.41208
   0.40805
   0.40405
   0.40009
   0.39615
   0.39224
   0.38834
   0.38446
   0.38059
   0.37673
   0.37289
   0.36900
   0.36521
   0.36140
   0.35762
   0.35384
   0.35008
   0.34638
   0.34264
   0.33896
   0.33523
   0.33156
   0.32795
   0.32441
   0.32088
   0.31740
   0.31401
   0.31062
   0.30730
   0.30391
   0.30067
   0.29748
   0.29434
   0.29125
   0.28820
   0.28522
   0.28227
   0.27931
   0.27645
   0.27369
   0.27089
   0.26813
   0.26546
   0.26278
   0.26016
   0.25763
   0.25513
   0.25256
   0.24998
   0.24848
   0.24596
   0.24330
   0.24068
   0.23805
   0.23541
   0.23268
   0.22982
   0.22698
   0.22389
   0.22066
   0.21705
   0.21487
   0.21111
   0.20718
   0.20311
   0.19888
   0.19455
   0.19007
   0.18544
   0.18070
   0.17575
   0.17084
   0.16590
   0.16094
   0.15596
   0.15113
   0.14624
   0.14142
   0.13675
   0.13224
   0.12789
   0.12369
   0.11969
   0.11589
   0.11228
   0.10890
   0.10572
   0.10274
   0.09997
   0.09738
   0.09496
   0.09271
   0.09061
   0.08863
   0.08676
   0.08499
   0.08326
   0.08162
   0.07999
   0.07837
   0.07673
   0.07508
   0.07337
   0.07163
   0.06978
   0.06793
   0.06599
   0.06402
   0.06200
   0.05989
   0.05780
   0.05570
   0.05361
   0.05152
   0.04947
   0.04745
   0.04550
   0.04358
   0.04173
   0.03993
   0.03819
   0.03649
   0.03486
   0.03324
   0.03169
   0.03014
   0.02865
   0.02717
   0.02571
   0.02429
   0.02289
   0.02158
   0.02037
   0.01927
   0.01826
   0.01731
   0.01628
   0.01562
   0.01527
   0.01502
   0.01454
   0.01373
   0.01244
   0.02075
   0.01440
   0.01863
   0.02689
   0.03320
   0.01592
   0.02873
   0.04055
   0.04882
   0.02618
   0.03617
   0.03319
   0.03174
   0.02393
   0.01907
   0.01788
   0.01794
   0.01720
   0.01751
   0.01672
   0.01769
   0.01734
   0.01776
   0.01821
   0.02394
   0.02613
   0.00930
   0.02160
   0.00736
   0.01116
   0.00496
   0.00363
   0.00473
   0.00552
   0.01727
   0.00382
   0.00633
   0.07929
   0.00390
   0.00404
   0.00731
   0.00323
   0.00465
   0.00339
   0.00345
   0.00373
   0.00451
   0.00357
   0.00408
   0.00368
   0.00371
   0.00477
   0.15690
   0.00323
   0.00339
   0.00305
   0.00304
   0.00296
   0.00278
   0.00496
   0.00270
   0.00311
   0.00989
   0.00241
   0.00290
   0.00602
   0.00242
   0.00449
   0.13457
   0.00331
   0.00262
   0.00325
   0.00317
   0.00294
   0.00274
   0.00253
   0.00240
   0.00166
   0.00218
   0.00231
   0.00249
   0.00230
   0.00269
   0.00198
   0.00184
   0.00148
   0.00156
   0.00154
   0.00135
   0.00176
   0.00145
   0.00133
   0.00157
   0.00380
   0.00176
   0.00181
   0.00173
   0.00113
   0.04018
   0.00363
   0.00370
   0.00366
   0.00359
   0.00351
   0.00341
   0.00330
   0.00320
   0.00312
   0.00303
   0.00292
   0.00279
   0.00265
   0.00245
   0.00223
   0.00201
   0.00190
   0.00176
   0.00164
   0.00152
   0.00134
   0.00116
   0.00131
   0.00113
   0.00109
   0.00102
   0.00095
   0.00088
   0.00082
   0.00077
   0.00073
   0.00077
   0.00147
   0.00170
   0.00169
   0.00167
   0.00165
   0.00162
   0.00159
   0.00154
   0.00150
   0.00139
   0.00131
   0.00060
   0.00112
   0.00098
   0.00058
   0.00064
   0.00090
   0.00096
   0.00078
   0.00049
   0.00064
   0.00063
   0.00059
   0.00055
   0.00051
   0.00048
   0.00046
   0.00044
   0.00042
   0.00042
   0.00042
   0.00042
   0.00043
   0.00044
   0.00046
   0.00192
   0.00077
   0.00078
   0.00080
   0.00081
   0.00082
   0.00082
   0.00082
   0.00081
   0.00080
   0.00079
   0.00078
   0.00077
   0.00076
   0.00074
   0.00072
   0.00068
   0.00042
   0.00206
   0.00062
   0.00065
   0.00067
   0.00070
   0.00072
   0.00074
   0.00076
   0.00078
   0.00079
   0.00080
   0.00080
   0.00080
   0.00079
   0.00078
   0.00077
   0.00076
   0.00075
   0.00073
   0.00071
   0.00069
   0.00065
   0.00061
   0.01728
   0.00056
   0.00057
   0.00058
   0.00060
   0.00062
   0.00064
   0.00066
   0.00068
   0.00070
   0.00072
   0.00073
   0.00075
   0.00076
   0.00077
   0.00077
   0.00077
   0.00076
   0.00075
   0.00074
   0.00074
   0.00073
   0.00072
   0.00070
   0.00068
   0.00065
   0.00060
   0.00057
   0.00054
   0.00047
   0.00042
   0.00040
   0.00043
   0.01833
   0.00035
   0.00036
   0.00037
   0.00038
   0.00039
   0.00040
   0.00041
   0.00042
   0.00044
   0.00046
   0.00047
   0.00049
   0.00050
   0.00052
   0.00053
   0.00054
   0.00055
   0.00056
   0.00056
   0.00056
   0.00056
   0.00055
   0.00054
   0.00054
   0.00053
   0.00052
   0.00051
   0.00050
   0.00048
   0.00046
   0.00042
   0.00040
