   0.71090
   0.71589
   0.71365
   0.71188
   0.70974
   0.71249
   0.70799
   0.70568
   0.70517
   0.70538
   0.70221
   0.69969
   0.69742
   0.69536
   0.70458
   0.69761
   0.69709
   0.70021
   0.69616
   0.69531
   0.69233
   0.69579
   0.69114
   0.69210
   0.69582
   0.69212
   0.69143
   0.69110
   0.69454
   0.69333
   0.69193
   0.69170
   0.69150
   0.68794
   0.68908
   0.68983
   0.69114
   0.69247
   0.68923
   0.69537
   0.69464
   0.69932
   0.70333
   0.70729
   0.70980
   0.72074
   0.72743
   0.73806
   0.74035
   0.73882
   0.73530
   0.72743
   0.71746
   0.70834
   0.69844
   0.68649
   0.67406
   0.66403
   0.65448
   0.64522
   0.63718
   0.62992
   0.62321
   0.61703
   0.61115
   0.60549
   0.59921
   0.59248
   0.58515
   0.57747
   0.56983
   0.56205
   0.55440
   0.54707
   0.54047
   0.53453
   0.52929
   0.52449
   0.51984
   0.51510
   0.51021
   0.50529
   0.50038
   0.49556
   0.49085
   0.48629
   0.48183
   0.47746
   0.47309
   0.46871
   0.46437
   0.46003
   0.45573
   0.45142
   0.44719
   0.44296
   0.43880
   0.43469
   0.43060
   0.42658
   0.42258
   0.41864
   0.41474
   0.41087
   0.40704
   0.40332
   0.39956
   0.39586
   0.39217
   0.38856
   0.38492
   0.38133
   0.37777
   0.37423
   0.37068
   0.36715
   0.36366
   0.36013
   0.35658
   0.35304
   0.34941
   0.34576
   0.34202
   0.33831
   0.33477
   0.33095
   0.32704
   0.32308
   0.31905
   0.31500
   0.31088
   0.30669
   0.30270
   0.29855
   0.29452
   0.29051
   0.28654
   0.28268
   0.27889
   0.27520
   0.27163
   0.26816
   0.26478
   0.26152
   0.25836
   0.25530
   0.25233
   0.24949
   0.24666
   0.24394
   0.24130
   0.23874
   0.23626
   0.23396
   0.23154
   0.22916
   0.22683
   0.22451
   0.22212
   0.21991
   0.21773
   0.21547
   0.21323
   0.21131
   0.20945
   0.20726
   0.20506
   0.20273
   0.20046
   0.19823
   0.19576
   0.19516
   0.19311
   0.19099
   0.18871
   0.18660
   0.18455
   0.18311
   0.18289
   0.18089
   0.17881
   0.17736
   0.17546
   0.17355
   0.17131
   0.16945
   0.16754
   0.16544
   0.16367
   0.16200
   0.16029
   0.15866
   0.16028
   0.15906
   0.15711
   0.15568
   0.15432
   0.15525
   0.15380
   0.15246
   0.15349
   0.15239
   0.15120
   0.15000
   0.14872
   0.14745
   0.14613
   0.14479
   0.14337
   0.14193
   0.14040
   0.13879
   0.13688
   0.13536
   0.13355
   0.13141
   0.12964
   0.12757
   0.12519
   0.12316
   0.12086
   0.11823
   0.11597
   0.11342
   0.11080
   0.10789
   0.10535
   0.10254
   0.09968
   0.09658
   0.09383
   0.09085
   0.08784
   0.08494
   0.08180
   0.07878
   0.07575
   0.07273
   0.06975
   0.06679
   0.06388
   0.06102
   0.05823
   0.05551
   0.05286
   0.05028
   0.04780
   0.04541
   0.04313
   0.04095
   0.03882
   0.03694
   0.03510
   0.03336
   0.03174
   0.03024
   0.02884
   0.02754
   0.02633
   0.02522
   0.02419
   0.02323
   0.02224
   0.02153
   0.02068
   0.01991
   0.01912
   0.01831
   0.01746
   0.01651
   0.01544
   0.01418
   0.01259
   0.01090
   0.00989
   0.00938
   0.00928
   0.00956
   0.01056
   0.01126
   0.01184
   0.01272
   0.01344
   0.00983
   0.00763
   0.00781
   0.00769
   0.00743
   0.00706
   0.00666
   0.00630
   0.00607
   0.00587
   0.00568
   0.00552
   0.00538
   0.00525
   0.00518
   0.00518
   0.00526
   0.00482
   0.00434
   0.00476
   0.00480
   0.00443
   0.00461
   0.00453
   0.00391
   0.00395
   0.00384
   0.00379
   0.00371
   0.00366
   0.00361
   0.00356
   0.00351
   0.00347
   0.00343
   0.00339
   0.00335
   0.00332
   0.00327
   0.00322
   0.00316
   0.00309
   0.00301
   0.00290
   0.00279
   0.00270
   0.00266
   0.00263
   0.00260
   0.00257
   0.00252
   0.00247
   0.00241
   0.00234
   0.00229
   0.00222
   0.00216
   0.00211
   0.00207
   0.00207
   0.00213
   0.00224
   0.00236
   0.00233
   3.72156
   0.02206
   0.02791
   0.02512
   0.02253
   0.01967
   0.01561
   0.01255
   0.01213
   0.01175
   0.01187
   0.01124
   0.00986
   0.00957
   0.00872
   0.00870
   0.00828
   0.00738
   0.00719
   0.00683
   0.00664
   0.00637
   0.00617
   0.00608
   0.00587
   0.00577
   0.00614
   0.00606
   0.00575
   0.00536
   0.00512
   0.00486
   0.00469
   0.00446
   0.00422
   0.00403
   0.00377
   0.00355
   0.00332
   0.00310
   0.00289
   0.00275
   0.00268
   0.00265
   0.00259
   0.00258
   0.00252
   0.00256
   0.00238
   0.00276
   0.00218
   0.93403
   0.00362
   0.00286
   0.01688
   0.02072
   0.02141
   0.01005
   0.01985
   0.00621
   0.01887
   0.00249
   0.01875
   0.00343
   0.01722
   0.00433
   0.01506
   0.00501
   0.00952
   0.00339
   0.00748
   0.00410
   0.00431
   0.00358
   0.00316
   0.00323
   0.00328
   0.00432
   0.00592
   0.00733
   0.00800
   0.00812
   0.00815
   0.00819
   0.00820
   0.00819
   0.00819
   0.00814
   0.00809
   0.00801
   0.00786
   0.00762
   0.00696
   0.00599
   0.00579
   0.00562
   0.00544
   0.00527
   0.00509
   0.00494
   0.00477
   0.00461
   0.00444
   0.00430
   0.00414
   0.00399
   0.00385
   0.00371
   0.00355
   0.00340
   0.00325
   0.00308
   0.00295
   0.00279
   0.00264
   0.00249
   0.00233
   0.00216
   0.00195
   0.00168
   0.00120
   0.00255
   0.00151
   0.00101
   0.00601
   0.00116
   0.01406
   0.00382
   0.00491
   0.00561
   0.00639
   0.00704
   0.00738
   0.00751
   0.00742
   0.00741
   0.00725
   0.00707
   0.00690
   0.00672
   0.00658
   0.00651
   0.00645
   0.00655
   0.00696
   0.00865
   0.01528
   0.00092
   0.01039
   0.00161
   0.01279
   0.00086
   0.01117
