   0.69366
   0.69482
   0.69694
   0.69833
   0.69856
   0.69794
   0.69767
   0.69816
   0.69736
   0.69681
   0.69658
   0.69613
   0.69735
   0.69686
   0.69669
   0.69622
   0.69594
   0.69556
   0.69514
   0.69482
   0.69434
   0.69373
   0.69336
   0.69348
   0.69301
   0.69275
   0.69247
   0.69213
   0.69173
   0.69135
   0.69099
   0.69058
   0.69019
   0.68973
   0.68920
   0.68876
   0.68817
   0.68759
   0.68694
   0.68628
   0.68552
   0.68465
   0.68384
   0.68295
   0.68197
   0.68093
   0.67985
   0.67869
   0.67743
   0.67605
   0.67487
   0.67346
   0.67208
   0.67059
   0.66899
   0.66758
   0.66602
   0.66435
   0.66283
   0.66121
   0.65969
   0.65810
   0.65645
   0.65498
   0.65339
   0.65194
   0.65046
   0.64902
   0.64761
   0.64633
   0.64515
   0.64387
   0.64280
   0.64182
   0.64084
   0.64007
   0.63932
   0.63883
   0.63844
   0.63824
   0.63840
   0.63867
   0.63914
   0.64011
   0.64157
   0.64343
   0.64593
   0.64854
   0.65206
   0.65570
   0.66002
   0.66459
   0.66961
   0.67432
   0.67875
   0.68253
   0.68522
   0.68695
   0.68795
   0.68800
   0.68767
   0.68720
   0.68713
   0.68616
   0.68573
   0.68482
   0.68369
   0.68274
   0.68075
   0.67888
   0.67667
   0.67380
   0.67123
   0.66827
   0.66517
   0.66197
   0.65920
   0.65596
   0.65270
   0.64950
   0.64627
   0.64302
   0.63967
   0.63638
   0.63321
   0.63009
   0.62655
   0.62310
   0.61956
   0.61635
   0.61282
   0.60990
   0.60652
   0.60304
   0.60032
   0.59706
   0.59342
   0.59069
   0.58746
   0.58376
   0.58134
   0.57824
   0.57523
   0.57242
   0.56897
   0.56582
   0.56280
   0.55995
   0.55697
   0.55419
   0.55125
   0.54852
   0.54553
   0.54274
   0.53971
   0.53687
   0.53358
   0.53086
   0.52779
   0.52478
   0.52243
   0.51901
   0.51664
   0.51345
   0.51123
   0.50780
   0.50553
   0.50242
   0.49988
   0.49648
   0.49430
   0.49102
   0.48885
   0.48540
   0.48251
   0.47991
   0.47726
   0.47440
   0.47155
   0.46868
   0.46638
   0.46314
   0.46068
   0.45788
   0.45481
   0.45249
   0.44935
   0.44669
   0.44351
   0.44085
   0.43832
   0.43511
   0.43243
   0.42977
   0.42684
   0.42419
   0.42135
   0.41807
   0.41559
   0.41263
   0.41006
   0.40747
   0.40450
   0.40167
   0.39847
   0.39573
   0.39302
   0.38982
   0.38705
   0.38376
   0.38089
   0.37791
   0.37461
   0.37174
   0.36847
   0.36558
   0.36225
   0.35933
   0.35599
   0.35284
   0.34963
   0.34645
   0.34311
   0.34004
   0.33709
   0.33366
   0.33065
   0.32726
   0.32418
   0.32066
   0.31748
   0.31411
   0.31128
   0.30736
   0.30466
   0.30100
   0.29849
   0.29501
   0.29213
   0.28852
   0.28585
   0.28274
   0.27962
   0.27687
   0.27383
   0.27115
   0.26846
   0.26537
   0.26305
   0.26018
   0.25759
   0.25545
   0.25286
   0.25047
   0.24811
   0.24655
   0.24346
   0.24205
   0.23981
   0.23759
   0.23582
   0.23406
   0.23178
   0.23023
   0.22873
   0.22694
   0.22536
   0.22367
   0.22219
   0.22078
   0.21926
   0.21799
   0.21661
   0.21555
   0.21392
   0.21340
   0.21170
   0.21108
   0.20950
   0.20873
   0.20745
   0.20648
   0.20550
   0.20428
   0.20336
   0.20205
   0.20116
   0.19994
   0.19921
   0.19737
   0.19672
   0.19502
   0.19343
   0.19224
   0.19090
   0.18973
   0.18790
   0.18660
   0.18506
   0.18351
   0.18174
   0.18010
   0.17813
   0.17680
   0.17473
   0.17366
   0.17103
   0.17013
   0.16768
   0.16659
   0.16454
   0.16290
   0.16121
   0.15918
   0.15745
   0.15546
   0.15388
   0.15186
   0.15030
   0.14838
   0.14654
   0.14481
   0.14279
   0.14121
   0.13919
   0.13763
   0.13580
   0.13420
   0.13216
   0.13061
   0.12872
   0.12709
   0.12545
   0.12325
   0.12165
   0.11989
   0.11822
   0.11644
   0.11470
   0.11285
   0.11121
   0.10939
   0.10769
   0.10583
   0.10403
   0.10173
   0.10011
   0.09856
   0.09708
   0.09535
   0.09358
   0.09183
   0.09002
   0.08812
   0.08604
   0.08454
   0.08278
   0.08123
   0.07955
   0.07803
   0.07635
   0.07477
   0.07322
   0.07160
   0.07004
   0.06846
   0.06701
   0.06541
   0.06389
   0.06248
   0.06108
   0.05970
   0.05844
   0.05709
   0.05586
   0.05459
   0.05345
   0.05226
   0.05120
   0.05010
   0.04912
   0.04820
   0.04724
   0.04638
   0.04558
   0.04481
   0.04404
   0.04333
   0.04264
   0.04200
   0.04139
   0.04080
   0.04024
   0.03970
   0.03918
   0.03870
   0.03825
   0.03780
   0.03738
   0.03697
   0.03659
   0.03621
   0.03585
   0.03550
   0.03514
   0.03480
   0.03447
   0.03413
   0.03384
   0.03351
   0.03321
   0.03286
   0.03257
   0.03225
   0.03192
   0.03164
   0.03128
   0.03099
   0.03063
   0.03032
   0.02998
   0.02966
   0.02931
   0.02894
   0.02861
   0.02823
   0.02788
   0.02752
   0.02717
   0.02684
   0.02649
   0.02609
   0.02572
   0.02539
   0.02504
   0.02467
   0.02429
   0.02396
   0.02360
   0.02325
   0.02289
   0.02253
   0.02220
   0.02186
   0.02153
   0.02116
   0.02089
   0.02052
   0.02031
   0.01994
   0.01964
   0.01936
   0.01905
   0.01879
   0.01847
   0.01823
   0.01801
   0.01773
   0.01741
   0.01723
   0.01693
   0.01667
   0.01645
   0.01616
   0.01596
   0.01567
   0.01548
   0.01520
   0.01496
   0.01471
   0.01445
   0.01428
   0.01405
   0.01381
   0.01365
   0.01344
   0.01325
   0.01305
   0.01288
   0.01270
   0.01253
   0.01238
   0.01221
   0.01206
   0.01193
   0.01175
   0.01160
   0.01149
   0.01133
   0.01120
   0.01106
   0.01094
   0.01081
   0.01069
   0.01057
   0.01043
   0.01033
   0.01020
   0.01011
   0.01001
