   0.77706
   0.85289
   0.84610
   0.84458
   0.83442
   0.83256
   0.83095
   0.82654
   0.82256
   0.81808
   0.81471
   0.81093
   0.80617
   0.80289
   0.79965
   0.79712
   0.79587
   0.79268
   0.78997
   0.78700
   0.78840
   0.78307
   0.78140
   0.77526
   0.77301
   0.77199
   0.76886
   0.76434
   0.76570
   0.75772
   0.75834
   0.75104
   0.74860
   0.74447
   0.73583
   0.73306
   0.70389
   0.71051
   0.69671
   0.69528
   0.67303
   0.65900
   0.65311
   0.64604
   0.63939
   0.63171
   0.62401
   0.61520
   0.60728
   0.60078
   0.59544
   0.59061
   0.58641
   0.58246
   0.57776
   0.57305
   0.56828
   0.56220
   0.55620
   0.54920
   0.54208
   0.53487
   0.52719
   0.51989
   0.51252
   0.50559
   0.49950
   0.49458
   0.49083
   0.48711
   0.48240
   0.47574
   0.46757
   0.45983
   0.45267
   0.44586
   0.43958
   0.43396
   0.42774
   0.42234
   0.41675
   0.41161
   0.40692
   0.40292
   0.39906
   0.39622
   0.39690
   0.39388
   0.38856
   0.38629
   0.38126
   0.37692
   0.37193
   0.36602
   0.36101
   0.35390
   0.34488
   0.33092
   0.32281
   0.31145
   0.29936
   0.29086
   0.28422
   0.27421
   0.26838
   0.26008
   0.25288
   0.24802
   0.24325
   0.23702
   0.23333
   0.22829
   0.22276
   0.21847
   0.21607
   0.21339
   0.21040
   0.20652
   0.20040
   0.19714
   0.19752
   0.19345
   0.19117
   0.18644
   0.18435
   0.18125
   0.17784
   0.17187
   0.16977
   0.16523
   0.16268
   0.15902
   0.15521
   0.15081
   0.15590
   0.15013
   0.14504
   0.14466
   0.13888
   0.13508
   0.12875
   0.12866
   0.12326
   0.12202
   0.11431
   0.11257
   0.10769
   0.10287
   0.09653
   0.09721
   0.08890
   0.09331
   0.08302
   0.08720
   0.07766
   0.07830
   0.07250
   0.07234
   0.07304
   0.07122
   0.06609
   0.06390
   0.06066
   0.05783
   0.05420
   0.05499
   0.04980
   0.05081
   0.04713
   0.04515
   0.04134
   0.04107
   0.03927
   0.03793
   0.03424
   0.03467
   0.03267
   0.03242
   0.02963
   0.02891
   0.02749
   0.02755
   0.02578
   0.02461
   0.02388
   0.02294
   0.02208
   0.02124
   0.02051
   0.02049
   0.02106
   0.02005
   0.01773
   0.01796
   0.01986
   0.01850
   0.01939
   0.01802
   0.01952
   0.01463
   0.01849
   0.01315
   0.01730
   0.01622
   0.01816
   0.01179
   0.01440
   0.01654
   0.01595
   0.01647
   0.00935
   0.01212
   0.02303
   0.03392
   0.04360
   0.01281
   0.05558
   0.00938
   0.06555
   0.03196
   0.35498
   0.09035
   0.15943
   0.00832
   0.01314
   0.01229
   0.01197
   0.01145
   0.01114
   0.01071
   0.01032
   0.00993
   0.00955
   0.00917
   0.00880
   0.00843
   0.00808
   0.00771
   0.00737
   0.00703
   0.00671
   0.00640
   0.00614
   0.00592
   0.00572
   0.00558
   0.00546
   0.00536
   0.00528
   0.00520
   0.00512
   0.00509
   0.00503
   0.00506
   0.00500
   0.00499
   0.00500
   0.00495
   0.00499
   0.00492
   0.00505
   0.00467
   0.00481
   0.00352
   0.06454
   0.09650
   0.00749
   0.00739
   0.00654
   0.00583
   0.00556
   0.00545
   0.00533
   0.00530
   0.00557
   0.00970
   0.00880
   0.00898
   0.00878
   0.00866
   0.00858
   0.00851
   0.00846
   0.00840
   0.00817
   0.00672
   0.00507
   0.00615
   0.00517
   0.00544
   0.00519
   0.00511
   0.00501
   0.00493
   0.00486
   0.00479
   0.00472
   0.00463
   0.00457
   0.00457
   0.00458
   0.00457
   0.00456
   0.00454
   0.00450
   0.00444
   0.00439
   0.00433
   0.00426
   0.00418
   0.00411
   0.00403
   0.00395
   0.00387
   0.00379
   0.00371
   0.00363
   0.00356
   0.00348
   0.00341
   0.00334
   0.00326
   0.00319
   0.00311
   0.00304
   0.00295
   0.00280
   0.00217
   2.81037
   0.00601
   0.00486
   0.00435
   0.00405
   0.00387
   0.00381
   0.00377
   0.00374
   0.00378
   0.00383
   0.00389
   0.00387
   0.00391
   0.00386
   0.00386
   0.00378
   0.00368
   0.00358
   0.00354
   0.00344
   0.00329
   0.00315
   0.00288
   0.00262
   0.00265
   0.00692
   0.00705
   0.00285
   0.00373
   0.00445
   0.00487
   0.00511
   0.00521
   0.00525
   0.00532
   0.00545
   0.00566
   0.00543
   0.00343
   0.00251
   0.00253
   0.00252
   0.00253
   0.00253
   0.00254
   0.00255
   0.00255
   0.00257
   0.00258
   0.00259
   0.00261
   0.00264
   0.00266
   0.00269
   0.00274
   0.00278
   0.00282
   0.00280
   0.00216
   0.00156
   0.00155
   0.00151
   0.00148
   0.00145
   0.00142
   0.00139
   0.00137
   0.00134
   0.00132
   0.00129
   0.00127
   0.00124
   0.00122
   0.00120
   0.00118
   0.00115
   0.00113
   0.00111
   0.00109
   0.00107
   0.00105
   0.00103
   0.00101
   0.00099
   0.00097
   0.00095
   0.00093
   0.00091
   0.00089
   0.00088
   0.00086
   0.00084
   0.00082
   0.00081
   0.00079
   0.00077
   0.00076
   0.00074
   0.00073
   0.00071
   0.00070
   0.00068
   0.00067
   0.00065
   0.00064
   0.00062
   0.00061
   0.00060
   0.00058
   0.00057
   0.00056
   0.00055
   0.00053
   0.00052
   0.00051
   0.00050
   0.00049
   0.00048
   0.00047
   0.00046
   0.00045
   0.00043
   0.00042
   0.00041
   0.00041
   0.00040
   0.00039
   0.00038
   0.00037
   0.00036
   0.00035
   0.00034
   0.00033
   0.00033
   0.00032
   0.00031
   0.00030
   0.00030
   0.00029
   0.00028
   0.00027
   0.00027
   0.00026
   0.00025
   0.00025
   0.00024
   0.00024
   0.00023
   0.00022
   0.00022
   0.00021
   0.00021
   0.00020
   0.00020
   0.00019
   0.00019
   0.00018
   0.00018
   0.00017
   0.00017
   0.00016
   0.00016
   0.00016
   0.00015
   0.00015
   0.00015
   0.00031
   1.79601
   0.50890
   0.49090
   0.47564
   0.46474
   0.44907
   0.44145
   0.43221
   0.41506
   0.40716
   0.40015
   0.39330
   0.38653
   0.37985
   0.37341
   0.36699
   0.36074
   0.35460
   0.34858
   0.34267
   0.33689
   0.33121
   0.32565
   0.32019
   0.31484
   0.30959
   0.30445
   0.29941
   0.29446
   0.28962
   0.28487
   0.28021
   0.27564
   0.27117
   0.26677
   0.26247
   0.25824
   0.25410
   0.25003
   0.24604
   0.24212
   0.23827
   0.23450
   0.23079
   0.22715
   0.22357
   0.22005
   0.21659
   0.21320
   0.20986
   0.20658
   0.20334
   0.20015
   0.19702
   0.19394
   0.19090
   0.18791
   0.18496
   0.18206
   0.17920
   0.17638
   0.17360
   0.17086
   0.16816
   0.16549
   0.16286
   0.16026
   0.15770
   0.15517
   0.15267
   0.15020
   0.14777
   0.14537
   0.14299
   0.14065
   0.13833
   0.13605
   0.13379
   0.13156
   0.12936
   0.12718
   0.12503
   0.12290
   0.12081
   0.11872
   0.11668
   0.11466
   0.11265
   0.11068
   0.10874
   0.10681
   0.10491
   0.10303
   0.10117
   0.09934
   0.09752
   0.09574
   0.09397
   0.09224
   0.09051
   0.08882
   0.08714
   0.08548
   0.08385
   0.08224
   0.08065
   0.07908
   0.07753
   0.07601
   0.07450
   0.07302
   0.07156
   0.07012
   0.06870
   0.06730
   0.06593
   0.06456
   0.06324
   0.06191
   0.06062
   0.05935
   0.05809
   0.05686
   0.05565
   0.05446
   0.05327
   0.05212
   0.05098
   0.04986
   0.04876
   0.04768
   0.04662
   0.04558
   0.04455
   0.04355
   0.04256
   0.04159
   0.04064
   0.03971
   0.03879
   0.03789
   0.03701
   0.03614
   0.03529
   0.03446
   0.03365
   0.03285
   0.03207
   0.03129
   0.03055
   0.02981
   0.02909
   0.02839
   0.02770
   0.02703
   0.02637
   0.02573
   0.02510
   0.02448
   0.02389
   0.02330
   0.02273
   0.02217
   0.02163
   0.02110
   0.02059
   0.02009
   0.01961
   0.01914
   0.01869
   0.01825
   0.01783
   0.01743
   0.01705
   0.01668
   0.01633
   0.01602
   0.01570
   0.01546
   0.01513
   0.01513
   0.01444
   0.01597
   0.01376
   0.01932
   0.01534
   0.01314
   0.02122
   0.01480
   0.01220
   0.02233
   0.01265
   0.02702
   0.01896
   0.01860
   0.01083
   0.03683
   0.01902
   0.01227
   0.01055
   0.02137
   0.01041
   0.01912
   0.01108
   0.01452
   0.00920
   0.01322
   0.00913
   0.01199
   0.01561
   0.01022
   0.01098
   0.00916
   0.01448
   0.00820
   0.01307
   0.00841
   0.01997
   0.00883
   0.01850
   0.01382
   0.01070
   0.01440
   0.01996
   0.02641
   0.01461
   0.02068
   0.01273
   0.02112
   0.01287
   0.02111
   0.01177
   0.02125
   0.00928
   0.02222
   0.00578
   0.02093
   0.00846
   0.01951
   0.00846
   0.01514
   0.01315
   0.01284
   0.01132
   0.01041
   0.00951
   0.00873
   0.00804
   0.00713
   0.00560
   0.00456
   0.00693
   0.00542
   0.00765
   0.00429
   0.00619
   0.00715
   0.00520
   0.00739
   0.00474
   0.00711
   0.00529
   0.00705
   0.00536
   0.00684
   0.00560
   0.00661
   0.00578
   0.00636
   0.00590
   0.00613
   0.00591
   0.00593
   0.00582
   0.00577
   0.00568
   0.00560
   0.00552
   0.00543
   0.00534
   0.00524
   0.00514
   0.00505
   0.00494
   0.00484
   0.00474
   0.00463
   0.00453
   0.00443
   0.00432
   0.00422
   0.00412
   0.00402
   0.00393
   0.00383
   0.00374
   0.00365
   0.00357
   0.00348
   0.00340
   0.00333
   0.00325
   0.00318
   0.00311
   0.00305
   0.00298
   0.00292
   0.00285
   0.00279
   0.00274
   0.00268
   0.00262
   0.00257
   0.00252
   0.00247
   0.00242
   0.00237
   0.00232
   0.00227
   0.00222
   0.00218
   0.00213
   0.00209
   0.00205
   0.00201
   0.00196
   0.00192
   0.00188
   0.00185
   0.00181
   0.00177
   0.00173
   0.00170
   0.00166
   0.00163
   0.00160
   0.00156
   0.00153
   0.00150
   0.00147
   0.00144
   0.00141
   0.00138
   0.00135
   0.00132
   0.00129
   0.00127
   0.00124
   0.00121
   0.00119
   0.00116
   0.00114
   0.00112
   0.00109
   0.00107
   0.00105
   0.00102
   0.00100
   0.00098
   0.00096
   0.00094
   0.00092
   0.00090
   0.00088
   0.00086
   0.00084
   0.00082
   0.00081
   0.00079
   0.00077
   0.00075
   0.00074
   0.00072
   0.00071
   0.00069
   0.00068
   0.00066
   0.00065
   0.00063
   0.00062
   0.00060
   0.00059
   0.00058
   0.00056
   0.00055
   0.00054
   0.00053
   0.00052
   0.00050
   0.00049
   0.00048
   0.00047
   0.00046
   0.00045
   0.00044
   0.00043
   0.00042
   0.00041
   0.00040
   0.00039
   0.00038
   0.00037
   0.00037
   0.00036
   0.00035
   0.00034
   0.00033
   0.00032
   0.00032
   0.00031
   0.00030
   0.00030
   0.00029
   0.00028
   0.00028
   0.00027
   0.00026
   0.00026
   0.00025
   0.00024
   0.00024
   0.00023
   0.00023
   0.00022
   0.00022
   0.00021
   0.00021
   0.00020
   0.00020
   0.00019
   0.00019
   0.00018
   0.00018
   0.00017
   0.00017
   0.00016
   0.00016
   0.00016
   0.00015
   0.00015
   0.00015
   0.00014
   0.00014
   0.00013
   0.00013
   0.00013
   0.00013
   0.00012
   0.00012
   0.00012
   0.00011
   0.00011
   0.00011
   0.00011
   0.00010
   0.00010
   0.00010
   0.00011
   0.11620
   0.00057
   0.00026
   0.00018
   0.00019
   0.00019
   0.00019
   0.00019
   0.00019
   0.00019
   0.00019
   0.00020
   0.00020
   0.00020
   0.00020
   0.00020
   0.00020
   0.00020
   0.00020
   0.00020
   0.00020
   0.00020
   0.00021
   0.00021
   0.00021
   0.00021
   0.00021
   0.00021
   0.00021
   0.00022
   0.00022
   0.00022
   0.00022
   0.00023
   0.00023
   0.00023
   0.00023
   0.00024
   0.00024
   0.00024
   0.00024
   0.00025
   0.00025
   0.00025
   0.00026
   0.00026
