   0.60265
   0.59167
   0.61197
   0.51627
   0.50371
   0.49396
   0.50012
   0.48632
   0.47975
   0.47562
   0.47262
   0.47002
   0.47042
   0.46955
   0.47357
   0.47407
   0.48019
   0.48517
   0.48966
   0.49556
   0.50413
   0.51717
   0.51987
   0.52894
   0.55628
   0.55238
   0.54908
   0.54060
   0.52441
   0.50528
   0.48400
   0.46864
   0.46344
   0.46501
   0.47098
   0.48037
   0.45932
   0.43148
   0.39794
   0.36028
   0.32236
   0.28796
   0.25787
   0.23303
   0.21076
   0.19220
   0.17650
   0.16304
   0.15130
   0.14145
   0.13220
   0.12462
   0.11758
   0.11181
   0.10628
   0.10142
   0.09705
   0.09331
   0.09003
   0.08696
   0.08425
   0.08196
   0.07984
   0.07789
   0.07624
   0.07473
   0.07420
   0.07281
   0.07142
   0.07009
   0.06876
   0.06731
   0.06596
   0.06414
   0.06213
   0.06036
   0.05820
   0.05548
   0.05286
   0.04992
   0.04688
   0.04374
   0.04093
   0.03766
   0.03433
   0.03120
   0.02802
   0.02535
   0.02279
   0.02044
   0.01838
   0.01661
   0.01501
   0.01364
   0.01249
   0.01152
   0.01064
   0.00993
   0.00925
   0.00867
   0.00817
   0.00769
   0.00729
   0.00691
   0.00653
   0.00621
   0.00598
   0.00586
   0.00592
   0.00624
   0.00667
   0.00706
   0.00725
   0.00729
   0.00702
   0.00670
   0.00690
   0.00752
   0.00809
   0.00882
   0.01099
   0.01216
   0.01263
   0.01243
   0.01206
   0.01177
   0.01156
   0.01140
   0.01121
   0.01075
   0.00767
   0.00321
   0.00248
   0.00200
   0.00172
   0.00168
   0.00214
   0.00157
   0.00164
   0.00225
   0.00148
   0.00166
   0.00216
   0.00122
   0.00157
   0.00104
   0.00100
   0.00133
   0.00116
   0.00094
   0.00081
   0.00073
   0.00066
   0.00059
   0.00053
   0.00049
   0.00045
   0.00040
   0.00036
   0.00031
   0.00027
   0.00026
   0.00026
   0.00026
   0.00025
   0.00024
   0.00030
   0.00020
   0.00017
   0.00022
   0.00019
   0.00015
   0.00011
   0.00033
   0.00013
   0.00012
   0.00032
   0.00043
   0.00031
   0.00007
   0.00007
   0.00043
   0.00037
   0.00034
   0.00031
   0.00026
   0.00004
   0.00006
   0.00022
   0.00008
   0.00021
   0.00020
   0.00017
   0.00019
   0.00018
   0.00017
   0.00014
   0.00013
   0.00013
   0.00011
   0.00019
   0.00009
   0.00010
   0.00009
   0.00008
   0.00008
   0.00037
   0.00039
   0.00026
   0.00020
   0.00016
   0.00014
   0.00071
   0.00013
   0.00009
   0.00008
   0.00008
   0.00007
   0.00007
   0.00006
   0.00005
   0.00005
   0.50894
   0.01373
   0.02024
   0.04161
   0.00356
   0.00246
   0.00192
   0.00168
   0.00148
   0.00155
   0.00132
   0.00119
   0.00075
   0.00185
   0.00335
   0.00416
   0.00434
   0.00568
   0.00650
   0.00568
   0.00795
   0.00723
   0.00116
   0.00060
   0.00108
   0.00096
   0.00051
   0.00048
   0.00102
   0.01926
   0.00068
   0.00062
   0.00052
   0.00049
   0.00050
   0.00043
   0.00046
   0.00037
   0.00032
   0.00034
   0.00031
   0.00055
   0.00030
   0.00027
   0.00022
   0.00024
   0.00023
   0.00025
   0.00017
   0.00020
   0.00019
   0.00018
   0.00018
   0.00016
   0.00015
   0.00015
   0.00014
   0.00118
   0.00105
   0.00084
   0.00070
   0.00058
   0.00050
   0.00042
   0.00036
   0.00031
   0.00029
   0.00022
   0.00023
   0.00021
   0.00018
   0.00019
   0.00014
   0.00013
   0.01887
   0.01848
   0.02207
   0.01213
   0.00510
   0.00417
   0.00310
   0.00180
   0.00160
   0.00147
   0.00134
   0.00113
   0.00104
   0.00096
   0.00088
   0.00083
   0.00075
   0.00069
   0.00064
   0.00057
   0.00052
   0.00048
   0.00043
   0.00034
   0.00034
   0.00030
   0.00011
   0.00040
   0.00034
   0.00029
   0.00028
   0.00026
   0.00025
   0.00024
   0.00023
   0.00024
   0.00028
   0.00030
   0.00050
   0.00051
   0.00006
   0.00037
   0.00035
   0.00033
   0.00030
   0.00029
   0.00026
   0.00029
   0.00112
   0.00031
   0.00030
   0.00029
   0.00027
   0.00026
   0.00058
   0.00023
   0.00545
   0.00020
   0.00018
   0.00023
   0.00021
   0.00019
   0.00019
   0.00017
   0.00017
   0.00015
   0.00017
   0.00016
   0.00013
   0.00014
   0.00012
   0.00013
   0.00012
   0.00013
   0.00012
   0.00009
   0.00007
   0.00015
   0.00015
   0.00015
   0.00014
   0.00014
   0.00014
   0.00014
   0.00015
   0.00012
   0.00199
   0.00020
   0.00020
   0.00020
   0.00020
   0.00020
   0.00019
   0.00018
   0.00018
   0.00017
   0.00016
   0.00016
   0.00016
   0.00153
   0.00013
   0.00013
   0.00013
   0.00013
   0.00013
   0.00012
   0.00012
   0.00012
   0.00011
   0.00011
   0.00534
   0.00044
   0.00026
   0.00025
   0.00024
   0.00023
   0.00022
   0.00021
   0.00019
   0.00018
   0.00017
   0.00016
   0.00015
   0.00014
   0.00013
   0.00012
   0.00012
   0.00008
   0.00006
   0.00052
   0.00045
   0.00039
   0.00035
   0.00032
   0.00029
   0.00026
   0.00023
   0.00021
   0.00019
   0.00017
   0.00015
   0.00014
   0.00014
   0.00012
   0.02308
   0.00021
   0.00020
   0.00019
   0.00019
   0.00018
   0.00018
   0.00017
   0.00017
   0.00016
   0.00015
   0.00015
   0.00014
   0.00013
   0.00012
   0.00011
   0.00010
   0.00009
   0.00008
   0.10802
   0.00599
   0.00335
   0.00216
   0.00149
   0.00127
   0.00122
   0.00126
   0.00050
   0.00101
   0.00096
   0.00094
   0.00036
   0.00079
   0.00075
   0.00070
   0.00064
   0.00047
   0.00033
   0.00026
   0.00023
   0.00026
   0.00007
   0.00121
   0.00086
   0.00079
   0.00079
   0.00084
   0.00081
   0.00031
   0.00109
   0.00050
   0.00082
   0.00065
   0.00039
   0.00038
   0.00040
   0.00045
   0.00050
   0.00055
   0.00055
   0.00109
   0.00085
   0.00066
   0.00055
   0.00048
   0.00041
   0.00037
   0.00034
   0.00032
   0.00032
   0.00028
   0.00087
   0.00062
   0.00058
   0.00054
   0.00051
   0.00047
   0.00044
   0.00040
   0.00035
   0.00032
   0.00029
   0.00026
   0.00024
   0.00023
   0.00022
   0.00022
   0.00021
   0.00704
   0.00011
   0.00011
   0.00011
   0.00012
   0.00012
   0.00012
   0.00012
   0.00013
   0.00013
   0.00013
   0.00012
   0.00012
   0.00011
   0.00011
   0.00010
   0.00010
   0.00010
   0.00010
   0.00010
   0.00010
   0.00287
   0.00012
   0.00011
   0.00011
   0.00011
   0.00010
   0.00010
   0.00010
   0.00009
   0.00009
   0.00009
   0.00009
   0.00009
   0.00009
   0.00009
   0.00009
   0.00008
   0.00008
   0.00007
   0.00007
   0.00006
   0.00006
   0.00006
   0.00006
   0.00037
   0.00003
   0.00003
   0.00003
   0.00003
   0.00003
   0.00003
   0.00004
   0.00004
   0.00004
   0.00004
   0.00004
   0.00004
   0.00004
   0.00004
   0.00004
   0.00004
   0.00004
   0.00004
   0.00004
   0.00004
   0.00003
   0.00003
   0.00003
   0.00004
   0.00003
   0.00037
   0.00010
   0.00010
   0.00009
   0.00009
   0.00008
   0.00008
   0.00008
   0.00008
   0.00008
   0.00008
   0.00007
   0.00007
   0.00007
   0.00007
   0.00007
   0.00006
   0.00006
   0.00005
   0.00005
   0.00005
   0.00004
   0.00004
   0.00004
   0.00004
   0.00003
   0.00018
   0.00026
   0.00024
   0.00022
   0.00020
   0.00019
   0.00017
   0.00016
   0.00011
   0.00010
   0.00009
   0.00009
   0.00008
   0.00008
   0.00007
   0.00007
   0.00007
   0.00006
   0.00006
   0.00006
   0.00006
   0.00005
   0.00005
   0.00005
   0.00004
   0.00004
   0.00003
   0.00003
   0.00003
   0.00003
   0.00003
   0.00230
   0.00009
   0.00008
   0.00007
   0.00007
   0.00007
   0.00006
   0.00006
   0.00006
   0.00005
   0.00005
   0.00005
   0.00005
   0.00004
   0.00004
   0.00004
   0.00004
   0.00004
   0.00004
   0.00004
   0.00004
   0.00004
   0.00004
   0.00003
   0.00003
   0.00003
   0.00003
   0.00003
   0.00002
   0.00002
   0.00002
   0.00002
   0.00002
   0.01003
   0.02048
   0.00342
   0.00216
   0.00150
   0.00107
   0.00082
   0.00065
   0.00054
   0.00046
   0.00038
   0.00032
   0.00028
   0.00024
   0.00022
   0.00020
   0.00019
   0.00018
   0.00017
   0.00016
   0.00013
   0.00011
   0.00032
   0.00013
   0.00013
   0.00013
   0.00013
   0.00012
   0.00012
   0.00012
   0.00012
   0.00012
   0.00012
   0.00012
   0.00011
   0.00011
   0.00010
   0.00009
   0.00009
   0.00008
   0.00008
   0.00008
   0.00008
   0.00007
   0.00204
   0.00006
   0.00006
   0.00006
   0.00006
   0.00006
   0.00006
   0.00006
   0.00006
   0.00006
   0.00006
   0.00006
   0.00005
   0.00005
   0.00005
   0.00005
   0.00005
   0.00005
   0.00005
   0.00004
   0.00059
   0.00102
   0.00081
   0.00066
   0.00055
   0.00047
   0.00040
   0.00035
   0.00030
   0.00027
   0.00024
   0.00021
   0.00019
   0.00017
   0.00016
   0.00015
   0.00013
   0.00012
   0.00011
   0.00010
   0.00009
   0.00008
   0.00007
   0.00007
   0.00007
   0.00006
   0.00005
   0.00005
   0.00121
   0.00327
   0.00197
   0.00132
   0.00098
   0.00077
   0.00062
   0.00051
   0.00043
   0.00036
   0.00031
   0.00026
   0.00022
   0.00020
   0.00017
   0.00015
   0.00014
   0.00013
   0.00012
   0.00011
   0.00010
   0.00009
   0.00008
   0.00007
   0.00006
   0.00006
   0.00005
   0.00005
   0.00005
   0.00005
   0.00004
   0.00003
   0.00000
   0.00220
   0.00145
   0.00109
   0.00086
   0.00070
   0.00058
   0.00049
   0.00042
   0.00036
   0.00031
   0.00027
   0.00023
   0.00020
   0.00017
   0.00015
   0.00013
   0.00012
   0.00011
   0.00010
   0.00009
   0.00009
   0.00008
   0.00007
   0.00007
   0.00006
   0.00005
   0.00005
   0.00004
   0.00004
   0.00004
   0.00004
   0.00004
   0.00003
   0.00003
   0.03527
   0.02246
   0.01305
   0.00882
   0.01156
   0.00644
   0.00382
   0.00208
   0.00176
   0.00348
   0.00954
   0.00814
   0.00529
   0.00027
   0.00084
   0.00088
   0.00097
   0.00099
   0.00087
   0.00071
   0.00054
   0.00035
   0.00007
   0.00045
   0.00044
   0.00045
   0.00048
   0.00056
   0.00069
   0.00074
   0.00066
   0.00053
   0.00029
   0.00006
   0.00040
   0.00039
   0.00039
   0.00037
   0.00036
   0.00034
   0.00034
   0.00035
   0.00038
   0.00049
   0.00054
   0.00051
   0.00267
   0.00039
   0.00040
   0.00938
   0.00600
   0.00410
   0.00304
   0.00227
   0.00176
   0.00141
   0.00116
   0.00097
   0.00081
   0.00069
   0.00059
   0.00051
   0.00044
   0.00039
   0.00037
   0.00038
   0.00036
   0.00026
   0.00003
   0.00517
   0.00308
   0.00211
   0.00158
   0.00125
   0.00103
   0.00086
   0.00073
   0.00062
   0.00053
   0.00046
   0.00040
   0.00034
   0.00030
   0.00028
   0.00031
   0.00024
   0.00012
   0.00016
   0.00016
   0.00015
   0.00015
   0.00015
   0.00014
   0.00014
   0.00014
   0.00014
   0.00014
   0.00014
   0.00013
   0.00013
   0.00012
   0.00012
   0.00011
   0.00010
   0.00010
   0.00010
   0.00012
   0.00010
   0.00009
   0.00006
   0.00024
   0.00035
   0.00033
   0.00030
   0.00028
   0.00026
   0.00025
   0.00022
   0.00021
   0.00019
   0.00018
   0.00018
   0.00017
   0.00016
   0.00015
   0.00014
   0.00013
   0.00012
   0.00011
   0.00010
   0.00009
   0.00009
   0.00010
   0.00010
   0.00009
   0.00008
   0.00214
   0.00181
   0.00154
   0.00132
   0.00114
   0.00098
   0.00084
   0.00073
   0.00063
   0.00054
   0.00046
   0.00040
   0.00034
   0.00030
   0.00026
   0.00023
