   0.69301
   0.69230
   0.69103
   0.69033
   0.69019
   0.68972
   0.68916
   0.68860
   0.68799
   0.68758
   0.68747
   0.68706
   0.68669
   0.68641
   0.68602
   0.68572
   0.68554
   0.68525
   0.68521
   0.68466
   0.68452
   0.68427
   0.68400
   0.68378
   0.68360
   0.68555
   0.69297
   0.69123
   0.69103
   0.69157
   0.69056
   0.69134
   0.69014
   0.71162
   0.68186
   0.68827
   0.67918
   0.68326
   0.68218
   0.68072
   0.67818
   0.67595
   0.67522
   0.67361
   0.67234
   0.67129
   0.66991
   0.66839
   0.66681
   0.66526
   0.66382
   0.66249
   0.66100
   0.65965
   0.65842
   0.65723
   0.65613
   0.65511
   0.65415
   0.65336
   0.65273
   0.65235
   0.65212
   0.65213
   0.65240
   0.65721
   0.66269
   0.66690
   0.67749
   0.68289
   0.68658
   0.69098
   0.69629
   0.70151
   0.70632
   0.71009
   0.71232
   0.71337
   0.71381
   0.71366
   0.71366
   0.71348
   0.71310
   0.71263
   0.71187
   0.71064
   0.70898
   0.70692
   0.70429
   0.70153
   0.69877
   0.69558
   0.69255
   0.68908
   0.68589
   0.68219
   0.67883
   0.67527
   0.67182
   0.66824
   0.66461
   0.66101
   0.65756
   0.65401
   0.65032
   0.64675
   0.64343
   0.63991
   0.63632
   0.63314
   0.63056
   0.62621
   0.61947
   0.61905
   0.61349
   0.61053
   0.60759
   0.60420
   0.60056
   0.59708
   0.59365
   0.59031
   0.58699
   0.58380
   0.58047
   0.57710
   0.57396
   0.57075
   0.56757
   0.56427
   0.56106
   0.55787
   0.55467
   0.55156
   0.54837
   0.54523
   0.54242
   0.53941
   0.53618
   0.53326
   0.53005
   0.52702
   0.52391
   0.52080
   0.51779
   0.51474
   0.51164
   0.50859
   0.50556
   0.50255
   0.49943
   0.49636
   0.49337
   0.49024
   0.48719
   0.48414
   0.48092
   0.47790
   0.47466
   0.47169
   0.46846
   0.46543
   0.46219
   0.45909
   0.45591
   0.45269
   0.44949
   0.44620
   0.44292
   0.43958
   0.43633
   0.43298
   0.42958
   0.42623
   0.42284
   0.41937
   0.41592
   0.41236
   0.40882
   0.40524
   0.40167
   0.39802
   0.39426
   0.39052
   0.38673
   0.38293
   0.37909
   0.37516
   0.37121
   0.36725
   0.36319
   0.35918
   0.35511
   0.35099
   0.34690
   0.34280
   0.33867
   0.33456
   0.33048
   0.32643
   0.32241
   0.31847
   0.31457
   0.31076
   0.30706
   0.30345
   0.29993
   0.29651
   0.29321
   0.29002
   0.28696
   0.28400
   0.28115
   0.27839
   0.27572
   0.27315
   0.27068
   0.26828
   0.26597
   0.26373
   0.26158
   0.25950
   0.25752
   0.25563
   0.25384
   0.25214
   0.25056
   0.24909
   0.24775
   0.24652
   0.24542
   0.24443
   0.24357
   0.24279
   0.24211
   0.24150
   0.24090
   0.24029
   0.23968
   0.23899
   0.23823
   0.23734
   0.23639
   0.23527
   0.23409
   0.23264
   0.23117
   0.22954
   0.22784
   0.22603
   0.22417
   0.22224
   0.22027
   0.21824
   0.21619
   0.21408
   0.21200
   0.20994
   0.20774
   0.20554
   0.20342
   0.20124
   0.19908
   0.19690
   0.19473
   0.19253
   0.19037
   0.18829
   0.18607
   0.18387
   0.18171
   0.17959
   0.17737
   0.17522
   0.17308
   0.17095
   0.16884
   0.16676
   0.16459
   0.16245
   0.16033
   0.15822
   0.15615
   0.15404
   0.15189
   0.14980
   0.14769
   0.14564
   0.14352
   0.14147
   0.13936
   0.13737
   0.13526
   0.13320
   0.13114
   0.12941
   0.12805
   0.12684
   0.12536
   0.12341
   0.12182
   0.11992
   0.11777
   0.11569
   0.11354
   0.11153
   0.10948
   0.10731
   0.10513
   0.10297
   0.10084
   0.09871
   0.09661
   0.09452
   0.09246
   0.09043
   0.08843
   0.08644
   0.08447
   0.08255
   0.08064
   0.07876
   0.07693
   0.07511
   0.07327
   0.07150
   0.06980
   0.06812
   0.06648
   0.06488
   0.06333
   0.06182
   0.06036
   0.05895
   0.05759
   0.05627
   0.05501
   0.05379
   0.05263
   0.05152
   0.05047
   0.04947
   0.04852
   0.04763
   0.04679
   0.04600
   0.04525
   0.04458
   0.04394
   0.04335
   0.04279
   0.04227
   0.04179
   0.04135
   0.04095
   0.04056
   0.04020
   0.03986
   0.03953
   0.03922
   0.03892
   0.03865
   0.03837
   0.03809
   0.03782
   0.03755
   0.03729
   0.03703
   0.03677
   0.03650
   0.03624
   0.03595
   0.03567
   0.03537
   0.03505
   0.03474
   0.03437
   0.03398
   0.03356
   0.03312
   0.03258
   0.03200
   0.03135
   0.03063
   0.02985
   0.02905
   0.02818
   0.02726
   0.02635
   0.02549
   0.02470
   0.02398
   0.02336
   0.02281
   0.02232
   0.02189
   0.02150
   0.02113
   0.02079
   0.02047
   0.02015
   0.01984
   0.01955
   0.01926
   0.01898
   0.01870
   0.01844
   0.01818
   0.01792
   0.01767
   0.01743
   0.01719
   0.01695
   0.01672
   0.01649
   0.01627
   0.01604
   0.01583
   0.01562
   0.01541
   0.01520
   0.01500
   0.01480
   0.01460
   0.01441
   0.01422
   0.01403
   0.01384
   0.01367
   0.01348
   0.01331
   0.01313
   0.01296
   0.01279
   0.01262
   0.01246
   0.01229
   0.01213
   0.01198
   0.01182
   0.01167
   0.01151
   0.01136
   0.01121
   0.01107
   0.01092
   0.01078
   0.01062
   0.01050
   0.01034
   0.01023
   0.01006
   0.00996
   0.00978
   0.00969
   0.00951
   0.00940
   0.00925
   0.00913
   0.00897
   0.00884
   0.00870
   0.00855
   0.00842
   0.00825
   0.00811
   0.00795
   0.00780
   0.00765
   0.00749
   0.00734
   0.00720
   0.00707
   0.00693
   0.00681
   0.00669
   0.00660
   0.00648
   0.00638
   0.00627
   0.00618
   0.00609
   0.00601
   0.00593
   0.00585
   0.00577
   0.00569
   0.00564
   0.00555
   0.00549
   0.00543
   0.00537
   0.00531
   0.00526
   0.00522
   0.00518
   0.00514
   0.00511
   0.00511
   0.00508
   0.00508
   0.00508
   0.00512
   0.00515
   0.00521
   0.00529
   0.00541
   0.00553
   0.00569
   0.00589
   0.00609
   0.00627
   0.00643
   0.00659
   0.00677
   0.00696
   0.00721
   0.00754
   0.00804
   0.00907
   0.01144
   0.01553
   0.01215
   0.29308
   0.34750
   0.11746
   0.01123
   0.00689
   0.00694
   0.00685
   0.00674
   0.00661
   0.00648
   0.00632
   0.00616
   0.00599
   0.00579
   0.00554
   0.00533
   0.00512
   0.00491
   0.00471
   0.00451
   0.00435
   0.00419
   0.00406
   0.00395
   0.00386
   0.00378
   0.00374
   0.00370
   0.00367
   0.00364
   0.00362
   0.00361
   0.00359
   0.00362
   0.00363
   0.00364
   0.00365
   0.00368
   0.00369
   0.00371
   0.00374
   0.00377
   0.00380
   0.00383
   0.00386
   0.00388
   0.00392
   0.00395
   0.00398
   0.00401
   0.00404
   0.00407
   0.00410
   0.00412
   0.00413
   0.00414
   0.00414
   0.00413
   0.00412
   0.00410
   0.00408
   0.00405
   0.00401
   0.00398
   0.00394
   0.00390
   0.00386
   0.00382
   0.00378
   0.00375
   0.00371
   0.00368
   0.00364
   0.00362
   0.00360
   0.00358
   0.00356
   0.00354
   0.00353
   0.00352
   0.00352
   0.00353
   0.00354
   0.00355
   0.00359
   0.00363
   0.00371
   0.00385
   0.00418
   0.00567
   0.05388
   0.00217
   0.00227
   0.00229
   0.00226
   0.00228
   0.00228
   0.00228
   0.00229
   0.00229
   0.00230
   0.00231
   0.00232
   0.00233
   0.00234
   0.00235
   0.00236
   0.00237
   0.00238
   0.00240
   0.00241
   0.00243
   0.00245
   0.00247
   0.00250
   0.00252
   0.00255
   0.00258
   0.00261
   0.00264
   0.00267
   0.00271
   0.00274
   0.00278
   0.00281
   0.00284
   0.00287
   0.00289
   0.00290
   0.00291
   0.00292
   0.00292
   0.00291
   0.00290
   0.00288
   0.00286
   0.00285
   0.00283
   0.00281
   0.00279
   0.00277
   0.00275
   0.00273
   0.00272
   0.00270
   0.00269
   0.00269
   0.00268
   0.00268
   0.00269
   0.00270
   0.00271
   0.00274
   0.00279
   0.00287
   0.00299
   0.00328
   0.00432
   0.01927
   0.03398
   0.31404
   0.05774
   0.00138
   0.00132
   0.00132
   0.00133
   0.00134
   0.00134
   0.00134
   0.00135
   0.00135
   0.00135
   0.00136
   0.00136
   0.00136
   0.00136
   0.00136
   0.00137
   0.00137
   0.00136
   0.00136
   0.00136
   0.00136
   0.00136
   0.00135
   0.00135
   0.00134
   0.00133
   0.00133
   0.00132
   0.00131
   0.00130
   0.00130
   0.00129
   0.00128
   0.00127
   0.00126
   0.00125
   0.00125
   0.00124
   0.00123
   0.00122
   0.00122
   0.00121
   0.00121
   0.00120
   0.00120
   0.00119
   0.00119
   0.00118
   0.00118
   0.00117
   0.00117
   0.00117
   0.00116
   0.00116
   0.00116
   0.00116
   0.00115
   0.00115
   0.00115
   0.00115
   0.00114
   0.00114
   0.00114
   0.00114
   0.00114
   0.00114
   0.00114
   0.00114
   0.00113
   0.00113
   0.00113
   0.00113
   0.00113
   0.00113
   0.00113
   0.00113
   0.00113
   0.00113
   0.00113
   0.00113
   0.00113
   0.00113
   0.00113
   0.00113
   0.00113
   0.00113
   0.00113
   0.00113
   0.00113
   0.00113
   0.00113
   0.00113
   0.00113
   0.00114
   0.00114
   0.00114
   0.00115
   0.00115
   0.00116
   0.00116
   0.00117
   0.00118
   0.00119
   0.00120
   0.00121
   0.00122
   0.00123
   0.00124
   0.00126
   0.00127
   0.00129
   0.00130
   0.00132
   0.00133
   0.00134
   0.00136
   0.00136
   0.00137
   0.00138
   0.00138
   0.00138
   0.00138
   0.00138
   0.00138
   0.00138
   0.00138
   0.00137
   0.00137
   0.00137
   0.00137
   0.00137
   0.00137
   0.00137
   0.00137
   0.00137
   0.00138
   0.00139
   0.00140
   0.00141
   0.00143
   0.00147
   0.00152
   0.00160
   0.00178
   0.00237
   0.00817
   0.00954
   0.01474
   0.13067
   0.01510
   0.01292
   0.01122
   0.01008
   0.00916
   0.00846
   0.00790
   0.00745
   0.00708
   0.00675
   0.00648
   0.00623
   0.00600
   0.00581
   0.00563
   0.00548
   0.00534
   0.00522
   0.00512
   0.00502
   0.00493
   0.00485
   0.00478
   0.00471
   0.00464
   0.00458
   0.00452
   0.00446
   0.00440
   0.00434
   0.00428
   0.00422
   0.00417
   0.00411
   0.00405
   0.00399
   0.00393
   0.00387
   0.00381
   0.00374
   0.00368
   0.00362
   0.00356
   0.00350
   0.00344
   0.00338
   0.00331
   0.00325
   0.00319
   0.00314
   0.00308
   0.00303
   0.00298
   0.00293
   0.00288
   0.00284
   0.00280
   0.00276
   0.00273
   0.00270
   0.00266
   0.00263
   0.00260
   0.00256
   0.00253
   0.00250
   0.00247
   0.00244
   0.00242
   0.00240
   0.00237
   0.00235
   0.00233
   0.00230
   0.00228
   0.00226
   0.00223
   0.00221
   0.00219
   0.00217
   0.00214
   0.00211
   0.00209
   0.00206
   0.00203
   0.00199
   0.00196
   0.00193
   0.00189
   0.00186
   0.00184
   0.00181
   0.00178
   0.00175
   0.00172
   0.00169
   0.00167
   0.00164
   0.00161
   0.00159
   0.00156
   0.00154
   0.00152
   0.00150
   0.00148
   0.00147
   0.00145
   0.00144
   0.00143
   0.00143
   0.00142
   0.00142
   0.00141
   0.00141
   0.00141
   0.00141
   0.00141
   0.00141
   0.00142
   0.00142
   0.00142
   0.00142
   0.00143
   0.00143
   0.00143
   0.00144
   0.00144
   0.00144
   0.00144
   0.00144
   0.00145
   0.00144
   0.00144
   0.00144
   0.00144
   0.00143
   0.00143
   0.00142
   0.00142
   0.00142
   0.00141
   0.00141
   0.00141
   0.00140
   0.00140
   0.00139
   0.00139
   0.00139
   0.00139
   0.00139
   0.00139
   0.00140
   0.00140
   0.00141
   0.00142
   0.00144
   0.00146
   0.00148
   0.00152
   0.00157
   0.00166
   0.00183
   0.00224
   0.00405
   0.02060
   0.03400
