   0.60257
   0.60699
   0.61909
   0.60012
   0.61107
   0.62650
   0.57987
   0.55296
   0.52971
   0.52231
   0.51544
   0.51330
   0.51392
   0.51752
   0.51896
   0.52378
   0.55765
   0.54657
   0.55470
   0.56155
   0.58140
   0.58813
   0.57083
   0.58575
   0.58532
   0.57742
   0.56533
   0.55046
   0.53910
   0.53477
   0.55012
   0.57899
   0.58572
   0.58256
   0.56978
   0.54300
   0.50423
   0.45705
   0.41394
   0.37964
   0.35019
   0.32678
   0.30822
   0.29152
   0.27716
   0.26543
   0.25656
   0.24701
   0.24054
   0.23380
   0.22700
   0.22126
   0.21545
   0.21089
   0.20839
   0.20392
   0.19952
   0.19559
   0.19155
   0.18458
   0.18069
   0.17368
   0.16691
   0.15635
   0.14716
   0.13849
   0.12995
   0.12053
   0.11089
   0.10129
   0.09179
   0.08242
   0.07362
   0.06532
   0.05775
   0.05080
   0.04454
   0.03883
   0.03379
   0.02953
   0.02587
   0.02293
   0.02051
   0.01871
   0.01728
   0.01618
   0.01502
   0.01383
   0.01285
   0.01209
   0.01101
   0.01034
   0.00989
   0.00942
   0.00894
   0.00848
   0.00808
   0.00756
   0.00707
   0.00652
   0.00593
   0.00536
   0.00495
   0.00510
   0.00494
   0.00397
   0.00462
   0.00483
   0.00494
   0.00338
   0.00144
   0.00137
   0.00152
   0.00279
   0.00661
   0.00425
   0.00403
   0.00997
   0.00173
   0.00121
   0.00142
   0.00615
   0.00276
   0.00584
   0.00098
   0.00139
   0.00209
   0.00596
   0.00089
   0.00179
   0.00166
   0.00086
   0.00073
   0.00067
   0.00064
   0.00085
   0.00043
   0.00105
   0.00094
   0.00104
   0.00108
   0.00114
   0.00864
   0.00046
   0.00039
   0.01905
   0.00150
   0.00042
   0.00038
   0.01179
   0.00120
   0.00121
   0.00116
   0.00094
   0.00100
   0.00104
   0.00081
   0.00023
   0.00022
   0.00072
   0.00020
   0.00018
   0.00048
   0.00035
   0.00082
   0.00082
   0.00099
   0.00091
   0.00016
   0.00045
   0.00073
   0.00031
   0.00095
   0.00036
   0.00034
   0.00021
   0.00030
   0.00031
   0.00012
   0.00022
   0.00085
   0.00038
   0.00022
   0.00033
   0.00030
   0.00031
   0.00030
   0.00027
   0.00025
   0.00020
   0.04518
   0.02222
   0.02090
   0.01910
   0.01721
   0.01570
   0.01440
   0.01317
   0.01176
   0.00976
   0.00731
   0.00576
   0.00448
   0.00372
   0.00969
   0.04570
   0.00102
   0.02005
   0.03752
   0.00153
   0.00094
   0.02565
   0.00766
   0.00345
   0.00611
   0.00047
   0.00046
   0.00040
   0.00259
   0.00510
   0.00047
   0.00037
   0.00031
   0.00438
   0.00451
   0.00384
   0.00296
   0.03246
   0.00406
   0.00470
   0.00378
   0.00324
   0.00174
   0.03270
   0.00276
   0.00188
   0.00187
   1.58812
   0.00051
   0.00050
   0.00064
   0.00173
   0.00052
   0.00053
   0.00056
   0.00067
   0.00083
   0.00071
   0.00068
   0.00068
   0.00074
   0.00081
   0.00154
   0.00091
   0.00084
   0.00080
   0.00078
   0.00082
   0.00095
   0.00057
   0.00056
   0.00055
   0.00057
   0.00047
   0.00049
   0.00051
   0.00056
   0.00806
   0.00198
   0.00155
   0.00128
   0.00110
   0.00103
   0.00102
   0.00098
   0.01424
   0.00700
   0.00377
   0.00291
   0.00236
   0.00212
   0.00307
   0.00232
   0.00188
   0.00167
   0.00154
   0.00145
   0.00143
   0.00056
   0.00114
   0.00112
   0.00234
   0.00109
   0.00093
   0.00084
   0.00080
   0.00079
   0.00082
   0.00085
   0.00086
   0.29211
   0.03751
   0.02136
   0.01433
   0.01253
   0.00816
   0.00702
   0.00763
   0.00590
   0.00650
   0.00431
   0.00332
   0.00282
   0.00225
   0.00174
   0.00159
   0.00189
   0.00107
   0.00136
   0.00653
   0.00321
   0.00379
   0.00543
   0.00581
   0.00508
   0.00438
   0.00395
   0.00356
   0.00362
   0.00270
   0.00311
   0.00055
   0.00201
   0.00457
   0.00653
   0.00633
   0.00311
   0.00361
   0.00278
   0.00261
   0.00213
   0.00051
   0.00035
   0.00036
   0.00044
   0.00070
   0.00114
   0.00149
   0.00162
   0.00158
   0.00144
   0.00124
   0.05311
   0.00086
   0.00078
   0.00068
   0.00060
   0.00054
   0.00051
   0.00052
   0.00057
   0.00063
   0.00067
   0.00071
   0.00072
   0.00069
   0.00067
   0.00059
   0.00099
   0.00039
   0.00035
   0.00035
   0.00037
   0.00040
   0.00043
   0.00046
   0.00048
   0.00049
   0.00049
   0.00046
   0.00041
   0.00034
   0.00023
   0.20572
   0.00796
   0.00527
   0.00366
   0.00279
   0.00232
   0.00200
   0.00187
   0.00177
   0.00170
   0.00171
   0.00178
   0.00152
   0.00110
   0.00073
   0.00045
   0.00040
   0.00041
   0.00038
   0.00037
   0.00089
   0.00149
   0.00419
   0.00319
   0.00270
   0.00227
   0.00185
   0.00145
   0.00117
   0.00099
   0.00090
   0.00085
   0.00087
   0.00088
   0.00082
   0.00082
   0.00088
   0.00089
   0.00080
   0.00063
   0.00041
   0.00033
   0.00026
   0.00021
   0.00026
   0.00033
   4.79307
   0.00034
   0.00035
   0.00034
   0.00034
   0.00032
   0.00028
   0.00024
   0.00021
   0.00019
   0.00018
   0.00019
   0.00022
   0.00023
   0.00022
   0.00021
   0.00021
   0.00020
   0.00020
   0.00020
   0.00018
   0.00015
   0.00013
   0.00009
   0.00006
   0.60819
   0.00021
   0.00020
   0.00020
   0.00019
   0.00019
   0.00018
   0.00018
   0.00018
   0.00017
   0.00017
   0.00016
   0.00014
   0.00012
   0.00010
   0.00009
   0.00008
   0.00009
   0.00009
   0.00009
   0.00009
   0.00009
   0.00009
   0.00008
   0.00008
   0.00008
   0.00007
   0.00007
   0.00006
   0.00005
   0.00000
   0.01012
   0.00497
   0.00324
   0.00228
   0.00172
   0.00137
   0.00113
   0.00096
   0.00083
   0.00075
   0.00069
   0.00064
   0.00062
   0.00060
   0.00042
