   0.70453
   0.69829
   0.69720
   0.69673
   0.69576
   0.69511
   0.69458
   0.69380
   0.69316
   0.69251
   0.69189
   0.69136
   0.69049
   0.69022
   0.68989
   0.68938
   0.68896
   0.68871
   0.68840
   0.68837
   0.68806
   0.68782
   0.68798
   0.68774
   0.68760
   0.68768
   0.68753
   0.68769
   0.68764
   0.68763
   0.68782
   0.68776
   0.68792
   0.68781
   0.68786
   0.68765
   0.68747
   0.68706
   0.68664
   0.68605
   0.68524
   0.68444
   0.68366
   0.68249
   0.68171
   0.68092
   0.68009
   0.67973
   0.67930
   0.67947
   0.67994
   0.68091
   0.68276
   0.68495
   0.68823
   0.69250
   0.69826
   0.70475
   0.71068
   0.71700
   0.72141
   0.72527
   0.72745
   0.72793
   0.72634
   0.72411
   0.71949
   0.71453
   0.70758
   0.69999
   0.69078
   0.68122
   0.67066
   0.65955
   0.64849
   0.63692
   0.62535
   0.61361
   0.60214
   0.59086
   0.58013
   0.57013
   0.56074
   0.55228
   0.54466
   0.53811
   0.53204
   0.52662
   0.52147
   0.51668
   0.51167
   0.50663
   0.50157
   0.49622
   0.49082
   0.48532
   0.47977
   0.47423
   0.46869
   0.46302
   0.45762
   0.45225
   0.44698
   0.44188
   0.43688
   0.43219
   0.42764
   0.42336
   0.41939
   0.41561
   0.41210
   0.40867
   0.40529
   0.40178
   0.39811
   0.39418
   0.38992
   0.38549
   0.38070
   0.37581
   0.37081
   0.36589
   0.36108
   0.35624
   0.35181
   0.34736
   0.34301
   0.33840
   0.33423
   0.32983
   0.32574
   0.32144
   0.31711
   0.31336
   0.30939
   0.30539
   0.30142
   0.29711
   0.29356
   0.28937
   0.28536
   0.28199
   0.27772
   0.27400
   0.27068
   0.26633
   0.26278
   0.25967
   0.25550
   0.25194
   0.24838
   0.24544
   0.24132
   0.23851
   0.23444
   0.23169
   0.22752
   0.22436
   0.22088
   0.21766
   0.21450
   0.21205
   0.20804
   0.20488
   0.20185
   0.19934
   0.19629
   0.19280
   0.18978
   0.18730
   0.18416
   0.18088
   0.17829
   0.17541
   0.17216
   0.16968
   0.16648
   0.16370
   0.16125
   0.15810
   0.15541
   0.15267
   0.15000
   0.14732
   0.14468
   0.14204
   0.13988
   0.13696
   0.13447
   0.13194
   0.12949
   0.12692
   0.12462
   0.12215
   0.11990
   0.11770
   0.11541
   0.11312
   0.11088
   0.10870
   0.10658
   0.10448
   0.10237
   0.10037
   0.09828
   0.09634
   0.09442
   0.09240
   0.09055
   0.08871
   0.08697
   0.08512
   0.08344
   0.08174
   0.08007
   0.07846
   0.07687
   0.07538
   0.07389
   0.07312
   0.07185
   0.07049
   0.06904
   0.06771
   0.06644
   0.06519
   0.06389
   0.06270
   0.06148
   0.06036
   0.05928
   0.05828
   0.05712
   0.05621
   0.05511
   0.05455
   0.05345
   0.05272
   0.05160
   0.05099
   0.05046
   0.04973
   0.04945
   0.04886
   0.04859
   0.04826
   0.04805
   0.04785
   0.04781
   0.04794
   0.04815
   0.04857
   0.04888
   0.04924
   0.04954
   0.04994
   0.05015
   0.05045
   0.05057
   0.05102
   0.05105
   0.05135
   0.05132
   0.05175
   0.05168
   0.05199
   0.05188
   0.05275
   0.05218
   0.05267
   0.05247
   0.05249
   0.05219
   0.05208
   0.05171
   0.05080
   0.05346
   0.04826
   0.05296
   0.04632
   0.05269
   0.04249
   0.04981
   0.03727
   0.04832
   0.02459
   0.04616
   0.01648
   0.04305
   0.01469
   0.03979
   0.01325
   0.03534
   0.01213
   0.03148
   0.01117
   0.02644
   0.02329
   0.02686
   0.02246
   0.02498
   0.02222
   0.02550
   0.02320
   0.02154
   0.01331
   0.00850
   0.00915
   0.00913
   0.00876
   0.00857
   0.00818
   0.00800
   0.00768
   0.00754
   0.00734
   0.00717
   0.00700
   0.00683
   0.00670
   0.00656
   0.00644
   0.00631
   0.00620
   0.00608
   0.00597
   0.00587
   0.00576
   0.00566
   0.00556
   0.00546
   0.00537
   0.00527
   0.00517
   0.00508
   0.00499
   0.00489
   0.00481
   0.00472
   0.00459
   0.00454
   0.00437
   0.00435
   0.00426
   0.00417
   0.00407
   0.00400
   0.00390
   0.00383
   0.00373
   0.00366
   0.00358
   0.00348
   0.00343
   0.00333
   0.00326
   0.00317
   0.00309
   0.00302
   0.00294
   0.00287
   0.00279
   0.00272
   0.00263
   0.00258
   0.00250
   0.00247
   0.00235
   0.00231
   0.00224
   0.00219
   0.00212
   0.00207
   0.00204
   0.00194
   0.00192
   0.00182
   0.00182
   0.00172
   0.00172
   0.00163
   0.00161
   0.00154
   0.00152
   0.00146
   0.00143
   0.00137
   0.00134
   0.00130
   0.00126
   0.00122
   0.00119
   0.00115
   0.00112
   0.00109
   0.00106
   0.00102
   0.00099
   0.00096
   0.00093
   0.00091
   0.00088
   0.00085
   0.00083
   0.00080
   0.00078
   0.00075
   0.00074
   0.00071
   0.00069
   0.00067
   0.00065
   0.00063
   0.00061
   0.00059
   0.00058
   0.00056
   0.00055
   0.00053
   0.00051
   0.00050
   0.00048
   0.00047
   0.00046
   0.00044
   0.00043
   0.00042
   0.00041
   0.00039
   0.00038
   0.00037
   0.00036
   0.00035
   0.00034
   0.00033
   0.00032
   0.00031
   0.00030
   0.00030
   0.00029
   0.00028
   0.00027
   0.00026
   0.00026
   0.00025
   0.00024
   0.00024
   0.00023
   0.00022
   0.00022
   0.00021
   0.00021
   0.00020
   0.00019
   0.00019
   0.00018
   0.00018
   0.00017
   0.00017
   0.00016
   0.00016
   0.00016
   0.00015
   0.00015
   0.00014
   0.00014
   0.00014
   0.00013
   0.00013
   0.00013
   0.00012
   0.00012
   0.00012
   0.00011
   0.00011
   0.00011
   0.00011
   0.44922
   0.07789
   0.03301
   0.02448
   0.02271
   0.02162
   0.02043
   0.01960
   0.01902
   0.01840
   0.01791
   0.01744
   0.01695
   0.01648
   0.01598
   0.01548
   0.01501
   0.01460
   0.01422
   0.01388
   0.01354
   0.01324
   0.01296
   0.01268
   0.01241
   0.01215
   0.01169
   0.01139
   0.01118
   0.01098
   0.01076
   0.01055
   0.01034
   0.01014
   0.00994
   0.00974
   0.00954
   0.00936
   0.00918
   0.00901
   0.00884
   0.00867
   0.00850
   0.00835
   0.00819
   0.00803
   0.00788
   0.00773
   0.00759
   0.00745
   0.00731
   0.00717
   0.00704
   0.00691
   0.00678
   0.00666
   0.00653
   0.00641
   0.00629
   0.00618
   0.00607
   0.00596
   0.00585
   0.00574
   0.00564
   0.00553
   0.00543
   0.00533
   0.00523
   0.00514
   0.00504
   0.00495
   0.00486
   0.00477
   0.00469
   0.00460
   0.00452
   0.00444
   0.00435
   0.00428
   0.00420
   0.00412
   0.00405
   0.00397
   0.00390
   0.00383
   0.00376
   0.00369
   0.00362
   0.00355
   0.00349
   0.00342
   0.00336
   0.00330
   0.00323
   0.00318
   0.00311
   0.00306
   0.00300
   0.00294
   0.00288
   0.00283
   0.00277
   0.00272
   0.00267
   0.00261
   0.00256
   0.00251
   0.00246
   0.00241
   0.00236
   0.00232
   0.00227
   0.00222
   0.00218
   0.00213
   0.00209
   0.00205
   0.00201
   0.00196
   0.00192
   0.00188
   0.00185
   0.00181
   0.00177
   0.00173
   0.00170
   0.00166
   0.00163
   0.00159
   0.00156
   0.00152
   0.00149
   0.00146
   0.00143
   0.00140
   0.00137
   0.00134
   0.00131
   0.00128
   0.00126
   0.00123
   0.00120
   0.00118
   0.00115
   0.00113
   0.00110
   0.00108
   0.00106
   0.00103
   0.00101
   0.00099
   0.00097
   0.00095
   0.00093
   0.00091
   0.00089
   0.00087
   0.00085
   0.00083
   0.00081
   0.00079
   0.00077
   0.00076
   0.00074
   0.00072
   0.00071
   0.00069
   0.00067
   0.00066
   0.00064
   0.00063
   0.00061
   0.00060
   0.00058
   0.00057
   0.00056
   0.00054
   0.00053
   0.00052
   0.00050
   0.00049
   0.00048
   0.00047
   0.00046
   0.00045
   0.00043
   0.00042
   0.00041
   0.00040
   0.00039
   0.00038
   0.00038
   0.00037
   0.00036
   0.00035
   0.00034
   0.00033
   0.00032
   0.00032
   0.00031
   0.00030
   0.00029
   0.00029
   0.00028
   0.00027
   0.00027
   0.00026
   0.00025
   0.00025
   0.00024
   0.00024
   0.00023
   0.00023
   0.00022
   0.00022
   0.00021
   0.00021
   0.00020
   0.00020
   0.00019
   0.00019
   0.00019
   0.00018
   0.00018
   0.00018
   0.00017
   0.00018
   0.00018
   0.00018
   0.00017
   0.00018
   0.00017
   0.00016
   0.00016
   4.86663
   0.10419
   0.08880
   0.07760
   0.03613
   0.03349
   0.02574
   0.03024
   0.01759
   0.01418
   0.01396
   0.01296
   0.01292
   0.01411
   0.01227
   0.02160
   0.01171
   0.03159
   0.01109
   0.03550
   0.01070
   0.04039
   0.01124
   0.04213
   0.01434
   0.04046
   0.02190
   0.04078
   0.03277
   0.04695
   0.04522
   0.05848
   0.05882
   0.06961
   0.07141
   0.04709
   0.00870
   0.00921
   0.00948
   0.00941
   0.00929
   0.00908
   0.00872
   0.00837
   0.00803
   0.00780
   0.00767
   0.00760
   0.00756
   0.00748
   0.00741
   0.00731
   0.00725
   0.00742
   0.00966
   0.03331
   0.00695
   0.02893
   0.00704
   0.02130
   0.00911
   0.01724
   0.01252
   0.01656
   0.01624
   0.01805
   0.01938
   0.02112
   0.02284
   0.02480
   0.02691
   0.02907
   0.03175
   0.03423
   0.03688
   0.04018
   0.04284
   0.04649
   0.04947
   0.05259
   0.05475
   0.05543
   0.05356
   0.04944
   0.04453
   0.03987
   0.03606
   0.03174
   0.02708
   0.01416
   0.00528
   0.00460
   0.00464
   0.00465
   0.00467
   0.00471
   0.00474
   0.00479
   0.00484
   0.00487
   0.00487
   0.00479
   0.00461
   0.00440
   0.00422
   0.00409
   0.00403
   0.00402
   0.00401
   0.00403
   0.00400
   0.00396
   0.00389
   0.00381
   0.00955
   0.00379
   0.01171
   0.01208
   0.01219
   0.01244
   0.01268
   0.01290
   0.01311
   0.01336
   0.01357
   0.01379
   0.01401
   0.01423
   0.01449
   0.01472
   0.01500
   0.01527
   0.01552
   0.01584
   0.01620
   0.01653
   0.01693
   0.01738
   0.01787
   0.01842
   0.01906
   0.01972
   0.02049
   0.02140
   0.02227
   0.02335
   0.02451
   0.02576
   0.02700
   0.02813
   0.02905
   0.02973
   0.03014
   0.03022
   0.03003
   0.02958
   0.02899
   0.02828
   0.02750
   0.02665
   0.02576
   0.02483
   0.02388
   0.02301
   0.02226
   0.02163
   0.02103
   0.02049
   0.01995
   0.01945
   0.01888
   0.01824
   0.01749
   0.01663
   0.01559
   0.01464
   0.01376
   0.01272
   0.01077
   0.00862
   0.00342
   0.00159
   0.00159
   0.00158
   0.00157
   0.00157
   0.00156
   0.00155
   0.00155
   0.00154
   0.00153
   0.00153
   0.00152
   0.00151
   0.00150
   0.00150
   0.00149
   0.00148
   0.00147
   0.00147
   0.00147
   0.00148
   0.00150
   0.00152
   0.00151
   0.00146
   0.00141
   0.00140
   0.00141
   0.00144
   0.00150
   0.00153
   0.00163
   0.00157
   0.00182
   0.00148
   0.00134
   0.00709
   0.00845
   0.00788
   0.00805
   0.00797
   0.00796
   0.00792
   0.00786
   0.00781
   0.00777
   0.00772
   0.00767
   0.00761
   0.00757
   0.00753
   0.00748
   0.00745
   0.00741
   0.00737
   0.00732
   0.00729
   0.00726
   0.00723
   0.00719
   0.00715
   0.00713
   0.00711
   0.00708
   0.00706
   0.00705
   0.00702
   0.00701
   0.00700
   0.00700
   0.00702
   0.00704
   0.00708
   0.00712
   0.00718
   0.00726
   0.00737
   0.00753
   0.00771
   0.00793
   0.00813
   0.00823
   0.00823
   0.00817
   0.00813
   0.00810
   0.00810
   0.00816
   0.00829
   0.00856
   0.00913
   0.00978
   0.00839
   0.00821
   0.00821
   0.00862
   0.01070
   0.01593
   0.00413
   0.02230
   0.00403
   0.00048
   0.00071
   0.00077
   0.00074
   0.00072
   0.00071
