   0.74402
   0.75472
   0.75238
   0.74949
   0.74592
   0.74230
   0.73821
   0.73428
   0.73083
   0.72725
   0.72449
   0.72245
   0.72015
   0.71818
   0.71633
   0.71487
   0.71338
   0.75466
   0.73221
   0.72464
   0.71607
   0.71184
   0.70903
   0.70720
   0.70594
   0.70478
   0.70431
   0.70397
   0.70397
   0.70402
   0.70453
   0.70521
   0.70618
   0.70742
   0.70888
   0.71072
   0.71269
   0.71504
   0.71750
   0.71994
   0.72269
   0.72554
   0.72809
   0.73025
   0.73232
   0.73368
   0.73763
   0.73586
   0.73145
   0.72722
   0.72271
   0.71629
   0.70997
   0.70189
   0.69298
   0.68318
   0.67373
   0.66371
   0.65343
   0.64364
   0.63443
   0.62608
   0.61852
   0.61201
   0.60582
   0.59966
   0.59119
   0.58484
   0.57704
   0.56878
   0.56015
   0.55163
   0.54344
   0.53591
   0.52925
   0.52340
   0.51795
   0.51232
   0.50613
   0.49944
   0.49260
   0.48580
   0.47915
   0.47268
   0.46633
   0.46015
   0.45408
   0.44804
   0.44210
   0.43628
   0.43057
   0.42502
   0.41968
   0.41433
   0.40907
   0.40433
   0.39887
   0.39391
   0.38915
   0.38439
   0.37969
   0.37501
   0.37046
   0.36608
   0.36168
   0.35730
   0.35294
   0.34908
   0.34471
   0.34066
   0.33696
   0.33259
   0.32903
   0.32482
   0.32109
   0.31670
   0.31371
   0.30871
   0.30467
   0.30072
   0.29616
   0.29227
   0.28842
   0.28325
   0.27888
   0.27445
   0.26956
   0.26517
   0.26018
   0.25529
   0.25137
   0.24659
   0.24251
   0.23800
   0.23389
   0.22995
   0.22649
   0.22273
   0.21932
   0.21548
   0.21254
   0.20912
   0.20637
   0.20317
   0.20064
   0.19764
   0.19513
   0.19250
   0.19040
   0.18762
   0.18562
   0.18303
   0.18103
   0.17844
   0.17661
   0.17442
   0.17236
   0.17011
   0.16814
   0.16601
   0.16384
   0.16183
   0.15977
   0.15769
   0.15558
   0.15281
   0.15138
   0.14864
   0.14650
   0.14437
   0.14228
   0.14020
   0.13807
   0.13590
   0.13379
   0.13179
   0.12962
   0.12750
   0.12540
   0.12324
   0.12111
   0.11892
   0.11684
   0.11477
   0.11261
   0.11057
   0.10851
   0.10648
   0.10442
   0.10236
   0.10048
   0.09844
   0.09651
   0.09458
   0.09275
   0.09083
   0.08911
   0.08714
   0.08537
   0.08365
   0.08183
   0.08014
   0.07846
   0.07668
   0.07489
   0.07335
   0.07162
   0.07002
   0.06831
   0.06678
   0.06564
   0.06380
   0.06254
   0.06065
   0.05909
   0.05769
   0.05635
   0.05500
   0.05379
   0.05243
   0.05099
   0.04950
   0.04818
   0.04678
   0.04536
   0.04408
   0.04272
   0.04129
   0.04007
   0.03875
   0.03739
   0.03620
   0.03495
   0.03368
   0.03253
   0.03136
   0.03019
   0.02926
   0.02795
   0.02701
   0.02598
   0.02490
   0.02405
   0.02286
   0.02180
   0.02045
   0.01932
   0.01783
   0.01358
   0.07958
   0.01294
   0.06660
   0.07346
   0.07050
   0.06917
   0.06833
   0.06762
   0.06693
   0.06638
   0.06577
   0.06527
   0.06454
   0.06397
   0.06341
   0.06286
   0.06234
   0.06183
   0.06130
   0.06084
   0.06042
   0.06002
   0.05961
   0.05921
   0.05886
   0.05856
   0.05819
   0.05784
   0.05751
   0.05704
   0.05652
   0.05558
   0.05396
   0.05141
   0.04827
   0.04496
   0.04188
   0.04057
   0.00557
   0.00781
   0.00620
   0.00796
   0.00585
   0.00817
   0.00584
   0.00783
   0.00648
   0.00671
   0.00607
   0.00522
   0.00451
   0.00443
   0.00435
   0.00431
   0.00426
   0.00421
   0.00417
   0.00414
   0.00410
   0.00407
   0.00402
   0.00398
   0.00394
   0.00391
   0.00389
   0.00387
   0.00388
   0.00391
   0.00399
   0.00429
   0.00479
   0.02581
   0.62155
   0.26374
   0.17527
   0.08065
   0.03807
   0.02449
   0.02173
   0.02046
   0.01947
   0.01868
   0.01807
   0.01754
   0.01707
   0.01662
   0.01620
   0.01580
   0.01541
   0.01505
   0.01470
   0.01436
   0.01409
   0.01377
   0.01346
   0.01315
   0.01285
   0.01254
   0.01223
   0.01193
   0.01164
   0.01137
   0.01110
   0.01086
   0.01063
   0.01041
   0.01021
   0.01002
   0.00985
   0.00969
   0.00953
   0.00939
   0.00926
   0.00914
   0.00902
   0.00891
   0.00880
   0.00868
   0.00853
   0.00836
   0.00817
   0.00796
   0.00774
   0.00752
   0.00729
   0.00707
   0.00685
   0.00665
   0.00641
   0.00622
   0.00600
   0.00582
   0.00563
   0.00545
   0.00527
   0.00510
   0.00493
   0.00477
   0.00461
   0.00445
   0.00430
   0.00415
   0.00401
   0.00387
   0.00374
   0.00361
   0.00349
   0.00337
   0.00326
   0.00315
   0.00304
   0.00294
   0.00284
   0.00275
   0.00265
   0.00256
   0.00248
   0.00240
   0.00231
   0.00224
   0.00216
   0.00209
   0.00202
   0.00196
   0.00189
   0.00183
   0.00177
   0.00171
   0.00166
   0.00160
   0.00155
   0.00149
   0.00144
   0.00139
   0.00135
   0.00130
   0.00126
   0.00122
   0.00118
   0.00114
   0.00110
   0.00107
   0.00103
   0.00100
   0.00096
   0.00093
   0.00090
   0.00087
   0.00084
   0.00081
   0.00078
   0.00076
   0.00073
   0.00071
   0.00068
   0.00066
   0.00063
   0.00061
   0.00059
   0.00057
   0.00055
   0.00053
   0.00051
   0.00050
   0.00048
   0.00046
   0.00045
   0.00043
   0.00042
   0.00041
   0.00039
   0.00038
   0.00037
   4.80549
   0.00202
   0.00060
   0.00057
   0.00055
   0.00053
   0.00051
   0.00050
   0.00048
   0.00047
   0.00045
   0.00044
   0.00042
   0.00041
   0.00040
   0.00039
   0.00038
   0.00037
   0.00037
   0.00037
   0.00037
   0.00037
   0.00036
   0.00037
   0.00037
   0.00037
   0.00037
   0.00038
   0.00038
   0.00039
   0.00039
   0.00040
   0.00040
   0.00041
   0.00041
   0.00042
   0.00043
   0.00044
