   0.70742
   0.70646
   0.70744
   0.70456
   0.72389
   0.73910
   0.73786
   0.73689
   0.72433
   0.73534
   0.73552
   0.73384
   0.73533
   0.73250
   0.73376
   0.73495
   0.73796
   0.74064
   0.74062
   0.74284
   0.73737
   0.74372
   0.74367
   0.74390
   0.74452
   0.74506
   0.74543
   0.74336
   0.71707
   0.72175
   0.72370
   0.72470
   0.72493
   0.72524
   0.72583
   0.72650
   0.72745
   0.72871
   0.73019
   0.73206
   0.73412
   0.73676
   0.73994
   0.74373
   0.74801
   0.75292
   0.75799
   0.76303
   0.76803
   0.77274
   0.77761
   0.78296
   0.78832
   0.79387
   0.79973
   0.80671
   0.81395
   0.82209
   0.82999
   0.83830
   0.84753
   0.85661
   0.86539
   0.87449
   0.88339
   0.89243
   0.90126
   0.91049
   0.91898
   0.92753
   0.93616
   0.94509
   0.95451
   0.96388
   0.97201
   0.98066
   0.98896
   0.99791
   1.00623
   1.01593
   1.02455
   1.03517
   1.04453
   1.05359
   1.06389
   1.07374
   1.08353
   1.09338
   1.10313
   1.11359
   1.12484
   1.13661
   1.14830
   1.16034
   1.17324
   1.18618
   1.19804
   1.21113
   1.22475
   1.23834
   1.25188
   1.26556
   1.27834
   1.29009
   1.30002
   1.31126
   1.31902
   1.32613
   1.32983
   1.33119
   1.33026
   1.32692
   1.31963
   1.30815
   1.29374
   1.27594
   1.25337
   1.23020
   1.20312
   1.17529
   1.14333
   1.11676
   1.08615
   1.05668
   1.02444
   0.99159
   0.96283
   0.93808
   0.90794
   0.88375
   0.85767
   0.83677
   0.81579
   0.79799
   0.78200
   0.77048
   0.75634
   0.74314
   0.73393
   0.71179
   0.69071
   0.66223
   0.62333
   0.58201
   0.54365
   0.49042
   0.43806
   0.39780
   0.35966
   0.32070
   0.37177
   0.30079
   0.25014
   0.21291
   0.21057
   0.38635
   1.05969
   1.26686
   1.27799
   1.23799
   1.18309
   1.14997
   1.12607
   1.10517
   1.07972
   1.05848
   1.06002
   1.12390
   1.09981
   0.99692
   0.95656
   0.88864
   0.86529
   0.83689
   0.77960
   0.06689
   0.01755
   0.56784
   0.43539
   0.42818
   0.22559
   0.27075
   0.00751
   0.00649
   0.00321
   0.00276
   0.31310
   0.00436
   0.00738
   0.00537
   0.04152
   0.00374
   0.00275
   0.00222
   0.00260
   0.00229
   0.00213
   0.00477
   0.00201
   0.00214
   0.00335
   0.00268
   0.00498
   0.01462
   0.00250
   0.01925
   0.00119
   0.05531
   0.03668
   0.04392
   0.01765
   0.05195
   0.04107
   0.03160
   0.00702
   0.06345
   0.00816
   0.00667
   0.00536
   0.06843
   0.05330
   0.00590
   0.00279
   0.01368
   0.00214
   0.00353
   0.00267
   0.01121
   0.00235
   0.03514
   0.00731
   0.00290
   0.00298
   0.00171
   0.00316
   0.00254
   0.05411
   0.00132
   0.00099
   0.00094
   0.00090
   0.00084
   0.00082
   0.00282
   0.00080
   0.00083
   0.00104
   0.00071
   0.00067
   0.00069
   0.00090
   0.00638
   0.00063
   0.00430
   0.00052
   0.06756
   0.09462
   0.02271
   0.28590
   0.02469
   0.32774
   0.29794
   0.01894
   0.29414
   0.39178
   0.02303
   0.27801
   0.01392
   0.01596
   0.01966
   0.01477
   0.01195
   0.09174
   0.01547
   0.03843
   0.01012
   0.40965
   0.35203
   0.03087
   0.02736
   0.03143
   0.02818
   0.02656
   0.03137
   0.03068
   0.01862
   0.20778
   0.00585
   0.02663
   0.04882
   0.04444
   0.09625
   0.03022
   0.01474
   0.00887
   0.00560
   0.03296
   0.02509
   0.05896
   0.01372
   0.03842
   0.01128
   0.02884
   0.01286
   0.00837
   0.01363
   0.00639
   0.02140
   0.01243
   0.01871
   0.31233
   0.00661
   1.01143
   0.00846
   0.00991
   0.00583
   0.00269
   0.00612
   0.00982
   0.02203
   0.01417
   0.00873
   0.00744
   0.01328
   0.01385
   0.01659
   0.00661
   0.00363
   0.01724
   0.00359
   0.84689
   0.00578
   0.00474
   0.00630
   0.00364
   0.00688
   0.00702
   0.00160
   0.00178
   0.00249
   0.00321
   0.02270
   0.00569
   0.00819
   0.00488
   0.00328
   0.00241
   0.00190
   0.00707
   0.01190
   0.00216
   0.00212
   0.00112
   0.00215
   0.00893
   0.00800
   0.47276
   0.25235
   0.19373
   0.15688
   0.13207
   0.11056
   0.09435
   0.08027
   0.06814
   0.05802
   0.04920
   0.04173
   0.03551
   0.03014
   0.02481
   0.02030
   0.01716
   0.01376
   0.01190
   0.01161
   0.01178
   0.01209
   0.01172
   0.01126
   0.01318
   0.00608
   0.01152
   0.00545
   0.02858
   0.03451
   0.01210
   0.05775
   0.03172
   0.05505
   0.04169
   0.05219
   0.02422
   0.04680
   0.03137
   0.00561
   0.05903
   0.00792
   0.00540
   0.01259
   0.01189
   0.00890
   0.00139
   0.01151
   0.01518
   0.00839
   0.01345
   0.01024
   0.01074
   0.00979
   0.00867
   0.00935
   0.00883
   0.00377
   0.00737
   0.00410
   0.00151
   0.00122
   0.00159
   0.00204
   0.00090
   0.00243
   0.00073
   0.00065
   0.00336
   0.01284
   0.00061
   0.00061
   0.00063
   0.00082
   0.00059
   0.00055
   0.00052
   0.00051
   0.00060
   0.00048
   0.00097
   0.00054
   0.00051
   0.00052
   0.00051
   0.00050
   0.00048
   0.00130
   0.00045
   0.00045
   0.00045
   0.00050
   0.00044
   0.00042
   0.00042
   0.00039
   0.00040
   0.00039
   0.00039
   0.00051
   0.00058
   0.00038
   0.00040
   0.00037
   0.00038
   0.01215
   0.00039
   0.00039
   0.00039
   0.00037
   0.00037
   0.00037
   0.00039
   0.00038
   0.00038
   0.00039
   0.00037
   0.00036
   0.00384
   0.00037
   0.00037
   0.00044
   0.00036
   0.00036
   0.00035
   0.00035
   0.00034
   0.00034
   0.00035
   0.00035
   0.00034
   0.00034
   0.00033
   3.43483
   1.23581
   0.71766
   0.69668
   0.70868
   0.71393
   0.71556
   0.71602
   0.71615
   0.71620
   0.71622
