   0.69600
   0.72795
   0.75655
   0.77218
   0.77824
   0.77501
   0.78516
   0.78999
   0.79185
   0.79133
   0.79129
   0.78971
   0.79006
   0.78729
   0.78507
   0.77438
   0.75762
   0.78025
   0.78812
   0.77292
   0.76407
   0.78211
   0.74662
   0.75624
   0.76200
   0.76722
   0.76533
   0.76011
   0.76077
   0.75018
   0.75126
   0.74818
   0.74326
   0.68835
   0.69914
   0.69213
   0.68955
   0.68583
   0.68218
   0.67681
   0.67085
   0.66786
   0.66100
   0.65651
   0.62558
   0.63683
   0.61359
   0.60910
   0.60857
   0.60090
   0.59593
   0.58926
   0.58323
   0.57691
   0.57167
   0.56567
   0.55922
   0.55257
   0.54527
   0.53765
   0.53040
   0.52351
   0.51722
   0.51185
   0.50732
   0.50305
   0.49922
   0.49617
   0.49064
   0.48407
   0.47624
   0.46708
   0.45727
   0.44868
   0.43719
   0.42856
   0.41978
   0.41321
   0.40436
   0.39827
   0.39139
   0.38442
   0.37825
   0.37202
   0.36591
   0.35955
   0.35416
   0.34675
   0.34213
   0.33794
   0.33269
   0.32823
   0.32348
   0.31921
   0.31499
   0.31072
   0.30646
   0.30167
   0.29831
   0.29512
   0.29134
   0.28800
   0.28487
   0.28065
   0.27812
   0.27513
   0.27214
   0.26834
   0.26556
   0.26245
   0.25857
   0.25614
   0.25306
   0.25002
   0.24649
   0.24324
   0.24033
   0.23547
   0.23336
   0.22996
   0.22657
   0.22318
   0.21903
   0.21591
   0.21144
   0.20844
   0.20460
   0.20051
   0.19683
   0.19305
   0.18876
   0.18518
   0.18149
   0.17833
   0.17419
   0.16998
   0.16715
   0.16364
   0.15920
   0.15668
   0.15301
   0.15166
   0.14806
   0.14527
   0.14164
   0.14027
   0.13850
   0.13577
   0.13233
   0.13166
   0.13124
   0.12921
   0.13062
   0.12889
   0.12859
   0.12772
   0.12999
   0.13029
   0.13293
   0.13575
   0.13791
   0.14018
   0.14171
   0.14586
   0.15112
   0.15446
   0.16172
   0.15939
   0.16837
   0.16816
   0.17013
   0.16710
   0.15136
   0.13479
   0.11274
   0.09856
   0.07022
   0.06412
   0.05287
   0.04852
   0.04501
   0.04229
   0.04181
   0.03793
   0.03643
   0.03523
   0.03351
   0.03192
   0.02928
   0.03016
   0.02639
   0.02774
   0.02388
   0.02428
   0.02461
   0.02113
   0.03210
   0.01944
   0.02278
   0.02026
   0.01856
   0.01771
   0.01666
   0.01503
   0.01341
   0.01700
   0.01349
   0.06239
   0.01404
   0.07818
   0.02618
   0.07016
   0.01062
   0.01860
   0.01125
   0.01012
   0.01836
   0.01665
   0.01702
   0.01514
   0.01556
   0.01462
   0.01498
   0.01338
   0.01335
   0.01306
   0.01223
   0.01154
   0.01107
   0.01050
   0.00975
   0.00934
   0.00875
   0.00808
   0.00768
   0.00724
   0.00692
   0.00667
   0.00641
   0.00618
   0.00573
   0.00604
   0.00791
   0.00615
   0.00492
   0.00478
   0.00464
   0.00450
   0.00437
   0.00424
   0.00412
   0.00398
   0.00387
   0.00376
   0.00357
   0.01110
   0.00790
   0.00518
   0.01539
   0.19610
   0.10747
   0.10695
   0.00337
   0.00573
   0.00618
   0.00612
   0.00590
   0.00564
   0.00535
   0.00507
   0.00479
   0.00451
   0.00425
   0.00399
   0.00374
   0.00350
   0.00329
   0.00310
   0.00292
   0.00279
   0.00271
   0.00263
   0.00260
   0.00258
   0.00256
   0.00252
   0.00250
   0.00247
   0.00244
   0.00241
   0.00239
   0.00236
   0.00234
   0.00232
   0.00229
   0.00230
   0.00229
   0.00787
   0.00245
   0.28540
   0.02766
   0.00626
   0.00385
   0.00460
   0.00426
   0.00483
   0.00442
   0.00482
   0.00457
   0.00479
   0.00458
   0.00465
   0.00453
   0.00452
   0.00442
   0.00435
   0.00427
   0.00418
   0.00405
   0.00355
   0.00540
   0.00232
   0.00316
   0.00276
   0.00768
   0.00372
   0.00416
   0.00266
   0.00620
   0.00465
   0.00404
   0.00200
   0.00183
   0.00187
   0.00175
   0.00173
   0.00170
   0.00169
   0.00170
   0.00182
   0.00226
   0.00172
   0.00163
   0.00157
   0.00151
   0.00151
   0.00172
   0.00144
   0.00143
   0.00149
   0.00137
   0.00137
   0.00132
   0.00130
   0.00128
   0.00126
   0.00128
   0.00139
   0.00130
   0.00122
   0.00117
   0.00115
   0.00113
   0.00112
   0.00110
   0.00110
   0.00107
   0.00113
   0.00103
   0.00170
   1.91830
   0.04517
   0.02607
   0.02324
   0.02146
   0.01979
   0.01901
   0.01820
   0.01737
   0.01680
   0.01618
   0.01509
   0.01451
   0.01374
   0.01331
   0.01299
   0.01222
   0.01147
   0.01126
   0.01087
   0.01054
   0.01016
   0.00969
   0.00903
   0.00848
   0.00802
   0.00807
   0.00797
   0.00775
   0.00758
   0.00751
   0.00738
   0.00716
   0.00682
   0.00641
   0.00597
   0.00551
   0.00504
   0.00449
   0.00397
   0.00351
   0.00318
   0.00303
   0.00293
   0.00287
   0.00280
   0.00274
   0.00268
   0.00262
   0.00257
   0.00251
   0.00245
   0.00239
   0.00232
   0.00226
   0.00220
   0.00214
   0.00208
   0.00202
   0.00197
   0.00192
   0.00186
   0.00181
   0.00176
   0.00171
   0.00166
   0.00161
   0.00157
   0.00152
   0.00148
   0.00144
   0.00141
   0.00137
   0.00134
   0.00131
   0.00128
   0.00125
   0.00123
   0.00119
   0.00117
   0.00114
   0.00112
   0.00108
   0.00107
   0.00103
   0.00101
   0.00098
   0.00095
   0.00092
   0.00090
   0.00087
   0.00084
   0.00081
   0.00079
   0.00076
   0.00074
   0.00071
   0.00069
   0.00067
   0.00065
   0.00063
   0.00061
   0.00059
   0.00057
   0.00055
   0.00053
   0.00051
   0.00050
   0.00048
   0.00046
   0.00045
   0.00043
   0.00042
   0.00040
   0.00039
   0.00038
   0.00036
   0.00035
   0.00034
   0.00033
   0.00032
   0.00031
   0.00030
   0.00029
   0.00028
   0.00027
   0.00026
   0.00025
   0.00024
   0.00023
