   0.75002
   0.74826
   0.74644
   0.75760
   0.75216
   0.74551
   0.74790
   0.73039
   0.75737
   0.75010
   0.74459
   0.74762
   0.74695
   0.75673
   0.75160
   0.75677
   0.74818
   0.75009
   0.75273
   0.75720
   0.75514
   0.75535
   0.74836
   0.74616
   0.75315
   0.74711
   0.74636
   0.74058
   0.73393
   0.73026
   0.72643
   0.72526
   0.72389
   0.72121
   0.71837
   0.71522
   0.71153
   0.70913
   0.70738
   0.70611
   0.70555
   0.70568
   0.70646
   0.70790
   0.70977
   0.71180
   0.71383
   0.71589
   0.71812
   0.72066
   0.72415
   0.72807
   0.73218
   0.73628
   0.74016
   0.74374
   0.74691
   0.74968
   0.75208
   0.75413
   0.75589
   0.75738
   0.75859
   0.75954
   0.76024
   0.76068
   0.76084
   0.76074
   0.76042
   0.75982
   0.75901
   0.75798
   0.75672
   0.75533
   0.75361
   0.75166
   0.74941
   0.74703
   0.74442
   0.74155
   0.73839
   0.73517
   0.73163
   0.72783
   0.72386
   0.71963
   0.71518
   0.71046
   0.70553
   0.70034
   0.69496
   0.68925
   0.68328
   0.67706
   0.67054
   0.66382
   0.65685
   0.64968
   0.64230
   0.63474
   0.62690
   0.61901
   0.61102
   0.60272
   0.59435
   0.58586
   0.57737
   0.56870
   0.56007
   0.55137
   0.54276
   0.53414
   0.52557
   0.51710
   0.50872
   0.50041
   0.49227
   0.48430
   0.47627
   0.46850
   0.46082
   0.45324
   0.44580
   0.43839
   0.43100
   0.42365
   0.41625
   0.40868
   0.40117
   0.39310
   0.38493
   0.37648
   0.36768
   0.35870
   0.34913
   0.33930
   0.32933
   0.31883
   0.30834
   0.29743
   0.28666
   0.27576
   0.26492
   0.25420
   0.24373
   0.23351
   0.22364
   0.21420
   0.20520
   0.19669
   0.18864
   0.18108
   0.17381
   0.16717
   0.16081
   0.15470
   0.14899
   0.14357
   0.13842
   0.13352
   0.12886
   0.12433
   0.12001
   0.11584
   0.11188
   0.10797
   0.10420
   0.10054
   0.09686
   0.09325
   0.08967
   0.08628
   0.08258
   0.07890
   0.07533
   0.07167
   0.06809
   0.06471
   0.06145
   0.05860
   0.05575
   0.05328
   0.05098
   0.04884
   0.04667
   0.04421
   0.04214
   0.04099
   0.03894
   0.03852
   0.03676
   0.03539
   0.03420
   0.03305
   0.03183
   0.03046
   0.02912
   0.02811
   0.02733
   0.02788
   0.02939
   0.03460
   0.03482
   0.03385
   0.02222
   0.02173
   0.02109
   0.02050
   0.03160
   0.03104
   0.03100
   0.03903
   0.01887
   0.01944
   0.01686
   0.01741
   0.12191
   0.08481
   0.06067
   0.04147
   0.01253
   0.26889
   0.19415
   0.29420
   0.26620
   0.11610
   0.20554
   0.07627
   0.07022
   0.05696
   0.05447
   0.07316
   0.07141
   0.05747
   0.04788
   0.04458
   0.05494
   0.08719
   0.00607
   0.06301
   0.01195
   0.03449
   0.01956
   0.03609
   0.01195
   0.23596
   0.01075
   0.01145
   0.16812
   0.02267
   0.02343
   0.01030
   0.00876
   0.01219
   0.01608
   0.02984
   0.01418
   0.01938
   0.01280
   0.01495
   0.02860
   0.01991
   0.01292
   0.01126
   0.01344
   0.02769
   0.09761
   0.01011
   0.01077
   0.01727
   0.00499
   0.58506
   0.01001
   0.01750
   0.00597
   0.00513
   1.35565
   0.00851
   0.00639
   0.00716
   0.00985
   0.00900
   0.02413
   0.00238
   0.24062
   0.01048
   0.01172
   0.01165
   0.01025
   0.00864
   0.00716
   0.00534
   0.00404
   0.00426
   0.00541
   0.00969
   0.03007
   0.02038
   0.01670
   0.01380
   0.01150
   0.00950
   0.00791
   0.00643
   0.00523
   0.00402
   0.00297
   0.00286
   0.00332
   0.00701
   0.00191
   2.49055
   0.00945
   0.00892
   0.00621
   0.00448
   0.00497
   0.00495
   0.00441
   0.00377
   0.00333
   0.00267
   0.00204
   0.00188
   0.00203
   0.00431
   2.36811
   0.00414
   0.00262
   0.00201
   0.00191
   0.00210
   0.00239
   0.00239
   0.00203
   0.00189
   0.00178
   0.00153
   0.00125
   0.00106
   0.00105
   0.00225
   0.00120
   0.00100
   0.00081
   0.00074
   0.00087
   0.60092
   0.00152
   0.00145
   0.00134
   0.00121
   0.00105
   0.00093
   0.00091
   0.00091
   0.00082
   0.00073
   0.00070
   0.13937
   0.14240
   0.14046
   0.13541
   0.13009
   0.12533
   0.12109
   0.11728
   0.11378
   0.11051
   0.10739
   0.10434
   0.10132
   0.09831
   0.09528
   0.09227
   0.08918
   0.08614
   0.08309
   0.08004
   0.07699
   0.07397
   0.07096
   0.06804
   0.06509
   0.06224
   0.05945
   0.05675
   0.05416
   0.05165
   0.04924
   0.04691
   0.04467
   0.04258
   0.04061
   0.03876
   0.03705
   0.03548
   0.03408
   0.03290
   0.03195
   0.03136
   0.03123
   0.03168
   0.03270
   0.03408
   0.03567
   0.03736
   0.03929
   0.03934
   0.02508
   0.01264
   0.01236
   0.01212
   0.01188
   0.01164
   0.01140
   0.01114
   0.01082
   0.01041
   0.01015
   0.01039
   0.01001
   0.00969
   0.00953
   0.00908
   0.00889
   0.00854
   0.00830
   0.00813
   0.00783
   0.00760
   0.00726
   0.00705
   0.00679
   0.00751
   0.00627
   0.00607
   0.00589
   0.00564
   0.00550
   0.00549
   0.00547
   0.00717
   0.00473
   0.00440
   0.00431
   0.00405
   0.00479
   0.00402
   0.00406
   0.00398
   0.00403
   0.00429
   0.00416
   0.00372
   0.00329
   0.00282
   0.00277
   0.00443
   0.00819
   0.01174
   0.00243
   0.00402
   0.00406
   0.00424
   0.00404
   0.00370
   0.00334
   0.00299
   0.00250
   0.00216
   0.00193
   0.00211
   0.00458
   0.00548
   0.00252
   0.00344
   0.00384
   0.00366
   0.00356
   0.00314
   0.00274
   0.00236
   0.00202
   0.00171
   0.00147
   0.00148
   0.00453
   0.00345
   0.00171
   0.00346
   0.00403
   0.00317
   0.00247
   0.00163
   0.00140
   0.00129
   0.00225
   0.00277
   0.00250
