   0.69304
   0.71306
   0.71619
   0.72316
   0.72763
   0.72996
   0.73154
   0.73486
   0.73571
   0.73587
   0.73745
   0.72338
   0.74437
   0.72793
   0.73809
   0.73938
   0.74135
   0.74231
   0.73674
   0.73950
   0.73560
   0.73818
   0.74355
   0.73466
   0.73759
   0.73470
   0.72717
   0.71967
   0.72060
   0.71934
   0.71971
   0.72016
   0.71969
   0.72003
   0.72066
   0.72163
   0.72293
   0.72497
   0.72767
   0.73106
   0.73479
   0.73874
   0.74292
   0.74750
   0.75258
   0.75943
   0.76699
   0.77604
   0.78663
   0.79972
   0.81293
   0.82885
   0.84675
   0.86292
   0.88308
   0.90306
   0.91683
   0.93694
   0.95229
   0.96822
   0.98707
   1.00411
   1.01987
   1.03660
   1.05088
   1.06564
   1.07952
   1.09184
   1.10643
   1.11778
   1.12975
   1.13961
   1.15178
   1.16127
   1.17036
   1.17714
   1.18391
   1.19310
   1.20110
   1.20783
   1.21360
   1.21654
   1.21912
   1.21951
   1.21899
   1.21781
   1.21457
   1.20816
   1.19872
   1.18971
   1.17858
   1.16348
   1.14501
   1.12702
   1.10159
   1.07838
   1.05222
   1.02340
   0.99375
   0.96178
   0.92638
   0.89165
   0.85429
   0.81722
   0.77569
   0.73534
   0.69458
   0.65393
   0.61199
   0.57227
   0.52885
   0.48743
   0.44788
   0.40992
   0.37469
   0.34467
   0.31974
   0.30056
   0.28817
   0.29561
   0.31077
   0.32389
   0.34358
   0.36614
   0.39121
   0.44265
   0.43728
   0.45095
   0.43634
   0.44552
   0.41857
   0.39513
   0.37321
   0.35116
   0.32383
   0.29408
   0.26054
   0.22478
   0.19197
   0.15663
   0.11480
   0.07064
   0.04040
   0.02766
   0.02172
   0.01826
   0.02141
   0.13764
   0.10466
   0.07785
   0.02584
   0.00862
   0.00727
   0.00634
   0.00569
   0.00583
   0.00409
   0.00550
   0.00537
   0.00454
   0.00414
   0.00381
   0.02892
   0.00350
   0.05535
   0.00342
   0.03648
   0.02402
   0.02493
   0.02432
   0.03180
   0.23458
   0.00272
   0.00327
   0.00539
   0.03605
   0.00221
   0.02875
   0.07473
   0.04353
   0.16815
   0.30546
   0.06051
   0.00124
   0.00108
   0.00121
   0.00128
   0.00101
   0.00123
   0.00118
   0.00092
   0.49948
   0.00327
   0.00244
   0.01372
   0.00538
   0.00404
   0.51280
   0.49996
   0.46261
   0.44773
   0.42572
   0.41104
   0.40229
   0.39631
   0.39214
   0.38905
   0.38718
   0.38586
   0.38482
   0.38380
   0.38250
   0.38098
   0.37884
   0.37608
   0.37253
   0.36814
   0.36292
   0.35670
   0.34953
   0.34146
   0.33266
   0.32306
   0.31275
   0.30193
   0.29067
   0.27905
   0.26718
   0.25521
   0.24325
   0.23139
   0.21973
   0.20831
   0.19717
   0.18644
   0.17614
   0.16624
   0.15683
   0.14787
   0.13934
   0.13116
   0.12332
   0.11571
   0.10831
   0.10111
   0.09418
   0.08755
   0.08129
   0.07544
   0.06999
   0.06497
   0.06034
   0.05608
   0.05214
   0.04849
   0.04507
   0.04186
   0.03888
   0.03615
   0.03372
   0.03162
   0.02985
   0.02852
   0.02764
   0.02703
   0.02569
   0.02281
   0.01922
   0.01663
   0.01464
   0.01269
   0.01242
   0.01329
   0.01204
   0.01185
   0.01158
   0.01136
   0.01121
   0.01093
   0.01065
   0.01036
   0.01008
   0.00984
   0.00972
   0.00901
   0.00810
   0.00852
   0.00751
   0.00770
   0.00805
   0.00820
   0.00799
   0.00749
   0.00701
   0.00655
   0.00613
   0.00579
   0.00548
   0.00511
   0.00562
   0.00507
   0.00483
   0.01870
   0.00952
   0.00670
   0.00768
   0.00377
   0.00286
   0.01414
   0.15920
   0.02286
   0.01129
   0.01772
   0.01877
   0.00568
   0.00316
   0.00286
   0.00366
   0.00703
   0.00265
   0.00472
   0.00559
   0.01311
   0.00471
   0.00703
   0.00263
   0.00591
   0.00584
   0.00506
   0.01386
   0.01360
   0.00896
   0.00228
   0.00324
   0.00222
   0.00295
   0.00225
   0.00217
   0.00954
   0.00236
   0.00207
   0.00206
   0.00286
   0.00661
   0.00216
   0.00229
   0.00226
   0.00208
   0.00195
   0.00821
   0.00200
   0.00179
   0.00857
   0.00166
   0.00155
   0.00154
   0.00387
   0.00167
   0.00161
   0.00472
   0.00136
   0.00630
   0.00116
   0.00503
   0.00124
   0.00116
   0.00462
   0.00105
   0.00094
   0.00149
   0.00142
   0.00111
   0.00102
   0.00117
   0.00335
   0.00102
   0.00133
   0.00119
   0.00110
   0.00100
   0.00268
   0.00133
   0.00119
   0.00109
   0.00099
   0.00297
   0.00283
   0.00257
   0.00084
   0.00103
   0.00093
   0.00085
   0.00080
   0.00101
   0.49719
   0.00090
   0.00080
   0.00072
   0.00066
   0.00061
   0.00053
   0.00097
   0.00087
   0.00078
   0.00070
   0.00065
   0.00060
   0.00053
   0.00052
   0.00062
   0.00081
   0.00073
   0.00067
   0.00063
   0.00173
   0.00080
   0.00054
   0.00108
   0.00145
   0.00124
   0.00105
   0.00089
   0.00075
   0.00066
   0.00135
   0.00059
   0.00173
   0.00146
   0.00122
   0.00102
   0.00085
   0.00071
   0.00137
   0.00129
   0.00088
   0.00078
   0.00069
   0.00061
   0.00055
   0.00052
   0.00074
   0.00167
   0.00144
   0.00120
   0.00100
   0.00084
   0.00070
   0.00060
   0.00074
   0.00376
   0.00293
   0.00228
   0.00174
   0.00131
   0.00099
   0.00077
   0.00063
   0.00058
   0.00070
   0.00062
   0.00055
   0.37308
   0.00132
   0.00114
   0.00096
   0.00081
   0.00069
   0.00060
   0.00052
   0.00065
   0.03670
   0.00445
   0.00342
   0.00258
   0.00192
   0.00143
   0.00105
   0.00079
   0.00064
   0.00052
   0.00041
   0.00552
   0.00434
   0.00335
   0.00252
   0.00189
   0.00140
   0.00103
   0.00077
   0.00059
   0.00049
   0.00223
   0.00226
   0.00185
   0.00143
   0.00110
   0.00084
   0.00067
   0.00055
   0.00669
   0.00239
   0.00208
   0.00177
   0.00141
   0.00111
   0.00087
   0.00070
   0.00058
   0.00049
   0.00045
   0.00044
   0.00340
   0.00257
   0.00188
   0.00140
   0.00102
   0.00075
   0.00059
   0.00048
   0.00042
   0.00451
   0.00064
   0.00059
   0.00052
   0.00045
   0.00038
   0.00033
   0.00029
   0.00025
   0.00136
   0.00124
   0.00109
   0.00091
   0.00076
   0.00063
   0.00052
   0.00045
   0.00038
   0.00959
   0.00069
   0.00068
   0.00062
   0.00055
   0.00047
   0.00040
   0.00034
   0.00029
   0.00033
   0.00061
   0.00061
   0.00062
   0.00059
   0.00053
   0.00047
   0.00040
   0.00034
   0.00029
   0.00025
   0.00021
   0.00020
   0.00047
   0.00048
   0.00048
   0.00049
   0.00048
   0.00045
   0.00040
   0.00034
   0.00029
   0.00025
   0.00021
   0.00019
   0.00040
   0.00038
   0.00039
   0.00039
   0.00038
   0.00035
   0.00031
   0.00026
   0.00023
   0.00020
   0.00017
   0.00016
   0.00014
   0.00136
   0.00031
   0.00030
   0.00030
   0.00031
   0.00031
   0.00030
   0.00027
   0.00024
   0.00021
   0.00018
   0.00016
   0.00014
   0.00013
   0.00124
   0.00100
   0.00091
   0.00082
   0.00072
   0.00061
   0.00050
   0.00040
   0.00032
   0.00026
   0.00021
   0.00018
   0.00016
   0.00014
   0.00331
   0.00245
   0.00181
   0.00134
   0.00098
   0.00070
   0.00050
   0.00037
   0.00028
   0.00022
   0.00018
   0.00039
   0.00039
   0.00034
   0.00029
   0.00025
   0.00021
   0.00018
   0.00016
   0.00014
   0.00012
   6.09005
   0.00078
   0.00073
   0.00066
   0.00059
   0.00052
   0.00044
   0.00036
   0.00029
   0.00024
   0.00020
   0.00016
   0.00014
   0.00012
   1.48434
   0.00102
   0.00090
   0.00077
   0.00064
   0.00051
   0.00041
   0.00032
   0.00025
   0.00020
   0.00016
   0.00014
   0.00012
   5.70892
   0.00027
   0.00027
   0.00026
   0.00026
   0.00025
   0.00024
   0.00023
   0.00020
   0.00018
   0.00015
   0.00013
   0.00011
   0.00010
   0.00011
   0.00018
   0.00018
   0.00018
   0.00018
   0.00019
   0.00018
   0.00017
   0.00015
   0.00013
   0.00011
   0.00010
   0.00008
   0.00008
   0.00006
   0.00061
   0.00056
   0.00052
   0.00046
   0.00041
   0.00035
   0.00029
   0.00023
   0.00019
   0.00015
   0.00013
   0.00011
   0.00009
   0.00008
   0.00032
   0.00017
   0.00017
   0.00017
   0.00017
   0.00017
   0.00016
   0.00014
   0.00012
   0.00010
   0.00009
   0.00008
   0.00007
   0.00006
   0.00016
   0.00016
   0.00016
   0.00016
   0.00016
   0.00016
   0.00015
   0.00013
   0.00011
   0.00010
   0.00008
   0.00007
   0.00006
   0.00006
   0.00067
   0.00067
   0.00063
   0.00059
   0.00054
   0.00048
   0.00041
   0.00035
   0.00029
   0.00023
   0.00018
   0.00014
   0.00011
   0.00009
   0.00008
   0.00007
   0.00005
   0.00170
   0.00147
   0.00123
   0.00101
   0.00081
   0.00064
   0.00049
   0.00037
   0.00027
   0.00020
   0.00015
   0.00011
   0.00009
   0.00008
   0.00007
   0.00005
   0.72190
   0.69411
   0.70174
   0.70771
   0.71119
   0.71310
   0.71413
   0.71467
   0.71497
   0.71512
   0.71520
   0.71525
   0.71527
   0.71528
   0.71529
   0.71529
   0.71530
   0.71530
   0.71530
   0.71530
   0.71530
   0.71530
   0.71530
   0.71530
   0.71530
   0.71530
   0.71530
   0.71530
   0.71530
   0.71530
   0.71530
   0.71530
   0.71530
   0.71530
   0.71530
   0.71530
   0.71530
   0.71530
   0.71530
   0.71530
   0.71530
   0.71530
   0.71530
   0.71530
   0.71530
   0.71530
   0.71530
   0.71530
   0.71530
   0.71530
   0.71530
   0.71530
   0.71530
   0.71530
   0.71530
   0.71530
   0.71530
   0.71530
   0.71530
   0.71530
   0.71530
   0.71530
   0.71530
   0.71530
   0.71530
   0.71530
   0.71530
   0.71530
   0.71530
   0.71530
   0.71530
   0.71530
   0.71530
   0.71530
   0.71530
   0.71530
   0.71530
   0.71530
   0.71530
   0.71530
   0.71530
   0.71530
   0.71530
   0.71530
   0.71530
   0.71530
   0.71530
   0.71530
   0.71530
   0.71530
   0.71530
   0.71530
   0.71530
   0.71530
   0.71530
   0.71530
   0.71530
   0.71530
   0.71530
   0.71530
   0.71530
   0.71530
   0.71530
   0.71530
   0.71530
   0.71530
   0.71530
   0.71530
   0.71530
   0.71530
   0.71530
   0.71530
   0.71530
   0.71530
   0.71530
   0.71530
   0.71530
   0.71530
   0.71530
   0.71530
   0.71530
   0.71530
   0.71530
   0.71530
   0.71530
   0.71530
   0.71530
   0.71530
   0.71530
   0.71530
   0.71529
   0.71529
   0.71529
   0.71529
   0.71529
   0.71529
   0.71529
   0.71529
   0.71529
   0.71529
   0.71529
   0.71529
   0.71529
   0.71529
   0.71529
   0.71529
   0.71529
   0.71529
   0.71529
   0.71529
   0.71529
   0.71529
   0.71529
   0.71529
   0.71529
   0.71529
   0.71529
   0.71529
   0.71529
   0.71529
   0.71529
   0.71529
   0.71529
   0.71529
   0.71529
   0.71529
   0.71529
   0.71529
   0.71529
   0.71529
   0.71529
   0.71529
   0.71529
   0.71529
   0.71529
   0.71529
   0.71529
   0.71529
   0.71529
   0.71529
   0.71529
   0.71529
   0.71529
   0.71529
   0.71529
   0.71529
   0.71529
   0.71529
   0.71529
   0.71529
   0.71529
   0.71529
   0.71529
   0.71529
   0.71529
   0.71529
   0.71529
   0.71529
   0.71529
   0.71529
   0.71529
   0.71529
   0.71529
   0.71529
   0.71529
   0.71529
   0.71529
   0.71529
   0.71529
   0.71529
   0.71529
   0.71529
   0.71529
   0.71529
   0.71529
   0.71529
   0.71529
   0.71529
   0.71529
   0.71529
   0.71529
   0.71529
   0.71529
   0.71529
   0.71529
   0.71529
   0.71529
   0.71529
   0.71529
   0.71529
   0.71529
   0.71529
   0.71529
   0.71529
   0.71529
