   0.69388
   0.69934
   0.69990
   0.69903
   0.69726
   0.69657
   0.69606
   0.69563
   0.69538
   0.69475
   0.69451
   0.69380
   0.69349
   0.69287
   0.69252
   0.69210
   0.69178
   0.69150
   0.69143
   0.69108
   0.69067
   0.69062
   0.69027
   0.68991
   0.68975
   0.68952
   0.68954
   0.68935
   0.68913
   0.68548
   0.68245
   0.68239
   0.68363
   0.68280
   0.68216
   0.68133
   0.68040
   0.67944
   0.67840
   0.67766
   0.67550
   0.67454
   0.67333
   0.67210
   0.67084
   0.66954
   0.66820
   0.66685
   0.66546
   0.66403
   0.66263
   0.66122
   0.65979
   0.65835
   0.65693
   0.65550
   0.65414
   0.65234
   0.65215
   0.65004
   0.64849
   0.64729
   0.64618
   0.64514
   0.64419
   0.64325
   0.64247
   0.64177
   0.64701
   0.64682
   0.64565
   0.64520
   0.64534
   0.64601
   0.64726
   0.64914
   0.65167
   0.65463
   0.65822
   0.66261
   0.66751
   0.67271
   0.67808
   0.68295
   0.68717
   0.69009
   0.69190
   0.69256
   0.69195
   0.69163
   0.69059
   0.68984
   0.68917
   0.68820
   0.68766
   0.68590
   0.68422
   0.68164
   0.67910
   0.67594
   0.67356
   0.66970
   0.66341
   0.66357
   0.65856
   0.65426
   0.65024
   0.64564
   0.64117
   0.63679
   0.63257
   0.62820
   0.62387
   0.61942
   0.61505
   0.61070
   0.60643
   0.60213
   0.59765
   0.59348
   0.58895
   0.58470
   0.58017
   0.57608
   0.57208
   0.56739
   0.56317
   0.55896
   0.55491
   0.55079
   0.54629
   0.54204
   0.53783
   0.53352
   0.52944
   0.52503
   0.52093
   0.51679
   0.51234
   0.50788
   0.50410
   0.49948
   0.49502
   0.49147
   0.48632
   0.48141
   0.47721
   0.47200
   0.46764
   0.46324
   0.45850
   0.45386
   0.44965
   0.44488
   0.44062
   0.43618
   0.43150
   0.42736
   0.42302
   0.41843
   0.41419
   0.40991
   0.40578
   0.40140
   0.39736
   0.39295
   0.38894
   0.38471
   0.38057
   0.37670
   0.37248
   0.36852
   0.36461
   0.36076
   0.35692
   0.35334
   0.34960
   0.34613
   0.34262
   0.33920
   0.33592
   0.33263
   0.32953
   0.32649
   0.32353
   0.32066
   0.31789
   0.31516
   0.31226
   0.30956
   0.30706
   0.30430
   0.30177
   0.29897
   0.29641
   0.29365
   0.29096
   0.28831
   0.28570
   0.28308
   0.28116
   0.27800
   0.27748
   0.27422
   0.27064
   0.26921
   0.26711
   0.26510
   0.26318
   0.26189
   0.25931
   0.25855
   0.25827
   0.25516
   0.25392
   0.25261
   0.25058
   0.24916
   0.24771
   0.24536
   0.24382
   0.24121
   0.24001
   0.23744
   0.23555
   0.23334
   0.23154
   0.22785
   0.22587
   0.22375
   0.22131
   0.21952
   0.21531
   0.21302
   0.21186
   0.20838
   0.20523
   0.20442
   0.20115
   0.19828
   0.19572
   0.19486
   0.19153
   0.18833
   0.18603
   0.18361
   0.18124
   0.18005
   0.17447
   0.17094
   0.16879
   0.16642
   0.16444
   0.16384
   0.16088
   0.15855
   0.15650
   0.15456
   0.15252
   0.15042
   0.14851
   0.14657
   0.14459
   0.14261
   0.14073
   0.13874
   0.13672
   0.13472
   0.13273
   0.13064
   0.12870
   0.12678
   0.12493
   0.12296
   0.12115
   0.11924
   0.11744
   0.11568
   0.11441
   0.11216
   0.11009
   0.10822
   0.10653
   0.10496
   0.10302
   0.10172
   0.10029
   0.09842
   0.09682
   0.09518
   0.09371
   0.09203
   0.09034
   0.08879
   0.08719
   0.08572
   0.08414
   0.08266
   0.08122
   0.07966
   0.07827
   0.07688
   0.07535
   0.07393
   0.07267
   0.07130
   0.06999
   0.06862
   0.06749
   0.06610
   0.06483
   0.06358
   0.06238
   0.06118
   0.06024
   0.05896
   0.05776
   0.05669
   0.05562
   0.05482
   0.05389
   0.05281
   0.05173
   0.05106
   0.05022
   0.04930
   0.04850
   0.04786
   0.04730
   0.04668
   0.04633
   0.04586
   0.04568
   0.04557
   0.04562
   0.04552
   0.04581
   0.04637
   0.04689
   0.04764
   0.04841
   0.04908
   0.04978
   0.05037
   0.05074
   0.05091
   0.05095
   0.05071
   0.05044
   0.04997
   0.04965
   0.04904
   0.04849
   0.04788
   0.04727
   0.04665
   0.04604
   0.04535
   0.04471
   0.04405
   0.04339
   0.04269
   0.04205
   0.04140
   0.04074
   0.04010
   0.03946
   0.03882
   0.03820
   0.03758
   0.03697
   0.03631
   0.03572
   0.03512
   0.03455
   0.03398
   0.03346
   0.03293
   0.03238
   0.03176
   0.03129
   0.03078
   0.03027
   0.02977
   0.02929
   0.02881
   0.02829
   0.02787
   0.02735
   0.02699
   0.02652
   0.02609
   0.02567
   0.02524
   0.02488
   0.02446
   0.02405
   0.02371
   0.02334
   0.02294
   0.02263
   0.02225
   0.02194
   0.02159
   0.02127
   0.02096
   0.02065
   0.02035
   0.02013
   0.01980
   0.01954
   0.01923
   0.01901
   0.01870
   0.01847
   0.01820
   0.01798
   0.01772
   0.01750
   0.01725
   0.01704
   0.01681
   0.01660
   0.01639
   0.01618
   0.01598
   0.01579
   0.01559
   0.01540
   0.01522
   0.01503
   0.01485
   0.01468
   0.01451
   0.01434
   0.01417
   0.01397
   0.01383
   0.01363
   0.01355
   0.01339
   0.01325
   0.01309
   0.01291
   0.01279
   0.01265
   0.01250
   0.01239
   0.01227
   0.01223
   0.01210
   0.01195
   0.01183
   0.01173
   0.01164
   0.01155
   0.01146
   0.01137
   0.01128
   0.01121
   0.01113
   0.01105
   0.01096
   0.01088
   0.01079
   0.01071
   0.01059
   0.01048
   0.01036
   0.01024
   0.01007
   0.00996
   0.00983
   0.00959
   0.00958
   0.00918
   0.00930
   0.00863
   0.00933
   0.00739
   0.10816
   0.00754
   0.00584
   0.00556
   0.00532
   0.00682
   0.00579
   0.00788
   0.01946
   0.01708
   0.03358
   0.01210
   0.01310
   0.01304
   0.01310
   0.01322
   0.01341
   0.01352
   0.01357
   0.01365
   0.01369
   0.01371
   0.01370
   0.01367
   0.01362
   0.01355
   0.01346
   0.01337
   0.01326
   0.01316
   0.01301
   0.01289
   0.01278
   0.01269
   0.01252
   0.01246
   0.01243
   0.01230
   0.01225
   0.01218
   0.01208
   0.01191
   0.01176
   0.01145
   0.01075
   0.01050
   0.00985
   0.00914
   0.00863
   0.00723
   0.00608
   0.00596
   0.00604
   0.00643
   0.00659
   0.00679
   0.00725
   0.00751
   0.00782
   0.00819
   0.00870
   0.00987
   0.01406
   0.02458
   0.02467
   0.02815
   0.02974
   0.03275
   0.03465
   0.03733
   0.03958
   0.04175
   0.04395
   0.04596
   0.04740
   0.04884
   0.04989
   0.05114
   0.05138
   0.04624
   0.01881
   0.06679
   0.01745
   0.03201
   0.02143
   0.00221
   0.00116
   0.00319
   0.00245
   0.00257
   0.00257
   0.00260
   0.00263
   0.00265
   0.00268
   0.00270
   0.00273
   0.00276
   0.00279
   0.00282
   0.00285
   0.00288
   0.00292
   0.00295
   0.00299
   0.00303
   0.00307
   0.00312
   0.00317
   0.00322
   0.00328
   0.00334
   0.00341
   0.00348
   0.00356
   0.00365
   0.00374
   0.00384
   0.00395
   0.00406
   0.00416
   0.00425
   0.00432
   0.00434
   0.00434
   0.00430
   0.00424
   0.00418
   0.00410
   0.00403
   0.00395
   0.00387
   0.00379
   0.00372
   0.00364
   0.00356
   0.00348
   0.00340
   0.00333
   0.00325
   0.00318
   0.00310
   0.00303
   0.00296
   0.00289
   0.00283
   0.00276
   0.00270
   0.00264
   0.00258
   0.00252
   0.00247
   0.00242
   0.00237
   0.00233
   0.00229
   0.00224
   0.00221
   0.00217
   0.00214
   0.00211
   0.00208
   0.00205
   0.00203
   0.00201
   0.00199
   0.00197
   0.00196
   0.00194
   0.00194
   0.00193
   0.00193
   0.00193
   0.00194
   0.00195
   0.00198
   0.00201
   0.00208
   0.00220
   0.00250
   0.00425
   2.03633
   0.36824
   0.14315
   0.08461
   0.08540
   0.08175
   0.07908
   0.07722
   0.07549
   0.07421
   0.07279
   0.07139
   0.07009
   0.06888
   0.06770
   0.06653
   0.06542
   0.06437
   0.06332
   0.06235
   0.06145
   0.06058
   0.05959
   0.05872
   0.05783
   0.05693
   0.05613
   0.05524
   0.05443
   0.05363
   0.05283
   0.05209
   0.05133
   0.05059
   0.04988
   0.04920
   0.04849
   0.04784
   0.04718
   0.04655
   0.04593
   0.04530
   0.04470
   0.04411
   0.04353
   0.04294
   0.04236
   0.04180
   0.04126
   0.04071
   0.04016
   0.03966
   0.03912
   0.03861
   0.03809
   0.03755
   0.03702
   0.03648
   0.03597
   0.03545
   0.03493
   0.03442
   0.03392
   0.03342
   0.03290
   0.03238
   0.03187
   0.03138
   0.03089
   0.03041
   0.02993
   0.02946
   0.02899
   0.02854
   0.02809
   0.02764
   0.02720
   0.02678
   0.02636
   0.02594
   0.02555
   0.02515
   0.02476
   0.02438
   0.02401
   0.02365
   0.02329
   0.02294
   0.02262
   0.02228
   0.02194
   0.02164
   0.02131
   0.02100
   0.02070
   0.02040
   0.02011
   0.01982
   0.01954
   0.01924
   0.01899
   0.01872
   0.01846
   0.01819
   0.01794
   0.01771
   0.01745
   0.01721
   0.01698
   0.01675
   0.01653
   0.01630
   0.01609
   0.01587
   0.01567
   0.01546
   0.01523
   0.01505
   0.01485
   0.01466
   0.01447
   0.01430
   0.01410
   0.01393
   0.01376
   0.01358
   0.01341
   0.01325
   0.01309
   0.01293
   0.01278
   0.01262
   0.01248
   0.01232
   0.01218
   0.01204
   0.01191
   0.01177
   0.01163
   0.01151
   0.01137
   0.01127
   0.01112
   0.01103
   0.01088
   0.01080
   0.01066
   0.01058
   0.01045
   0.01037
   0.01024
   0.01017
   0.01006
   0.00997
   0.00987
   0.00978
   0.00971
   0.00962
   0.00953
   0.00947
   0.00938
   0.00932
   0.00923
   0.00917
   0.00909
   0.00903
   0.00897
   0.00890
   0.00885
   0.00878
   0.00874
   0.00867
   0.00863
   0.00857
   0.00853
   0.00848
   0.00844
   0.00839
   0.00834
   0.00830
   0.00826
   0.00823
   0.00818
   0.00815
   0.00810
   0.00808
   0.00804
   0.00799
   0.00797
   0.00793
   0.00790
   0.00786
   0.00784
   0.00781
   0.00777
   0.00773
   0.00771
   0.00767
   0.00764
   0.00760
   0.00756
   0.00754
   0.00748
   0.00744
   0.00739
   0.00736
   0.00731
   0.00725
   0.00719
   0.00712
   0.00704
   0.00696
   0.00686
   0.00672
   0.00655
   0.00633
   0.00603
   0.00586
   0.00617
   0.00580
   0.00741
   0.00781
   0.00173
   0.34238
   0.01102
   0.00240
   0.00180
   0.00179
   0.00179
   0.00179
   0.00179
   0.00179
   0.00179
   0.00179
   0.00180
   0.00180
   0.00181
   0.00181
   0.00182
   0.00182
   0.00183
   0.00184
   0.00185
   0.00185
   0.00186
   0.00187
   0.00188
   0.00189
   0.00190
   0.00191
   0.00192
   0.00193
   0.00194
   0.00195
   0.00197
   0.00198
   0.00199
   0.00200
   0.00201
   0.00202
   0.00203
   0.00205
   0.00206
   0.00207
   0.00208
   0.00210
   0.00211
   0.00212
   0.00214
   0.00215
   0.00217
   0.00218
   0.00220
   0.00221
   0.00223
   0.00224
   0.00226
   0.00228
   0.00230
   0.00232
   0.00234
   0.00236
   0.00239
   0.00241
   0.00244
   0.00246
   0.00249
   0.00252
   0.00255
   0.00259
   0.00262
   0.00265
   0.00269
   0.00273
   0.00277
   0.00280
   0.00284
   0.00287
   0.00290
   0.00293
   0.00295
   0.00297
   0.00298
   0.00298
   0.00297
   0.00296
   0.00294
   0.00291
   0.00288
   0.00284
   0.00280
   0.00276
   0.00272
   0.00267
   0.00263
   0.00259
   0.00255
   0.00251
   0.00248
   0.00245
   0.00242
   0.00240
   0.00238
   0.00236
   0.00236
   0.00235
   0.00235
   0.00236
   0.00238
   0.00241
   0.00245
   0.00251
   0.00261
   0.00280
   0.00331
   0.00888
   0.00435
   0.00886
   0.00131
