   0.65146
   0.64281
   0.64161
   0.64169
   0.64085
   0.64138
   0.64090
   0.64176
   0.64104
   0.64014
   0.63892
   0.63795
   0.63827
   0.63793
   0.63666
   0.63627
   0.63588
   0.63467
   0.63420
   0.63327
   0.63241
   0.63159
   0.63055
   0.62936
   0.62600
   0.62670
   0.62800
   0.62343
   0.61644
   0.61806
   0.61744
   0.62106
   0.62649
   0.62481
   0.62444
   0.62081
   0.62175
   0.61411
   0.60759
   0.60468
   0.60719
   0.60697
   0.60687
   0.59981
   0.60217
   0.58795
   0.58297
   0.58076
   0.57536
   0.57653
   0.57421
   0.57214
   0.57009
   0.56754
   0.56521
   0.56285
   0.56046
   0.55784
   0.55502
   0.55251
   0.54753
   0.54329
   0.53950
   0.53482
   0.53036
   0.52576
   0.52108
   0.51630
   0.51139
   0.50648
   0.50080
   0.49493
   0.48980
   0.48395
   0.47540
   0.46986
   0.46542
   0.45971
   0.45390
   0.44802
   0.44227
   0.43699
   0.43160
   0.42587
   0.42004
   0.41426
   0.40888
   0.40341
   0.39798
   0.39248
   0.38690
   0.38136
   0.37613
   0.37112
   0.36616
   0.36124
   0.35643
   0.35174
   0.34711
   0.34259
   0.33816
   0.33382
   0.32960
   0.32548
   0.32146
   0.31754
   0.31373
   0.31004
   0.30646
   0.30302
   0.29970
   0.29653
   0.29346
   0.29049
   0.28766
   0.28491
   0.28234
   0.27986
   0.27728
   0.27509
   0.27291
   0.27089
   0.26893
   0.26688
   0.26491
   0.26282
   0.26045
   0.25799
   0.25532
   0.25231
   0.24886
   0.24493
   0.24069
   0.23628
   0.23175
   0.22721
   0.22280
   0.21860
   0.21440
   0.21017
   0.20640
   0.20242
   0.19870
   0.19515
   0.19148
   0.18818
   0.18458
   0.18144
   0.17798
   0.17475
   0.17164
   0.16854
   0.16523
   0.16235
   0.15912
   0.15611
   0.15307
   0.14995
   0.14707
   0.14409
   0.14127
   0.13831
   0.13539
   0.13273
   0.12989
   0.12719
   0.12450
   0.12193
   0.11926
   0.11677
   0.11426
   0.11177
   0.10940
   0.10706
   0.10472
   0.10248
   0.10028
   0.09807
   0.09593
   0.09384
   0.09175
   0.08977
   0.08781
   0.08592
   0.08398
   0.08213
   0.08038
   0.07863
   0.07689
   0.07515
   0.07351
   0.07188
   0.07027
   0.06873
   0.06721
   0.06570
   0.06423
   0.06280
   0.06143
   0.06005
   0.05871
   0.05737
   0.05611
   0.05484
   0.05362
   0.05245
   0.05128
   0.05012
   0.04900
   0.04789
   0.04682
   0.04575
   0.04472
   0.04371
   0.04271
   0.04175
   0.04080
   0.03986
   0.03895
   0.03806
   0.03717
   0.03632
   0.03548
   0.03466
   0.03385
   0.03307
   0.03229
   0.03155
   0.03081
   0.03008
   0.02938
   0.02869
   0.02802
   0.02735
   0.02670
   0.02607
   0.02546
   0.02485
   0.02426
   0.02368
   0.02312
   0.02257
   0.02204
   0.02151
   0.02100
   0.02051
   0.02002
   0.01955
   0.01910
   0.01865
   0.01822
   0.01780
   0.01739
   0.01699
   0.01660
   0.01623
   0.01587
   0.01552
   0.01518
   0.01485
   0.01453
   0.01422
   0.01392
   0.01363
   0.01335
   0.01308
   0.01281
   0.01256
   0.01230
   0.01205
   0.01180
   0.01156
   0.01131
   0.01106
   0.01081
   0.01056
   0.01032
   0.01008
   0.00984
   0.00961
   0.00938
   0.00915
   0.00892
   0.00870
   0.00848
   0.00827
   0.00807
   0.00787
   0.00767
   0.00748
   0.00730
   0.00712
   0.00694
   0.00677
   0.00660
   0.00643
   0.00627
   0.00612
   0.00596
   0.00582
   0.00567
   0.00552
   0.00539
   0.00525
   0.00512
   0.00499
   0.00486
   0.00474
   0.00462
   0.00450
   0.00438
   0.00427
   0.00417
   0.00406
   0.00396
   0.00386
   0.00376
   0.00366
   0.00357
   0.00348
   0.00339
   0.00330
   0.00322
   0.00313
   0.00305
   0.00298
   0.00290
   0.00282
   0.00275
   0.00268
   0.00261
   0.00254
   0.00247
   0.00241
   0.00234
   0.00228
   0.00222
   0.00216
   0.00211
   0.00205
   0.00200
   0.00195
   0.00190
   0.00185
   0.00180
   0.00175
   0.00171
   0.00166
   0.00162
   0.00158
   0.00154
   0.00150
   0.00146
   0.00142
   0.00139
   0.00135
   0.00132
   0.00129
   0.00126
   0.00123
   0.00120
   0.00117
   0.00114
   0.00112
   0.00110
   0.00109
   0.00108
   0.00111
   0.00120
   0.00139
   0.00138
   0.00167
   0.00131
   0.00099
   0.00093
   0.00090
   0.00092
   0.00086
   0.00085
   0.00082
   0.00081
   0.00078
   0.00077
   0.00075
   0.00073
   0.00071
   0.00070
   0.00068
   0.00066
   0.00065
   0.00063
   0.00062
   0.00060
   0.00059
   0.00057
   0.00056
   0.00055
   0.00054
   0.00053
   0.00051
   0.00050
   0.00049
   0.00048
   0.00047
   0.00046
   0.00045
   0.00044
   0.00043
   0.00042
   0.00041
   0.00040
   0.00039
   0.00038
   0.00037
   0.00037
   0.00036
   0.00035
   0.00034
   0.00034
   0.00033
   0.00033
   0.00032
   0.00031
   0.00031
   0.00030
   0.00029
   0.00029
   0.00028
   0.00028
   0.00027
   0.00027
   0.00026
   0.00026
   0.00025
   0.00025
   0.00025
   0.00024
   0.00024
   0.00023
   0.00023
   0.00022
   0.00022
   0.00022
   0.00021
   0.00021
   0.00021
   0.00020
   0.00020
   0.00020
   0.00019
   0.00019
   0.00019
   0.00018
   0.00018
   0.00018
   0.00018
   0.00017
   0.00017
   0.00016
   0.00016
   0.00016
   0.00016
   0.00015
   0.00015
   0.00015
   0.00015
   0.00014
   0.00014
   0.00014
   0.00014
   0.00015
   0.00015
   0.00016
   0.00017
   0.00017
   0.00017
   0.00016
   0.00015
   0.00013
   0.00012
   0.00011
   0.00010
   0.00010
   0.00010
   0.00009
   0.00009
   0.00008
   0.00015
   0.00026
   0.00042
   0.00020
   0.00022
   0.00030
   0.00019
   0.00017
   0.00017
   0.00016
   0.00016
   0.00016
   0.00015
