   0.70273
   0.69664
   0.69387
   0.69257
   0.69274
   0.69250
   0.69216
   0.69178
   0.69142
   0.69099
   0.69062
   0.69015
   0.68973
   0.68932
   0.68908
   0.68868
   0.68822
   0.69243
   0.69140
   0.68730
   0.68920
   0.68904
   0.68820
   0.68830
   0.68874
   0.68532
   0.68549
   0.67916
   0.67960
   0.67908
   0.67803
   0.67625
   0.67513
   0.67453
   0.67329
   0.67226
   0.67083
   0.66959
   0.66818
   0.66696
   0.66526
   0.66387
   0.66256
   0.66105
   0.65951
   0.65810
   0.65627
   0.65475
   0.65346
   0.65215
   0.65071
   0.64942
   0.64793
   0.64665
   0.64557
   0.64450
   0.64360
   0.64263
   0.64144
   0.64541
   0.63921
   0.64112
   0.63768
   0.63751
   0.64990
   0.65844
   0.66065
   0.66211
   0.66401
   0.66715
   0.67114
   0.67578
   0.68132
   0.68628
   0.69113
   0.69450
   0.69657
   0.69711
   0.69702
   0.69640
   0.69549
   0.69509
   0.69486
   0.69328
   0.69170
   0.68985
   0.68756
   0.68565
   0.68247
   0.67895
   0.67567
   0.67273
   0.66960
   0.66426
   0.65906
   0.65322
   0.65223
   0.64619
   0.64023
   0.63720
   0.63038
   0.62773
   0.62073
   0.61564
   0.61107
   0.60462
   0.60132
   0.59722
   0.59293
   0.58871
   0.58431
   0.57946
   0.57487
   0.57027
   0.56579
   0.56130
   0.55664
   0.55186
   0.54729
   0.54277
   0.53820
   0.53346
   0.52903
   0.52443
   0.52000
   0.51541
   0.51127
   0.50696
   0.50258
   0.49790
   0.49336
   0.48893
   0.48447
   0.48080
   0.47661
   0.47233
   0.46792
   0.46353
   0.45912
   0.45478
   0.45047
   0.44620
   0.44194
   0.43774
   0.43339
   0.42917
   0.42492
   0.42073
   0.41660
   0.41249
   0.40827
   0.40420
   0.40021
   0.39628
   0.39240
   0.38857
   0.38487
   0.38132
   0.37777
   0.37430
   0.37093
   0.36766
   0.36449
   0.36142
   0.35847
   0.35563
   0.35288
   0.35021
   0.34761
   0.34508
   0.34258
   0.34009
   0.33760
   0.33511
   0.33259
   0.33006
   0.32752
   0.32496
   0.32241
   0.31986
   0.31733
   0.31484
   0.31238
   0.30999
   0.30765
   0.30538
   0.30320
   0.30110
   0.29913
   0.29725
   0.29553
   0.29393
   0.29238
   0.29099
   0.28963
   0.28834
   0.28708
   0.28583
   0.28451
   0.28314
   0.28200
   0.28053
   0.27887
   0.27691
   0.27495
   0.27296
   0.27098
   0.26889
   0.26676
   0.26462
   0.26256
   0.26038
   0.25821
   0.25600
   0.25377
   0.25154
   0.24925
   0.24704
   0.24474
   0.24258
   0.24016
   0.23747
   0.23520
   0.23301
   0.23080
   0.22861
   0.22643
   0.22424
   0.22217
   0.22001
   0.21790
   0.21549
   0.21333
   0.21118
   0.20940
   0.20729
   0.20521
   0.20325
   0.20125
   0.19932
   0.19720
   0.19516
   0.19321
   0.19117
   0.18918
   0.18730
   0.18435
   0.18218
   0.17944
   0.17673
   0.17444
   0.17275
   0.17065
   0.16856
   0.16593
   0.16372
   0.16154
   0.15936
   0.15660
   0.15424
   0.15198
   0.14957
   0.14720
   0.14508
   0.14271
   0.14016
   0.13770
   0.13515
   0.13261
   0.13003
   0.12743
   0.12487
   0.12220
   0.11962
   0.11701
   0.11444
   0.11189
   0.10941
   0.10688
   0.10447
   0.10212
   0.09977
   0.09756
   0.09538
   0.09328
   0.09127
   0.08935
   0.08751
   0.08575
   0.08408
   0.08251
   0.08102
   0.07963
   0.07831
   0.07711
   0.07596
   0.07489
   0.07391
   0.07301
   0.07219
   0.07144
   0.07078
   0.07020
   0.06969
   0.06926
   0.06891
   0.06863
   0.06844
   0.06830
   0.06825
   0.06827
   0.06833
   0.06847
   0.06862
   0.06881
   0.06904
   0.06924
   0.06946
   0.06964
   0.06978
   0.06987
   0.06992
   0.06985
   0.06966
   0.06940
   0.06914
   0.06883
   0.06849
   0.06811
   0.06765
   0.06718
   0.06662
   0.06605
   0.06545
   0.06482
   0.06416
   0.06348
   0.06278
   0.06206
   0.06133
   0.06056
   0.05979
   0.05905
   0.05826
   0.05748
   0.05669
   0.05595
   0.05514
   0.05437
   0.05358
   0.05278
   0.05199
   0.05120
   0.05040
   0.04961
   0.04882
   0.04804
   0.04726
   0.04649
   0.04572
   0.04496
   0.04421
   0.04346
   0.04272
   0.04199
   0.04127
   0.04056
   0.03986
   0.03917
   0.03852
   0.03780
   0.03717
   0.03648
   0.03591
   0.03524
   0.03467
   0.03404
   0.03349
   0.03287
   0.03236
   0.03176
   0.03133
   0.03063
   0.03035
   0.02954
   0.02949
   0.02835
   0.02884
   0.02683
   0.02848
   0.02448
   0.02723
   0.02161
   0.02490
   0.02008
   0.02382
   0.01924
   0.02352
   0.01861
   0.02398
   0.01829
   0.02503
   0.01903
   0.02403
   0.02051
   0.02280
   0.01705
   0.01753
   0.02352
   0.01750
   0.01712
   0.02047
   0.01491
   0.01536
   0.01548
   0.01913
   0.01376
   0.01445
   0.01405
   0.01854
   0.01301
   0.01364
   0.01286
   0.02178
   0.01238
   0.01294
   0.01712
   0.01698
   0.02239
   0.01568
   0.01556
   0.01783
   0.01628
   0.02235
   0.02512
   0.02309
   0.02738
   0.02125
   0.01941
   0.01322
   0.01253
   0.01198
   0.01140
   0.01092
   0.01049
   0.01010
   0.00975
   0.00944
   0.00915
   0.00889
   0.00866
   0.00844
   0.00824
   0.00806
   0.00789
   0.00773
   0.00759
   0.00746
   0.00734
   0.00723
   0.00714
   0.00708
   0.00704
   0.00706
   0.00714
   0.00735
   0.00774
   0.00822
   0.00852
   0.00865
   0.00879
   0.00894
   0.00907
   0.00920
   0.00938
   0.00948
   0.00976
   0.00965
   0.01071
   0.00853
   0.01535
   0.00614
   0.00429
   0.00866
   0.01197
   0.00566
   0.00540
   0.01319
   0.00402
   0.00823
   0.00858
   0.00366
   0.00629
   0.05209
   0.00840
   0.04094
   0.01024
   0.03737
   0.00827
   0.03514
