   0.78996
   0.78976
   0.81223
   0.80044
   0.79152
   0.78666
   0.78176
   0.77590
   0.77118
   0.76929
   0.76833
   0.77200
   0.76969
   0.76532
   0.76319
   0.76186
   0.76398
   0.75353
   0.75179
   0.74941
   0.74844
   0.74865
   0.75796
   0.74817
   0.74834
   0.74726
   0.74573
   0.74580
   0.74571
   0.74680
   0.74542
   0.74701
   0.74591
   0.74642
   0.74509
   0.74513
   0.74216
   0.73867
   0.73851
   0.73251
   0.72756
   0.72177
   0.71728
   0.70829
   0.69889
   0.69535
   0.68689
   0.66352
   0.66217
   0.65355
   0.64144
   0.63466
   0.61675
   0.62009
   0.61348
   0.60697
   0.59974
   0.59242
   0.56788
   0.55836
   0.55000
   0.54286
   0.53584
   0.52824
   0.52045
   0.51232
   0.50438
   0.49677
   0.48948
   0.48247
   0.47582
   0.46958
   0.46360
   0.45816
   0.45275
   0.44789
   0.44293
   0.43834
   0.43354
   0.42922
   0.42438
   0.41971
   0.41473
   0.40908
   0.40289
   0.39613
   0.38887
   0.38121
   0.37329
   0.36527
   0.35748
   0.34948
   0.34188
   0.33407
   0.32716
   0.32013
   0.31371
   0.30746
   0.30141
   0.29576
   0.29018
   0.28515
   0.27988
   0.27531
   0.27040
   0.26629
   0.26156
   0.25785
   0.25332
   0.25027
   0.24561
   0.24260
   0.23836
   0.23536
   0.23148
   0.22863
   0.22528
   0.22160
   0.21914
   0.21541
   0.21249
   0.20921
   0.20560
   0.20316
   0.19952
   0.19708
   0.19435
   0.19145
   0.18927
   0.18620
   0.18273
   0.17971
   0.17674
   0.17377
   0.17094
   0.16787
   0.16549
   0.16261
   0.15982
   0.15709
   0.15425
   0.15163
   0.14876
   0.14606
   0.14351
   0.14072
   0.13819
   0.13560
   0.13304
   0.13053
   0.12807
   0.12557
   0.12313
   0.12074
   0.11836
   0.11601
   0.11340
   0.11138
   0.10882
   0.10661
   0.10443
   0.10225
   0.10006
   0.09795
   0.09568
   0.09357
   0.09150
   0.08943
   0.08736
   0.08519
   0.08342
   0.08153
   0.07972
   0.07772
   0.07570
   0.07366
   0.07173
   0.06968
   0.06772
   0.06581
   0.06396
   0.06203
   0.06017
   0.05834
   0.05659
   0.05483
   0.05319
   0.05151
   0.04997
   0.04843
   0.04684
   0.04544
   0.04398
   0.04253
   0.04108
   0.03970
   0.03833
   0.03699
   0.03573
   0.03444
   0.03319
   0.03198
   0.03078
   0.02962
   0.02847
   0.02735
   0.02627
   0.02521
   0.02411
   0.02314
   0.02213
   0.02140
   0.02007
   0.01929
   0.01821
   0.01702
   0.01564
   0.01410
   0.01253
   0.01174
   0.07474
   0.00769
   0.00757
   0.00841
   0.01556
   0.02624
   0.01118
   0.01735
   0.02024
   0.01158
   0.01407
   0.01754
   0.01108
   0.01430
   0.01407
   0.01005
   0.01040
   0.00985
   0.00913
   0.00828
   0.00734
   0.00678
   0.00634
   0.00594
   0.00555
   0.00537
   0.00527
   0.00500
   0.00471
   0.00451
   0.00431
   0.00415
   0.00399
   0.00387
   0.00374
   0.00364
   0.00354
   0.00345
   0.00337
   0.00329
   0.00321
   0.00313
   0.00306
   0.00299
   0.00291
   0.00282
   0.02711
   0.00687
   0.00674
   0.00653
   0.00635
   0.00618
   0.00602
   0.00588
   0.00576
   0.00564
   0.00554
   0.00546
   0.00540
   0.00536
   0.00536
   0.00537
   0.00527
   0.00425
   0.00426
   0.00427
   0.00419
   0.00419
   0.00415
   0.00414
   0.00412
   0.00412
   0.00411
   0.00411
   0.00410
   0.00410
   0.00409
   0.00409
   0.00407
   0.00406
   0.00404
   0.00403
   0.00400
   0.00399
   0.00397
   0.00396
   0.00391
   0.00394
   0.00379
   0.00398
   0.00372
   0.00377
   0.04554
   0.00235
   0.00731
   0.00789
   0.00774
   0.00701
   0.00653
   0.00604
   0.00567
   0.00530
   0.00498
   0.00465
   0.00434
   0.00397
   0.00365
   0.00333
   0.00314
   0.00284
   0.00282
   0.00273
   0.00285
   0.00426
   0.00485
   0.00829
   0.00837
   0.00785
   0.00800
   0.00725
   0.00755
   0.00698
   0.00696
   0.00680
   0.00645
   0.00611
   0.00588
   0.00561
   0.00536
   0.00511
   0.00487
   0.00468
   0.00446
   0.00427
   0.00409
   0.00391
   0.00375
   0.00360
   0.00347
   0.00331
   0.00320
   0.00308
   0.00295
   0.00285
   0.00274
   0.00264
   0.00255
   0.00246
   0.00238
   0.00229
   0.00222
   0.00214
   0.00208
   0.00201
   0.00194
   0.00188
   0.00183
   0.00177
   0.00172
   0.00166
   0.00162
   0.00157
   0.00152
   0.00148
   0.00144
   0.00140
   0.00137
   0.00133
   0.00130
   0.00126
   0.00123
   0.00120
   0.00117
   0.00114
   0.00111
   0.00108
   0.00105
   0.00103
   0.00100
   0.00097
   0.00093
   0.00092
   0.00090
   0.00086
   0.00085
   0.00082
   0.00079
   0.00078
   0.00075
   0.00073
   0.00071
   0.00069
   0.00066
   0.00063
   0.00062
   0.00059
   0.00057
   0.00055
   0.00053
   0.00051
   0.00049
   0.00047
   0.00045
   0.00043
   0.00042
   0.00041
   0.00038
   0.00037
   0.00036
   0.00035
   0.00034
   0.00033
   0.00032
   0.00031
   0.00030
   0.00029
   0.00028
   0.00027
   0.00026
   0.00025
   0.00024
   0.00024
   0.00023
   0.00022
   0.00021
   0.00021
   0.00020
   0.00019
   0.00019
   0.00018
   0.00018
   0.00017
   0.00016
   0.00016
   0.00015
   0.00015
   0.00014
   0.00014
   0.00013
   0.00013
   0.00013
   0.00012
   0.00012
   0.00011
   0.00011
   0.00011
   0.00010
   0.00010
   0.00010
   0.00009
   0.00009
   0.00008
   0.00008
   0.00008
   0.00007
   0.42125
   0.00033
   0.00032
   0.00029
   0.00027
   0.00026
   0.00025
   0.00023
   0.00022
   0.00021
   0.00020
   0.00020
   0.00019
   0.00018
   0.00018
   0.00017
   0.00016
   0.00016
   0.00015
   0.00014
   0.00014
   0.00013
   0.00013
   0.00013
   0.00012
