   0.68455
   0.68073
   0.67323
   0.66691
   0.66233
   0.65769
   0.65335
   0.64936
   0.64561
   0.64288
   0.64357
   0.63979
   0.63494
   0.62986
   0.62392
   0.62137
   0.61703
   0.61070
   0.60445
   0.59816
   0.59115
   0.58103
   0.57049
   0.56356
   0.55305
   0.54769
   0.53856
   0.52871
   0.51668
   0.50881
   0.50393
   0.50744
   0.50244
   0.49843
   0.49443
   0.48853
   0.48128
   0.47421
   0.46562
   0.45602
   0.44439
   0.43051
   0.41087
   0.39532
   0.37316
   0.35661
   0.33789
   0.32579
   0.30998
   0.29860
   0.28810
   0.27882
   0.27070
   0.26466
   0.25762
   0.25176
   0.24616
   0.24202
   0.23625
   0.23161
   0.22568
   0.22334
   0.21776
   0.21100
   0.20659
   0.20231
   0.19416
   0.18878
   0.18252
   0.17854
   0.17230
   0.16672
   0.15870
   0.15355
   0.14822
   0.14179
   0.13499
   0.13121
   0.12770
   0.12417
   0.12295
   0.11888
   0.12140
   0.11583
   0.11611
   0.11886
   0.12311
   0.12615
   0.13455
   0.14157
   0.14629
   0.15590
   0.16625
   0.16544
   0.15791
   0.13894
   0.11951
   0.09667
   0.07922
   0.06559
   0.05475
   0.05547
   0.05757
   0.05367
   0.05309
   0.05129
   0.04996
   0.04922
   0.04811
   0.04772
   0.04586
   0.04751
   0.04611
   0.04448
   0.04198
   0.04264
   0.03952
   0.03999
   0.03936
   0.03971
   0.03764
   0.03547
   0.03391
   0.03239
   0.03349
   0.03589
   0.02963
   0.02983
   0.03085
   0.03079
   0.01661
   0.04221
   0.04218
   0.03901
   0.03980
   0.01913
   0.15400
   0.03013
   0.24636
   0.00983
   0.26211
   0.29071
   0.27968
   0.23217
   0.07113
   0.21605
   0.01606
   0.11584
   0.00854
   0.04569
   0.07009
   0.10095
   0.15454
   0.17841
   0.17634
   0.16428
   0.14049
   0.12108
   0.12313
   0.06239
   0.01696
   0.01416
   0.05744
   0.08207
   0.16800
   0.01952
   0.04177
   0.04458
   0.08291
   0.01105
   0.02214
   0.28619
   0.15868
   0.00763
   0.10554
   0.03400
   0.02310
   0.02468
   0.02231
   0.02202
   0.03181
   0.03787
   0.01461
   0.03957
   0.06557
   0.04296
   0.03465
   0.00965
   0.01079
   0.01381
   0.02801
   0.04775
   0.06479
   0.04856
   0.03539
   0.00667
   0.00594
   0.04356
   0.00554
   0.00588
   0.00996
   0.00469
   0.00434
   0.00503
   0.03032
   0.00377
   0.02135
   0.01411
   0.00408
   0.02018
   0.01811
   0.00598
   0.00313
   0.00289
   0.00295
   0.01761
   0.02344
   0.00252
   0.00233
   0.00223
   0.10179
   0.04942
   0.03613
   0.03697
   0.03309
   0.03486
   0.03711
   0.03893
   0.03673
   0.03670
   0.03513
   0.03184
   0.02783
   0.02439
   0.02225
   0.02112
   0.02051
   0.01973
   0.01980
   0.02025
   0.01984
   0.01854
   0.01740
   0.01679
   0.01683
   0.01726
   0.01781
   0.01816
   0.01740
   0.01550
   0.01510
   0.01555
   0.01718
   0.03601
   0.02707
   0.02201
   0.01833
   0.01659
   0.01505
   0.01425
   0.01244
   0.00915
   0.00897
   0.00869
   0.00812
   0.00714
   0.00658
   0.00647
   0.00477
   0.00429
   0.00371
   0.00431
   0.00512
   0.00248
   0.00386
   0.00351
   0.00281
   0.00763
   0.00581
   0.00524
   0.00503
   0.00445
   0.00389
   0.00339
   0.00320
   0.00327
   0.00315
   0.00307
   0.00304
   0.00280
   0.00380
   0.00361
   0.00312
   0.00312
   0.00354
   0.00314
   0.00302
   0.00247
   0.00249
   0.00224
   0.00122
   0.03482
   0.01381
   0.00691
   0.00464
   0.00404
   0.00391
   0.00402
   0.00360
   0.00281
   0.00265
   0.00344
   0.00284
   0.00287
   0.00265
   0.00250
   0.00233
   0.00218
   0.00205
   0.00201
   0.00197
   0.00170
   0.00161
   0.00126
   0.00151
   0.00140
   0.00132
   0.00132
   0.00122
   0.00119
   0.00118
   0.00118
   0.00122
   0.01306
   0.00099
   0.00097
   0.00093
   0.00088
   0.00084
   0.00080
   0.00077
   0.00075
   0.00072
   0.00100
   0.00065
   0.00113
   0.00059
   0.00056
   0.00054
   0.00094
   0.00072
   0.00054
   0.82214
   0.06063
   0.04591
   0.03934
   0.03532
   0.03261
   0.03022
   0.02817
   0.02826
   0.02939
   0.03181
   0.03553
   0.04043
   0.04746
   0.05547
   0.06980
   0.08422
   0.09315
   0.05907
   0.11533
   0.10711
   0.09512
   0.05961
   0.06001
   0.04809
   0.04678
   0.04747
   0.04752
   0.04382
   0.03846
   0.03411
   0.03157
   0.03195
   0.04077
   0.00731
   1.42068
   0.02923
   0.02013
   0.01573
   0.01435
   0.01355
   0.01257
   0.01189
   0.01059
   0.01018
   0.00924
   0.00845
   0.00766
   0.00686
   0.00586
   0.00489
   0.00446
   0.00413
   0.00367
   0.00343
   0.00254
   0.00201
   0.00195
   0.00206
   0.00168
   0.00161
   0.00168
   0.00154
   0.00138
   0.00120
   0.00152
   0.00145
   0.00138
   0.00145
   0.00139
   0.05470
   0.01056
   0.00762
   0.00607
   0.00487
   0.00355
   0.00265
   0.00214
   0.00180
   0.00163
   0.00150
   0.00140
   0.00133
   0.00127
   0.00123
   0.00121
   0.00119
   0.00120
   0.00209
   0.00246
   0.00085
   0.00094
   0.00092
   0.00089
   0.00086
   0.00084
   0.00082
   0.00081
   0.00080
   0.00079
   0.00083
   0.00104
   0.00076
   0.00085
   0.00080
   0.00067
   0.00086
   0.00097
   0.03601
   0.01441
   0.01063
   0.00836
   0.00667
   0.00548
   0.00463
   0.00397
   0.00353
   0.00319
   0.00285
   0.00257
   0.00229
   0.00204
   0.00199
   0.00174
   0.00157
   0.00143
   0.00126
   0.00115
   0.00105
   0.00106
   0.00092
   0.00091
   0.00088
   0.00074
   0.00071
   0.00267
   0.00068
   0.01341
   0.00448
   0.00310
   0.00250
   0.00210
   0.00174
   0.00146
   0.00127
   0.00115
   0.00106
   0.00100
   0.00095
   0.00094
   0.00082
   0.00078
   0.00068
   0.00063
   0.00061
   0.04035
   0.00450
   0.00336
   0.00270
   0.00218
   0.00186
   0.00162
   0.00144
   0.00129
   0.00116
   0.00106
   0.00097
   0.00090
   0.00084
   0.00078
   0.00073
   0.00069
   0.00066
   0.00063
   0.00060
   0.00059
   0.00058
   0.00061
   0.00055
   0.00055
   0.00055
   0.00054
   0.00051
   0.00045
   0.00056
   0.00046
   0.00046
   0.00047
   0.00043
   0.00036
   0.69232
   0.00324
   0.00205
   0.00149
   0.00112
   0.00089
   0.00075
   0.00065
   0.00058
   0.00053
   0.00049
   0.00046
   0.00044
   0.00042
   0.00040
   0.00038
   0.00036
   0.00035
   0.00034
   0.00032
   0.00031
   0.00030
   0.00030
   0.00029
   0.00029
   0.00029
   0.00032
   0.00030
   0.00029
   0.00028
   0.00028
   0.00027
   0.00398
   0.00260
   0.00191
   0.00145
   0.00116
   0.00096
   0.00082
   0.00071
   0.00063
   0.00057
   0.00052
   0.00047
   0.00043
   0.00040
   0.00036
   0.00033
   0.00031
   0.00030
   0.00028
   0.00027
   0.00026
   0.00025
   0.00024
   0.00023
   0.00022
   0.00021
   0.00020
   0.00020
   0.00019
   0.00018
   0.00018
   0.00017
   0.00017
   0.00016
   0.00016
   0.00017
   0.00017
   0.00017
   0.00017
   0.00016
   0.00015
   0.00088
   0.00065
   0.00052
   0.00044
   0.00039
   0.00035
   0.00031
   0.00029
   0.00027
   0.00025
   0.00023
   0.00022
   0.00021
   0.00020
   0.00019
   0.00018
   0.00017
   0.00016
   0.00015
   0.00015
   0.00014
   0.00014
   0.00012
   0.00012
   0.00011
   0.00011
   0.00010
   0.00010
   0.00010
   0.00010
   0.00009
   0.00009
   0.00009
   0.00009
   0.00008
   0.00008
   0.10611
   0.05923
   0.04495
   0.03548
   0.02912
   0.02414
   0.02098
   0.01761
   0.01631
   0.01514
   0.01360
   0.01206
   0.01134
   0.01069
   0.01016
   0.00963
   0.00918
   0.00870
   0.00831
   0.00786
   0.00758
   0.00712
   0.00694
   0.00653
   0.00621
   0.00592
   0.00566
   0.00544
   0.00523
   0.00500
   0.00478
   0.00456
   0.00435
   0.00415
   0.00396
   0.00378
   0.00360
   0.00343
   0.00327
   0.00311
   0.00296
   0.00282
   0.00268
   0.00255
   0.00243
   0.00231
   0.00224
   0.26297
   0.00465
   0.00448
   0.00410
   0.00350
   0.00292
   0.00263
   0.00257
   0.00266
   0.00274
   0.00264
   0.00269
   0.00400
   0.00588
   0.00576
   0.00593
   0.00679
   0.00659
   0.00619
   0.00581
   0.00561
   0.00581
   0.00542
   0.00493
   0.00440
   0.00384
   0.00364
   0.00387
   0.00394
   0.00379
   0.00346
   0.00239
   0.00207
   0.00196
   0.00176
   0.00166
   0.00154
   0.00148
   0.00094
   0.27695
   0.00773
   0.00459
   0.00324
   0.00255
   0.00212
   0.00184
   0.00166
   0.00154
   0.00145
   0.00140
   0.00137
   0.00136
   0.00136
   0.00136
   0.00137
   0.00145
   0.00144
   0.00135
   0.00112
   0.00095
   0.00091
   0.00089
   0.00090
   0.00095
   0.00090
   0.00082
   0.00090
   0.00081
   0.00086
   0.00085
   0.00085
   0.00087
   0.00089
   0.00089
   0.00090
   0.00095
   0.00105
   0.00175
   0.00216
   0.00191
   0.00175
   0.00168
   0.00164
   0.00157
   0.00147
   0.00137
   0.00129
   0.00111
   0.00160
   0.00159
   0.00145
   0.00135
   0.00119
   0.00057
   0.00108
   0.00095
   0.00078
   0.00082
   0.00083
   0.00078
   0.00068
   0.00055
   0.00049
   0.00050
   0.00040
   0.00044
   0.00034
   0.00035
   0.00032
   0.00025
   0.00027
   0.00025
   0.00022
   0.00021
   0.00018
   0.00018
   0.00017
  11.77559
   0.00500
   0.00354
   0.00276
   0.00221
   0.00181
   0.00151
   0.00127
   0.00106
   0.00090
   0.00078
   0.00068
   0.00060
   0.00053
   0.00047
   0.00042
   0.00038
   0.00034
   0.00031
   0.00029
   0.00026
   0.00024
   0.00022
   0.00021
   0.00019
   0.00018
   0.00016
   0.00015
   0.00014
   0.00013
   0.00012
   0.00011
   0.00011
   0.00010
   0.00009
   0.00009
   0.00008
   0.00008
   0.00008
   0.00007
   0.00007
   0.00006
   0.00006
   0.00006
   0.00005
   0.10384
   0.00311
   0.00266
   0.00234
   0.00204
   0.00175
   0.00156
   0.00140
   0.00127
   0.00115
   0.00105
   0.00096
   0.00088
   0.00080
   0.00074
   0.00068
   0.00063
   0.00058
   0.00054
   0.00050
   0.00046
   0.00043
   0.00040
   0.00038
   0.00035
   0.00033
   0.00031
   0.00029
   0.00027
   0.00025
   0.00023
   0.00022
   0.00021
   0.00019
   0.00018
   0.00017
   0.00016
   0.00015
   0.00014
   0.00013
   0.00012
   0.00012
   0.00011
   0.00010
   0.00009
   0.00009
   0.00008
   0.00008
   0.00007
   0.00007
   8.04067
   0.01678
   0.01188
   0.00895
   0.00700
   0.00558
   0.00458
   0.00391
   0.00337
   0.00295
   0.00255
   0.00223
   0.00197
   0.00176
   0.00157
   0.00142
   0.00128
   0.00118
   0.00106
   0.00098
   0.00089
   0.00083
   0.00077
   0.00071
   0.00066
   0.00061
   0.00057
   0.00053
   0.00050
   0.00047
   0.00045
   0.00042
   0.00040
   0.00047
   0.00043
   0.00078
   0.00078
   0.00079
   0.00081
   0.00081
   0.00082
   0.00081
   0.00081
   0.00079
   0.00077
   0.00074
   0.00071
   0.00069
   0.00066
   0.00064
   0.00061
   0.00059
   0.00056
   0.00053
   0.00050
   0.00047
   0.00045
   0.00037
   0.00037
   0.00034
   0.00033
   0.00032
   0.00031
   0.00031
   0.00029
   0.00028
   0.00026
   0.00026
   0.00027
   0.11122
   0.01318
   0.01072
   0.00929
   0.00811
   0.00713
   0.00632
   0.00567
   0.00513
   0.00461
   0.00416
   0.00378
   0.00341
   0.00308
   0.00282
   0.00253
   0.00230
   0.00211
   0.00193
   0.00177
   0.00163
