   0.71596
   0.70698
   0.70352
   0.69940
   0.69738
   0.69513
   0.69468
   0.69434
   0.69283
   0.69252
   0.69187
   0.68922
   0.68844
   0.68853
   0.68486
   0.68349
   0.68189
   0.68102
   0.68012
   0.67863
   0.67689
   0.67497
   0.67247
   0.66990
   0.66695
   0.66429
   0.66143
   0.65805
   0.65545
   0.65753
   0.65812
   0.65573
   0.65923
   0.65359
   0.64722
   0.64106
   0.63647
   0.62736
   0.61901
   0.61132
   0.60351
   0.59556
   0.58841
   0.58161
   0.57515
   0.56911
   0.56335
   0.55942
   0.57224
   0.56947
   0.56317
   0.56052
   0.56502
   0.56285
   0.56161
   0.56349
   0.57059
   0.58190
   0.56961
   0.56878
   0.55682
   0.56324
   0.54954
   0.56074
   0.55300
   0.55115
   0.53539
   0.52306
   0.50802
   0.50613
   0.48445
   0.46797
   0.45719
   0.46231
   0.46071
   0.47836
   0.50642
   0.53914
   0.60580
   0.62018
   0.60395
   0.62127
   0.53870
   0.55060
   0.49385
   0.49465
   0.25670
   0.31586
   0.26496
   0.20237
   0.21242
   0.38628
   0.28165
   1.34720
   0.34333
   0.09939
   0.05483
   0.06117
   0.09000
   0.10248
   0.09950
   0.04458
   0.09437
   0.09230
   0.07350
   0.08883
   0.08901
   0.03320
   0.04614
   0.03178
   0.02961
   0.03109
   0.02357
   0.02222
   0.08122
   0.41712
   0.02167
   0.45179
   0.03349
   0.01223
   0.01186
   0.03225
   0.01200
   0.13508
   0.07241
   0.06768
   0.48833
   0.20450
   0.14305
   0.24700
   0.38835
   0.07272
   0.06190
   0.02226
   0.02097
   0.01977
   0.01850
   0.01702
   0.01973
   0.01494
   0.09652
   0.05573
   0.06463
   0.02345
   0.01603
   0.01316
   0.01548
   0.01130
   0.01145
   0.01454
   0.01909
   0.01962
   0.04865
   0.01207
   0.01121
   0.01749
   0.03415
   0.01189
   0.01256
   0.01247
   0.01772
   0.09680
   0.01434
   0.01203
   0.01430
   0.01176
   0.03123
   0.01253
   0.00919
   0.15768
   0.01171
   0.00592
   0.02240
   0.01029
   0.02889
   0.00795
   0.01773
   0.03924
   0.01417
   0.00448
   0.05992
   0.04425
   0.02858
   0.08027
   0.02834
   0.01510
   0.02858
   0.01587
   0.04851
   0.04530
   0.01995
   0.02083
   0.02130
   0.02460
   0.02417
   0.03114
   0.05020
   0.03619
   0.04379
   0.03303
   0.01289
   0.02215
   0.04318
   0.03649
   0.06147
   0.07385
   0.06415
   0.02764
   0.05879
   0.03211
   0.01215
   0.00980
   0.00605
   0.00666
   0.23107
   0.19050
   0.17538
   0.16311
   0.15080
   0.14718
   0.14385
   0.14153
   0.13980
   0.13916
   0.14141
   0.15298
   0.12684
   0.15961
   0.17743
   0.23951
   0.25202
   0.07577
   0.20452
   0.06086
   0.07780
   0.19842
   0.08996
   0.15555
   0.02997
   0.04559
   0.06195
   0.07023
   0.07380
   0.07521
   0.07474
   0.08887
   0.06709
   0.21542
   0.94551
   0.92430
   0.94399
   0.64719
   0.55966
   0.54688
   0.58656
   0.67577
   0.90363
   0.89551
   0.84459
   0.72588
   0.62214
   0.59138
   0.56304
   0.50412
   0.48941
   0.56110
   0.01089
   0.02035
   0.01082
   0.00983
   0.56293
   0.62339
   0.01641
   0.00812
   0.00798
   0.01582
   0.01670
   0.00828
   0.00889
   0.01275
   0.01252
   0.01626
   0.00965
   0.00927
   0.01723
   0.01190
   0.01190
   0.01570
   0.01400
   0.01721
   0.01208
   0.01525
   0.01284
   0.46569
   0.00821
   0.01716
   0.00960
   0.00889
   0.01026
   0.00525
   0.01505
   0.00875
   0.00772
   0.00868
   0.00529
   0.20088
   0.00523
   0.00635
   0.00693
   0.02264
   0.01228
   0.00993
   0.00325
   0.00261
   0.00782
   0.00375
   0.00391
   0.00460
   0.00554
   0.00309
   0.00360
   0.00391
   0.00492
   0.00591
   0.00312
   0.00309
   0.00299
   0.00293
   0.00306
   0.00356
   0.00455
   0.00178
   0.24228
   0.00179
   0.00178
   0.00186
   0.00211
   0.00251
   0.00241
   0.00736
   0.00696
   0.00655
   0.00621
   0.00587
   0.00573
   0.00585
   0.00644
   0.00726
   0.00785
   0.00731
   0.00402
   0.00441
   0.00424
   0.00411
   0.00431
   0.00487
   0.00560
   0.00651
   0.00672
   0.00565
   0.00240
   0.00287
   0.00305
   0.00321
   0.00334
   0.00338
   0.00335
   0.00328
   0.00326
   0.00351
   0.00408
   0.00483
   0.00575
   0.00604
   0.00516
   0.00198
   0.00235
   0.00251
   0.00266
   0.00278
   0.00285
   0.00285
   0.00281
   0.00274
   0.00279
   0.00314
   0.00376
   0.00499
   0.00546
   0.00519
   0.00435
   0.00319
   0.00168
   0.00130
   0.00137
   0.00148
   0.00160
   0.00171
   0.00179
   0.00184
   0.00182
   0.00173
   0.00162
   0.00171
   0.00184
   0.00222
   0.00175
   0.00151
   0.06738
   0.00191
   0.00182
   0.00167
   0.00150
   0.00133
   0.00121
   0.00113
   0.00106
   0.20329
   0.00134
   0.00123
   0.00109
   0.00097
   0.00088
   0.00083
   0.00070
   0.00658
   0.00114
   0.00116
   0.00121
   0.00125
   0.00124
   0.00116
   0.00105
   0.00094
   0.00087
   0.00083
   0.00061
   0.00075
   0.00086
   0.00092
   0.00098
   0.00102
   0.00099
   0.00091
   0.00083
   0.00077
   0.00071
   0.00070
   0.00048
   0.27548
   0.45000
   0.42120
   0.39930
   0.38543
   0.38156
   0.37075
   0.36020
   0.35524
   0.34949
   0.34715
   0.34547
   0.33594
   0.32768
   0.33010
   0.33734
   0.34224
   0.34772
   0.35881
   0.36749
   0.37650
   0.38031
   0.38927
   0.39337
   0.39134
   0.38742
   0.38163
   0.37625
   0.36913
   0.36189
   0.35743
   0.35214
   0.34722
   0.34174
   0.33820
   0.33609
   0.33402
   0.33203
   0.33043
   0.32844
   0.32646
   0.32518
   0.32441
   0.32346
   0.32261
   0.32073
   0.31851
   0.31612
   0.31538
   0.31120
   0.30633
   0.30100
   0.29368
   0.29079
   0.28237
   0.27064
   0.26069
   0.24831
   0.23339
   0.21731
   0.19874
   0.18152
   0.16031
   0.14445
   0.12684
   0.11115
   0.09680
   0.08313
   0.07166
   0.06078
   0.05139
   0.04240
   0.03465
   0.02803
   0.02323
   0.01894
   0.01546
   0.02932
   0.01573
   0.04830
   0.04900
   0.05177
   0.05601
   0.06179
   0.06825
   0.07489
   0.08097
   0.08883
   0.09525
   0.09881
   0.09960
   0.09428
   0.08891
   0.08420
   0.08832
   0.10217
   0.11298
   0.12301
   0.13193
   0.13958
   0.14575
   0.15110
   0.15559
   0.15942
   0.16233
   0.16452
   0.16532
   0.16507
   0.16266
   0.16364
   0.15899
   0.16748
   0.16858
   0.16968
   0.18061
   0.19181
   0.19774
   0.20361
   0.21124
   0.22234
   0.22468
   0.25863
   0.27739
   0.31937
   0.34327
   0.27002
   0.20603
   0.28117
   0.23355
   0.19015
   0.10841
   0.09459
   0.11959
   0.09725
   0.09033
   0.02383
   0.01019
   0.02019
   0.00398
   0.00716
   0.00466
   0.00484
   0.00583
   0.00315
   0.00720
   0.02078
   0.00441
   0.01663
   0.00443
   0.00355
   0.00169
   0.00196
   0.00199
   0.00159
   0.00166
   0.00195
   0.00173
   0.00217
   0.00172
   0.00168
   0.00200
   0.00133
   0.00134
   0.00162
   0.00143
   0.00190
   0.00112
   0.00112
   0.00125
   0.00142
   0.00167
   0.00201
   0.00095
   0.00102
   0.00113
   0.00122
   0.00135
   0.00154
   0.00088
   0.00098
   0.00107
   0.00118
   0.00127
   0.00136
   0.00081
   0.00080
   0.00080
   0.00081
   0.00083
   0.00085
   0.00088
   0.00091
   0.00093
   0.00095
   0.00096
   0.74149
   0.00070
   0.00071
   0.00072
   0.00071
   0.00069
   0.00067
   0.00066
   0.00064
   0.00062
   0.00061
   0.00059
   0.00058
   0.00057
   0.00056
   0.00055
   0.00055
   0.00054
   0.00055
   0.00057
   0.00058
   0.00061
   0.00065
   0.00065
   0.00069
   0.00090
   0.00044
   0.00046
   0.00047
   0.00044
   0.00046
   0.00043
   0.00044
   0.00042
   0.00042
   0.00040
   0.00038
   0.00036
   0.00036
   0.00040
   0.00047
   0.00039
   0.00038
   0.00037
   0.00035
   0.00033
   0.00034
   0.00036
   0.00040
   0.00049
   0.00032
   0.00035
   0.00039
   0.00033
   0.00033
   0.00033
   0.00032
   0.00031
   0.00029
   0.00030
   0.00032
   0.00034
   0.00038
   0.00046
   0.00030
   0.00030
   0.00030
   0.00030
   0.00030
   0.00029
   0.00027
   0.00026
   0.00028
   0.00030
   0.00033
   0.00037
   0.00046
   0.00053
   0.00052
   0.00024
   0.00023
   0.00021
   0.00024
   0.00027
   0.00031
   0.00036
   0.00042
   0.00057
   0.00019
   0.00021
   0.00022
   0.00025
   0.00022
   0.00023
   0.00024
   0.00022
   0.00021
   0.00022
   0.00023
   0.00022
   0.00021
   0.00020
   0.00019
   0.00019
   0.00021
   0.00023
   0.00026
   0.00031
   0.00031
   0.00036
   0.00023
   0.00021
   0.00022
   0.00021
   0.00019
   0.00019
   0.00020
   0.00023
   0.00023
   0.00025
   0.00025
   0.00023
   0.00022
   0.00023
   0.00023
   0.00023
   0.00022
   0.00021
   0.00020
   0.00020
   0.00020
   0.00022
   0.00023
   0.00026
   0.00039
   0.00021
   0.00022
   0.00022
   0.00022
   0.00022
   0.00023
   0.00023
   0.00023
   0.00022
   0.00021
   0.00022
   0.00022
   0.00021
   0.00021
   0.00020
   0.00019
   0.00020
   0.00021
   0.00024
   0.00027
   0.00027
   2.73688
   0.89793
   0.69346
   0.70840
   0.71445
   0.71588
   0.71622
   0.71634
   0.71640
   0.71644
   0.71648
   0.71650
   0.71653
   0.71655
   0.71656
   0.71657
   0.71658
   0.71659
   0.71660
   0.71660
   0.71661
   0.71661
   0.71661
   0.71661
   0.71661
   0.71661
   0.71661
   0.71661
   0.71662
   0.71662
   0.71662
   0.71662
   0.71662
   0.71662
   0.71662
   0.71662
   0.71662
   0.71662
   0.71662
   0.71662
   0.71661
   0.71661
   0.71661
   0.71661
   0.71661
   0.71661
   0.71661
   0.71661
   0.71661
   0.71661
   0.71661
   0.71661
   0.71661
   0.71661
   0.71661
   0.71661
   0.71661
   0.71661
   0.71661
   0.71661
   0.71661
   0.71661
   0.71661
   0.71661
   0.71661
   0.71661
   0.71661
   0.71661
   0.71661
   0.71661
   0.71661
   0.71661
   0.71661
   0.71661
   0.71661
   0.71661
   0.71661
   0.71661
   0.71661
   0.71661
   0.71661
   0.71661
   0.71661
   0.71661
   0.71661
   0.71661
   0.71661
   0.71661
   0.71661
   0.71661
   0.71661
   0.71661
   0.71661
   0.71661
   0.71661
   0.71661
   0.71661
   0.71661
   0.71661
   0.71661
   0.71661
   0.71661
   0.71661
   0.71661
   0.71660
   0.71660
   0.71660
   0.71660
   0.71660
   0.71660
   0.71660
   0.71660
   0.71660
   0.71660
   0.71660
   0.71660
   0.71660
   0.71660
   0.71660
   0.71660
   0.71660
   0.71660
   0.71660
   0.71660
   0.71660
   0.71660
   0.71660
   0.71660
   0.71660
   0.71660
   0.71660
   0.71660
   0.71660
   0.71660
   0.71660
   0.71660
   0.71660
   0.71660
   0.71660
   0.71660
   0.71660
   0.71660
   0.71660
   0.71660
   0.71660
   0.71660
   0.71660
   0.71660
   0.71660
   0.71660
   0.71660
   0.71660
   0.71660
   0.71660
   0.71660
   0.71660
   0.71660
   0.71660
   0.71660
   0.71660
   0.71660
   0.71660
   0.71660
   0.71660
   0.71660
   0.71660
   0.71660
   0.71660
   0.71659
   0.71659
   0.71659
   0.71659
   0.71659
   0.71659
   0.71659
   0.71659
   0.71659
   0.71659
   0.71659
   0.71659
   0.71659
   0.71659
   0.71659
   0.71659
   0.71659
   0.71659
   0.71659
   0.71659
   0.71659
   0.71659
   0.71659
   0.71659
   0.71659
   0.71659
   0.71659
   0.71659
   0.71659
   0.71659
   0.71659
   0.71659
