   0.85316
   0.84317
   0.87720
   0.84986
   0.84525
   0.83925
   0.83057
   0.82383
   0.81687
   0.81103
   0.79177
   0.77789
   0.76742
   0.75555
   0.74296
   0.73034
   0.72566
   0.71233
   0.71865
   0.70053
   0.68994
   0.67931
   0.67449
   0.67141
   0.66752
   0.66510
   0.66392
   0.66250
   0.66164
   0.66189
   0.66071
   0.65934
   0.65876
   0.65823
   0.65717
   0.65727
   0.65700
   0.65681
   0.65699
   0.65747
   0.65703
   0.66620
   0.68368
   0.68208
   0.68637
   0.70303
   0.74833
   0.76190
   0.75664
   0.78403
   0.77598
   0.77368
   0.77468
   0.77534
   0.77285
   0.77173
   0.77051
   0.76879
   0.76883
   0.76684
   0.76597
   0.76508
   0.76283
   0.76222
   0.75984
   0.75784
   0.75600
   0.75332
   0.75083
   0.74823
   0.74595
   0.74278
   0.73980
   0.73708
   0.73354
   0.73051
   0.72685
   0.72302
   0.71957
   0.71566
   0.71169
   0.70826
   0.70395
   0.70053
   0.69530
   0.69101
   0.68673
   0.68278
   0.67833
   0.67386
   0.66951
   0.65284
   0.65042
   0.64808
   0.64434
   0.64012
   0.63563
   0.63077
   0.62571
   0.61973
   0.61468
   0.60992
   0.60330
   0.59744
   0.59138
   0.58618
   0.58010
   0.57347
   0.56783
   0.56166
   0.55467
   0.54756
   0.54036
   0.53572
   0.53033
   0.52341
   0.51616
   0.50858
   0.49999
   0.49460
   0.48444
   0.47846
   0.47275
   0.46629
   0.46184
   0.45410
   0.44591
   0.43921
   0.43458
   0.42825
   0.42396
   0.41894
   0.41506
   0.41125
   0.40820
   0.40529
   0.40156
   0.39968
   0.39864
   0.39750
   0.39701
   0.39652
   0.39647
   0.39768
   0.40051
   0.40255
   0.40442
   0.40633
   0.40769
   0.40876
   0.40866
   0.40852
   0.40773
   0.40609
   0.40422
   0.40382
   0.40142
   0.39868
   0.39644
   0.39467
   0.39216
   0.38840
   0.38578
   0.38292
   0.37962
   0.37694
   0.37299
   0.37012
   0.36621
   0.36422
   0.36085
   0.35672
   0.35618
   0.35209
   0.34773
   0.34495
   0.34154
   0.33661
   0.33248
   0.32717
   0.32315
   0.31940
   0.31371
   0.30925
   0.30414
   0.29834
   0.29354
   0.28850
   0.28347
   0.27718
   0.27227
   0.26664
   0.26170
   0.25618
   0.25063
   0.24616
   0.24174
   0.23682
   0.23200
   0.22689
   0.22275
   0.21822
   0.21435
   0.20918
   0.20495
   0.20036
   0.19609
   0.19151
   0.18754
   0.18235
   0.17819
   0.17386
   0.16991
   0.16627
   0.16259
   0.15975
   0.15417
   0.15232
   0.15039
   0.14832
   0.14613
   0.14282
   0.14210
   0.13980
   0.13695
   0.13425
   0.13196
   0.13100
   0.12613
   0.12641
   0.12233
   0.12116
   0.11762
   0.11717
   0.11290
   0.11215
   0.10850
   0.10860
   0.10235
   0.10766
   0.09700
   0.10286
   0.09261
   0.10026
   0.08724
   0.09702
   0.08070
   0.09247
   0.07391
   0.08668
   0.06757
   0.08137
   0.06199
   0.07555
   0.06008
   0.09875
   0.05908
   0.09502
   0.05777
   0.05862
   0.05828
   0.05557
   0.05559
   0.05269
   0.05328
   0.04971
   0.05067
   0.04760
   0.04669
   0.04811
   0.04336
   0.04513
   0.04108
   0.04720
   0.04030
   0.05173
   0.03987
   0.05844
   0.04086
   0.07163
   0.04556
   0.05776
   0.04451
   0.04073
   0.04290
   0.05690
   0.04833
   0.06756
   0.04446
   0.07524
   0.05426
   0.04802
   0.06560
   0.04798
   0.02668
   0.14249
   0.08966
   0.02500
   0.13786
   0.10215
   0.02429
   0.07708
   0.02251
   0.04187
   0.02493
   0.06196
   0.02106
   0.13014
   0.03195
   0.03494
   0.01989
   0.02180
   0.14939
   0.11063
   0.03405
   0.02062
   0.02028
   0.06366
   0.03442
   0.02454
   0.04709
   0.21745
   0.01663
   0.07991
   0.04578
   0.02242
   0.05936
   0.08735
   0.06533
   0.02526
   0.08870
   0.07777
   0.01452
   0.03963
   0.01910
   0.02402
   0.01650
   0.07585
   0.01347
   0.03977
   0.02134
   0.06249
   0.01319
   0.04117
   0.01462
   0.03842
   0.01558
   0.04355
   0.01201
   0.03445
   0.02547
   0.07601
   0.01329
   0.04526
   0.01181
   0.03540
   0.01042
   0.03742
   0.01010
   0.03762
   0.00983
   0.03783
   0.00970
   0.03712
   0.00935
   0.03920
   0.00945
   0.03284
   0.01017
   0.02881
   0.01908
   0.05034
   0.00970
   0.02939
   0.01159
   0.02594
   0.02127
   0.06849
   0.01371
   0.03912
   0.00853
   0.04366
   0.00884
   0.03576
   0.00807
   0.04882
   0.00801
   0.04938
   0.00786
   0.04981
   0.00789
   0.04815
   0.00766
   0.04954
   0.00774
   0.04878
   0.00782
   0.03938
   0.00736
   0.04345
   0.00737
   0.04275
   0.00704
   0.05473
   0.01044
   0.01704
   0.00733
   0.02080
   0.00679
   0.04048
   0.00668
   0.04696
   0.00964
   0.01298
   0.00682
   0.03782
   0.01204
   0.01465
   0.00672
   0.02360
   0.00624
   0.03787
   0.01242
   0.01898
   0.00682
   0.03177
   0.00565
   0.01988
   0.00833
   0.01252
   0.00644
   0.03013
   0.00744
   0.01079
   0.01268
   0.02227
   0.00892
   0.00759
   0.00377
   0.00289
   0.00938
   0.01422
   0.02093
   0.00787
   0.02785
   0.00244
   0.00607
   0.01219
   0.01522
   0.01013
   0.02920
   0.00246
   0.00222
   0.00231
   0.00864
   0.00342
   0.02200
   0.00263
   0.00202
   0.00335
   0.01146
   0.00637
   0.02736
   0.00287
   0.00178
   0.00183
   0.00191
   0.01490
   0.00178
   0.00715
   0.02725
   0.00355
   0.00245
   0.01001
   0.00379
   0.00157
   0.00298
   0.03713
   0.01063
   0.00239
   0.00686
   0.00343
   0.00306
   0.00300
   0.00285
   0.00483
   0.00449
   0.00365
   0.00175
   0.01757
   0.00435
   0.00476
   0.00431
   0.00405
   0.00249
   0.00130
   0.03583
   0.00179
   0.00213
   0.00187
   0.00690
   0.00380
   0.00378
   0.00361
   0.00398
   0.00417
   0.00546
   0.00569
   0.00656
   0.00915
   0.01425
   0.01196
   0.01141
   0.01090
   0.01074
   0.01111
   0.01184
   0.01188
   0.01339
   0.01361
   0.01181
   0.01705
   0.01513
   0.01515
   0.01095
   0.01833
   0.01517
   0.01097
   0.01187
   0.01702
   0.01389
   0.01583
   0.01509
   0.01522
   0.01304
   0.01358
   0.01113
   0.01728
   0.01607
   0.01495
   0.00132
   0.00701
   0.00796
   0.63573
   0.61588
   0.54833
   0.51856
   0.54592
   0.56331
   0.56452
   0.55659
   0.54392
   0.53617
   0.52957
   0.52336
   0.51679
   0.51029
   0.50391
   0.49755
   0.49173
   0.48561
   0.47961
   0.47382
   0.46798
   0.46217
   0.45634
   0.45060
   0.44484
   0.43915
   0.43346
   0.42777
   0.42210
   0.41645
   0.41074
   0.40516
   0.39944
   0.39371
   0.38794
   0.38219
   0.37647
   0.37049
   0.36458
   0.35878
   0.35292
   0.34704
   0.34109
   0.33508
   0.32909
   0.32312
   0.31713
   0.31107
   0.30510
   0.29919
   0.29328
   0.28738
   0.28157
   0.27584
   0.27023
   0.26483
   0.25957
   0.25447
   0.24962
   0.24492
   0.24053
   0.23635
   0.23242
   0.22873
   0.22525
   0.22198
   0.21896
   0.21606
   0.21332
   0.21070
   0.20819
   0.20579
   0.20345
   0.20119
   0.19903
   0.19689
   0.19487
   0.19287
   0.19094
   0.18913
   0.18732
   0.18564
   0.18402
   0.18248
   0.18104
   0.17970
   0.17842
   0.17722
   0.17613
   0.17503
   0.17403
   0.17300
   0.17195
   0.17083
   0.16973
   0.16849
   0.16726
   0.16549
   0.15940
   0.16362
   0.16279
   0.16158
   0.16004
   0.15791
   0.15499
   0.15111
   0.14624
   0.14054
   0.13446
   0.12856
   0.12339
   0.11915
   0.11586
   0.11329
   0.11120
   0.10942
   0.10781
   0.10632
   0.10488
   0.10347
   0.10206
   0.10067
   0.09927
   0.09789
   0.09651
   0.09512
   0.09376
   0.09241
   0.09107
   0.08975
   0.08845
   0.08717
   0.08590
   0.08465
   0.08341
   0.08221
   0.08101
   0.07982
   0.07866
   0.07752
   0.07638
   0.07526
   0.07416
   0.07309
   0.07201
   0.07096
   0.06992
   0.06889
   0.06788
   0.06688
   0.06590
   0.06494
   0.06398
   0.06305
   0.06212
   0.06122
   0.06031
   0.05942
   0.05855
   0.05769
   0.05684
   0.05600
   0.05518
   0.05437
   0.05357
   0.05279
   0.05202
   0.05126
   0.05052
   0.04978
   0.04906
   0.04835
   0.04765
   0.04696
   0.04629
   0.04562
   0.04497
   0.04433
   0.04369
   0.04307
   0.04247
   0.04187
   0.04128
   0.04070
   0.04013
   0.03958
   0.03903
   0.03849
   0.03797
   0.03745
   0.03695
   0.03645
   0.03596
   0.03548
   0.03501
   0.03456
   0.03411
   0.03366
   0.03323
   0.03281
   0.03239
   0.03199
   0.03159
   0.03120
   0.03082
   0.03044
   0.03008
   0.02972
   0.02937
   0.02903
   0.02869
   0.02836
   0.02804
   0.02773
   0.02743
   0.02713
   0.02684
   0.02655
   0.02628
   0.02600
   0.02574
   0.02548
   0.02523
   0.02499
   0.02475
   0.02452
   0.02429
   0.02407
   0.02386
   0.02365
   0.02345
   0.02325
   0.02306
   0.02287
   0.02269
   0.02252
   0.02235
   0.02219
   0.02203
   0.02187
   0.02173
   0.02158
   0.02144
   0.02131
   0.02118
   0.02106
   0.02094
   0.02083
   0.02072
   0.02061
   0.02051
   0.02042
   0.02033
   0.02024
   0.02016
   0.02008
   0.02001
   0.01994
   0.01987
   0.01982
   0.01976
   0.01971
   0.01966
   0.01962
   0.01959
   0.01956
   0.01953
   0.01951
   0.01950
   0.01949
   0.01949
   0.01949
   0.01951
   0.01952
   0.01955
   0.01959
   0.01963
   0.01968
   0.01974
   0.01982
   0.01990
   0.01999
   0.02010
   0.02022
   0.02036
   0.02051
   0.02069
   0.02088
   0.02109
   0.02134
   0.02161
   0.02192
   0.02228
   0.02268
   0.02315
   0.02367
   0.02427
   0.02494
   0.02569
   0.02652
   0.02741
   0.02836
   0.02933
   0.03029
   0.03116
   0.03176
   0.03153
   0.02718
   0.00805
   0.01092
   0.00946
   0.00947
   0.00948
   0.00945
   0.00942
   0.00938
   0.00935
   0.00931
   0.00926
   0.00921
   0.00916
   0.00910
   0.00903
   0.00896
   0.00888
   0.00880
   0.00871
   0.00863
   0.00853
   0.00844
   0.00834
   0.00824
   0.00814
   0.00803
   0.00793
   0.00783
   0.00772
   0.00762
   0.00751
   0.00741
   0.00730
   0.00720
   0.00710
   0.00700
   0.00689
   0.00680
   0.00670
   0.00660
   0.00650
   0.00641
   0.00632
   0.00622
   0.00613
   0.00604
   0.00596
   0.00587
   0.00579
   0.00570
   0.00562
   0.00554
   0.00546
   0.00538
   0.00530
   0.00523
   0.00515
   0.00508
   0.00501
   0.00494
   0.00487
   0.00480
   0.00473
   0.00467
   0.00460
   0.00454
   0.00447
   0.00441
   0.00435
   0.00429
   0.00423
   0.00417
   0.00412
   0.00406
   0.00401
   0.00395
   0.00390
   0.00385
   0.00379
   0.00374
   0.00369
   0.00364
   0.00359
   0.00355
   0.00350
   0.00345
   0.00341
   0.00336
   0.00332
   0.00327
   0.00323
   0.00319
   0.00315
   0.00311
   0.00307
   0.00302
   0.00299
   0.00295
   0.00291
   0.00287
   0.00283
   0.00280
   0.00276
   0.00272
   0.00269
   0.00265
   0.00262
   0.00259
   0.00255
   0.00252
   0.00249
   0.00245
   0.00242
   0.00239
   0.00236
   0.00233
   0.00230
   0.00227
   0.00224
   0.00221
   0.00218
   0.00216
   0.00213
   0.00210
   0.00207
   0.00205
   0.00202
   0.00199
   0.00197
   0.00194
   0.00192
   0.00189
   0.00187
   0.00184
   0.00182
   0.00180
   0.00177
   0.00175
   0.00173
   0.00171
   0.00168
   0.00166
   0.00164
   0.00162
   0.00160
   0.00158
   0.00155
   0.00153
   0.00151
