   0.72309
   0.68648
   0.65368
   0.61970
   0.59519
   0.60558
   0.57466
   0.56198
   0.55720
   0.55424
   0.55112
   0.54579
   0.54303
   0.54226
   0.54741
   0.53989
   0.58181
   0.53572
   0.55104
   0.56440
   0.57858
   0.58040
   0.57423
   0.55838
   0.51457
   0.45927
   0.40807
   0.38506
   0.36257
   0.34504
   0.33495
   0.32188
   0.31620
   0.31586
   0.30992
   0.30535
   0.30262
   0.30063
   0.29577
   0.29184
   0.28463
   0.27873
   0.27072
   0.25926
   0.24743
   0.23516
   0.21454
   0.19984
   0.18448
   0.16992
   0.15321
   0.13763
   0.12492
   0.11111
   0.09845
   0.08498
   0.07462
   0.06506
   0.05745
   0.05048
   0.04494
   0.03978
   0.03543
   0.03208
   0.02892
   0.02716
   0.02527
   0.02441
   0.02270
   0.02116
   0.01961
   0.01889
   0.01787
   0.01654
   0.01533
   0.01442
   0.01313
   0.01222
   0.01189
   0.01124
   0.00980
   0.00891
   0.00834
   0.00792
   0.00693
   0.00578
   0.00567
   0.00564
   0.00490
   0.00432
   0.00374
   0.00266
   0.00352
   0.00225
   0.00358
   0.00344
   0.00454
   0.00980
   0.01081
   0.00750
   0.00126
   0.00656
   0.00339
   0.00870
   0.01228
   0.02302
   0.02021
   0.01780
   0.02009
   0.01950
   0.01922
   0.01889
   0.01785
   0.01502
   0.00667
   0.00753
   0.00657
   0.00683
   0.00751
   0.00645
   0.01175
   0.01131
   0.01132
   0.01304
   0.01215
   0.01443
   0.01772
   0.02299
   0.02170
   0.00439
   0.00395
   0.00906
   0.00705
   0.00464
   0.00724
   0.00190
   0.00677
   0.00343
   0.01341
   0.00280
   0.00808
   0.00359
   0.00336
   0.00568
   0.00043
   0.00051
   0.01091
   0.01283
   0.00606
   0.00584
   0.00524
   0.00412
   0.00419
   0.00253
   0.01322
   0.00026
   0.01288
   0.01368
   0.01399
   0.00022
   0.00020
   0.00019
   0.00019
   0.00017
   0.00011
   0.00027
   0.00020
   0.00020
   0.00077
   0.00060
   0.00048
   0.01584
   0.00040
   0.00035
   0.00030
   0.00021
   0.00016
   0.00013
   0.00019
   0.00116
   0.00948
   0.00050
   0.00055
   0.00045
   0.00024
   0.00022
   0.00031
   0.01058
   0.00034
   0.00026
   0.00023
   0.00012
   0.00006
   0.00012
   0.00016
   0.00006
   0.00438
   0.00022
   0.00023
   0.00024
   0.00024
   0.00019
   0.00017
   0.00012
   0.00011
   0.00010
   0.00014
   0.00013
   0.00012
   0.00083
   0.00020
   0.00016
   0.00016
   0.00898
   0.00057
   0.00033
   0.00030
   0.00025
   0.01338
   0.00144
   0.00056
   0.00608
   0.00059
   0.00176
   0.00071
   0.00057
   0.00039
   0.00027
   0.00231
   0.00108
   0.00096
   0.00071
   0.00058
   0.00048
   0.00037
   0.00021
   0.00071
   0.00022
   0.00020
   0.00018
   0.00017
   0.00006
   0.00024
   0.00016
   0.00015
   0.00014
   0.00013
   0.00013
   0.00013
   0.00012
   0.00012
   0.00011
   0.00009
   0.00012
   0.00006
   0.00007
   0.00007
   0.00006
   0.00006
   0.00005
   0.00004
   0.00196
   0.00155
   0.01316
   0.00065
   0.00099
   0.00081
   0.00068
   0.00065
   0.00002
   0.00047
   0.00042
   0.00039
   0.00040
   0.00024
   0.00188
   0.03079
   0.00574
   0.08932
   0.03235
   0.00101
   0.00246
   0.06583
   0.00060
   0.00472
   0.03572
   0.00990
   0.00140
   0.01165
   0.00142
   0.00092
   0.00280
   0.01228
   0.00044
   0.00039
   0.00096
   0.00033
   0.00033
   0.00014
   0.00040
   0.00039
   0.00036
   0.00030
   0.00025
   0.00022
   0.00019
   0.00018
   0.00018
   0.00019
   0.00021
   0.00023
   0.00025
   0.00013
   0.00003
   0.00062
   0.00043
   0.00032
   0.00027
   0.00023
   0.00019
   0.00017
   0.00015
   0.00013
   0.00012
   0.00011
   0.00010
   0.00323
   0.00254
   0.00167
   0.00126
   0.00099
   0.00079
   0.36002
   0.21555
   0.18324
   0.16794
   0.15850
   0.13968
   0.11483
   0.10865
   0.10895
   0.10243
   0.05889
   0.06856
   0.11853
   0.00255
   0.00236
   0.00166
   0.00157
   0.00746
   0.01363
   0.01522
   0.01760
   0.01022
   0.00690
   0.00620
   0.12719
   0.00305
   0.00489
   0.00399
   0.01818
   0.00856
   0.00554
   0.14669
   0.00153
   0.00325
   0.00199
   0.00351
   0.00132
   0.00465
   0.00096
   0.00519
   0.00070
   0.00577
   0.00449
   0.00082
   0.00505
   0.00501
   0.00448
   0.00472
   0.00500
   0.00400
   0.00385
   0.00252
   0.00184
   0.00266
   0.00089
   0.00091
   0.00125
   0.00119
   0.00118
   0.00124
   0.00144
   0.00244
   0.00462
   0.00409
   0.00398
   0.00295
   0.00198
   0.00048
   0.00560
   0.00326
   0.00249
   0.00156
   0.00175
   0.06774
   0.03079
   0.03334
   0.03872
   0.03937
   0.03415
   0.02619
   0.01934
   0.01463
   0.01438
   0.00012
   0.00483
   0.00525
   0.00656
   0.00937
   0.01410
   0.02077
   0.02616
   0.02521
   0.01960
   0.01365
   0.00916
   0.00655
   0.00734
   0.00010
   0.00149
   0.00221
   0.00262
   0.00356
   0.00549
   0.00902
   0.01408
   0.01689
   0.01355
   0.00953
   0.00671
   0.00474
   0.00387
   0.00383
   0.00235
   0.00142
   0.00163
   0.00212
   0.00309
   0.00481
   0.00753
   0.01000
   0.00929
   0.00633
   0.00415
   0.00282
   0.00219
   0.00173
   0.00054
   0.00303
   0.00329
   0.00224
   0.00171
   0.00143
   0.00129
   0.00121
   0.00113
   0.00107
   0.00104
   0.00107
   0.00116
   0.00137
   0.00169
   0.00226
   0.00318
   0.00416
   0.00402
   0.00307
   0.00215
   0.00150
   0.00084
   0.00019
   0.00042
   0.00041
   0.00040
   0.00039
   0.00040
   0.00041
   0.00043
   0.00046
   0.00047
   0.00047
   0.00046
   0.00046
   0.00047
   0.00049
   0.00054
   0.00062
   0.00076
   0.00099
   0.00138
   0.00171
   0.00126
   0.00091
   0.00071
   0.00071
   0.00085
   0.63592
   0.63628
   0.60592
   0.66293
   0.68139
   0.70457
   0.69314
   0.69515
   0.69078
   0.65134
   0.60332
   0.56354
   0.53285
   0.50776
   0.48939
   0.47098
   0.45421
   0.43658
   0.41910
   0.40140
   0.38314
   0.36540
   0.34784
   0.33065
   0.31370
   0.29768
   0.28202
   0.26736
   0.25295
   0.23906
   0.22547
   0.21142
   0.19647
   0.17979
   0.16012
   0.13698
   0.11502
   0.09897
   0.08733
   0.07706
   0.06735
   0.05788
   0.04853
   0.03883
   0.02956
   0.02276
   0.01882
   0.01649
   0.01494
   0.01374
   0.01289
   0.01219
   0.01109
   0.01099
   0.01166
   0.00993
   0.00618
   0.00215
   0.00122
   0.00101
   0.00095
   0.00108
   0.00116
   0.00121
   0.00124
   0.00127
   0.00129
   0.00130
   0.00131
   0.00131
   0.00131
   0.00131
   0.00130
   0.00129
   0.00121
   0.00120
   0.00117
   0.00095
   0.00111
   0.00091
   0.00090
   0.00088
   0.00086
   0.00084
   0.00083
   0.00079
   0.00077
   0.00086
   0.00063
   0.00065
   0.00073
   0.00077
   0.00088
   0.00060
   0.00060
   0.00054
   0.00058
   0.00051
   0.00063
   0.00050
   0.00068
   0.00074
   0.00080
   0.00073
   0.00053
   0.00043
   0.00028
   0.00075
   0.00069
   0.00061
   0.00055
   0.00053
   0.00054
   0.00058
   0.00061
   0.00056
   0.00039
   0.00032
   0.00072
   0.00078
   0.00071
   0.00063
   0.00057
   0.00055
   0.00055
   0.00056
   0.00056
   0.00050
   0.00039
   0.00033
   0.00032
   0.00037
   0.00030
   0.03626
   0.00061
   0.00065
   0.00062
   0.00058
   0.00051
   0.00047
   0.00043
   0.00041
   0.00042
   0.00043
   0.00042
   0.00037
   0.00029
   0.00025
   0.00026
   0.00058
   0.00058
   0.00057
   0.00054
   0.00051
   0.00046
   0.00041
   0.00038
   0.00037
   0.00038
   0.00039
   0.00037
   0.00032
   0.00025
   0.00021
   0.00021
   0.00035
   0.00029
   0.00023
   0.00018
   0.00028
   0.00028
   0.00026
   0.00022
   0.00017
   0.00014
   0.00248
   0.00068
   0.00067
   0.00064
   0.00061
   0.00056
   0.00051
   0.00045
   0.00040
   0.00038
   0.00038
   0.00038
   0.00036
   0.00032
   0.00025
   0.00019
   0.00017
   0.00018
   0.00046
   0.00046
   0.00046
   0.00046
   0.00046
   0.00045
   0.00043
   0.00041
   0.00039
   0.00036
   0.00032
   0.00029
   0.00029
   0.00030
   0.00030
   0.00028
   0.00023
   0.00016
   0.00014
   0.00013
   0.00239
   0.00209
   0.00187
   0.00169
   0.00151
   0.00136
   0.00123
   0.00113
   0.00103
   0.00094
   0.00086
   0.00078
   0.00071
   0.00066
   0.00061
   0.00058
   0.00054
   0.00050
   0.00046
   0.00041
   0.00036
   0.00032
   0.00031
   0.00032
   0.00030
   0.00027
   0.00022
   0.00017
   0.00013
   0.00012
   0.00042
   0.00042
   0.00041
   0.00040
   0.00039
   0.00038
   0.00037
   0.00037
   0.00037
   0.00036
   0.00036
   0.00036
   0.00035
   0.00035
   0.00035
   0.00035
   0.00034
   0.00032
   0.00030
   0.00027
   0.00025
   0.00022
   0.00023
   0.00023
   0.00022
   0.00019
   0.00014
   0.00011
   0.00009
   0.00008
   0.00004
   0.00035
   0.00034
   0.00033
   0.00032
   0.00031
   0.00030
   0.00030
   0.00029
   0.00028
   0.00028
   0.00028
   0.00027
   0.00027
   0.00027
   0.00027
   0.00027
   0.00027
   0.00027
   0.00027
   0.00026
   0.00026
   0.00024
   0.00023
   0.00021
   0.00019
   0.00017
   0.00018
   0.00018
   0.00017
   0.00015
   0.00012
   0.00009
   0.00007
   0.00006
   0.00088
   0.00069
   0.00064
   0.00058
   0.00053
   0.00050
   0.00047
   0.00043
   0.00041
   0.00038
   0.00036
   0.00033
   0.00032
   0.00030
   0.00028
   0.00027
   0.00025
   0.00023
   0.00021
   0.00019
   0.00017
   0.00017
   0.00017
   0.00017
   0.00015
   0.00012
   0.00009
   0.00007
   0.00005
   0.00005
   0.00006
   0.00005
   0.00098
   0.00090
   0.00083
   0.00077
   0.00072
   0.00067
   0.00062
   0.00058
   0.00054
   0.00051
   0.00047
   0.00044
   0.00041
   0.00038
   0.00036
   0.00034
   0.00032
   0.00030
   0.00029
   0.00027
   0.00026
   0.00025
   0.00024
   0.00023
   0.00022
   0.00021
   0.00019
   0.00018
   0.00016
   0.00015
   0.00014
   0.00014
   0.00015
   0.00014
   0.00012
   0.00010
   0.00007
   0.00005
   0.00004
   0.51603
   0.49218
   0.49457
   0.49609
   0.49700
   0.49760
   0.49801
   0.49831
   0.49852
   0.49869
   0.49881
   0.49890
   0.49898
   0.49904
   0.49908
   0.49912
   0.49915
   0.49917
   0.49919
   0.49920
   0.49921
   0.49922
   0.49923
   0.49924
   0.49924
   0.49925
   0.49925
   0.49925
   0.49926
   0.49926
   0.49926
   0.49926
   0.49926
   0.49926
   0.49927
   0.49927
   0.49927
   0.49927
   0.49927
   0.49927
   0.49927
   0.49927
   0.49927
   0.49927
   0.49927
   0.49927
   0.49927
   0.49927
   0.49927
   0.49927
   0.49928
   0.49928
   0.49928
   0.49928
   0.49928
   0.49928
   0.49928
   0.49928
   0.49928
   0.49928
   0.49928
   0.49928
   0.49928
   0.49928
   0.49928
   0.49928
   0.49928
   0.49928
   0.49928
   0.49928
   0.49929
   0.49929
   0.49929
   0.49929
   0.49929
   0.49929
   0.49929
   0.49929
   0.49929
   0.49929
   0.49929
   0.49929
   0.49929
   0.49929
   0.49929
   0.49929
   0.49929
   0.49929
   0.49929
   0.49929
   0.49929
   0.49930
   0.49930
   0.49930
   0.49930
   0.49930
   0.49930
   0.49930
   0.49930
   0.49930
   0.49930
   0.49930
   0.49930
   0.49930
   0.49930
   0.49930
   0.49930
   0.49930
   0.49930
   0.49930
   0.49930
   0.49930
   0.49931
   0.49931
