   0.70696
   0.73472
   0.73128
   0.74601
   0.71744
   0.72853
   0.75065
   0.73269
   0.72822
   0.73161
   0.72262
   0.72320
   0.72284
   0.72173
   0.72015
   0.71983
   0.71967
   0.71843
   0.72002
   0.72255
   0.72136
   0.72013
   0.72022
   0.72208
   0.72361
   0.72321
   0.72385
   0.72586
   0.72703
   0.72902
   0.73059
   0.73345
   0.73690
   0.74139
   0.74293
   0.74430
   0.74673
   0.74862
   0.74821
   0.74637
   0.74106
   0.73432
   0.72272
   0.71556
   0.71328
   0.71336
   0.71459
   0.71686
   0.71955
   0.72233
   0.72547
   0.72907
   0.73296
   0.73726
   0.74202
   0.74742
   0.75353
   0.76078
   0.76652
   0.77292
   0.77961
   0.78967
   0.79927
   0.80783
   0.81563
   0.82341
   0.83075
   0.83818
   0.84426
   0.85030
   0.85513
   0.85859
   0.86225
   0.86528
   0.86753
   0.86919
   0.87064
   0.87105
   0.86716
   0.86845
   0.86843
   0.86771
   0.86751
   0.86514
   0.85122
   0.84888
   0.84604
   0.84277
   0.83964
   0.83570
   0.83157
   0.82730
   0.82262
   0.81704
   0.81220
   0.80790
   0.80284
   0.79768
   0.78835
   0.78326
   0.77805
   0.77289
   0.76279
   0.75812
   0.75305
   0.74789
   0.74292
   0.73795
   0.73313
   0.72835
   0.72382
   0.71925
   0.71486
   0.71078
   0.70657
   0.70250
   0.69852
   0.69681
   0.69260
   0.68869
   0.68504
   0.68166
   0.67873
   0.67518
   0.67172
   0.66833
   0.66492
   0.66149
   0.65793
   0.65426
   0.65065
   0.64692
   0.64304
   0.63904
   0.63493
   0.63061
   0.62623
   0.62168
   0.61705
   0.61252
   0.60775
   0.60284
   0.59744
   0.59243
   0.58759
   0.58264
   0.57778
   0.57255
   0.56739
   0.56033
   0.55502
   0.54938
   0.54410
   0.53795
   0.53164
   0.52512
   0.51845
   0.51153
   0.50437
   0.49716
   0.48979
   0.48227
   0.47485
   0.46728
   0.45956
   0.45228
   0.44434
   0.43622
   0.42816
   0.42023
   0.41239
   0.40455
   0.39681
   0.38856
   0.37978
   0.37050
   0.36087
   0.35054
   0.33861
   0.32584
   0.31278
   0.29852
   0.28432
   0.26905
   0.25340
   0.23824
   0.22306
   0.20857
   0.19495
   0.18219
   0.17006
   0.15922
   0.14918
   0.13918
   0.12713
   0.10786
   0.08696
   0.07702
   0.07653
   0.07698
   0.07538
   0.07388
   0.07225
   0.07061
   0.06895
   0.06730
   0.06565
   0.06402
   0.06241
   0.06082
   0.05933
   0.05781
   0.05634
   0.05492
   0.05356
   0.05225
   0.05101
   0.04980
   0.04863
   0.04749
   0.04637
   0.04520
   0.04407
   0.04287
   0.04178
   0.04054
   0.03931
   0.03920
   0.03885
   0.04344
   0.03436
   0.03643
   0.03872
   0.04386
   0.04559
   0.04479
   0.04438
   0.04443
   0.04485
   0.04538
   0.04575
   0.04389
   0.03549
   0.03093
   0.02879
   0.03166
   0.03898
   0.02758
   0.02058
   0.02792
   0.33982
   0.54847
   0.40521
   0.31585
   0.28495
   0.57442
   0.73555
   0.84609
   0.88471
   0.69146
   0.14585
   0.14388
   0.05986
   0.24131
   0.16381
   0.21719
   0.06037
   0.41682
   0.12998
   0.51689
   0.14522
   0.01342
   0.35832
   0.00577
   0.35962
   0.48195
   0.00521
   0.46686
   0.40306
   0.32518
   0.00346
   0.34822
   0.45219
   0.44816
   0.38618
   0.37173
   0.25546
   0.30392
   0.25109
   0.16757
   0.25266
   0.00277
   0.11069
   0.13309
   0.32767
   0.04542
   0.00206
   0.00295
   0.00603
   0.00314
   0.00211
   0.00204
   0.00198
   0.00192
   0.00186
   0.00181
   0.00176
   0.00171
   0.00167
   0.00163
   0.00159
   0.00154
   0.00149
   0.00123
   0.00128
   0.00099
   0.00101
   0.00152
   0.00095
   0.00125
   0.00091
   0.00157
   0.00116
   0.00086
   0.00074
   0.00069
   0.00069
   0.00066
   0.00064
   0.00063
   0.00091
   0.00090
   0.00131
   0.00114
   0.00155
   0.00123
   0.00106
   0.00114
   0.00128
   0.00145
   0.00160
   0.00163
   0.00137
   0.00107
   0.00085
   0.00058
   0.00084
   0.00156
   0.00127
   0.00048
   0.00128
   0.00098
   0.00071
   0.00051
   0.00044
   0.00077
   0.00130
   0.00091
   0.00067
   0.00111
   0.00117
   0.00128
   0.00103
   0.00078
   0.00047
   0.00080
   0.00062
   0.00044
   0.00094
   0.00229
   0.00040
   0.00039
   0.00130
   0.00145
   0.00131
   0.00101
   0.00094
   0.00082
   0.00060
   0.00052
   0.00101
   0.00077
   0.00071
   0.00066
   0.00054
   0.00043
   0.00056
   0.00057
   0.00041
   0.00031
   2.64242
   1.54497
   0.94282
   0.72871
   0.69334
   0.69862
   0.70659
   0.71132
   0.71363
   0.71468
   0.71513
   0.71533
   0.71542
   0.71547
   0.71549
   0.71551
   0.71552
   0.71553
   0.71554
   0.71555
   0.71555
   0.71555
   0.71556
   0.71556
   0.71556
   0.71556
   0.71556
   0.71557
   0.71557
   0.71557
   0.71557
   0.71557
   0.71557
   0.71557
   0.71557
   0.71557
   0.71557
   0.71557
   0.71557
   0.71557
   0.71557
   0.71557
   0.71557
   0.71557
   0.71557
   0.71557
   0.71557
   0.71557
   0.71557
   0.71557
   0.71557
   0.71557
   0.71557
   0.71557
   0.71557
   0.71557
   0.71557
   0.71557
   0.71557
   0.71557
   0.71557
   0.71557
   0.71557
   0.71557
   0.71557
   0.71557
   0.71557
   0.71557
   0.71557
   0.71557
   0.71557
   0.71557
   0.71557
   0.71557
   0.71557
   0.71557
   0.71557
   0.71557
   0.71557
   0.71557
   0.71557
   0.71557
   0.71557
   0.71557
   0.71557
   0.71557
   0.71557
   0.71557
   0.71557
   0.71557
   0.71557
   0.71557
   0.71557
   0.71556
   0.71556
   0.71556
   0.71556
   0.71556
   0.71556
   0.71556
   0.71556
   0.71556
   0.71556
   0.71556
   0.71556
   0.71556
   0.71556
   0.71556
   0.71556
   0.71556
