   0.69455
   0.70027
   0.70123
   0.69863
   0.69781
   0.69709
   0.69655
   0.69585
   0.69517
   0.69313
   0.69276
   0.69213
   0.69142
   0.69090
   0.69029
   0.68967
   0.68906
   0.68844
   0.68782
   0.68719
   0.68653
   0.68591
   0.68525
   0.68459
   0.68392
   0.68325
   0.68245
   0.68188
   0.68124
   0.68058
   0.67980
   0.67922
   0.67859
   0.67814
   0.67751
   0.67687
   0.67680
   0.67663
   0.67669
   0.67651
   0.67676
   0.67722
   0.67818
   0.67887
   0.68078
   0.68434
   0.68556
   0.68728
   0.68994
   0.69520
   0.69770
   0.70095
   0.70586
   0.70797
   0.71215
   0.71427
   0.71508
   0.71600
   0.71631
   0.71618
   0.71363
   0.71019
   0.70653
   0.70196
   0.69609
   0.69029
   0.68238
   0.67466
   0.66536
   0.65739
   0.64701
   0.63791
   0.62754
   0.61757
   0.60668
   0.59710
   0.58683
   0.57694
   0.56780
   0.55922
   0.55140
   0.54439
   0.53828
   0.53239
   0.52723
   0.52223
   0.51754
   0.51284
   0.50812
   0.50295
   0.49799
   0.49272
   0.48746
   0.48187
   0.47635
   0.47000
   0.46434
   0.45881
   0.45353
   0.44842
   0.44195
   0.43815
   0.43463
   0.43142
   0.42791
   0.42415
   0.41942
   0.41427
   0.40841
   0.40229
   0.39604
   0.38991
   0.38417
   0.37826
   0.37284
   0.36761
   0.36254
   0.35768
   0.35283
   0.34807
   0.34334
   0.33854
   0.33390
   0.32916
   0.32452
   0.31989
   0.31522
   0.31058
   0.30605
   0.30185
   0.29727
   0.29293
   0.28860
   0.28429
   0.28009
   0.27595
   0.27185
   0.26792
   0.26383
   0.25983
   0.25582
   0.25219
   0.24825
   0.24447
   0.24071
   0.23692
   0.23332
   0.22968
   0.22609
   0.22255
   0.21902
   0.21663
   0.21197
   0.20884
   0.20543
   0.20170
   0.19843
   0.19537
   0.19354
   0.18865
   0.18684
   0.18223
   0.17845
   0.17715
   0.17352
   0.17027
   0.16689
   0.16388
   0.16080
   0.15804
   0.15475
   0.15123
   0.14893
   0.14519
   0.14225
   0.13939
   0.13660
   0.13381
   0.13097
   0.12833
   0.12569
   0.12310
   0.12055
   0.11786
   0.11538
   0.11328
   0.11072
   0.10857
   0.10621
   0.10407
   0.10198
   0.09966
   0.09778
   0.09591
   0.09365
   0.09161
   0.08982
   0.08788
   0.08621
   0.08417
   0.08268
   0.08095
   0.07945
   0.07742
   0.07568
   0.07419
   0.07267
   0.07110
   0.06964
   0.06821
   0.06628
   0.06523
   0.06382
   0.06255
   0.06147
   0.06003
   0.05907
   0.05825
   0.05636
   0.05542
   0.05424
   0.05324
   0.05229
   0.05130
   0.05044
   0.04942
   0.04848
   0.04787
   0.04663
   0.04613
   0.04525
   0.04365
   0.04276
   0.04220
   0.04088
   0.03987
   0.03880
   0.03807
   0.03708
   0.03608
   0.03504
   0.03423
   0.03353
   0.03206
   0.03109
   0.03009
   0.02931
   0.02860
   0.02721
   0.02629
   0.02548
   0.02463
   0.02370
   0.02286
   0.02210
   0.02136
   0.02062
   0.01982
   0.01913
   0.01850
   0.01785
   0.01716
   0.01657
   0.01601
   0.01543
   0.01491
   0.01441
   0.01392
   0.01345
   0.01303
   0.01257
   0.01217
   0.01179
   0.01140
   0.01106
   0.01073
   0.01039
   0.01010
   0.00980
   0.00951
   0.00924
   0.00898
   0.00873
   0.00849
   0.00825
   0.00803
   0.00780
   0.00758
   0.00736
   0.00716
   0.00696
   0.00677
   0.00660
   0.00640
   0.00630
   0.00605
   0.00621
   0.00576
   0.00724
   0.28170
   0.01916
   0.00628
   0.00553
   0.00620
   0.02906
   0.00529
   0.00522
   0.00550
   0.00507
   0.00544
   0.00518
   0.00546
   0.00571
   0.00577
   0.00612
   0.00611
   0.00663
   0.00683
   0.00750
   0.00798
   0.00848
   0.00838
   0.00879
   0.00929
   0.00968
   0.01006
   0.01034
   0.01049
   0.01079
   0.01093
   0.01105
   0.01117
   0.01131
   0.01156
   0.01174
   0.01202
   0.01622
   0.00297
   0.01192
   0.01119
   0.01542
   0.00278
   0.01181
   0.01757
   0.00319
   0.00784
   0.00423
   0.00389
   0.00369
   0.00371
   0.00385
   0.00427
   0.00664
   0.02088
   0.00261
   0.00659
   0.01306
   0.00231
   0.00887
   0.00921
   0.00717
   0.00756
   0.00747
   0.00729
   0.00709
   0.00680
   0.00676
   0.00644
   0.00637
   0.00608
   0.00605
   0.00574
   0.00571
   0.00544
   0.00535
   0.00506
   0.00508
   0.00482
   0.00473
   0.00448
   0.00444
   0.00419
   0.00414
   0.00390
   0.00388
   0.00362
   0.00357
   0.00331
   0.00321
   0.00299
   0.00288
   0.00270
   0.00265
   0.00249
   0.00246
   0.00254
   0.00297
   0.00341
   0.00400
   0.00747
   0.01034
   0.00273
   0.00360
   0.00366
   0.00363
   0.00367
   0.00368
   0.00378
   0.00376
   0.00384
   0.00384
   0.00394
   0.00396
   0.00411
   0.00408
   0.00439
   0.00425
   0.00595
   0.00904
   0.00467
   0.00478
   0.00618
   0.00683
   0.00436
   0.46675
   0.36254
   0.35453
   0.34468
   0.29265
   0.26539
   0.25406
   0.24441
   0.23632
   0.22914
   0.22248
   0.21613
   0.20997
   0.20403
   0.19828
   0.19272
   0.18735
   0.18214
   0.17706
   0.17214
   0.16739
   0.16278
   0.15835
   0.15403
   0.14981
   0.14570
   0.14170
   0.13782
   0.13405
   0.13039
   0.12681
   0.12334
   0.11996
   0.11669
   0.11351
   0.11041
   0.10740
   0.10448
   0.10163
   0.09888
   0.09619
   0.09359
   0.09105
   0.08859
   0.08621
   0.08389
   0.08163
   0.07944
   0.07733
   0.07527
   0.07326
   0.07134
   0.06946
   0.06763
   0.06584
   0.06413
   0.06243
   0.06079
   0.05920
   0.05764
   0.05614
   0.05466
   0.05326
   0.05187
   0.05055
   0.04923
   0.04796
   0.04675
   0.04558
   0.04443
   0.04328
   0.04219
   0.04110
   0.04003
   0.03902
   0.03803
   0.03705
   0.03610
   0.03518
   0.03428
   0.03341
   0.03255
   0.03171
   0.03089
   0.03010
   0.02933
   0.02856
   0.02780
   0.02709
   0.02638
   0.02569
   0.02502
   0.02436
   0.02371
   0.02308
   0.02246
   0.02189
   0.02131
   0.02075
   0.02019
   0.01965
   0.01914
   0.01863
   0.01812
   0.01764
   0.01716
   0.01669
   0.01624
   0.01578
   0.01534
   0.01492
   0.01451
   0.01411
   0.01372
   0.01334
   0.01297
   0.01260
   0.01226
   0.01192
   0.01157
   0.01122
   0.01090
   0.01059
   0.01028
   0.00999
   0.00971
   0.00941
   0.00913
   0.00886
   0.00860
   0.00836
   0.00810
   0.00785
   0.00761
   0.00737
   0.00716
   0.00693
   0.00671
   0.00624
   0.00441
   0.00428
   0.00415
   0.00402
   0.00391
   0.00380
   0.00369
   0.00358
   0.00349
   0.00339
   0.00329
   0.00320
   0.00312
   0.00303
   0.00295
   0.00287
   0.00279
   0.00272
   0.00264
   0.00258
   0.00251
   0.00244
   0.00237
   0.00231
   0.00225
   0.00219
   0.00214
   0.00208
   0.00203
   0.00198
   0.00193
   0.00188
   0.00183
   0.00179
   0.00174
   0.00170
   0.00165
   0.00161
   0.00157
   0.00153
   0.00149
   0.00145
   0.00141
   0.00138
   0.00134
   0.00131
   0.00127
   0.00124
   0.00121
   0.00117
   0.00114
   0.00111
   0.00108
   0.00105
   0.00102
   0.00099
   0.00096
   0.00094
   0.00091
   0.00088
   0.00086
   0.00083
   0.00081
   0.00078
   0.00076
   0.00073
   0.00071
   0.00068
   0.00066
   0.00064
   0.00062
   0.00060
   0.00058
   0.00056
   0.00054
   0.00053
   0.00051
   0.00050
   0.00048
   0.00047
   0.00046
   0.00044
   0.00043
   0.00043
   0.00042
   0.00041
   0.00041
   0.00040
   0.00040
   0.00040
   0.00039
   0.00039
   0.00039
   0.00038
   0.00036
   0.00033
   0.00031
   0.00029
   0.00030
   0.00031
   0.00032
   0.00033
   0.00035
   0.00036
   0.00037
   0.00038
   0.00040
   0.00041
   0.00042
   0.00042
   0.00043
   0.00044
   0.00049
   0.00050
   0.00056
   0.00017
   0.00024
   0.00048
   0.00054
   0.00036
   0.01629
   0.00029
   0.00018
   0.00018
   0.00018
   0.00018
   0.00018
   0.00018
   0.00018
   0.00019
   0.00019
   0.00019
   0.00019
   0.00019
   0.00019
   0.00019
   0.00019
   0.00019
   0.00019
   0.00019
   0.00019
   0.00019
   0.00019
   0.00019
   0.00019
   0.00019
   0.00019
   0.00019
   0.00019
   0.00019
   0.00019
   0.00018
   0.00018
   0.00018
   0.00018
   0.00018
   0.00018
   0.00018
   0.00017
   0.00017
   0.00017
   0.00017
   0.00017
   0.00017
   0.00017
   0.00017
   0.00016
   0.00016
   0.00016
   0.00016
   0.00016
   0.00016
   0.00016
   0.00016
   0.00016
   0.00016
   0.00016
   0.00016
   0.00016
   0.00016
   0.00016
   0.00016
   0.00016
   0.00016
   0.00016
   0.00016
   0.00016
   0.00016
   0.00016
   0.00016
   0.00016
   0.00016
   0.00017
   0.00017
   0.00017
   0.00017
   0.00017
   0.00018
   0.00018
   0.00018
   0.00019
   0.00019
   0.00019
   0.00019
   0.00020
   0.00020
   0.00020
   0.00021
   0.00021
   0.00022
   0.00023
   0.00025
   0.00026
   0.00391
   0.00013
   0.00025
   0.00014
   0.00014
   0.00024
   0.00600
   0.02724
   0.00171
   0.00157
   0.00144
   0.00133
   0.00124
   0.00116
   0.00110
   0.00104
   0.00099
   0.00095
   0.00092
   0.00088
   0.00085
   0.00083
   0.00081
   0.00078
   0.00076
   0.00074
   0.00073
   0.00071
   0.00069
   0.00068
   0.00066
   0.00065
   0.00064
   0.00063
   0.00062
   0.00061
   0.00060
   0.00059
   0.00058
   0.00058
   0.00057
   0.00056
   0.00056
   0.00055
   0.00055
   0.00054
   0.00054
   0.00053
   0.00053
   0.00052
   0.00052
   0.00052
   0.00052
   0.00051
   0.00051
   0.00051
   0.00051
   0.00051
   0.00051
   0.00051
   0.00050
   0.00050
   0.00050
   0.00050
   0.00050
   0.00050
   0.00050
   0.00049
   0.00049
   0.00048
   0.00046
   0.00045
   0.00044
   0.00043
   0.00041
   0.00040
   0.00039
   0.00038
   0.00036
   0.00035
   0.00034
   0.00031
   0.00029
   0.00027
   0.00025
   0.00024
   0.00022
   0.00021
   0.00021
   0.00020
   0.00019
   0.00018
   0.00018
   0.00017
   0.00017
   0.00016
   0.00016
   0.00015
   0.00015
   0.00015
   0.00015
   0.00015
   0.00015
   0.00016
   0.00016
   0.00016
   0.00016
   0.00017
   0.00017
   0.00017
   0.00017
   0.00017
   0.00018
   0.00018
   0.00018
   0.00019
   0.00020
   0.00021
   0.00020
   0.00012
   0.00012
   0.00012
   0.00011
   0.00011
   0.00020
   0.00138
   0.00011
   0.00018
   0.00080
   0.00013
   0.00014
   0.00024
   0.00119
   0.00010
   0.00014
   0.00062
   0.00061
   0.00084
   0.00010
   0.00011
   0.00023
   0.00111
   0.00008
   0.00009
   0.00044
   0.00086
   0.00022
   1.74987
   0.00014
   0.00013
   0.00012
   0.00012
   0.00012
   0.00012
   0.00012
   0.00012
   0.00012
   0.00012
   0.00012
   0.00012
   0.00012
   0.00012
   0.00012
   0.00012
   0.00012
   0.00012
   0.00012
   0.00012
   0.00012
   0.00011
   0.00011
   0.00011
   0.00011
   0.00011
   0.00011
   0.00011
   0.00011
   0.00011
   0.00011
   0.00011
   0.00011
   0.00011
   0.00011
   0.00011
   0.00011
   0.00011
   0.00011
   0.00011
   0.00011
   0.00011
   0.00011
   0.00011
   0.00011
   0.00011
   0.00011
   0.00011
   0.00011
   0.00011
   0.00011
   0.00011
   0.00011
   0.00011
   0.00011
   0.00011
   0.00011
   0.00011
   0.00011
   0.00011
   0.00011
   0.00011
   0.00011
   0.00011
   0.00011
   0.00010
   0.00010
   0.00010
   0.00010
   0.00010
   0.00010
   0.00010
   0.00010
   0.00009
   0.00009
   0.00009
