   0.70828
   0.74631
   0.75008
   0.74824
   0.74518
   0.74964
   0.74781
   0.74707
   0.74484
   0.73933
   0.74501
   0.74215
   0.74707
   0.74523
   0.74390
   0.74323
   0.74293
   0.74122
   0.74331
   0.74022
   0.74110
   0.74148
   0.74548
   0.75060
   0.73859
   0.74099
   0.74298
   0.74651
   0.75185
   0.75023
   0.74511
   0.74189
   0.74462
   0.73411
   0.74276
   0.73777
   0.73283
   0.72612
   0.72577
   0.71910
   0.71438
   0.70700
   0.70343
   0.70404
   0.70259
   0.70139
   0.70074
   0.70022
   0.69811
   0.70116
   0.70086
   0.70062
   0.70064
   0.70096
   0.70173
   0.70289
   0.70391
   0.70496
   0.70530
   0.70534
   0.70470
   0.70332
   0.70108
   0.69799
   0.69428
   0.68982
   0.68476
   0.67884
   0.67270
   0.66593
   0.65902
   0.65170
   0.64415
   0.63648
   0.62858
   0.62058
   0.61237
   0.60423
   0.59593
   0.58770
   0.57952
   0.57132
   0.56297
   0.55467
   0.54637
   0.53814
   0.52995
   0.52169
   0.51347
   0.50526
   0.49716
   0.48899
   0.48089
   0.47278
   0.46470
   0.45661
   0.44856
   0.44050
   0.43251
   0.42453
   0.41644
   0.40852
   0.40067
   0.39293
   0.38523
   0.37757
   0.37013
   0.36262
   0.35518
   0.34781
   0.34050
   0.33319
   0.32598
   0.31875
   0.31160
   0.30441
   0.29743
   0.29017
   0.28287
   0.27556
   0.26798
   0.26067
   0.25291
   0.24527
   0.23754
   0.22952
   0.22177
   0.21409
   0.20647
   0.19899
   0.19166
   0.18454
   0.17765
   0.17104
   0.16472
   0.15869
   0.15295
   0.14747
   0.14222
   0.13717
   0.13227
   0.12748
   0.12278
   0.11814
   0.11356
   0.10905
   0.10466
   0.10036
   0.09616
   0.09209
   0.08818
   0.08440
   0.08076
   0.07727
   0.07392
   0.07070
   0.06763
   0.06466
   0.06181
   0.05906
   0.05642
   0.05388
   0.05143
   0.04908
   0.04682
   0.04465
   0.04256
   0.04054
   0.03861
   0.03675
   0.03494
   0.03322
   0.03156
   0.02996
   0.02843
   0.02695
   0.02552
   0.02412
   0.02273
   0.02132
   0.02004
   0.01978
   0.02126
   0.02026
   0.01828
   0.01744
   0.01530
   0.01397
   0.01333
   0.01280
   0.01219
   0.01167
   0.01138
   0.01143
   0.01205
   0.01248
   0.01221
   0.01108
   0.06302
   0.14736
   0.00902
   0.01077
   0.00837
   0.00872
   0.00643
   0.00962
   0.01404
   0.01071
   0.00760
   0.02444
   0.02613
   0.02634
   0.02389
   0.02162
   0.02329
   0.00460
   0.00429
   0.00406
   0.00571
   0.00860
   0.01088
   0.01201
   0.00530
   0.00359
   0.00337
   0.00321
   0.00299
   0.00300
   0.00457
   0.00333
   0.00314
   0.00288
   0.00262
   0.00241
   0.00237
   0.01308
   0.00943
   0.00988
   0.01026
   0.00406
   0.00322
   0.00259
   0.00239
   0.00265
   0.01175
   0.00843
   0.00868
   0.00928
   0.00854
   0.00713
   0.01148
   0.00678
   0.00660
   0.00656
   0.00695
   0.00794
   0.00789
   0.00628
   0.06559
   0.06032
   0.05862
   0.08359
   0.05450
   0.09795
   0.04933
   0.07984
   0.04442
   0.07508
   0.03987
   0.05496
   0.03590
   0.05681
   0.03205
   0.04996
   0.02845
   0.03588
   0.02749
   0.02540
   0.02430
   0.02342
   0.04220
   0.02021
   0.01940
   0.04277
   0.01676
   0.01605
   0.02649
   0.01509
   0.01367
   0.01277
   0.01203
   0.01064
   0.01054
   0.01022
   0.01783
   0.01516
   0.01245
   0.01048
   0.00945
   0.02442
   0.03860
   0.01844
   0.01783
   0.01878
   0.01793
   0.01539
   0.01469
   0.01400
   0.01516
   0.01613
   0.01496
   0.01331
   0.01166
   0.00924
   0.00478
   0.01329
   0.01060
   0.01083
   0.01198
   0.01239
   0.00960
   0.01941
   0.01731
   0.01422
   0.01624
   0.01390
   0.00866
   0.01058
   0.00970
   0.00852
   4.88560
   0.00384
   0.00326
   0.00287
   0.00267
   0.00253
   0.00237
   0.00419
   0.00271
   0.04980
   0.00860
   0.02278
   0.02255
   0.02257
   0.02400
   0.01822
   0.01011
   0.01057
   0.01140
   0.01023
   0.00845
   0.00645
   0.00455
   0.00142
   0.00149
   0.00131
   0.00118
   0.00110
   0.00108
   0.00096
   0.00388
   0.02134
   0.02217
   0.01529
   0.01287
   0.00897
   0.00078
   0.00083
   0.00075
   0.00564
   0.00085
   0.00089
   0.00085
   0.00081
   0.00079
   0.00081
   0.00077
   0.00073
   0.00070
   0.00074
   0.00070
   0.00068
   0.00067
   0.00067
   0.00065
   0.00062
   0.00059
   0.00057
   0.00056
   0.00055
   0.00090
   0.00085
   0.00081
   0.00077
   0.00074
   0.00070
   0.00067
   0.00064
   0.00062
   0.00061
   0.00057
   0.00371
   0.00071
   0.00068
   0.00065
   0.00061
   0.00059
   0.00056
   0.00055
   0.00052
   0.00413
   0.00799
   0.00584
   0.00608
   0.00419
   0.00282
   0.00220
   0.00190
   0.00174
   0.00162
   0.00167
   0.00337
   0.02135
   0.01261
   0.00651
   0.00474
   0.00857
   0.00479
   0.00622
   0.00473
   0.00224
   0.00215
   0.00226
   0.00315
   0.21961
   0.00067
   0.00065
   0.00063
   0.00062
   0.00061
   0.00060
   0.00060
   0.00059
   0.00059
   0.00060
   0.00083
   0.01531
   0.01817
   0.00886
   0.00412
   0.00328
   0.00344
   0.00403
   0.00417
   0.00324
   0.00192
   0.01506
   0.00050
   0.00048
   0.00046
   0.00044
   0.00043
   0.00041
   0.00040
   0.00039
   0.00039
   0.00038
   0.00037
   0.00039
   0.00050
   0.00124
   0.00273
   0.00191
   0.00191
   0.00201
   0.00220
   0.00244
   0.00202
   0.00139
   0.76445
   0.00038
   0.00038
   0.00038
   0.00038
   0.00038
   0.00037
   0.00035
   0.00034
   0.00033
   0.00031
   0.00030
   0.00029
   0.00028
   0.00027
   0.00026
   0.00026
   0.00026
   0.00031
   0.00034
   0.00044
