   0.59009
   0.60235
   0.59407
   0.55337
   0.52778
   0.55309
   0.57686
   0.53423
   0.51532
   0.51576
   0.50754
   0.51582
   0.50505
   0.47663
   0.49869
   0.49309
   0.48437
   0.52498
   0.55036
   0.59836
   0.59949
   0.59295
   0.57962
   0.52413
   0.50475
   0.49993
   0.49301
   0.49398
   0.50050
   0.50591
   0.50609
   0.49878
   0.48195
   0.45777
   0.42672
   0.39104
   0.35321
   0.31451
   0.28046
   0.25120
   0.22721
   0.20659
   0.18948
   0.17558
   0.16409
   0.15448
   0.14629
   0.13942
   0.13380
   0.12908
   0.12511
   0.12187
   0.11941
   0.11737
   0.11615
   0.11466
   0.11394
   0.11337
   0.11283
   0.11208
   0.11143
   0.11073
   0.11021
   0.10960
   0.10842
   0.10705
   0.10541
   0.10303
   0.09992
   0.09658
   0.09278
   0.08811
   0.08298
   0.07756
   0.07181
   0.06597
   0.06076
   0.05549
   0.05060
   0.04604
   0.04192
   0.03827
   0.03519
   0.03264
   0.03062
   0.02880
   0.02732
   0.02623
   0.02529
   0.02441
   0.02368
   0.02292
   0.02247
   0.02156
   0.02099
   0.01984
   0.01913
   0.01768
   0.01629
   0.01521
   0.01424
   0.01340
   0.01249
   0.01169
   0.01089
   0.01012
   0.00939
   0.00866
   0.00797
   0.00732
   0.00672
   0.00615
   0.00562
   0.00516
   0.00480
   0.00449
   0.00419
   0.00381
   0.00375
   0.00325
   0.00331
   0.00288
   0.00302
   0.00281
   0.00263
   0.00246
   0.00222
   0.00221
   0.00176
   0.00228
   0.01592
   0.00221
   0.00329
   0.00376
   0.01241
   0.00763
   0.00996
   0.00994
   0.01050
   0.01075
   0.01071
   0.01069
   0.01044
   0.01035
   0.00983
   0.00908
   0.00820
   0.00796
   0.00805
   0.00624
   0.00665
   0.00651
   0.00589
   0.00431
   0.00187
   0.00024
   0.00011
   0.02823
   0.00059
   0.00054
   0.00054
   0.00043
   0.00676
   0.00090
   0.02683
   0.00078
   0.00014
   0.00009
   0.00008
   0.00009
   0.00010
   0.00012
   0.00009
   0.00022
   0.00075
   0.00084
   0.00086
   0.00085
   0.00081
   0.00076
   0.00068
   0.00067
   0.00092
   0.00066
   0.00066
   0.00070
   0.00064
   0.00063
   0.00059
   0.00062
   0.00006
   0.00054
   0.00051
   0.00053
   0.00038
   0.00044
   0.00043
   0.00044
   0.03368
   0.00027
   0.00035
   0.00036
   0.00031
   0.00023
   0.00028
   0.00028
   0.00008
   0.00635
   0.00021
   0.00017
   0.00012
   0.00017
   0.00011
   0.00003
   0.00010
   0.00010
   0.00004
   0.00003
   0.00028
   0.00017
   0.00015
   0.00014
   0.00014
   0.00012
   0.00012
   0.00011
   0.00011
   0.00008
   0.00009
   0.00009
   0.00009
   0.00008
   0.00133
   0.00007
   0.00006
   0.00006
   0.00005
   0.00005
   0.94431
   0.00017
   0.00018
   0.00018
   0.00017
   0.00016
   0.00015
   0.00014
   0.00011
   0.00013
   0.00012
   0.00006
   0.00005
   0.00006
   0.00007
   0.00007
   0.00007
   0.00006
   0.00007
   0.00007
   0.00028
   2.74158
   0.00003
   0.00003
   0.00003
   0.00002
   0.00002
   0.00002
   0.00003
   0.00002
   0.00002
   0.00002
   0.00002
   0.00002
   0.00002
   0.00002
   0.00336
   0.00019
   0.00021
   0.00014
   0.00010
   0.00016
   0.00014
   0.00008
   0.00009
   0.00015
   0.00014
   0.00007
   0.00009
   0.00008
   0.00016
   0.00006
   0.00006
   0.00008
   0.00012
   0.00011
   0.00005
   0.00006
   0.00009
   0.00008
   0.00001
   0.00007
   0.78111
   0.02759
   0.02273
   0.01827
   0.01671
   0.01802
   0.01992
   0.02221
   0.02496
   0.02835
   0.03264
   0.03684
   0.04271
   0.01426
   0.00098
   0.02662
   0.00056
   0.03185
   0.00049
   0.02981
   0.00045
   0.00676
   0.00045
   0.00048
   0.00094
   0.00048
   0.00046
   0.00044
   0.00040
   0.00030
   0.00030
   0.00029
   0.00029
   0.00027
   0.00544
   0.00239
   0.00022
   0.00118
   0.00037
   0.00037
   0.00087
   0.00053
   0.00020
   0.00039
   0.00031
   0.00030
   0.00031
   0.00032
   0.00024
   0.00005
   0.00070
   0.00019
   0.00004
   0.00010
   0.00018
   0.00039
   0.00019
   0.00003
   0.00007
   0.00009
   0.00014
   0.00019
   0.00015
   0.00018
   0.00020
   0.00021
   0.00021
   0.00021
   0.00019
   0.00016
   0.00011
   0.00004
   0.00029
   0.00015
   0.00014
   0.00012
   0.00012
   0.00013
   0.00024
   0.00024
   0.00019
   0.00022
   0.00023
   0.00022
   0.00021
   0.00019
   0.00017
   0.00014
   0.00010
   0.00006
   0.00003
   0.00013
   0.00012
   0.00012
   0.00011
   0.00010
   0.00010
   0.00009
   0.00009
   0.00007
   0.00007
   0.00007
   0.00007
   0.00008
   0.00019
   0.00016
   0.00014
   0.00014
   0.00013
   0.00012
   0.00011
   0.00010
   0.00009
   0.00007
   0.00006
   0.00004
   0.00003
   0.00005
   0.00005
   0.00005
   0.00004
   0.00004
   0.00004
   0.00004
   0.00004
   0.00003
   0.00003
   0.00003
   0.00003
   0.00003
   0.00003
   0.00003
   0.00003
   0.00003
   0.00003
   0.00003
   0.00003
   0.00003
   0.00003
   0.00003
   0.00002
   0.00003
   0.00003
   0.00003
   0.00003
   0.00003
   0.00002
   0.00003
   0.00003
   0.00003
   0.00003
   0.00003
   0.00003
   0.00003
   0.00006
   0.00003
   0.00002
   0.00002
   0.00002
   0.00002
   0.00002
   0.00002
   0.00002
   0.00002
   0.00002
   0.00002
   0.00002
   0.00002
   0.00002
   0.00002
   0.00002
   0.00002
   0.00002
   0.00002
   0.00002
   0.00002
   0.00002
   0.00002
   0.00002
   0.00003
   0.00002
   0.00002
   0.00002
   0.00005
   0.00002
   0.00004
   0.00005
   0.00004
   0.00005
   0.00004
   0.00003
   0.00006
   0.00003
   0.00002
   0.00002
   0.00002
   0.00002
   0.00002
   0.00002
   0.00001
   0.00001
   0.00001
   0.00001
   0.00001
   0.00001
   0.00001
   0.00001
   0.00001
   0.00022
   0.00029
   0.00021
   0.00001
   0.00001
   0.00001
   0.00001
   0.00001
   0.00001
   0.00001
   0.00001
   0.00001
   0.00001
   0.00001
   0.00001
   0.00000
   0.00001
   0.00001
   0.00001
   0.00001
   0.00001
   0.00001
   0.00001
   0.00001
   0.00001
   0.00001
   0.00001
   0.00001
   0.00001
   0.00001
   0.00041
   0.00031
   0.00026
   0.00022
   0.00018
   0.00014
   0.00012
   0.00010
   0.00009
   0.00011
   0.00010
   0.00010
   0.00011
   0.00011
   0.00010
   0.00009
   0.00008
   0.00007
   0.00006
   0.00006
   0.00006
   0.00590
   0.00682
   0.01079
   0.00170
   0.00139
   0.00129
   0.00123
   0.00116
   0.00107
   0.00097
   0.00088
   0.00064
   0.00064
   0.00069
   0.00077
   0.00074
   0.00071
   0.00068
   0.00067
   0.00066
   0.00064
   0.00061
   0.00059
   0.00056
   0.00053
   0.00051
   0.00046
   0.00044
   0.00045
   0.00044
   0.00040
   0.00037
   0.00035
   0.00034
   0.00033
   0.00032
   0.00029
   0.00030
   0.00027
   0.00026
   0.00024
   0.00232
   0.00024
   0.00022
   0.00019
   0.00018
   0.00017
   0.00016
   0.00015
   0.00015
   0.00015
   0.00015
   0.00014
   0.00013
   0.00011
   0.00009
   0.00008
   0.00005
   0.00016
   0.00017
   0.00019
   0.00022
   0.00024
   0.00022
   0.00019
   0.00017
   0.00015
   0.00014
   0.00012
   0.00011
   0.00011
   0.05348
   0.00010
   0.00010
   0.00010
   0.00011
   0.00011
   0.00012
   0.00013
   0.00018
   0.00020
   0.00017
   0.00015
   0.00013
   0.00012
   0.00011
   0.00009
   0.00009
   0.00008
   0.00008
   0.00043
   0.00008
   0.00009
   0.00008
   0.00007
   0.00006
   0.00006
   0.00005
   0.00005
   0.00005
   0.00000
   0.00003
   0.00003
   0.00003
   0.00003
   0.00004
   0.00004
   0.00004
   0.00005
   0.00005
   0.00005
   0.00007
   0.00007
   0.00007
   0.00006
   0.00006
   0.00005
   0.00005
   0.00004
   0.00004
   0.00004
   0.00004
   0.00019
   0.00002
   0.00002
   0.00002
   0.00002
   0.00002
   0.00003
   0.00003
   0.00003
   0.00003
   0.00004
   0.00004
   0.00004
   0.00004
   0.00004
   0.00003
   0.00003
   0.00003
   0.00003
   0.00003
   0.00003
   0.00006
   0.00003
   0.00003
   0.00005
   0.00005
   0.00004
   0.00004
   0.00004
   0.00003
   0.00003
   0.00003
   0.00003
   0.00003
   0.00003
   0.00003
   0.00004
   0.00004
   0.00004
   0.00004
   0.00004
   0.00004
   0.00004
   0.00004
   0.00004
   0.00004
   0.00004
   0.00003
   0.00003
   0.00003
   0.00003
   0.00003
   0.00002
   0.00002
   0.00002
   0.00002
   0.00002
   0.00001
   0.00001
   0.00001
   0.00001
   0.00001
   0.00001
   0.00001
   0.00001
   0.00001
   0.00001
   0.00001
   0.00001
   0.00001
   0.00001
   0.00001
   0.00001
   0.00001
   0.00001
   0.00001
   0.00001
   0.00001
   0.00001
   0.00001
   0.00001
   0.00001
   0.00001
   0.00001
   0.00001
   0.00001
   0.00001
   0.00001
   0.00001
   0.00001
   0.00001
   0.00001
   0.00001
   0.00001
   0.00001
   0.00001
   0.00001
   0.00001
   0.00001
   0.00001
   0.00001
   0.00001
   0.00001
   0.00001
   0.00001
   0.00001
   0.00001
   0.00001
   0.00001
   0.00001
   0.00001
   0.00001
   0.00001
   0.00001
   0.00001
   0.00001
   0.00001
   0.00001
   0.00001
   0.00001
   0.00001
   0.00000
   0.00002
   0.00002
   0.00002
   0.00002
   0.00001
   0.00001
   0.00001
   0.00001
   0.00001
   0.00001
   0.00001
   0.00001
   0.00001
   0.00001
   0.00001
   0.00001
   0.00002
   0.00002
   0.00002
   0.00002
   0.00001
   0.00001
   0.00001
   0.00001
   0.00001
   0.00001
   0.00001
   0.00001
   0.00001
   0.00000
   0.00001
   0.00001
   0.00000
   0.00000
   0.00000
   0.00000
   0.00000
   0.00000
   0.00000
   0.00000
   0.00000
   0.00000
   0.00000
   0.00000
   0.00000
   0.00000
   0.00000
   0.00000
   0.00000
   0.00000
   0.00000
   0.00000
   0.00000
   0.00000
   0.00000
   0.00000
   0.00000
   0.00000
   0.00000
   0.00000
   0.00000
   0.00000
   0.00000
   0.00000
   0.00000
   0.00001
   0.00001
   0.00001
   0.00001
   0.00000
   0.00000
   0.00000
   0.00000
   0.00000
   0.00000
   0.00000
   9.01558
   0.00000
   0.00000
   0.00000
   0.00000
   0.00000
   0.00000
   0.00000
   0.00000
   0.00000
   0.00000
   0.00000
   0.00000
   0.00000
   0.00000
   0.00000
   0.00000
   0.00000
   0.00000
   0.00000
   0.00000
   0.00000
   0.00000
   0.00000
   0.00000
   0.00000
   0.00000
   0.00000
   0.00000
   0.00000
   0.00000
   0.00000
   0.00000
   0.00000
   0.00000
   0.00000
   0.00000
   0.00000
   0.00000
   0.00000
   0.00000
   0.00000
   0.00000
   0.00000
   0.00000
   0.00000
   0.00000
   0.00000
   0.00000
   0.00000
   0.00000
   0.00000
   0.00000
   0.00000
   0.00000
   0.00000
   0.00000
   0.62214
   0.12995
   0.32981
   0.15608
   0.09900
   0.07174
   0.05549
   0.04472
   0.03711
   0.03151
   0.02722
   0.02380
   0.02102
   0.01872
   0.01681
   0.01519
   0.01473
   0.01321
   0.01129
   0.01028
   0.00939
   0.00860
   0.00791
   0.00731
   0.00677
   0.00629
   0.00585
   0.00545
   0.00510
   0.00477
   0.00446
   0.00419
   0.00393
   0.00370
   0.00348
   0.00328
   0.00309
   0.00291
   0.00275
   0.00260
   0.00246
   0.00233
   0.00221
   0.00212
   0.00203
   0.00195
   0.00187
   0.00373
   0.00382
   0.00313
   0.00197
   0.00230
   0.00247
   0.00228
   0.00171
   0.00162
   0.00160
   0.00144
   0.00114
   0.00108
   0.00113
   0.00112
   0.00110
   0.00108
