   0.68352
   0.67670
   0.66952
   0.66966
   0.66316
   0.66227
   0.65980
   0.65420
   0.67319
   0.65007
   0.65996
   0.64738
   0.64263
   0.63943
   0.63779
   0.63672
   0.63650
   0.63732
   0.64904
   0.64765
   0.64798
   0.64483
   0.63988
   0.62999
   0.60227
   0.60256
   0.58897
   0.57606
   0.56462
   0.54656
   0.54982
   0.53922
   0.53381
   0.52843
   0.51980
   0.51490
   0.51410
   0.51255
   0.51431
   0.51774
   0.51448
   0.50911
   0.49949
   0.49017
   0.48189
   0.46984
   0.45930
   0.45063
   0.43879
   0.43049
   0.41856
   0.41224
   0.40195
   0.39145
   0.38268
   0.36898
   0.35772
   0.34820
   0.33957
   0.32812
   0.31646
   0.30675
   0.29387
   0.28551
   0.27467
   0.26534
   0.25999
   0.25189
   0.24418
   0.23202
   0.22517
   0.21753
   0.21138
   0.20529
   0.20300
   0.20829
   0.20251
   0.19352
   0.18345
   0.18462
   0.17579
   0.17992
   0.17000
   0.17488
   0.17172
   0.16407
   0.15734
   0.16051
   0.15044
   0.15202
   0.14481
   0.14136
   0.13804
   0.13528
   0.12989
   0.11588
   0.10405
   0.09518
   0.08026
   0.05977
   0.04947
   0.04744
   0.05550
   0.06465
   0.06873
   0.03807
   0.07082
   0.12337
   0.10978
   0.12231
   0.07239
   0.14951
   0.12029
   0.05853
   0.12269
   0.06632
   0.14099
   0.03265
   0.03191
   0.02548
   0.02677
   0.03019
   0.10251
   0.01563
   0.23927
   0.07309
   0.06313
   0.06863
   0.08076
   0.08751
   0.07068
   0.04529
   0.04789
   0.02820
   0.02703
   0.03239
   0.01152
   0.00924
   0.00889
   0.01578
   0.02882
   0.09657
   0.09360
   0.04799
   0.02476
   0.00903
   0.05314
   0.01652
   0.02997
   0.00450
   1.25818
   0.06737
   0.07178
   0.08240
   0.07272
   0.05398
   0.06863
   0.02018
   0.04677
   0.02999
   0.03363
   0.03437
   0.01962
   0.03387
   0.03067
   0.01173
   0.03484
   0.02114
   0.01584
   0.01997
   0.01753
   0.01652
   0.00933
   0.01403
   0.01427
   0.00161
   0.01016
   0.00897
   0.01034
   0.00809
   0.00661
   0.00705
   0.00798
   0.00775
   0.00928
   0.00579
   0.01338
   0.00533
   0.00491
   0.00503
   0.00423
   0.00412
   0.00400
   0.00389
   0.00385
   0.00390
   0.00406
   0.00423
   0.00391
   0.00281
   0.00351
   0.00394
   0.00328
   0.00335
   0.00254
   0.00315
   0.00704
   0.05445
   0.02112
   0.01530
   0.01226
   0.01036
   0.00900
   0.00802
   0.00725
   0.00624
   0.00554
   0.00532
   0.00521
   0.00514
   0.00505
   0.00495
   0.00487
   0.00425
   0.00426
   0.00395
   0.00393
   0.00382
   0.00378
   0.00374
   0.00371
   0.00364
   0.00353
   0.00338
   0.00320
   0.00299
   0.00278
   0.00258
   0.00239
   0.00220
   0.00202
   0.00218
   0.00188
   0.00168
   0.00152
   0.00138
   0.00126
   0.00115
   0.00105
   0.00096
   0.00088
   0.00079
   0.00068
   0.00049
   0.00058
   0.00042
   0.03824
   0.09962
   0.07855
   0.06170
   0.03948
   0.02853
   0.02651
   0.02489
   0.01429
   0.01481
   0.01309
   0.01349
   0.00932
   0.00981
   0.00909
   0.01012
   0.01022
   0.00979
   0.00957
   0.00903
   0.00864
   0.00812
   0.00762
   0.00712
   0.00660
   0.00598
   0.00522
   0.00454
   0.00485
   0.00366
   0.00393
   0.00348
   0.00359
   0.00371
   0.00391
   0.05333
   0.02648
   0.02175
   0.02020
   0.02071
   0.02069
   0.01970
   0.01784
   0.01627
   0.01491
   0.01363
   0.01241
   0.01090
   0.00993
   0.00909
   0.00846
   0.00799
   0.00761
   0.00728
   0.00698
   0.00671
   0.00645
   0.00621
   0.00598
   0.00577
   0.00556
   0.00537
   0.00518
   0.00498
   0.00476
   0.00413
   0.00425
   0.00413
   0.00338
   0.00320
   0.00338
   0.00313
   0.00293
   0.00269
   0.00263
   0.00304
   0.00216
   0.00290
   0.00266
   0.00255
   0.00241
   0.00229
   0.00217
   0.00206
   0.00195
   0.00184
   0.00174
   0.00165
   0.00159
   0.00155
   0.00152
   0.00149
   0.00146
   0.00143
   0.00141
   0.00140
   0.00139
   0.00137
   0.00136
   0.00131
   0.00124
   0.00119
   0.00133
   0.00361
   0.00182
   0.00190
   0.00200
   0.00206
   0.00208
   0.00208
   0.00205
   0.00178
   0.00172
   0.00166
   0.00158
   0.00150
   0.00141
   0.00132
   0.00123
   0.00114
   0.00106
   0.00099
   0.00093
   0.00088
   0.00084
   0.00081
   0.00077
   0.00073
   0.00068
   0.00062
   0.00056
   0.00053
   0.00045
   0.00029
   0.00042
   5.69352
   0.00497
   0.00419
   0.00267
   0.00235
   0.00214
   0.00201
   0.00190
   0.00183
   0.00173
   0.00162
   0.00159
   0.00157
   0.00152
   0.00147
   0.00142
   0.00133
   0.00128
   0.00123
   0.00117
   0.00110
   0.00104
   0.00099
   0.00094
   0.00092
   0.00087
   0.00082
   0.00077
   0.00072
   0.00067
   0.00063
   0.00059
   0.00055
   0.00052
   0.00050
   0.00048
   0.00045
   0.00043
   0.00041
   0.00037
   0.00034
   0.00032
   0.00030
   0.00028
   0.00026
   0.00023
   0.00021
   0.00018
   0.00017
   0.00016
   0.00016
   0.00015
   0.00015
   0.00014
   0.00013
   0.00013
   0.00012
   0.00011
   0.00012
   0.00011
   0.00011
   0.00010
   0.00009
   0.00009
   0.00008
   0.00007
   0.00007
   0.00006
   0.00006
   0.00005
   0.00005
   0.00005
   0.00004
   0.00004
   0.01527
   0.00824
   0.00404
   0.00352
   0.00309
   0.00263
   0.00221
   0.00192
   0.00175
   0.00168
   0.00155
   0.00140
   0.00125
   0.00111
   0.00102
   0.00094
   0.00088
   0.00081
   0.00074
   0.00067
   0.00061
   0.00056
   0.00051
   0.00046
   0.00043
   0.00040
   0.00037
   0.00035
   0.00033
   0.00031
   0.00029
   0.00028
   0.00026
   0.00025
   0.00024
