   0.49054
   0.59460
   0.46571
   0.45008
   0.44543
   0.43357
   0.42981
   0.41907
   0.42678
   0.60486
   0.55676
   0.53233
   0.51740
   0.50759
   0.50619
   0.50805
   0.56131
   0.54360
   0.55296
   0.55771
   0.56205
   0.57652
   0.59145
   0.59555
   0.60175
   0.59726
   0.56984
   0.56254
   0.55555
   0.54229
   0.53073
   0.52950
   0.55028
   0.56414
   0.57145
   0.57106
   0.56336
   0.54751
   0.52158
   0.49088
   0.45608
   0.42325
   0.39404
   0.36838
   0.34521
   0.32550
   0.30814
   0.29234
   0.27874
   0.26643
   0.25520
   0.24503
   0.23608
   0.22809
   0.22146
   0.21475
   0.20872
   0.20299
   0.20000
   0.19451
   0.19021
   0.18611
   0.18300
   0.17935
   0.17594
   0.17275
   0.16911
   0.16532
   0.16113
   0.15769
   0.15234
   0.14635
   0.13957
   0.13220
   0.12411
   0.11633
   0.10730
   0.09778
   0.08842
   0.07936
   0.07069
   0.06265
   0.05538
   0.04900
   0.04357
   0.03898
   0.03528
   0.03248
   0.03063
   0.02926
   0.02823
   0.02731
   0.02632
   0.02530
   0.02422
   0.02310
   0.02198
   0.02084
   0.01964
   0.01842
   0.01713
   0.01582
   0.01454
   0.01334
   0.01224
   0.01127
   0.01043
   0.00974
   0.00915
   0.00868
   0.00829
   0.00791
   0.00756
   0.00724
   0.00699
   0.00673
   0.00651
   0.00633
   0.00616
   0.00601
   0.00592
   0.00576
   0.00475
   0.00592
   0.00419
   0.00548
   0.00648
   0.01058
   0.00989
   0.00449
   0.00281
   0.00737
   0.00140
   0.00130
   0.00144
   0.00201
   0.00271
   0.00266
   0.00205
   0.00118
   0.00094
   0.00175
   0.00089
   0.00209
   0.00081
   0.00079
   0.00086
   0.00925
   0.00074
   0.00182
   0.00093
   0.00089
   0.00061
   0.00057
   0.00062
   0.00066
   0.00056
   0.00047
   0.00512
   0.00169
   0.00154
   0.00068
   0.00077
   0.00170
   0.00176
   0.00075
   0.00070
   0.00064
   0.00054
   0.00040
   0.00053
   0.00609
   0.00351
   0.00261
   0.00212
   0.00184
   0.00156
   0.00122
   0.00108
   0.00549
   0.00063
   0.00049
   0.00075
   0.00069
   0.00031
   0.00054
   0.00051
   0.00048
   0.00051
   0.00040
   0.00039
   0.00036
   0.00035
   0.00035
   0.00034
   0.00026
   0.00032
   0.00024
   0.00031
   0.00017
   0.00023
   0.00017
   0.00022
   0.00022
   0.00022
   0.00020
   0.00019
   0.00020
   0.00020
   0.00020
   0.00019
   0.00022
   0.00019
   0.00019
   0.00019
   0.00018
   0.00017
   0.00041
   0.00029
   0.00026
   0.00024
   0.00023
   0.00021
   0.00020
   0.00018
   0.00017
   0.03801
   0.00441
   0.01567
   0.01185
   0.00325
   0.00223
   0.00184
   0.00203
   0.00149
   2.42746
   0.02803
   0.01107
   0.00761
   0.00554
   0.00459
   0.00516
   0.00407
   0.00389
   0.00474
   0.00147
   0.00147
   0.00333
   0.00143
   0.00100
   0.00078
   0.00073
   0.00064
   0.00069
   0.00280
   0.00063
   0.00055
   0.00962
   0.00049
   0.00173
   0.00171
   0.00138
   0.00148
   0.00107
   0.00123
   0.00087
   0.00080
   0.00074
   0.00066
   0.00057
   0.00061
   0.00055
   0.00043
   0.00042
   0.00040
   0.00038
   0.00035
   0.00035
   0.00034
   0.00030
   0.00028
   0.00024
   0.00046
   0.00008
   0.01296
   0.00723
   0.00912
   0.01339
   0.00841
   0.00255
   0.00281
   0.00958
   0.00322
   0.00667
   0.00480
   0.00450
   0.00884
   0.00594
   0.00308
   0.00521
   0.00074
   0.00071
   0.00070
   0.00067
   0.00065
   0.00069
   0.00054
   0.00049
   0.00044
   0.00041
   0.02079
   0.00150
   0.00125
   0.00110
   0.00099
   0.00076
   0.00067
   0.00061
   0.00055
   0.00050
   0.00040
   0.00036
   0.00034
   0.00029
   0.00026
   0.00023
   0.00023
   0.00019
   0.00018
   0.00000
   0.00145
   0.00109
   0.00086
   0.00069
   0.00055
   0.00048
   0.00043
   0.00038
   0.00034
   0.00031
   0.00029
   0.00026
   0.00024
   0.00021
   0.00019
   0.00017
   0.00016
   0.00016
   0.00001
   0.12790
   0.06263
   0.04398
   0.04342
   0.04011
   0.03822
   0.03647
   0.03464
   0.03301
   0.03132
   0.02969
   0.02794
   0.02632
   0.02452
   0.02291
   0.02104
   0.01933
   0.01763
   0.01586
   0.01434
   0.01279
   0.01134
   0.00988
   0.00857
   0.00720
   0.00585
   0.01404
   0.00817
   0.00586
   0.00439
   0.00356
   0.00321
   0.00293
   0.00260
   0.00230
   0.00201
   0.00170
   0.00152
   0.00145
   0.00152
   0.00117
   0.00123
   0.00105
   0.00097
   0.00086
   0.00077
   0.00071
   0.00070
   0.00078
   0.00266
   0.00229
   0.00206
   0.00187
   0.00172
   0.00158
   0.00141
   0.00125
   0.00111
   0.00115
   0.00084
   0.00078
   0.00075
   0.00086
   0.00057
   0.00054
   0.00055
   0.00045
   0.00040
   0.00039
   0.00052
   0.00034
   0.00033
   0.00032
   0.00032
   0.00031
   0.00030
   0.00029
   0.00029
   0.00028
   0.00027
   0.00022
   0.00025
   0.00024
   0.00023
   0.00024
   0.00021
   0.00021
   0.00020
   0.00019
   0.00019
   0.00018
   0.00017
   0.00018
   2.40352
   0.00119
   0.00111
   0.00103
   0.00095
   0.00087
   0.00078
   0.00070
   0.00062
   0.00054
   0.00049
   0.00045
   0.00042
   0.00039
   0.00036
   0.00034
   0.00032
   0.00029
   0.00026
   0.01869
   0.00068
   0.00065
   0.00063
   0.00061
   0.00059
   0.00056
   0.00053
   0.00049
   0.00045
   0.00040
   0.00034
   0.00027
   0.00026
   0.00023
   0.00021
   0.00019
   0.00146
   0.00113
   0.00096
   0.00084
   0.00076
   0.00070
   0.00064
   0.00059
   0.00053
   0.00047
   0.00042
   0.00036
   0.00030
   0.00026
   0.00910
   0.01328
   0.00704
   0.00452
   0.00330
   0.00259
   0.00212
   0.00165
   0.00135
   0.00109
   0.00134
   0.00183
   0.00152
   0.00139
   0.00129
   0.00112
   0.00095
   0.00081
   0.00072
   0.00053
   0.00113
   0.00101
   0.00091
   0.00081
   0.00074
   0.00074
   0.00068
   0.00060
   0.00054
   0.00049
   0.00036
   0.00240
   0.00208
   0.00179
   0.00155
   0.00135
   0.00117
   0.00102
   0.00089
   0.00079
   0.00070
   0.00064
   0.00063
   0.00057
   0.00050
   0.00044
   0.00039
   0.00030
   0.17113
   0.00037
   0.00035
   0.00034
   0.00033
   0.00031
   0.00029
   0.00027
   0.00026
   0.00025
   0.00024
   0.00024
   0.00023
   0.00021
   0.00020
   0.00018
   0.00016
   0.00006
   0.00015
   0.00015
   0.00014
   0.00013
   0.00013
   0.00012
   0.00013
   0.00013
   0.00012
   0.00012
   0.00011
   0.00010
   0.00009
   0.00000
   0.00300
   0.00263
   0.00229
   0.00200
   0.00174
   0.00150
   0.00131
   0.00115
   0.00102
   0.00090
   0.00079
   0.00070
   0.00062
   0.00055
   0.00048
   0.00042
   0.00037
   0.00033
   0.00031
   0.00029
   0.00027
   0.00024
   0.00022
   0.00019
   0.00016
   0.00016
   0.00016
   0.00015
   0.00015
   0.00014
   0.00013
   0.00013
   0.00012
   0.00011
   0.00011
   0.00011
   0.00011
   0.00008
   0.00010
   0.00009
   0.00008
   0.00007
   0.00007
   0.00007
   0.00010
   0.00012
   0.00012
   0.00012
   0.00011
   0.00011
   0.00011
   0.00011
   0.00010
   0.00010
   0.00010
   0.00010
   0.00010
   0.00010
   0.00009
   0.00009
   0.00009
   0.00009
   0.00008
   0.00008
   0.00008
   0.00007
   0.00007
   0.00007
   0.00007
   0.00007
   0.00005
   0.00000
   0.00144
   0.00123
   0.00106
   0.00091
   0.00079
   0.00068
   0.00059
   0.00052
   0.00046
   0.00041
   0.00036
   0.00032
   0.00028
   0.00024
   0.00021
   0.00019
   0.00017
   0.00016
   0.00015
   0.00014
   0.00011
   0.00011
   0.00769
   0.00493
   0.00349
   0.00265
   0.00207
   0.00166
   0.00135
   0.00111
   0.00091
   0.00076
   0.00064
   0.00054
   0.00046
   0.00040
   0.00035
   0.00030
   0.00026
   0.00023
   0.00020
   0.00017
   0.00015
   0.00013
   0.00012
   0.00011
   0.00011
   0.00007
   0.02449
   0.01123
   0.00628
   0.00398
   0.00283
   0.00211
   0.00163
   0.00127
   0.00100
   0.00081
   0.00066
   0.00054
   0.00044
   0.00037
   0.00032
   0.00027
   0.00023
   0.00020
   0.00017
   0.00015
   0.00013
   0.00011
   0.00010
   0.00009
   0.00008
   0.00007
   0.00007
   0.00006
   0.00005
   0.00004
   6.26636
   0.00868
   0.00445
   0.00289
   0.00208
   0.00157
   0.00123
   0.00098
   0.00078
   0.00064
   0.00053
   0.00044
   0.00037
   0.00031
   0.00026
   0.00023
   0.00020
   0.00017
   0.00015
   0.00013
   0.00012
   0.00010
   0.00009
   0.00008
   0.00007
   0.00006
   0.00005
   0.00005
   0.00005
   0.00004
   0.00003
   0.00000
   0.02065
   0.00794
   0.00434
   0.00259
   0.00170
   0.00127
   0.00106
   0.00079
   0.00074
   0.00067
   0.00060
   0.00054
   0.00049
   0.00044
   0.00040
   0.00035
   0.00031
   0.00027
   0.00023
   0.00020
   0.00017
   0.00016
   0.00582
   0.00321
   0.00206
   0.00146
   0.00108
   0.00084
   0.00067
   0.00054
   0.00045
   0.00037
   0.00031
   0.00027
   0.00023
   0.00021
   0.00019
   0.00017
   0.00015
   0.00014
   0.00009
   0.00008
   0.00017
   0.00016
   0.00015
   0.00015
   0.00014
   0.00014
   0.00013
   0.00013
   0.00012
   0.00011
   0.00011
   0.00010
   0.00010
   0.00010
   0.00009
   0.00009
   0.00008
   0.00008
   0.00008
   0.00007
   0.00007
   0.00007
   0.00006
   0.00006
   0.00006
   0.00005
   0.00005
   0.00006
   0.00006
   0.00006
   0.00006
   0.00006
   0.00005
   0.00005
   0.00005
   0.00005
   0.00005
   0.00005
   0.00005
   0.00004
   0.00004
   0.00004
   0.00004
   0.00004
   0.00004
   0.00004
   0.00004
   0.00004
   0.00003
   0.00003
   0.00003
   0.00003
   0.00003
   0.00014
   0.00014
   0.00013
   0.00013
   0.00012
   0.00012
   0.00011
   0.00011
   0.00010
   0.00009
   0.00009
   0.00009
   0.00008
   0.00008
   0.00007
   0.00007
   0.00007
   0.00006
   0.00006
   0.00006
   0.00005
   0.00005
   0.00005
   0.00005
   0.00085
   0.00075
   0.00065
   0.00057
   0.00050
   0.00044
   0.00038
   0.00033
   0.00029
   0.00026
   0.00022
   0.00020
   0.00018
   0.00016
   0.00014
   0.00013
   0.00011
   0.00010
   0.00009
   0.00008
   0.00008
   0.00007
   0.00006
   0.00006
   0.00005
   0.00005
   0.00006
   0.00008
   0.00007
   0.00007
   0.00007
   0.00007
   0.00007
   0.00006
   0.00006
   0.00006
   0.00006
   0.00005
   0.00005
   0.00005
   0.00005
   0.00005
   0.00004
   0.00004
   0.00004
   0.00004
   0.00004
   0.00003
   0.00003
   0.00003
   0.00003
   0.00003
   0.00003
   0.00003
   0.00002
   0.00002
   0.00002
   0.00667
   0.00370
   0.00251
   0.00184
   0.00137
   0.00106
   0.00084
   0.00066
   0.00054
   0.00044
   0.00036
   0.00030
   0.00025
   0.00022
   0.00018
   0.00016
   0.00014
   0.00012
   0.00011
   0.00010
   0.00009
   0.00008
   0.00007
   0.00006
   0.00006
   0.00005
   0.00005
   0.00004
   0.00004
   0.00003
   0.24129
   0.24439
   0.19904
   0.16359
   0.13962
   0.12061
   0.10325
   0.08860
   0.07718
   0.06739
   0.05955
   0.05328
   0.04773
   0.04302
   0.03903
   0.03521
   0.03188
   0.02940
   0.02689
   0.02536
   0.02394
   0.02307
   0.02194
   0.02021
   0.01885
   0.01778
   0.01675
   0.01585
   0.01501
   0.01430
   0.01355
   0.01290
   0.01223
   0.01169
   0.01117
   0.01067
   0.01017
   0.00972
   0.00927
   0.00889
