   0.71225
   0.72880
   0.72663
   0.73183
   0.73062
   0.72807
   0.72705
   0.72692
   0.72669
   0.72343
   0.73354
   0.72964
   0.72978
   0.73048
   0.73675
   0.73409
   0.73507
   0.73843
   0.74010
   0.74046
   0.74102
   0.74049
   0.74139
   0.74302
   0.74619
   0.74787
   0.75015
   0.72883
   0.73110
   0.72743
   0.72854
   0.73066
   0.73367
   0.73641
   0.73948
   0.74255
   0.74601
   0.74974
   0.75352
   0.75723
   0.76046
   0.76373
   0.76669
   0.76930
   0.77170
   0.77366
   0.77537
   0.77713
   0.77845
   0.77987
   0.78110
   0.78210
   0.78280
   0.78350
   0.78397
   0.78420
   0.78447
   0.78417
   0.78383
   0.78334
   0.78282
   0.78237
   0.78193
   0.78124
   0.78034
   0.77932
   0.77832
   0.77702
   0.77559
   0.77403
   0.77234
   0.77051
   0.76868
   0.76658
   0.76442
   0.76217
   0.75978
   0.75713
   0.75442
   0.75151
   0.74856
   0.74541
   0.74213
   0.73883
   0.73531
   0.73181
   0.72875
   0.72599
   0.72228
   0.71840
   0.71437
   0.71036
   0.70586
   0.70145
   0.69679
   0.69219
   0.68739
   0.68252
   0.67781
   0.67306
   0.66901
   0.66406
   0.65943
   0.65440
   0.64899
   0.64381
   0.63817
   0.63244
   0.62651
   0.62021
   0.61355
   0.60668
   0.59922
   0.59124
   0.58266
   0.57329
   0.56323
   0.55236
   0.54057
   0.52792
   0.51435
   0.49987
   0.48456
   0.46851
   0.45176
   0.43450
   0.41703
   0.39942
   0.38186
   0.36443
   0.34732
   0.33075
   0.31464
   0.29926
   0.28462
   0.27081
   0.25789
   0.24598
   0.23495
   0.22493
   0.21587
   0.20774
   0.20054
   0.19430
   0.18876
   0.18397
   0.17984
   0.17633
   0.17338
   0.17067
   0.16832
   0.16615
   0.16414
   0.16222
   0.16020
   0.15833
   0.15646
   0.15471
   0.15319
   0.15181
   0.15063
   0.14959
   0.14850
   0.14749
   0.14656
   0.14571
   0.14482
   0.14332
   0.14028
   0.13477
   0.12721
   0.11839
   0.10873
   0.09844
   0.08782
   0.07658
   0.06171
   0.03860
   0.02633
   0.02387
   0.01853
   0.01475
   0.01642
   0.01838
   0.01976
   0.02114
   0.02226
   0.02271
   0.02507
   0.02855
   0.03159
   0.03234
   0.03101
   0.03368
   0.03473
   0.03737
   0.03934
   0.04067
   0.04202
   0.04393
   0.04486
   0.01996
   0.01894
   0.14377
   0.00929
   0.01326
   0.03263
   0.04311
   0.01341
   0.02047
   0.00954
   0.01082
   0.01052
   0.01056
   0.00774
   0.01379
   0.00923
   0.15169
   0.00861
   0.00929
   0.01028
   0.13742
   0.00692
   0.14559
   0.14960
   0.03718
   0.07255
   0.00248
   0.00494
   0.00537
   0.00580
   0.00547
   0.00379
   0.00471
   0.00454
   0.00324
   0.00319
   0.00497
   0.00489
   0.00389
   0.00480
   0.00390
   0.00434
   0.00362
   0.00335
   0.02249
   0.00258
   0.00423
   0.00391
   0.00378
   0.00408
   0.00403
   0.00271
   0.00394
   0.00401
   0.00272
   0.00337
   0.00294
   0.00379
   0.00317
   0.00321
   0.00391
   0.00405
   0.00250
   0.00418
   0.00360
   0.00433
   0.00431
   0.00234
   0.00387
   0.00247
   0.01534
   0.00548
   0.00473
   0.00465
   0.00368
   0.00448
   0.00270
   0.00331
   0.00344
   0.00366
   0.00439
   0.00154
   0.00183
   0.00533
   0.00290
   0.00210
   0.57177
   0.00732
   0.00322
   0.05117
   0.00120
   0.00421
   0.00332
   0.00222
   0.00228
   0.00203
   0.00129
   0.00164
   0.00114
   0.00143
   0.00072
   0.00137
   0.00094
   0.00122
   0.00174
   0.00171
   0.00448
   0.00265
   0.00134
   0.00110
   0.00129
   0.01276
   0.00830
   0.00547
   0.00357
   0.00191
   0.00129
   0.00159
   0.00145
   0.00423
   0.00192
   0.00094
   0.00276
   0.13680
   0.00169
   0.00155
   0.00427
   0.00475
   0.00160
   0.00094
   0.00844
   0.00573
   0.00426
   0.00508
   0.00215
   0.00104
   0.00286
   0.00084
   0.00094
   0.40852
   0.11839
   0.06999
   0.06108
   0.04496
   0.04295
   0.03311
   0.02246
   0.01814
   0.01499
   0.01246
   0.01032
   0.00913
   0.03205
   0.00703
   0.00597
   0.00534
   0.00478
   0.00437
   0.00400
   0.00374
   0.00341
   0.00498
   0.00352
   0.00279
   0.00300
   0.00455
   0.03067
   0.07884
   0.00204
   0.01942
   0.02420
   0.02097
   0.02263
   0.13424
   0.01995
   0.00762
   0.01475
   0.01960
   0.01618
   0.01694
   0.08771
   0.00622
   0.01311
   0.00387
   0.00245
   0.00308
   0.00535
   0.00834
   0.00765
   0.01029
   0.01135
   0.00218
   0.00182
   0.00208
   0.00285
   0.00523
   0.00184
   0.00155
   0.00160
   0.00169
   0.00202
   0.00162
   0.00183
   0.00157
   0.00161
   0.00193
   0.00141
   0.00150
   0.00176
   0.00257
   0.00313
   2.54206
   1.39251
   0.91141
   0.74413
   0.70073
   0.69315
   0.69538
   0.69956
   0.70372
   0.70714
   0.70938
   0.71106
   0.71227
   0.71312
   0.71373
   0.71416
   0.71446
   0.71467
   0.71482
   0.71492
   0.71499
   0.71504
   0.71508
   0.71510
   0.71512
   0.71513
   0.71514
   0.71514
   0.71515
   0.71515
   0.71515
   0.71515
   0.71515
   0.71515
   0.71515
   0.71515
   0.71515
   0.71515
   0.71515
   0.71515
   0.71515
   0.71515
   0.71515
   0.71515
   0.71515
   0.71515
   0.71515
   0.71515
   0.71515
   0.71515
   0.71515
   0.71515
   0.71515
   0.71515
   0.71515
   0.71515
   0.71515
   0.71515
   0.71515
   0.71515
   0.71515
   0.71515
   0.71515
   0.71515
   0.71515
   0.71515
   0.71515
   0.71515
   0.71515
   0.71515
   0.71515
   0.71515
   0.71515
   0.71515
   0.71515
   0.71515
   0.71515
   0.71515
   0.71515
   0.71515
   0.71515
   0.71515
   0.71515
   0.71515
   0.71515
   0.71515
   0.71515
   0.71515
   0.71515
   0.71515
   0.71515
   0.71515
   0.71515
   0.71515
   0.71515
   0.71515
   0.71515
   0.71515
   0.71515
   0.71515
   0.71515
   0.71515
   0.71515
   0.71515
   0.71515
   0.71515
   0.71515
   0.71515
   0.71515
   0.71515
   0.71515
   0.71515
   0.71515
   0.71515
   0.71515
   0.71515
   0.71515
   0.71515
   0.71515
   0.71515
   0.71515
   0.71515
   0.71515
   0.71515
   0.71515
   0.71515
   0.71515
   0.71515
   0.71515
   0.71515
   0.71515
   0.71515
   0.71515
   0.71515
   0.71515
   0.71515
   0.71515
   0.71515
   0.71515
   0.71515
   0.71515
   0.71515
   0.71515
   0.71515
   0.71515
   0.71515
   0.71515
   0.71515
   0.71515
   0.71515
   0.71515
   0.71515
   0.71515
   0.71515
   0.71515
   0.71515
   0.71515
   0.71515
   0.71515
   0.71515
   0.71515
   0.71515
   0.71515
   0.71515
   0.71515
   0.71515
   0.71515
   0.71515
   0.71515
   0.71515
   0.71515
   0.71515
   0.71515
   0.71515
   0.71515
   0.71515
   0.71515
   0.71515
   0.71515
   0.71515
   0.71515
   0.71515
   0.71515
   0.71515
   0.71515
   0.71515
   0.71515
   0.71515
   0.71515
   0.71515
   0.71515
   0.71515
   0.71515
   0.71515
   0.71515
   0.71515
   0.71515
   0.71515
   0.71515
   0.71515
   0.71515
   0.71515
   0.71515
   0.71515
   0.71515
   0.71515
   0.71515
   0.71515
   0.71515
   0.71515
   0.71515
   0.71515
   0.71515
   0.71515
   0.71515
   0.71515
   0.71515
   0.71515
   0.71515
   0.71515
   0.71515
   0.71515
   0.71515
   0.71515
   0.71515
   0.71515
   0.71515
   0.71515
   0.71515
   0.71515
   0.71515
   0.71515
   0.71515
   0.71515
   0.71515
   0.71515
   0.71515
   0.71515
   0.71515
   0.71515
   0.71515
   0.71515
   0.71515
   0.71515
   0.71515
   0.71515
   0.71515
   0.71515
   0.71515
   0.71515
   0.71515
   0.71515
   0.71515
   0.71515
   0.71515
   0.71515
   0.71515
   0.71515
   0.71515
   0.71515
   0.71515
   0.71515
   0.71515
   0.71515
   0.71515
   0.71515
   0.71515
   0.71515
   0.71515
   0.71515
   0.71515
   0.71515
   0.71515
   0.71515
   0.71515
   0.71515
   0.71515
   0.71515
   0.71515
   0.71515
   0.71515
   0.71515
   0.71515
   0.71515
   0.71515
   0.71515
   0.71515
   0.71515
   0.71515
   0.71515
   0.71515
   0.71515
   0.71515
   0.71515
   0.71515
   0.71515
   0.71515
   0.71515
   0.71515
   0.71515
   0.71515
   0.71515
   0.71515
   0.71515
   0.71515
   0.71515
   0.71515
   0.71515
   0.71515
   0.71515
   0.71515
   0.71515
   0.71515
   0.71515
   0.71515
   0.71515
   0.71515
   0.71515
   0.71515
   0.71515
   0.71515
   0.71515
   0.71515
   0.71515
   0.71515
   0.71515
   0.71515
   0.71515
   0.71515
   0.71515
   0.71515
   0.71515
   0.71515
   0.71515
   0.71515
   0.71515
   0.71515
   0.71515
   0.71515
   0.71515
   0.71515
   0.71515
   0.71515
   0.71515
   0.71515
   0.71515
   0.71515
   0.71515
   0.71514
   0.71514
   0.71514
   0.71514
   0.71514
   0.71514
   0.71514
   0.71514
   0.71514
   0.71514
   0.71514
   0.71514
   0.71514
   0.71514
   0.71514
   0.71514
   0.71514
   0.71514
   0.71514
   0.71514
   0.71514
   0.71514
   0.71514
   0.71514
   0.71514
   0.71514
   0.71514
   0.71514
   0.71514
   0.71514
   0.71514
   0.71514
   0.71514
   0.71514
   0.71514
   0.71514
   0.71514
   0.71514
   0.71514
   0.71514
   0.71514
   0.71514
   0.71514
   0.71514
   0.71514
   0.71514
   0.71514
   0.71514
   0.71514
   0.71514
   0.71514
   0.71514
   0.71514
   0.71514
   0.71514
   0.71514
   0.71514
   0.71514
   0.71514
   0.71514
   0.71514
   0.71514
   0.71514
   0.71514
   0.71514
   0.71514
   0.71514
   0.71514
   0.71514
   0.71514
   0.71514
   0.71514
   0.71514
   0.71514
   0.71514
   0.71514
   0.71514
   0.71514
   0.71514
   0.71514
   0.71514
   0.71514
   0.71514
   0.71514
   0.71514
   0.71514
   0.71514
   0.71514
   0.71514
   0.71514
   0.71514
   0.71514
   0.71514
   0.71514
   0.71514
   0.71514
   0.71514
   0.71514
   0.71514
   0.71514
   0.71514
   0.71514
   0.71514
   0.71514
   0.71514
   0.71514
   0.71514
   0.71514
   0.71514
   0.71514
   0.71514
   0.71514
   0.71514
   0.71514
   0.71514
   0.71514
   0.71514
   0.71514
   0.71514
   0.71514
   0.71514
   0.71514
   0.71514
   0.71514
   0.71514
   0.71514
   0.71514
   0.71514
   0.71514
   0.71514
   0.71514
   0.71514
   0.71514
   0.71514
   0.71514
   0.71514
   0.71514
   0.71514
   0.71514
   0.71514
   0.71514
   0.71514
   0.71514
   0.71514
   0.71514
   0.71514
   0.71514
   0.71514
   0.71514
   0.71514
   0.71514
   0.71514
   0.71514
   0.71514
   0.71514
   0.71514
   0.71514
   0.71514
   0.71514
   0.71514
   0.71514
   0.71514
   0.71514
   0.71514
   0.71514
   0.71514
   0.71514
   0.71514
   0.71514
   0.71514
   0.71514
   0.71514
   0.71514
   0.71514
   0.71514
   0.71514
   0.71514
   0.71514
   0.71514
   0.71514
   0.71514
   0.71514
   0.71514
   0.71514
   0.71514
   0.71514
   0.71514
   0.71514
   0.71514
   0.71514
   0.71514
   0.71514
   0.71514
   0.71514
   0.71514
   0.71514
   0.71514
   0.71514
   0.71514
   0.71514
   0.71514
   0.71514
   0.71514
   0.71514
   0.71514
   0.71514
   0.71514
   0.71514
   0.71514
   0.71514
   0.71514
   0.71514
   0.71514
   0.71514
   0.71514
   0.71514
   0.71514
   0.71514
   0.71514
   0.71514
   0.71514
   0.71514
   0.71514
   0.71514
   0.71514
   0.71514
   0.71514
   0.71514
   0.71514
   0.71514
   0.71514
   0.71514
   0.71514
   0.71514
   0.71514
   0.71514
   0.71514
   0.71514
   0.71514
   0.71514
