   0.73207
   0.71960
   0.72109
   0.71943
   0.71891
   0.71897
   0.71904
   0.71897
   0.71895
   0.71900
   0.71904
   0.71913
   0.71911
   0.71915
   0.71934
   0.71924
   0.71930
   0.71950
   0.71952
   0.71961
   0.72542
   0.71913
   0.71933
   0.71829
   0.71864
   0.71902
   0.71884
   0.72563
   0.72024
   0.71992
   0.72060
   0.72108
   0.72170
   0.72401
   0.72047
   0.74129
   0.72599
   0.72693
   0.72790
   0.74077
   0.73984
   0.74413
   0.74582
   0.74250
   0.74976
   0.74575
   0.72268
   0.73134
   0.74206
   0.74078
   0.73900
   0.73762
   0.73569
   0.73242
   0.72956
   0.72555
   0.72140
   0.71794
   0.71402
   0.71053
   0.70755
   0.70516
   0.70340
   0.70230
   0.70188
   0.70213
   0.70436
   0.70628
   0.70774
   0.71016
   0.71269
   0.71544
   0.71855
   0.72207
   0.72595
   0.73005
   0.73421
   0.73827
   0.74204
   0.74539
   0.74833
   0.75040
   0.75218
   0.75422
   0.75537
   0.75543
   0.75488
   0.75368
   0.75183
   0.74937
   0.74643
   0.74301
   0.73908
   0.73472
   0.73002
   0.72504
   0.71972
   0.71412
   0.70829
   0.70219
   0.69608
   0.68975
   0.68327
   0.67672
   0.66998
   0.66333
   0.65649
   0.64968
   0.64285
   0.63598
   0.62919
   0.62227
   0.61537
   0.60845
   0.60154
   0.59463
   0.58770
   0.58074
   0.57377
   0.56674
   0.55968
   0.55255
   0.54543
   0.53821
   0.53089
   0.52351
   0.51604
   0.50847
   0.50083
   0.49311
   0.48532
   0.47739
   0.46939
   0.46129
   0.45316
   0.44493
   0.43665
   0.42830
   0.41991
   0.41148
   0.40299
   0.39446
   0.38591
   0.37735
   0.36878
   0.36022
   0.35165
   0.34309
   0.33456
   0.32605
   0.31758
   0.30917
   0.30091
   0.29267
   0.28453
   0.27666
   0.26857
   0.26098
   0.25332
   0.24578
   0.23839
   0.23114
   0.22408
   0.21709
   0.21028
   0.20360
   0.19712
   0.19080
   0.18462
   0.17838
   0.17269
   0.16720
   0.16194
   0.15690
   0.15210
   0.14756
   0.14326
   0.13922
   0.13544
   0.13193
   0.12868
   0.12564
   0.12288
   0.12028
   0.11847
   0.11615
   0.11402
   0.11092
   0.10854
   0.10574
   0.10339
   0.10046
   0.09691
   0.09368
   0.09046
   0.08737
   0.08425
   0.08115
   0.07826
   0.07546
   0.07286
   0.07039
   0.06807
   0.06574
   0.06355
   0.06145
   0.05917
   0.05689
   0.05483
   0.05175
   0.05009
   0.04743
   0.04426
   0.04177
   0.03929
   0.03957
   0.04181
   0.04238
   0.04005
   0.02668
   0.02806
   0.02773
   0.02282
   0.02617
   0.02567
   0.02354
   0.01742
   0.01788
   0.01899
   0.01577
   0.01566
   0.01617
   0.01458
   0.01416
   0.01357
   0.01308
   0.01268
   0.01213
   0.01171
   0.01124
   0.01066
   0.01041
   0.01059
   0.01103
   0.01003
   0.00923
   0.01019
   0.01028
   0.01082
   0.00772
   0.00770
   0.00781
   0.01098
   0.00683
   0.00859
   0.00730
   0.00635
   0.00830
   0.02048
   0.01967
   0.01704
   0.01578
   0.01291
   0.01207
   0.01649
   0.01845
   0.01977
   0.01964
   0.01248
   0.01149
   0.01236
   0.01418
   0.01413
   0.01373
   0.01262
   0.01133
   0.01010
   0.00893
   0.00791
   0.00759
   0.00719
   0.00681
   0.00653
   0.00995
   0.00695
   0.00665
   0.00847
   0.00808
   0.00734
   0.00766
   0.00979
   0.00577
   0.00576
   0.00561
   0.00532
   0.00487
   0.02902
   0.00463
   0.00433
   0.00356
   0.00339
   0.00350
   0.00357
   0.00345
   0.00952
   0.00654
   0.00642
   0.00655
   0.00648
   0.00556
   0.00426
   0.00337
   0.00279
   0.00261
   0.00252
   0.01907
   0.01026
   0.00829
   0.00634
   0.00551
   0.00552
   0.00622
   0.00698
   0.00741
   0.00589
   0.00518
   0.00533
   0.00586
   0.00608
   0.00472
   0.00446
   0.00864
   0.00690
   0.00513
   0.00413
   0.00371
   0.00364
   0.00390
   0.00422
   0.00430
   0.01389
   0.01376
   0.01807
   0.01907
   0.01696
   0.01311
   0.01070
   0.01019
   0.01044
   0.01203
   0.01659
   0.01707
   0.01302
   0.03174
   0.01051
   0.07953
   0.07049
   0.01731
   0.00794
   0.00574
   0.00552
   0.00555
   0.00900
   0.00585
   0.00564
   0.04281
   0.08557
   0.01182
   0.00916
   0.00929
   0.00991
   0.01046
   0.01031
   0.00940
   0.00849
   0.00788
   0.00743
   0.00708
   0.02026
   0.00822
   0.00649
   0.00644
   0.00664
   0.00703
   0.00719
   0.00690
   0.00638
   0.00581
   0.00542
   0.00503
   0.00918
   0.01256
   0.00816
   0.00495
   0.00438
   0.00426
   0.00428
   0.00455
   0.00474
   0.00466
   0.00441
   0.00407
   0.00377
   0.01680
   0.00926
   0.00919
   0.00993
   0.00988
   0.00716
   0.00455
   0.00312
   0.00302
   0.00290
   0.00293
   0.00314
   0.00329
   0.00326
   0.00307
   0.00285
   0.00260
   0.00356
   0.00629
   0.00626
   0.00691
   0.00696
   0.00484
   0.00325
   0.00228
   0.00208
   0.00203
   0.00196
   0.00201
   0.00213
   0.00220
   0.00215
   0.00204
   0.00185
   0.00521
   0.00541
   0.00540
   0.00532
   0.00515
   0.00486
   0.00449
   0.00415
   0.00400
   0.00428
   0.00475
   0.00353
   0.00233
   0.00164
   0.00128
   0.00124
   0.00119
   0.00112
   0.00112
   0.00114
   0.00115
   0.00111
   0.00106
   0.00099
   0.00428
   0.00359
   0.00350
   0.00333
   0.00309
   0.00285
   0.00272
   0.00288
   0.00342
   0.00279
   0.00179
   0.00130
   0.00093
   0.00084
   0.00084
   0.00078
   0.00076
   0.00080
   0.00076
   0.00072
   0.00070
   0.00064
   0.00193
   0.02002
   0.00545
   0.00469
   0.00408
   0.00354
   0.00311
   0.00268
   0.00243
   0.00220
   0.00203
   0.00186
   0.00175
   0.00179
   0.00211
   0.00192
   0.00118
   0.00090
   0.00063
   0.00053
   0.00054
   0.00049
   0.00044
   0.00044
   0.00043
   0.00040
   0.00040
   0.00038
   0.00036
   0.00125
   0.00130
   0.00126
   0.00119
   0.00109
   0.00100
   0.00097
   0.00108
   0.00128
   0.00086
   0.00053
   0.00045
   0.00035
   0.00031
   0.00029
   0.00027
   0.00025
   0.00024
   0.00024
   0.00023
   0.00023
   0.00022
   0.00021
   0.00025
   0.00079
   0.00075
   0.00075
   0.00073
   0.00068
   0.00063
   0.00058
   0.00056
   0.00065
   0.00070
   0.00038
   0.00026
   0.00024
   0.00020
   0.00018
   0.00017
   0.00015
   0.00014
   0.00014
   0.00013
   0.00013
   0.00013
   0.00013
   0.00012
   0.00017
   0.00019
   0.00019
   0.00020
   0.00021
   0.00022
   0.00023
   0.00025
   0.00027
   0.00029
   0.00031
   0.00034
   0.00036
   0.00039
   0.00041
   0.00043
   0.00044
   0.00045
   0.00045
   0.00044
   0.00041
   0.00038
   0.00035
   0.00035
   0.00043
   0.00044
   0.00020
   0.00013
   0.00014
   0.00012
   0.00010
   0.00009
   0.00008
   0.00048
   0.00054
   0.00054
   0.00053
   0.00054
   0.00053
   0.00053
   0.00052
   0.00051
   0.00049
   0.00047
   0.00044
   0.00042
   0.00039
   0.00037
   0.00036
   0.00035
   0.00033
   0.00033
   0.00031
   0.00028
   0.00025
   0.00024
   0.00026
   0.00031
   0.00023
   0.00012
   0.00008
   0.00008
   0.00008
   0.00008
   0.00006
   0.00006
   0.00005
   0.00005
   0.00005
   0.00005
   0.00005
   0.00005
   0.69361
   0.69874
   0.70307
   0.70623
   0.70851
   0.71018
   0.71141
   0.71231
   0.71299
   0.71354
   0.71385
   0.71410
   0.71430
   0.71445
   0.71457
   0.71466
   0.71473
   0.71479
   0.71484
   0.71487
   0.71490
   0.71492
   0.71494
   0.71495
   0.71510
   0.71508
   0.71506
   0.71505
   0.71504
   0.71503
   0.71502
   0.71502
   0.71501
   0.71501
   0.71500
   0.71500
   0.71500
   0.71500
   0.71500
   0.71500
   0.71499
   0.71499
   0.71499
   0.71499
   0.71499
   0.71499
   0.71499
   0.71499
   0.71499
   0.71499
   0.71499
   0.71499
   0.71499
   0.71499
   0.71499
   0.71499
   0.71499
   0.71499
   0.71499
   0.71499
   0.71499
   0.71499
   0.71499
   0.71499
   0.71499
   0.71499
   0.71499
   0.71499
   0.71499
   0.71499
   0.71499
   0.71499
   0.71499
   0.71499
   0.71499
   0.71499
   0.71499
   0.71499
   0.71499
   0.71499
   0.71499
   0.71499
   0.71499
   0.71499
   0.71499
   0.71499
   0.71499
   0.71499
   0.71499
   0.71499
   0.71499
   0.71499
   0.71499
   0.71499
   0.71499
   0.71499
   0.71499
   0.71499
   0.71499
   0.71499
   0.71499
   0.71499
   0.71499
   0.71499
   0.71499
   0.71499
   0.71499
   0.71499
   0.71499
   0.71499
   0.71499
   0.71499
   0.71499
   0.71499
   0.71499
   0.71499
   0.71499
   0.71499
   0.71499
   0.71499
   0.71499
   0.71499
   0.71499
   0.71499
   0.71499
   0.71499
   0.71499
   0.71499
   0.71499
   0.71499
   0.71499
   0.71499
   0.71499
   0.71499
   0.71499
   0.71499
   0.71499
   0.71499
   0.71499
   0.71499
   0.71499
   0.71499
   0.71499
   0.71499
   0.71499
   0.71499
   0.71499
   0.71499
   0.71499
   0.71499
   0.71499
   0.71499
   0.71499
   0.71499
   0.71499
   0.71499
   0.71499
   0.71499
   0.71499
   0.71499
   0.71499
   0.71499
   0.71499
   0.71499
   0.71499
   0.71499
   0.71499
   0.71499
   0.71499
   0.71499
   0.71499
   0.71499
   0.71499
   0.71499
   0.71499
   0.71499
   0.71499
   0.71499
   0.71499
   0.71499
   0.71499
   0.71499
   0.71499
   0.71499
   0.71499
   0.71499
   0.71499
   0.71499
   0.71499
   0.71499
   0.71499
   0.71499
   0.71499
   0.71499
   0.71499
   0.71499
   0.71499
   0.71499
   0.71499
   0.71499
   0.71499
   0.71499
   0.71499
   0.71499
   0.71499
   0.71499
   0.71499
   0.71499
   0.71499
   0.71499
   0.71499
   0.71499
   0.71499
   0.71499
   0.71499
   0.71499
   0.71499
   0.71499
   0.71499
   0.71499
   0.71499
   0.71499
   0.71499
   0.71499
   0.71499
   0.71499
   0.71499
   0.71499
   0.71499
   0.71499
   0.71499
   0.71499
   0.71499
   0.71499
   0.71499
   0.71499
   0.71499
   0.71499
   0.71499
   0.71499
   0.71499
   0.71499
   0.71499
   0.71499
   0.71499
   0.71499
   0.71499
   0.71499
   0.71499
   0.71499
   0.71499
   0.71499
   0.71499
   0.71499
   0.71499
   0.71499
   0.71499
   0.71499
   0.71499
   0.71499
   0.71499
   0.71499
   0.71499
   0.71499
   0.71499
   0.71499
   0.71499
   0.71499
   0.71499
   0.71499
   0.71499
   0.71499
   0.71499
   0.71499
   0.71499
   0.71499
   0.71499
   0.71499
   0.71499
   0.71499
   0.71499
   0.71499
   0.71499
   0.71499
   0.71499
   0.71499
   0.71499
   0.71499
   0.71499
   0.71499
   0.71499
   0.71499
   0.71499
   0.71499
   0.71499
   0.71499
   0.71499
   0.71499
   0.71499
   0.71499
   0.71499
   0.71499
   0.71499
   0.71499
   0.71499
   0.71499
   0.71499
   0.71499
   0.71499
   0.71499
   0.71499
   0.71499
   0.71499
   0.71499
   0.71499
   0.71499
   0.71499
   0.71499
   0.71499
   0.71499
   0.71499
   0.71499
   0.71499
   0.71499
   0.71499
   0.71499
   0.71499
   0.71499
   0.71499
   0.71499
   0.71499
   0.71499
   0.71499
   0.71499
   0.71499
   0.71499
   0.71499
   0.71499
   0.71499
   0.71499
   0.71499
   0.71499
   0.71499
   0.71499
   0.71499
   0.71499
   0.71499
   0.71499
   0.71499
   0.71499
   0.71499
   0.71499
   0.71499
   0.71499
   0.71499
   0.71499
   0.71499
   0.71499
   0.71499
   0.71499
   0.71499
   0.71499
   0.71499
   0.71499
   0.71499
   0.71499
   0.71499
   0.71499
