   0.67243
   0.67133
   0.66948
   0.66824
   0.66722
   0.66630
   0.66510
   0.66426
   0.66365
   0.66323
   0.66274
   0.66236
   0.66207
   0.66163
   0.66134
   0.66103
   0.66069
   0.66028
   0.65994
   0.65958
   0.66599
   0.66350
   0.66800
   0.66207
   0.66449
   0.66273
   0.65959
   0.65887
   0.65765
   0.65913
   0.65648
   0.65757
   0.65683
   0.65616
   0.65520
   0.65438
   0.65355
   0.65306
   0.65181
   0.65161
   0.64938
   0.64904
   0.64665
   0.64474
   0.64247
   0.63843
   0.63602
   0.63212
   0.62864
   0.62423
   0.61746
   0.61344
   0.60797
   0.60268
   0.59669
   0.59106
   0.58516
   0.57936
   0.57368
   0.56827
   0.56290
   0.55729
   0.55124
   0.54478
   0.53811
   0.53155
   0.52525
   0.51933
   0.51398
   0.50819
   0.50275
   0.49683
   0.49047
   0.48402
   0.47757
   0.47112
   0.46507
   0.45930
   0.45387
   0.44870
   0.44381
   0.43921
   0.43485
   0.43070
   0.42677
   0.42296
   0.41933
   0.41579
   0.41236
   0.40902
   0.40576
   0.40255
   0.39939
   0.39628
   0.39320
   0.39017
   0.38713
   0.38413
   0.38114
   0.37815
   0.37518
   0.37220
   0.36923
   0.36626
   0.36329
   0.36027
   0.35729
   0.35432
   0.35134
   0.34836
   0.34539
   0.34242
   0.33945
   0.33650
   0.33356
   0.33054
   0.32762
   0.32471
   0.32184
   0.31898
   0.31617
   0.31339
   0.31065
   0.30796
   0.30532
   0.30274
   0.30023
   0.29778
   0.29541
   0.29309
   0.29085
   0.28866
   0.28655
   0.28451
   0.28251
   0.28057
   0.27865
   0.27677
   0.27490
   0.27304
   0.27116
   0.26928
   0.26732
   0.26530
   0.26321
   0.26102
   0.25871
   0.25628
   0.25371
   0.25096
   0.24807
   0.24502
   0.24179
   0.23836
   0.23473
   0.23093
   0.22692
   0.22274
   0.21838
   0.21387
   0.20922
   0.20449
   0.19971
   0.19489
   0.19003
   0.18522
   0.18048
   0.17583
   0.17133
   0.16701
   0.16288
   0.15896
   0.15527
   0.15182
   0.14861
   0.14563
   0.14288
   0.14033
   0.13797
   0.13578
   0.13374
   0.13182
   0.13002
   0.12828
   0.12661
   0.12498
   0.12336
   0.12174
   0.12011
   0.11843
   0.11672
   0.11494
   0.11307
   0.11114
   0.10912
   0.10698
   0.10478
   0.10248
   0.10009
   0.09759
   0.09502
   0.09236
   0.08964
   0.08686
   0.08403
   0.08113
   0.07822
   0.07528
   0.07234
   0.06938
   0.06643
   0.06348
   0.06056
   0.05766
   0.05478
   0.05192
   0.04913
   0.04637
   0.04368
   0.04106
   0.03853
   0.03611
   0.03384
   0.03172
   0.02979
   0.02809
   0.02664
   0.02550
   0.02468
   0.02420
   0.02403
   0.02414
   0.02448
   0.02499
   0.02561
   0.02625
   0.02694
   0.02765
   0.02840
   0.02919
   0.03011
   0.03079
   0.03327
   0.02376
   0.03718
   0.01086
   0.02443
   0.01758
   0.01988
   0.02540
   0.01133
   0.08691
   0.00758
   0.04179
   0.10643
   0.02564
   0.00977
   0.00638
   0.00807
   0.00759
   0.00657
   0.01042
   0.00973
   0.00949
   0.00623
   0.00668
   0.00665
   0.00641
   0.00631
   0.00618
   0.16883
   0.00605
   0.19451
   0.00629
   0.17492
   0.07922
   0.00463
   0.00475
   0.00461
   0.00509
   0.00524
   0.00507
   0.00504
   0.00518
   0.10795
   0.00454
   0.00415
   0.00400
   0.00401
   0.00415
   0.00408
   0.00402
   0.00397
   0.00391
   0.00385
   0.00380
   0.00375
   0.00371
   0.00368
   0.00366
   0.00366
   0.00368
   0.00370
   0.00344
   0.00391
   0.00337
   0.00322
   0.00311
   0.00303
   0.00298
   0.00296
   0.00304
   0.00359
   0.00268
   0.00267
   0.00350
   0.00249
   0.00243
   0.00240
   0.00264
   0.00243
   0.00226
   0.00220
   0.00200
   0.00194
   0.00187
   0.00187
   0.00243
   0.14272
   0.00150
   0.00221
   0.00256
   0.00251
   0.00248
   0.00244
   0.00238
   0.00228
   0.00214
   0.00201
   0.00188
   0.00177
   0.00167
   0.00147
   0.00140
   0.00136
   0.00131
   0.00128
   0.00125
   0.00123
   0.00121
   0.00118
   0.00115
   0.00114
   0.00114
   0.00114
   0.00119
   0.00101
   0.00099
   0.00098
   0.00098
   0.00093
   0.00089
   0.00086
   0.00083
   0.00081
   0.00598
   0.01425
   0.01090
   0.00908
   0.00779
   0.00683
   0.00613
   0.00551
   0.00506
   0.00474
   0.00444
   0.00420
   0.00395
   0.00375
   0.00353
   0.00332
   0.00317
   0.00308
   0.00300
   0.00295
   0.00297
   0.00309
   0.00332
   0.00350
   0.00305
   0.00195
   0.00161
   0.00152
   0.00147
   0.00155
   0.00206
   0.00187
   0.00283
   0.00677
   0.00195
   0.00178
   0.00174
   0.00170
   0.00167
   0.00164
   0.00161
   0.00156
   0.00151
   0.00143
   0.00133
   0.00126
   0.00120
   0.00116
   0.00111
   0.00107
   0.00103
   0.00100
   0.00097
   0.00095
   0.00094
   0.00093
   0.00092
   0.00090
   0.00088
   0.00085
   0.00083
   0.00081
   0.00079
   0.00078
   0.00076
   0.00074
   0.00072
   0.00073
   0.00077
   0.00073
   0.00078
   0.00088
   0.00069
   0.00080
   0.00068
   0.00069
   0.00068
   0.00069
   0.00064
   0.00058
   0.00094
   0.00062
   0.00042
   0.00057
   0.00068
   0.00038
   0.01257
   0.00270
   0.00226
   0.00196
   0.00173
   0.00155
   0.00141
   0.00128
   0.00119
   0.00110
   0.00104
   0.00097
   0.00091
   0.00086
   0.00081
   0.00077
   0.00073
   0.00070
   0.00068
   0.00063
   0.00060
   0.00057
   0.00054
   0.00051
   0.00049
   0.00046
   0.00044
   0.00041
   0.00039
   0.00038
   0.00037
   0.00036
   0.00034
   0.00034
   0.00034
   0.00034
   0.00033
   0.00032
   0.00031
   0.00029
   0.00028
   0.00026
   0.00026
   0.00025
   0.00024
   0.00023
   0.00023
   0.00028
   0.00025
   0.00026
   0.00031
   0.00032
   0.00024
   0.00027
   0.00022
   0.00021
   0.00022
   0.00021
   0.00020
   0.00019
   0.00023
   0.00018
   0.00013
   2.15989
   0.00014
   0.00014
   0.00014
   0.00015
   0.00015
   0.00016
   0.00016
   0.00017
   0.00017
   0.00018
   0.00019
   0.00019
   0.00019
   0.00018
   0.00018
   0.00017
   0.00017
   0.00017
   0.00017
   0.00016
   0.00016
   0.00015
   0.00015
   0.00014
   0.00014
   0.00013
   0.00013
   0.00012
   0.00011
   0.00011
   0.00011
   0.00010
   0.00010
   0.00010
   0.00009
   0.00009
   0.00009
   0.00009
   0.00009
   0.00009
   0.00009
   0.00009
   0.00009
   0.00009
   0.00009
   0.00008
   0.00008
   0.00007
   0.00007
   0.00006
   0.00006
   0.00006
   0.00006
   0.00005
   0.00005
   0.22919
   0.00006
   0.00006
   0.00006
   0.00005
   0.00005
   0.00005
   0.00005
   0.00005
   0.00005
   0.00005
   0.00005
   0.00005
   0.00005
   0.00005
   0.00005
   0.00006
   0.00006
   0.00006
   0.00006
   0.00006
   0.00006
   0.00006
   0.00007
   0.00007
   0.00007
   0.00008
   0.00007
   0.00007
   0.00006
   0.00006
   0.00006
   0.00006
   0.00006
   0.00006
   0.00006
   0.00006
   0.00006
   0.00006
   0.00006
   0.00006
   0.00006
   0.00005
   0.00005
   0.00004
   0.00005
   0.00005
   0.00004
   0.00004
   0.00004
   0.00004
   0.00004
   0.00004
   0.00004
   0.00004
   0.00004
   0.00004
   0.00004
   0.00004
   0.00004
   0.00004
   0.00003
   0.00003
   0.00003
   0.00003
   0.00003
   0.00003
   0.00003
   0.00002
   0.00002
   0.00002
   0.00027
   0.00023
   0.00022
   0.00022
   0.00021
   0.00021
   0.00020
   0.00020
   0.00019
   0.00018
   0.00018
   0.00017
   0.00017
   0.00016
   0.00015
   0.00015
   0.00014
   0.00014
   0.00013
   0.00013
   0.00012
   0.00011
   0.00011
   0.00010
   0.00010
   0.00009
   0.00009
   0.00009
   0.00008
   0.00008
   0.00008
   0.00008
   0.00007
   0.00007
   0.00007
   0.00007
   0.00006
   0.00006
   0.00006
   0.00006
   0.00005
   0.00005
   0.00005
   0.00005
   0.00005
   0.00005
   0.00005
   0.00004
   0.00004
   0.00004
   0.00004
   0.00004
   0.00003
   0.00003
   0.00003
   0.00003
   0.00003
   0.00003
   0.00002
   0.00002
   0.00002
   0.00002
   0.00002
   0.00002
   0.00002
   0.00002
   0.00002
   0.00002
   0.00002
   0.00002
   0.00002
   0.00002
   0.00002
   0.00001
   0.00001
   0.00001
   0.00027
   0.00019
   0.00018
   0.00018
   0.00018
   0.00017
   0.00017
   0.00017
   0.00016
   0.00016
   0.00015
   0.00015
   0.00015
   0.00014
   0.00014
   0.00013
   0.00013
   0.00013
   0.00012
   0.00012
   0.00011
   0.00011
   0.00010
   0.00010
   0.00010
   0.00009
   0.00009
   0.00008
   0.00008
   0.00008
   0.00007
   0.00007
   0.00006
   0.00006
   0.00006
   0.00006
   0.00005
   0.00005
   0.00005
   0.00005
   0.00005
   0.00005
   0.00004
   0.00004
   0.00004
   0.00004
   0.00004
   0.00004
   0.00003
   0.00003
   0.00003
   0.00003
   0.00003
   0.00003
   0.00003
   0.00003
   0.00003
   0.00003
   0.00002
   0.00002
   0.00002
   0.00002
   0.00002
   0.00002
   0.00002
   0.00002
   0.00002
   0.00002
   0.00002
   0.00001
   0.00001
   0.00001
   0.00001
   0.00001
   0.00001
   0.00001
   0.00001
   0.00001
   0.00001
   0.00001
   0.00001
   0.00001
   0.00001
   0.00001
   0.00003
   0.00002
   0.00002
   0.00002
   0.00001
   0.00001
   0.00001
   0.00001
   0.00001
   0.00001
   0.00001
   0.00001
   0.00001
   0.00001
   0.00001
   0.00001
   0.00001
   0.00001
   0.00001
   0.00001
   0.00001
   0.00001
   0.00001
   0.00001
   0.00001
   0.00001
   0.00001
   0.00001
   0.00001
   0.00001
   0.00001
   0.00001
   0.00001
   0.00001
   0.00001
   0.00001
   0.00001
   0.00001
   0.00001
   0.00001
   0.00001
   0.00001
   0.00001
   0.00001
   0.00001
   0.00002
   0.00002
   0.00002
   0.00002
   0.00002
   0.00002
   0.00002
   0.00002
   0.00002
   0.00002
   0.00002
   0.00002
   0.00002
   0.00002
   0.00002
   0.00002
   0.00002
   0.00002
   0.00002
   0.00001
   0.00001
   0.00001
   0.00001
   0.00001
   0.00001
   0.00001
   0.00001
   0.00001
   0.00001
   0.00001
   0.00001
   0.00001
   0.00001
   0.00001
   0.00001
   0.00001
   0.00001
   0.00001
   0.00001
   0.00001
   0.00001
   0.00001
   0.00001
   0.00001
   0.00001
   0.00001
   0.00000
   0.00000
   0.00000
   0.00000
   0.00000
   0.00003
   0.00001
   0.00001
   0.00001
   0.00001
   0.00001
   0.00001
   0.00001
   0.00001
   0.00001
   0.00001
   0.00001
   0.00001
   0.00001
   0.00001
   0.00001
   0.00001
   0.00001
   0.00001
   0.00001
   0.00001
   0.00001
   0.00001
   0.00001
   0.00001
   0.00001
   0.00001
   0.00001
   0.00001
   0.00001
   0.00001
   0.00001
   0.00001
   0.00001
   0.00001
   0.00001
   0.00001
   0.00001
   0.00001
   0.00001
   0.00001
   0.00001
   0.00001
   0.00001
   0.00001
   0.00001
   0.00001
   0.00001
   0.00001
   0.00001
   0.00001
   0.00001
   0.00001
   0.00001
   0.00001
   0.00001
   0.00001
   0.00001
   0.00001
   0.00001
   0.00001
   0.00001
   0.00001
   0.00001
   0.00001
   0.00001
   0.00001
   0.00001
   0.00001
   0.00001
   0.00001
   0.00001
   0.00001
   0.00001
   0.00001
   0.00001
   0.00001
   0.00001
   0.00001
   0.00001
   0.00001
   0.00001
   0.00001
   0.00001
   0.00001
   0.00000
   0.00000
   0.00000
   0.00000
   0.00000
   0.00000
   0.00000
   0.00000
   0.00000
   0.00000
   0.00000
   0.00000
   0.00000
   0.00000
   0.00000
   0.00000
   0.00000
   0.00000
