   0.71662
   0.69383
   0.69229
   0.68979
   0.68874
   0.68784
   0.68729
   0.68672
   0.68617
   0.68573
   0.68520
   0.68470
   0.68404
   0.68355
   0.68285
   0.68262
   0.68186
   0.68144
   0.68075
   0.68040
   0.67936
   0.67892
   0.67832
   0.67787
   0.67723
   0.67680
   0.67611
   0.67551
   0.67500
   0.67452
   0.67370
   0.67339
   0.67255
   0.67141
   0.67093
   0.67039
   0.66955
   0.66896
   0.66843
   0.66761
   0.66693
   0.66627
   0.66557
   0.66489
   0.66418
   0.66345
   0.66269
   0.66198
   0.66124
   0.66049
   0.65974
   0.65896
   0.65820
   0.65740
   0.65673
   0.65594
   0.65497
   0.65415
   0.65346
   0.65257
   0.65178
   0.65095
   0.65015
   0.64920
   0.64830
   0.64750
   0.64671
   0.64591
   0.64517
   0.64435
   0.64372
   0.64299
   0.64239
   0.64178
   0.64122
   0.64071
   0.64009
   0.64109
   0.64084
   0.64439
   0.64612
   0.64688
   0.64721
   0.64757
   0.64793
   0.64809
   0.64823
   0.64784
   0.64713
   0.64594
   0.64414
   0.64178
   0.63887
   0.63568
   0.63237
   0.62883
   0.62523
   0.62160
   0.61798
   0.61443
   0.61071
   0.60719
   0.60348
   0.59986
   0.59619
   0.59253
   0.58881
   0.58510
   0.58143
   0.57766
   0.57398
   0.57022
   0.56649
   0.56279
   0.55903
   0.55538
   0.55178
   0.54817
   0.54459
   0.54103
   0.53748
   0.53402
   0.53060
   0.52722
   0.52386
   0.52058
   0.51732
   0.51407
   0.51086
   0.50773
   0.50460
   0.50148
   0.49839
   0.49537
   0.49238
   0.48944
   0.48649
   0.48358
   0.48071
   0.47789
   0.47511
   0.47235
   0.46962
   0.46695
   0.46430
   0.46168
   0.45910
   0.45656
   0.45408
   0.45167
   0.44927
   0.44694
   0.44463
   0.44239
   0.44016
   0.43803
   0.43595
   0.43391
   0.43192
   0.42999
   0.42811
   0.42630
   0.42453
   0.42286
   0.42124
   0.41968
   0.41818
   0.41678
   0.41543
   0.41414
   0.41291
   0.41172
   0.41060
   0.40952
   0.40848
   0.40743
   0.40638
   0.40532
   0.40423
   0.40306
   0.40184
   0.40053
   0.39911
   0.39761
   0.39595
   0.39416
   0.39227
   0.39028
   0.38819
   0.38604
   0.38381
   0.38152
   0.37916
   0.37680
   0.37444
   0.37204
   0.36959
   0.36714
   0.36474
   0.36224
   0.35986
   0.35741
   0.35500
   0.35259
   0.35017
   0.34774
   0.34529
   0.34294
   0.34054
   0.33815
   0.33575
   0.33339
   0.33101
   0.32867
   0.32628
   0.32397
   0.32155
   0.31925
   0.31690
   0.31452
   0.31224
   0.30994
   0.30756
   0.30526
   0.30301
   0.30063
   0.29837
   0.29609
   0.29377
   0.29154
   0.28923
   0.28699
   0.28469
   0.28248
   0.28019
   0.27796
   0.27574
   0.27349
   0.27129
   0.26909
   0.26685
   0.26466
   0.26247
   0.26028
   0.25814
   0.25595
   0.25378
   0.25168
   0.24949
   0.24740
   0.24520
   0.24316
   0.24099
   0.23891
   0.23680
   0.23472
   0.23263
   0.23057
   0.22848
   0.22644
   0.22442
   0.22234
   0.22033
   0.21829
   0.21630
   0.21428
   0.21226
   0.21027
   0.20828
   0.20632
   0.20433
   0.20239
   0.20043
   0.19848
   0.19654
   0.19461
   0.19266
   0.19075
   0.18885
   0.18692
   0.18503
   0.18315
   0.18124
   0.17938
   0.17750
   0.17565
   0.17379
   0.17195
   0.17008
   0.16828
   0.16645
   0.16464
   0.16283
   0.16099
   0.15921
   0.15742
   0.15561
   0.15384
   0.15207
   0.15032
   0.14856
   0.14680
   0.14507
   0.14332
   0.14160
   0.13988
   0.13817
   0.13646
   0.13477
   0.13307
   0.13137
   0.12970
   0.12804
   0.12638
   0.12472
   0.12308
   0.12142
   0.11980
   0.11818
   0.11655
   0.11495
   0.11337
   0.11174
   0.11018
   0.10859
   0.10701
   0.10546
   0.10391
   0.10236
   0.10082
   0.09929
   0.09779
   0.09629
   0.09477
   0.09328
   0.09181
   0.09035
   0.08889
   0.08745
   0.08601
   0.08460
   0.08319
   0.08179
   0.08040
   0.07903
   0.07768
   0.07634
   0.07500
   0.07368
   0.07237
   0.07107
   0.06978
   0.06851
   0.06727
   0.06603
   0.06481
   0.06361
   0.06243
   0.06128
   0.06013
   0.05900
   0.05789
   0.05681
   0.05574
   0.05470
   0.05367
   0.05267
   0.05169
   0.05073
   0.04980
   0.04888
   0.04799
   0.04713
   0.04629
   0.04548
   0.04470
   0.04393
   0.04318
   0.04246
   0.04176
   0.04110
   0.04044
   0.03981
   0.03920
   0.03862
   0.03805
   0.03751
   0.03698
   0.03648
   0.03599
   0.03551
   0.03505
   0.03460
   0.03416
   0.03373
   0.03331
   0.03290
   0.03250
   0.03211
   0.03173
   0.03135
   0.03098
   0.03061
   0.03025
   0.02989
   0.02954
   0.02920
   0.02886
   0.02852
   0.02819
   0.02786
   0.02753
   0.02721
   0.02689
   0.02657
   0.02625
   0.02594
   0.02563
   0.02532
   0.02502
   0.02472
   0.02442
   0.02412
   0.02383
   0.02354
   0.02325
   0.02297
   0.02269
   0.02241
   0.02214
   0.02187
   0.02161
   0.02135
   0.02109
   0.02084
   0.02060
   0.02035
   0.02012
   0.01989
   0.01966
   0.01944
   0.01923
   0.01902
   0.01882
   0.01863
   0.01844
   0.01826
   0.01809
   0.01792
   0.01776
   0.01761
   0.01747
   0.01734
   0.01722
   0.01710
   0.01700
   0.01691
   0.01683
   0.01676
   0.01670
   0.01666
   0.01663
   0.01662
   0.01662
   0.01664
   0.01668
   0.01675
   0.01683
   0.01695
   0.01706
   0.01725
   0.01743
   0.01767
   0.01794
   0.01825
   0.01861
   0.01902
   0.01948
   0.02000
   0.02060
   0.02126
   0.02201
   0.02282
   0.02380
   0.02481
   0.02603
   0.02732
   0.02886
   0.03055
   0.03256
   0.03486
   0.03765
   0.04105
   0.04506
   0.05004
   0.05600
   0.06333
   0.07240
   0.08416
   0.09958
   0.11865
   0.14422
   0.17032
   0.00636
   0.00725
   0.00741
   0.00746
   0.00748
   0.00751
   0.00752
   0.00754
   0.00755
   0.00757
   0.00758
   0.00760
   0.00761
   0.00762
   0.00764
   0.00765
   0.00766
   0.00766
   0.00767
   0.00767
   0.00767
   0.00767
   0.00767
   0.00766
   0.00765
   0.00763
   0.00762
   0.00760
   0.00758
   0.00756
   0.00754
   0.00751
   0.00748
   0.00746
   0.00743
   0.00740
   0.00737
   0.00733
   0.00730
   0.00727
   0.00723
   0.00720
   0.00716
   0.00712
   0.00709
   0.00705
   0.00701
   0.00698
   0.00694
   0.00690
   0.00686
   0.00682
   0.00678
   0.00674
   0.00671
   0.00667
   0.00663
   0.00659
   0.00655
   0.00651
   0.00647
   0.00643
   0.00639
   0.00635
   0.00631
   0.00627
   0.00623
   0.00619
   0.00615
   0.00611
   0.00607
   0.00603
   0.00599
   0.00596
   0.00592
   0.00588
   0.00584
   0.00580
   0.00576
   0.00572
   0.00568
   0.00565
   0.00561
   0.00557
   0.00553
   0.00549
   0.00546
   0.00542
   0.00538
   0.00535
   0.00531
   0.00527
   0.00524
   0.00520
   0.00516
   0.00513
   0.00509
   0.00506
   0.00502
   0.00499
   0.00495
   0.00492
   0.00488
   0.00485
   0.00481
   0.00478
   0.00475
   0.00471
   0.00468
   0.00465
   0.00461
   0.00458
   0.00455
   0.00452
   0.00448
   0.00445
   0.00442
   0.00439
   0.00436
   0.00433
   0.00429
   0.00426
   0.00423
   0.00420
   0.00417
   0.00414
   0.00411
   0.00408
   0.00405
   0.00403
   0.00400
   0.00397
   0.00394
   0.00391
   0.00388
   0.00386
   0.00383
   0.00380
   0.00377
   0.00375
   0.00372
   0.00369
   0.00367
   0.00364
   0.00361
   0.00359
   0.00356
   0.00354
   0.00351
   0.00349
   0.00346
   0.00344
   0.00341
   0.00339
   0.00336
   0.00334
   0.00332
   0.00329
   0.00327
   0.00325
   0.00322
   0.00320
   0.00318
   0.00315
   0.00313
   0.00311
   0.00309
   0.00307
   0.00305
   0.00302
   0.00300
   0.00298
   0.00296
   0.00294
   0.00292
   0.00290
   0.00288
   0.00286
   0.00284
   0.00282
   0.00280
   0.00278
   0.00276
   0.00274
   0.00272
   0.00270
   0.00268
   0.00267
   0.00265
   0.00263
   0.00261
   0.00259
   0.00258
   0.00256
   0.00254
   0.00252
   0.00251
   0.00249
   0.00247
   0.00246
   0.00244
   0.00242
   0.00241
   0.00239
   0.00238
   0.00236
   0.00234
   0.00233
   0.00231
   0.00230
   0.00228
   0.00227
   0.00225
   0.00224
   0.00222
   0.00221
   0.00219
   0.00218
   0.00216
   0.00215
   0.00213
   0.00212
   0.00211
   0.00209
   0.00208
   0.00207
   0.00205
   0.00204
   0.00203
   0.00201
   0.00200
   0.00199
   0.00198
   0.00196
   0.00195
   0.00193
   0.00192
   0.00191
   0.00189
   0.00188
   0.00187
   0.00186
   0.00184
   0.00183
   0.00182
   0.00180
   0.00179
   0.00178
   0.00177
   0.00175
   0.00174
   0.00173
   0.00171
   0.00170
   0.00169
   0.00168
   0.00166
   0.00165
   0.00164
   0.00162
   0.00161
   0.00160
   0.00158
   0.00157
   0.00155
   0.00154
   0.00153
   0.00151
   0.00149
   0.00148
   0.00146
   0.00145
   0.00143
   0.00141
   0.00140
   0.00138
   0.00136
   0.00134
   0.00132
   0.00130
   0.00128
   0.00125
   0.00123
   0.00121
   0.00118
   0.00115
   0.00113
   0.00110
   0.00107
   0.00103
   0.00100
   0.00097
   0.00094
   0.00091
   0.00089
   0.00086
   0.00084
   0.00082
   0.00080
   0.00078
   0.00076
   0.00075
   0.00073
   0.00072
   0.00070
   0.00069
   0.00068
   0.00067
   0.00064
   0.00070
   0.00046
   2.81560
   0.00383
   0.01302
   0.00170
   0.00082
   0.00105
   0.00091
   0.00095
   0.00092
   0.00092
   0.00090
   0.00090
   0.00089
   0.00088
   0.00087
   0.00087
   0.00086
   0.00086
   0.00085
   0.00084
   0.00084
   0.00083
   0.00083
   0.00082
   0.00082
   0.00081
   0.00081
   0.00080
   0.00080
   0.00080
   0.00079
   0.00079
   0.00078
   0.00078
   0.00078
   0.00077
   0.00077
   0.00076
   0.00076
   0.00076
   0.00075
   0.00075
   0.00075
   0.00074
   0.00074
   0.00074
   0.00073
   0.00073
   0.00073
   0.00073
   0.00072
   0.00072
   0.00072
   0.00072
   0.00072
   0.00071
   0.00071
   0.00071
   0.00071
   0.00071
   0.00071
   0.00071
   0.00071
   0.00071
   0.00070
   0.00070
   0.00070
   0.00070
   0.00070
   0.00070
   0.00070
   0.00070
   0.00070
   0.00070
   0.00070
   0.00070
   0.00070
   0.00070
   0.00070
   0.00070
   0.00070
   0.00070
   0.00070
   0.00070
   0.00071
   0.00071
   0.00071
   0.00071
   0.00071
   0.00071
   0.00071
   0.00071
   0.00071
   0.00071
   0.00071
   0.00071
   0.00072
   0.00072
   0.00072
   0.00072
   0.00072
   0.00072
   0.00072
   0.00072
   0.00073
   0.00073
   0.00073
   0.00073
   0.00073
   0.00073
   0.00074
   0.00074
   0.00074
   0.00074
   0.00074
   0.00075
   0.00075
   0.00075
   0.00075
   0.00075
   0.00076
   0.00076
   0.00076
   0.00077
   0.00077
   0.00077
   0.00077
   0.00078
   0.00078
   0.00078
   0.00079
   0.00079
   0.00080
   0.00080
   0.00080
   0.00081
   0.00081
   0.00082
   0.00082
   0.00083
   0.00083
   0.00084
   0.00084
   0.00085
   0.00085
   0.00086
   0.00087
   0.00087
   0.00088
   0.00089
   0.00089
   0.00090
   0.00091
   0.00092
   0.00093
   0.00093
   0.00094
   0.00095
   0.00096
   0.00097
   0.00098
   0.00098
   0.00099
   0.00100
   0.00101
   0.00102
   0.00103
   0.00104
   0.00105
   0.00105
   0.00106
   0.00107
   0.00107
   0.00108
   0.00108
   0.00108
   0.00107
   0.00106
   0.00105
   0.00103
   0.00101
   0.00099
   0.00096
   0.00093
   0.00091
   0.00089
