   0.71653
   0.72440
   0.73087
   0.74999
   0.75140
   0.74797
   0.74672
   0.74976
   0.74733
   0.73312
   0.74908
   0.75437
   0.74415
   0.73505
   0.73086
   0.74218
   0.74146
   0.74418
   0.74449
   0.75176
   0.75092
   0.75308
   0.75471
   0.75356
   0.73317
   0.75512
   0.74798
   0.73721
   0.72619
   0.71566
   0.71457
   0.71243
   0.71075
   0.70858
   0.70546
   0.70215
   0.69904
   0.69598
   0.69314
   0.69088
   0.68895
   0.68746
   0.68636
   0.68544
   0.68427
   0.68273
   0.68042
   0.67794
   0.67538
   0.67296
   0.67063
   0.66828
   0.66575
   0.66299
   0.65980
   0.65637
   0.65226
   0.64785
   0.64301
   0.63783
   0.63238
   0.62667
   0.62079
   0.61475
   0.60861
   0.60233
   0.59606
   0.58956
   0.58319
   0.57659
   0.56997
   0.56327
   0.55656
   0.54979
   0.54292
   0.53607
   0.52909
   0.52210
   0.51503
   0.50807
   0.50088
   0.49366
   0.48637
   0.47924
   0.47205
   0.46469
   0.45729
   0.44997
   0.44255
   0.43514
   0.42764
   0.42012
   0.41286
   0.40526
   0.39759
   0.39041
   0.38317
   0.37589
   0.36854
   0.36150
   0.35409
   0.34706
   0.33985
   0.33288
   0.32569
   0.31881
   0.31194
   0.30515
   0.29828
   0.29150
   0.28491
   0.27835
   0.27196
   0.26552
   0.25910
   0.25277
   0.24644
   0.24023
   0.23401
   0.22791
   0.22183
   0.21557
   0.20970
   0.20400
   0.19827
   0.19262
   0.18708
   0.18161
   0.17626
   0.17102
   0.16589
   0.16087
   0.15605
   0.15120
   0.14662
   0.14198
   0.13764
   0.13332
   0.12902
   0.12501
   0.12102
   0.11703
   0.11338
   0.10961
   0.10618
   0.10264
   0.09945
   0.09613
   0.09318
   0.09024
   0.08745
   0.08485
   0.08222
   0.07972
   0.07731
   0.07500
   0.07277
   0.07060
   0.06848
   0.06638
   0.06428
   0.06214
   0.05994
   0.05768
   0.05534
   0.05287
   0.05034
   0.04774
   0.04512
   0.04255
   0.04007
   0.03776
   0.03566
   0.03380
   0.03217
   0.03066
   0.02918
   0.02764
   0.02616
   0.02585
   0.02788
   0.02837
   0.02412
   0.02185
   0.02199
   0.02265
   0.02090
   0.02104
   0.02108
   0.02070
   0.01986
   0.01854
   0.01758
   0.01727
   0.01733
   0.01774
   0.01833
   0.01898
   0.01961
   0.02016
   0.02063
   0.02107
   0.02151
   0.02198
   0.02251
   0.02310
   0.02372
   0.02443
   0.02523
   0.02665
   0.02867
   0.03150
   0.03306
   0.03624
   0.03745
   0.01095
   0.02836
   0.03431
   0.02902
   0.01671
   0.02994
   0.02878
   0.02767
   0.02663
   0.02541
   0.02396
   0.02235
   0.02088
   0.02007
   0.02084
   0.02277
   0.02484
   0.02626
   0.02698
   0.02741
   0.02730
   0.02691
   0.02632
   0.02562
   0.02484
   0.02332
   0.02257
   0.02162
   0.02072
   0.01987
   0.01904
   0.01824
   0.01747
   0.01675
   0.01607
   0.01541
   0.01477
   0.01417
   0.01362
   0.01314
   0.01275
   0.01252
   0.01276
   0.01442
   0.01769
   0.02521
   0.03164
   0.03096
   0.04629
   0.03591
   0.09116
   0.07900
   0.04082
   0.05722
   0.00547
   0.04620
   0.01631
   0.00653
   0.01516
   0.00545
   0.00556
   0.00578
   0.00790
   0.00411
   0.00611
   0.01101
   0.01064
   0.00859
   0.01091
   0.00891
   0.00857
   0.00853
   0.00827
   0.00824
   0.00797
   0.00767
   0.00750
   0.00742
   0.00735
   0.00697
   0.00733
   0.00706
   0.00652
   0.00663
   0.00629
   0.00601
   0.00559
   0.00545
   0.00529
   0.00492
   0.00479
   0.00435
   0.00356
   0.00417
   0.00382
   0.00382
   0.00403
   0.00365
   0.00346
   0.00425
   0.00337
   0.00399
   0.00362
   0.00291
   0.00199
   0.00339
   0.00303
   0.00196
   0.00169
   0.00284
   0.00221
   0.00233
   0.00169
   0.00262
   0.00259
   0.00228
   0.00198
   0.00197
   0.00206
   0.00196
   0.00173
   0.00132
   0.00129
   0.00227
   0.00215
   0.00220
   0.00216
   0.00170
   0.00116
   0.00110
   0.00108
   0.00100
   0.00098
   0.00816
   0.00457
   0.00343
   0.00272
   0.00230
   0.00207
   0.00201
   0.00190
   0.00144
   0.00105
   0.00112
   0.00095
   0.00219
   0.00088
   0.01467
   0.01136
   0.01012
   0.00891
   0.00795
   0.00710
   0.00638
   0.00574
   0.00513
   0.00457
   0.00404
   0.00355
   0.00310
   0.00386
   0.00271
   0.00344
   0.00323
   0.00305
   0.00291
   0.00271
   0.00239
   0.00215
   0.00192
   0.00180
   0.00172
   0.00162
   0.00151
   0.00146
   0.00115
   0.00151
   0.00124
   0.00499
   0.00366
   0.00284
   0.00262
   0.00239
   0.00215
   0.00192
   0.00174
   0.00160
   0.00150
   0.00142
   0.00134
   0.00121
   0.00099
   0.00105
   0.89549
   0.00137
   0.00129
   0.00120
   0.00107
   0.00095
   0.00086
   0.00080
   0.00075
   0.00072
   0.00068
   0.00064
   0.00058
   0.00058
   0.00045
   0.00319
   0.00090
   0.00094
   0.00097
   0.00095
   0.00089
   0.00080
   0.00070
   0.00062
   0.00058
   0.00055
   0.00053
   0.00051
   0.00050
   0.00045
   0.00039
   1.00592
   0.05221
   0.05026
   0.04857
   0.04691
   0.04528
   0.04375
   0.04243
   0.04121
   0.03961
   0.03812
   0.03673
   0.03655
   0.03725
   0.04149
   0.04909
   0.04784
   0.04337
   0.04056
   0.03779
   0.03534
   0.03264
   0.02731
   0.02759
   0.08973
   0.01656
   0.01902
   0.01964
   0.02164
   0.01979
   0.01546
   0.01995
   0.01763
   0.03225
   0.00770
   0.01005
   0.01447
   0.01010
   0.01159
   0.01262
   0.01295
   0.01280
   0.01251
   0.01217
   0.01182
   0.01145
   0.01108
   0.01070
   0.01033
   0.00997
   0.00961
   0.00926
   0.00892
   0.00860
   0.00830
   0.00800
   0.00772
   0.00746
   0.00721
   0.00698
   0.00676
