   0.69340
   0.72623
   0.74146
   0.72780
   0.72802
   0.72842
   0.72868
   0.72836
   0.72858
   0.72887
   0.72913
   0.72938
   0.72966
   0.72809
   0.72912
   0.72987
   0.73095
   0.73168
   0.73449
   0.73259
   0.73364
   0.73467
   0.73001
   0.73783
   0.73519
   0.73683
   0.73846
   0.74013
   0.74174
   0.74324
   0.74507
   0.74416
   0.74659
   0.74694
   0.74151
   0.74135
   0.74048
   0.73817
   0.72803
   0.72945
   0.73090
   0.73325
   0.73664
   0.74128
   0.74767
   0.75648
   0.76745
   0.77965
   0.79275
   0.80543
   0.81994
   0.83399
   0.84931
   0.86491
   0.88046
   0.89627
   0.91196
   0.92765
   0.94221
   0.95647
   0.96982
   0.98258
   0.99565
   1.00740
   1.01838
   1.02933
   1.04009
   1.04994
   1.05999
   1.07030
   1.08011
   1.08968
   1.09959
   1.10866
   1.11765
   1.12748
   1.13659
   1.14588
   1.15550
   1.16622
   1.17614
   1.18898
   1.19770
   1.20848
   1.21778
   1.22793
   1.23970
   1.24937
   1.26056
   1.27011
   1.27842
   1.28521
   1.29192
   1.29145
   1.30005
   1.29379
   1.29509
   1.29146
   1.28449
   1.27659
   1.26260
   1.24773
   1.22821
   1.20296
   1.17748
   1.15228
   1.12154
   1.08607
   1.05365
   1.01874
   0.98329
   0.95045
   0.91033
   0.87992
   0.84199
   0.80933
   0.77142
   0.73392
   0.68375
   0.64566
   0.60474
   0.56006
   0.51452
   0.47194
   0.43531
   0.40649
   0.38731
   0.37364
   0.36631
   0.35872
   0.34931
   0.34266
   0.32421
   0.30357
   0.27818
   0.24990
   0.22274
   0.19306
   0.11197
   0.04102
   0.03460
   0.16289
   0.32419
   0.26688
   0.21570
   0.23933
   0.21209
   0.30756
   0.14772
   0.11723
   0.10335
   0.09618
   0.08589
   0.10122
   0.07651
   0.07382
   0.09362
   0.05190
   0.69153
   1.76589
   0.03125
   0.06724
   0.07892
   0.07213
   0.52674
   0.01509
   0.00530
   0.16148
   0.35013
   0.00425
   1.94021
   0.27086
   1.07642
   1.02791
   0.17904
   0.01231
   1.48655
   1.11161
   1.15200
   0.96994
   0.76703
   0.49789
   0.00245
   0.02340
   0.00151
   0.01065
   0.00203
   0.48087
   0.03624
   0.34835
   0.00138
   0.00284
   0.00109
   0.06521
   0.02373
   0.00104
   0.01141
   0.72379
   0.00318
   0.53124
   0.00703
   0.00117
   0.45908
   0.18850
   0.00140
   0.00417
   0.56042
   0.00580
   0.00540
   0.04539
   0.00227
   0.05356
   0.00591
   0.00131
   0.17142
   0.00125
   0.00124
   0.00235
   0.03201
   0.00271
   0.00203
   0.00187
   0.00225
   0.00223
   0.00326
   0.00173
   0.00507
   0.00135
   0.02304
   0.00223
   0.00277
   0.00304
   0.00154
   0.00591
   0.00384
   0.00360
   0.00335
   0.00566
   0.00182
   0.00435
   0.00341
   0.00288
   0.00283
   0.00265
   0.00235
   0.00519
   0.01751
   0.00193
   0.00203
   0.00138
   0.36085
   0.00170
   0.00188
   0.00168
   0.00148
   0.00094
   0.00442
   0.00348
   0.00266
   0.00194
   0.00270
   0.00189
   0.00131
   0.00204
   0.00213
   0.58112
   0.00961
   0.00277
   0.00193
   0.00378
   0.00335
   1.71563
   0.00347
   0.00230
   0.00204
   0.00186
   0.00193
   0.03170
   0.04456
   0.01780
   0.04882
   0.06973
   0.02493
   0.01724
   0.09744
   0.09616
   0.10323
   0.02448
   0.01983
   0.00950
   0.01066
   0.10776
   0.01179
   0.01550
   0.01533
   0.10974
   0.00851
   0.01103
   0.02279
   0.01152
   0.00931
   0.01024
   0.00516
   0.00982
   0.00442
   0.01109
   0.00764
   0.10752
   0.00785
   0.01164
   0.01543
   0.00858
   0.00928
   0.05774
   0.00766
   0.00824
   0.00516
   0.00725
   0.00500
   0.01060
   0.00672
   0.00654
   0.00461
   0.00365
   0.00327
   0.00710
   0.00521
   0.00530
   0.00463
   0.00222
   0.00264
   0.00521
   0.00400
   0.00254
   0.00363
   0.00354
   0.00236
   0.00164
   0.00192
   0.00468
   0.00356
   0.00343
   0.00288
   0.00149
   0.00152
   0.00178
   0.00202
   0.00341
   0.00259
   0.00180
   0.44459
   0.37803
   0.37576
   0.35462
   0.33578
   0.31958
   0.30613
   0.29267
   0.28030
   0.26845
   0.25715
   0.24672
   0.23644
   0.13867
   0.13036
   0.12408
   0.11847
   0.11324
   0.10823
   0.10341
   0.09877
   0.09427
   0.08994
   0.08576
   0.08174
   0.07788
   0.07417
   0.07061
   0.06721
   0.06396
   0.06085
   0.05788
   0.05505
   0.05236
   0.04979
   0.04733
   0.04500
   0.04277
   0.04065
   0.03863
   0.03671
   0.03488
   0.03314
   0.03148
   0.02992
   0.02844
   0.02705
   0.02574
   0.02452
   0.02336
   0.02227
   0.02123
   0.02024
   0.01928
   0.01834
   0.01744
   0.01656
   0.01571
   0.01489
   0.01412
   0.01339
   0.01271
   0.01211
   0.01898
   0.02109
   0.01986
   0.01659
   0.01926
   0.01601
   0.01456
   0.01799
   0.01486
   0.01147
   0.01432
   0.01597
   0.01589
   0.01308
   0.00906
   0.01170
   0.01353
   0.01415
   0.01258
   0.00865
   0.01147
   0.01249
   0.01175
   0.00834
   0.00570
   0.01032
   0.01108
   0.01020
   0.00726
   0.00517
   0.00733
   0.00873
   0.00936
   0.00845
   0.00726
   0.00424
   0.00781
   0.00806
   0.00680
   0.00500
   0.00395
   0.00861
   0.01308
   0.00695
   0.00662
   0.00564
   0.00316
   0.00348
   0.00413
   0.00515
   0.00574
   0.00548
   0.00430
   0.00222
   0.00475
   0.00267
   0.00344
   0.00425
   0.00471
   0.00442
   0.00331
   0.00166
   0.00183
   0.00172
   0.00215
   0.00269
   0.00332
   0.00372
   0.00356
   0.00277
   0.00149
   0.00139
   0.00143
   0.00733
   0.01119
   0.00142
   0.00145
   0.08448
   0.00141
   0.00141
   0.00142
   0.00190
   0.00766
   0.00141
   0.00218
   0.00251
   0.00234
   0.00265
   0.00286
   0.00127
   0.00119
   0.00115
   0.00116
   0.00249
   0.00760
   0.00267
   0.00117
   0.00113
   0.00114
   0.00146
   0.00143
   0.00427
   0.00237
   0.00273
   0.00246
   0.00187
   0.00090
   0.00089
   0.00088
   0.00092
   0.00089
   0.00085
   0.00086
   0.21286
   0.00082
   0.00080
   0.00082
   0.01739
   0.00096
   0.00088
   0.00082
   0.00080
   0.00081
   0.00078
   0.00125
   0.00121
   0.00107
   0.00094
   0.00085
   0.00079
   0.00075
   0.00075
   0.00073
   0.00120
   0.01177
   0.00432
   0.00244
   0.00165
   0.00132
   0.24481
   0.00120
   0.00109
   0.00100
   0.00096
   0.00094
   0.00119
   0.00095
   0.00171
   0.00181
   0.00121
   0.00124
   0.00118
   0.00105
   0.00093
   0.00084
   0.00076
   0.00071
   0.00070
   0.02025
   0.00119
   0.00117
   0.00107
   0.00095
   0.00084
   0.00076
   0.00069
   0.00067
   0.00093
   0.00077
   0.00178
   0.04638
   0.00102
   0.00101
   0.00094
   0.00082
   0.00073
   0.00066
   0.00059
   0.00056
   0.00055
   0.00070
   0.27379
   0.00072
   0.00065
   0.00058
   0.00052
   0.00048
   0.00046
   0.00046
   0.00085
   0.00137
   0.00098
   0.00084
   0.00071
   0.00038
   0.00058
   0.00052
   0.00046
   0.00042
   0.00038
   0.00036
   0.00036
   0.00036
   0.00039
   0.00042
   0.00048
   0.00052
   0.00046
   0.00052
   0.00051
   0.00047
   0.00041
   0.00037
   0.00033
   0.00030
   0.00030
   0.00029
   0.00050
   0.00061
   0.00051
   0.00028
   0.00180
   0.00043
   0.00044
   0.00043
   0.00038
   0.00034
   0.00030
   0.00027
   0.00025
   0.00025
   0.00024
   0.00053
   0.00049
   0.00054
   0.00035
   0.00037
   0.00039
   0.00039
   0.00037
   0.00032
   0.00029
   0.00026
   0.00023
   0.00022
   0.00021
   0.00022
   0.00034
   0.00035
   0.00034
   0.00031
   0.00028
   0.00025
   0.00023
   0.00021
   0.00020
   0.00020
   0.00044
   0.00029
   0.00022
   0.00044
   0.00053
   0.00052
   0.00051
   0.00049
   0.00046
   0.00042
   0.00036
   0.00030
   0.00025
   0.00021
   0.00019
   0.00019
   0.00023
   0.00030
   0.00031
   0.00033
   0.00035
   0.00035
   0.00034
   0.00030
   0.00027
   0.00024
   0.00021
   0.00019
   0.00018
   0.00045
   0.00028
   0.00030
   0.00032
   0.00033
   0.00033
   0.00031
   0.00027
   0.00024
   0.00021
   0.00019
   0.00017
   0.00017
   0.02793
   0.00026
   0.00027
   0.00028
   0.00027
   0.00024
   0.00021
   0.00019
   0.00017
   0.00015
   0.00015
   0.00024
   0.00026
   0.00027
   0.00027
   0.00024
   0.00022
   0.00019
   0.00017
   0.00015
   0.00014
   0.00014
   0.00047
   0.00017
   0.00020
   0.00021
   0.00022
   0.00023
   0.00024
   0.00024
   0.00022
   0.00020
   0.00018
   0.00016
   0.00014
   0.00013
   0.00013
   0.00046
   0.00017
   0.00012
   0.00016
   0.00017
   0.00018
   0.00019
   0.00020
   0.00020
   0.00020
   0.00018
   0.00016
   0.00014
   0.00012
   0.00011
   0.00011
   0.00011
   0.00176
   0.00025
   0.00025
   0.00024
   0.00023
   0.00022
   0.00020
   0.00017
   0.00015
   0.00013
   0.00011
   0.00011
   0.00011
   0.00020
   0.00111
   0.00084
   0.00064
   0.00048
   0.00037
   0.00029
   0.00023
   0.00018
   0.00016
   0.00014
   0.00013
   0.00012
   0.00021
   0.00196
   0.00139
   0.00100
   0.00073
   0.00054
   0.00040
   0.00031
   0.00024
   0.00019
   0.00016
   0.00014
   0.00012
   0.00015
   0.00014
   0.00015
   0.00015
   0.00016
   0.00017
   0.00018
   0.00018
   0.00017
   0.00015
   0.00013
   0.00012
   0.00010
   0.00009
   0.00009
   0.00009
   0.00036
   0.00036
   0.00035
   0.00034
   0.00033
   0.00031
   0.00029
   0.00025
   0.00022
   0.00017
   0.00014
   0.00011
   0.00010
   0.00009
   0.00009
   0.00017
   0.00008
   0.00014
   0.00019
   0.00110
   0.00102
   0.00087
   0.00073
   0.00059
   0.00048
   0.00039
   0.00031
   0.00025
   0.00020
   0.00016
   0.00014
   0.00011
   0.00010
   0.00009
   0.00008
   0.03721
   0.00008
   0.00009
   0.00009
   0.00010
   0.00010
   0.00011
   0.00010
   0.00009
   0.00008
   0.00007
   0.00006
   0.00006
   0.00005
   0.00005
   1.12096
   0.00007
   0.00006
   0.00007
   0.00007
   0.00007
   0.00008
   0.00008
   0.00008
   0.00007
   0.00006
   0.00006
   0.00005
   0.00005
   0.00004
   0.00004
   0.00011
   0.00008
   0.00008
   0.00008
   0.00007
   0.00008
   0.00008
   0.00008
   0.00008
   0.00008
   0.00007
   0.00006
   0.00006
   0.00005
   0.00004
   0.00004
   0.00004
   0.00005
   0.00008
   0.00008
   0.00008
   0.00008
   0.00008
   0.00008
   0.00008
   0.00008
   0.00008
   0.00007
   0.00007
   0.00006
   0.00005
   0.00005
   0.00004
   0.00004
   0.00004
   0.00005
   0.00005
   0.00012
   0.00011
   0.00011
   0.00011
   0.00010
   0.00010
   0.00010
   0.00009
   0.00009
   0.00008
   0.00008
   0.00007
   0.00006
   0.00005
   0.00005
   0.00004
   0.00004
   0.00004
   0.00004
   0.00007
   0.00007
   0.00007
   0.00007
   0.00007
   0.00007
   0.00007
   0.00006
   0.00006
   0.00005
   0.00005
   0.00004
   0.00004
   0.00004
   0.00003
   0.00004
   1.54060
   0.00142
   0.00116
   0.00093
   0.00073
   0.00057
   0.00044
   0.00034
   0.00026
   0.00020
   0.00016
   0.00012
   0.00010
   0.00008
   0.00006
   0.00005
   0.00004
   0.00004
   0.00004
   0.00004
   0.00004
   0.00004
   0.00004
   0.00004
   0.00004
   0.00004
   0.00004
   0.00005
   0.00005
   0.00004
   0.00004
   0.00003
   0.00003
   0.00003
   0.00003
   0.00003
   0.00003
   0.00003
   0.00050
   0.00002
   0.00003
