   0.77061
   0.77221
   0.77523
   0.77873
   0.77994
   0.78147
   0.78401
   0.78653
   0.78032
   0.78777
   0.78970
   0.78754
   0.78761
   0.78401
   0.78283
   0.78112
   0.77949
   0.77669
   0.77511
   0.77217
   0.76963
   0.76544
   0.76376
   0.75854
   0.75337
   0.74742
   0.70745
   0.71979
   0.72150
   0.71888
   0.71391
   0.70928
   0.70175
   0.69801
   0.69153
   0.65902
   0.64339
   0.65742
   0.66234
   0.65730
   0.65252
   0.64755
   0.64267
   0.63536
   0.62922
   0.62329
   0.61655
   0.60974
   0.60233
   0.59336
   0.58773
   0.58134
   0.57559
   0.57075
   0.56619
   0.56067
   0.55382
   0.54641
   0.53888
   0.52853
   0.52073
   0.51383
   0.50761
   0.50207
   0.49718
   0.49278
   0.48853
   0.48417
   0.47911
   0.47297
   0.46504
   0.45575
   0.44498
   0.43431
   0.42304
   0.41254
   0.40283
   0.39381
   0.38540
   0.37753
   0.37006
   0.36303
   0.35632
   0.34987
   0.34368
   0.33774
   0.33202
   0.32645
   0.32112
   0.31598
   0.31103
   0.30624
   0.30161
   0.29713
   0.29310
   0.28894
   0.28491
   0.28104
   0.27735
   0.27369
   0.27022
   0.26680
   0.26347
   0.26001
   0.25688
   0.25380
   0.25098
   0.24804
   0.24517
   0.24213
   0.23933
   0.23655
   0.23373
   0.23106
   0.22829
   0.22557
   0.22285
   0.22005
   0.21720
   0.21558
   0.21285
   0.21052
   0.20729
   0.20436
   0.20137
   0.19849
   0.19556
   0.19250
   0.18955
   0.18693
   0.18390
   0.18102
   0.17813
   0.17523
   0.17228
   0.16941
   0.16635
   0.16354
   0.16073
   0.15798
   0.15525
   0.15266
   0.15004
   0.14761
   0.14532
   0.14302
   0.14089
   0.13891
   0.13698
   0.13531
   0.13378
   0.13212
   0.13075
   0.12976
   0.12892
   0.12826
   0.12776
   0.12760
   0.12798
   0.12766
   0.12862
   0.12882
   0.13046
   0.13167
   0.13270
   0.13384
   0.13497
   0.13614
   0.13708
   0.13805
   0.13856
   0.13872
   0.13806
   0.13732
   0.13623
   0.13444
   0.13187
   0.12927
   0.12540
   0.12220
   0.11825
   0.11386
   0.10996
   0.10163
   0.09553
   0.09134
   0.08145
   0.06910
   0.04653
   0.02186
   0.01826
   0.02971
   0.01792
   0.02293
   0.01706
   0.02133
   0.01621
   0.01611
   0.01559
   0.01586
   0.02940
   0.02755
   0.03158
   0.03055
   0.03011
   0.02605
   0.01492
   0.01694
   0.02220
   0.02657
   0.01465
   0.02500
   0.02859
   0.02875
   0.02715
   0.02645
   0.02510
   0.02296
   0.01469
   0.01981
   0.01517
   0.02409
   0.02229
   0.02043
   0.01812
   0.02010
   0.01208
   0.02030
   0.01842
   0.01527
   0.01787
   0.00895
   0.01745
   0.00827
   0.01577
   0.00688
   0.00672
   0.03287
   0.03869
   0.05955
   0.00576
   0.00550
   0.00550
   0.00539
   0.00534
   0.00526
   0.00519
   0.00511
   0.00503
   0.00495
   0.00485
   0.00475
   0.00465
   0.00456
   0.00450
   0.00450
   0.00487
   0.01962
   0.00418
   0.01533
   0.01290
   0.00455
   0.00448
   0.00410
   0.00406
   0.00397
   0.00389
   0.00380
   0.00372
   0.00365
   0.00359
   0.00351
   0.00347
   0.00340
   0.00334
   0.00329
   0.00322
   0.00317
   0.00310
   0.00305
   0.00299
   0.00293
   0.00287
   0.00281
   0.00275
   0.00269
   0.00263
   0.00258
   0.00252
   0.00245
   0.00239
   0.00233
   0.00228
   0.00223
   0.00218
   0.00213
   0.00208
   0.00204
   0.00199
   0.00195
   0.00190
   0.00186
   0.00181
   0.00177
   0.00173
   0.00169
   0.00165
   0.00161
   0.00158
   0.00156
   0.00155
   0.00156
   0.00155
   0.00154
   0.00153
   0.00152
   0.00151
   0.00152
   0.00152
   0.00157
   0.00182
   0.09778
   0.03289
   0.02635
   0.02428
   0.02330
   0.02222
   0.02094
   0.01795
   0.01666
   0.01612
   0.01560
   0.01509
   0.01461
   0.01318
   0.01252
   0.01212
   0.01174
   0.01137
   0.01100
   0.01065
   0.01031
   0.00998
   0.00966
   0.00936
   0.00906
   0.00878
   0.00850
   0.00823
   0.00797
   0.00771
   0.00747
   0.00723
   0.00700
   0.00678
   0.00657
   0.00637
   0.00617
   0.00598
   0.00580
   0.00562
   0.00544
   0.00527
   0.00510
   0.00493
   0.00478
   0.00462
   0.00447
   0.00432
   0.00418
   0.00403
   0.00390
   0.00377
   0.00364
   0.00352
   0.00340
   0.00328
   0.00317
   0.00306
   0.00295
   0.00285
   0.00275
   0.00266
   0.00257
   0.00248
   0.00239
   0.00231
   0.00223
   0.00215
   0.00207
   0.00200
   0.00193
   0.00186
   0.00179
   0.00173
   0.00167
   0.00161
   0.00156
   0.00149
   0.00144
   0.00138
   0.00134
   0.00129
   0.00124
   0.00120
   0.00116
   0.00137
   0.00672
   0.00457
   0.00717
   0.00628
   0.00642
   0.00552
   0.00454
   0.00585
   0.00586
   0.00580
   0.00519
   0.00505
   0.00411
   0.00464
   0.00304
   0.00372
   0.00273
   0.00300
   0.00225
   0.00267
   0.00188
   0.00302
   0.00133
   0.00474
   0.00529
   0.00169
   0.00195
   0.00096
   0.00458
   0.00176
   0.00243
   0.00263
   0.00093
   0.00333
   0.00164
   0.00078
   0.00169
   0.00094
   0.00107
   0.00168
   0.00096
   0.00133
   0.00100
   0.00141
   0.00095
   0.00120
   0.00094
   0.00106
   0.00095
   0.00098
   0.00098
   0.00096
   0.00101
   0.00094
   0.00108
   0.00089
   0.00132
   0.00205
   0.00099
   0.00055
   0.00069
   0.00264
   0.00091
   0.00093
   0.00107
   0.00176
   0.00193
   0.00185
   0.00181
   0.00175
   0.00171
   0.00168
   0.00164
   0.00162
   0.00161
   0.00155
   0.00146
   0.00136
   0.00131
   0.00121
   0.00118
   0.00107
   0.00108
   0.00094
   0.00102
   0.00081
   0.00099
   0.00075
   0.00092
   0.00077
   0.00083
   0.00078
   0.00077
   0.00075
   0.00072
   0.00068
   0.00063
   0.00059
   0.00055
   0.00050
   0.00046
   0.00042
   0.00039
   0.00037
   0.00035
   0.00032
   0.00037
   0.00027
   0.00048
   0.00031
   0.00028
   0.00030
   0.00025
   0.00028
   0.00023
   0.00032
   0.00022
   0.00026
   0.00022
   0.00024
   0.00021
   0.00022
   0.00020
   0.00020
   0.00019
   0.00019
   0.00018
   0.00017
   0.00017
   0.00016
   0.00016
   0.00015
   0.00015
   0.00014
   0.00014
   0.00014
   0.00013
   0.00013
   0.00012
   0.00012
   0.00012
   0.00011
   0.00011
   0.00010
   0.00010
   0.00010
   0.00009
   0.00009
   0.00009
   0.00008
   0.00008
   0.00008
   0.00007
   0.00007
   0.00007
   0.00007
   0.00006
   0.00006
   0.00006
   0.00006
   0.00006
   0.00009
   0.00005
   0.00008
   0.00005
   0.00005
   0.00005
   0.00005
   0.00005
   0.00006
   0.00004
   0.00004
   0.00005
   0.00004
   0.00005
   0.00004
   0.06796
   0.03071
   0.02396
   0.02107
   0.01885
   0.01734
   0.01613
   0.01534
   0.01482
   0.01421
   0.01355
   0.01212
   0.01055
   0.00920
   0.00802
   0.00811
   0.00728
   0.00719
   0.00695
   0.00673
   0.00663
   0.00640
   0.00633
   0.00592
   0.00578
   0.00569
   0.00557
   0.00546
   0.00534
   0.00523
   0.00512
   0.00502
   0.00491
   0.00480
   0.00469
   0.00457
   0.00446
   0.00433
   0.00420
   0.00407
   0.00393
   0.00378
   0.00364
   0.00351
   0.00344
   0.00334
   0.00316
   0.00302
   0.00289
   0.00276
   0.00264
   0.00252
   0.00240
   0.00228
   0.00217
   0.00207
   0.00197
   0.00187
   0.00178
   0.00170
   0.00162
   0.00154
   0.00147
   0.00141
   0.00135
   0.00130
   0.00125
   0.00120
   0.00116
   0.00112
   0.00108
   0.00104
   0.00101
   0.00098
   0.00095
   0.00092
   0.00090
   0.00087
   0.00085
   0.00082
   0.00080
   0.00078
   0.00076
   0.00074
   0.00072
   0.00070
   0.00068
   0.00066
   0.00064
   0.00062
   0.00061
   0.00059
   0.00057
   0.00055
   0.00054
   0.00052
   0.00050
   0.00049
   0.00046
   0.00042
   0.00039
   0.00036
   0.00034
   0.00033
   0.00032
   0.00031
   0.00030
   0.00029
   0.00029
   0.00028
   0.00027
   0.00026
   0.00025
   0.00025
   0.00024
   0.00023
   0.00023
   0.00022
   0.00021
   0.00021
   0.00020
   0.00020
   0.00019
   0.00018
   0.00018
   0.00017
   0.00017
   0.00016
   0.00016
   0.00015
   0.00015
   0.00014
   0.00014
   0.00014
   0.00013
   0.00013
   0.00012
   0.00012
   0.00012
   0.00011
   0.00011
   0.00010
   0.00010
   0.00010
   0.00010
   0.00009
   0.00009
   0.00009
   0.00008
   0.00008
   0.00008
   0.00008
   0.00007
   0.00007
   0.00007
   0.00007
   0.00007
   0.00006
   0.00006
   0.00006
   0.00006
   0.00006
   0.00005
   0.00005
   0.00005
   0.00005
   0.00005
   0.00005
   0.00004
   0.00004
   0.00004
   0.00004
   0.00004
   0.00004
   0.00004
   0.00003
   0.00003
   0.00003
   0.00003
   0.00003
   0.00003
   0.00003
   0.00003
   0.00003
   0.00003
   0.00002
   0.00002
   0.00002
   0.00002
   0.00002
   0.00002
   0.00002
   0.00002
   0.00002
   0.00002
   0.00002
   0.00002
   0.00002
   0.00002
   0.00002
   0.00001
   0.00001
   0.00001
   0.00001
   0.00001
   0.00001
   0.00001
   0.00001
   0.00001
   0.00001
   0.00001
   0.00001
   0.00001
   0.00001
   0.00001
   0.00001
   0.00001
   0.00001
   0.00001
   0.00001
   0.00001
   0.00001
   0.00001
   0.00001
   0.00000
   0.03064
   0.00151
   0.00070
   0.00057
   0.00052
   0.00048
   0.00045
   0.00041
   0.00032
   0.00030
   0.00028
   0.00027
   0.00025
   0.00024
   0.00023
   0.00022
   0.00021
   0.00020
   0.00019
   0.00019
   0.00018
   0.00017
   0.00017
   0.00016
   0.00015
   0.00014
   0.00014
   0.00013
   0.00013
   0.00012
   0.00012
   0.00011
   0.00011
   0.00010
   0.00010
   0.00009
   0.00009
   0.00008
   0.00008
   0.00008
   0.00007
   0.00007
   0.00006
   0.00006
   0.00006
   0.00005
   0.00005
   0.00005
   0.00005
   0.00004
   0.00004
   0.00004
   0.00004
   0.00004
   0.00004
   0.00003
   0.00003
   0.00003
   0.00003
   0.00003
   0.00003
   0.00003
   0.00003
   0.00002
   0.00002
   0.00002
   0.00002
   0.00002
   0.00002
   0.00002
   0.00002
   0.00002
   0.00002
   0.00002
   0.00002
   0.00002
   0.00002
   0.00002
   0.00002
   0.00001
   0.00001
   0.00001
   0.00001
   0.00001
   0.00001
   0.00001
   0.00001
   0.00001
   0.00001
   0.00001
   0.00001
   0.00001
   0.00001
   0.00001
   0.00001
   0.00001
   0.00001
   0.00001
   0.00001
   0.00001
   0.00001
   0.00001
   0.00001
   0.00001
   0.00001
   0.00001
   0.00001
   0.00001
   0.00000
   0.00000
   0.00000
   0.00000
   0.00000
   0.00000
   0.00000
   0.00000
   0.00000
   0.00000
   0.00000
   0.00000
   0.00000
   0.00000
   0.00000
   0.00000
   0.00000
   0.00000
   0.00000
   0.00000
   0.00000
   0.00000
   0.00000
   0.00000
   0.00000
   0.00000
   0.00000
   0.00000
   0.00000
   0.00000
   0.00000
   0.00000
   0.00000
   0.00000
   0.00000
   0.00000
   0.00000
   0.00000
   0.00000
   0.00000
   0.00000
   0.00000
   0.00000
   0.00000
   0.00000
   0.00000
   0.00000
   0.00000
   0.00000
   0.00000
   0.00000
   0.00000
   0.00000
   0.00000
   0.00000
   0.00000
   0.00000
   0.00000
   0.00000
   0.00000
   0.00000
   0.00435
   0.00061
   0.00047
   0.00045
   0.00043
   0.00040
   0.00038
   0.00037
   0.00035
   0.00034
   0.00032
   0.00031
   0.00030
   0.00029
   0.00028
   0.00027
   0.00026
   0.00025
   0.00025
   0.00024
   0.00023
   0.00022
   0.00022
