   0.70118
   0.70753
   0.70408
   0.70539
   0.70411
   0.69376
   0.69344
   0.69114
   0.69186
   0.69056
   0.68687
   0.68658
   0.68175
   0.67919
   0.68388
   0.67986
   0.67771
   0.67536
   0.67436
   0.67149
   0.66511
   0.66441
   0.65972
   0.65681
   0.65115
   0.64376
   0.63727
   0.63432
   0.63095
   0.62647
   0.62265
   0.61323
   0.60464
   0.59237
   0.58182
   0.57100
   0.56056
   0.55080
   0.54177
   0.53303
   0.52354
   0.51649
   0.51126
   0.50203
   0.49704
   0.49348
   0.49108
   0.48562
   0.48405
   0.48309
   0.47965
   0.47557
   0.47524
   0.46890
   0.46534
   0.46233
   0.45728
   0.45228
   0.44864
   0.44306
   0.44764
   0.44072
   0.41343
   0.39423
   0.35690
   0.35362
   0.32985
   0.31412
   0.29629
   0.28517
   0.28355
   0.31658
   0.33499
   0.32723
   0.29890
   0.26182
   0.21102
   0.17911
   0.16682
   0.15115
   0.19771
   0.19745
   0.70212
   0.90640
   0.68951
   0.41114
   0.26911
   0.13711
   0.18303
   0.07084
   0.03664
   0.04885
   0.20691
   0.04152
   0.18654
   0.08412
   0.13927
   0.04213
   0.03517
   0.04475
   0.04329
   0.03948
   0.58996
   0.03268
   0.02759
   0.03723
   0.03011
   0.06369
   0.02475
   0.02408
   0.07016
   0.03507
   0.12552
   0.09577
   0.03127
   0.01777
   0.01691
   0.01510
   0.26712
   0.02695
   0.02595
   0.07487
   0.10841
   0.01550
   0.02725
   0.02953
   0.02850
   0.02403
   0.02955
   0.03987
   0.11629
   0.01199
   0.01125
   0.02211
   0.07275
   0.00963
   0.04000
   0.01320
   0.00782
   0.01061
   0.04640
   0.01072
   0.07671
   0.06972
   0.01223
   0.02950
   0.02080
   0.03025
   0.00496
   0.01287
   0.01605
   0.16117
   0.04953
   0.03205
   0.03555
   0.02983
   0.02852
   0.03058
   0.02939
   0.03692
   0.04321
   0.02937
   0.05583
   0.13431
   0.04366
   0.15532
   0.05005
   0.07191
   0.02615
   0.06836
   0.09972
   0.00826
   0.04302
   0.13002
   0.08486
   0.01202
   0.00760
   0.10782
   0.10648
   0.00600
   0.00551
   0.08717
   0.00510
   0.00472
   0.00464
   0.10933
   0.01305
   0.00392
   0.02361
   0.33771
   0.02371
   0.01177
   0.08747
   0.01073
   0.13398
   0.02171
   0.01682
   0.02380
   0.23149
   0.02396
   0.37822
   0.02034
   0.38026
   0.02506
   0.13873
   0.01868
   0.36139
   0.35831
   0.18260
   0.21487
   0.22632
   0.00882
   0.14044
   0.00761
   0.26478
   0.09582
   0.00796
   0.00503
   0.00457
   0.00407
   0.02178
   0.04077
   0.02426
   0.00686
   0.09584
   0.05435
   0.01547
   0.11848
   0.01575
   0.14025
   0.06253
   0.03774
   0.00794
   0.00445
   0.02801
   0.00320
   0.00475
   0.09435
   0.08798
   0.07473
   0.00751
   0.00220
   0.07559
   0.00506
   0.01206
   0.00305
   0.00295
   0.00217
   0.00281
   0.00230
   0.00276
   0.00217
   0.00306
   0.00200
   0.00194
   0.00168
   0.00146
   0.00172
   0.00133
   0.04191
   0.64464
   0.22859
   0.71211
   0.00510
   0.66819
   0.00422
   0.00260
   0.00402
   0.00354
   0.00284
   0.00202
   0.00257
   0.01240
   0.12054
   0.59271
   0.00303
   0.54580
   0.00222
   0.00217
   0.00215
   0.00568
   0.00337
   0.00273
   0.00240
   0.00227
   0.00224
   0.13862
   0.00383
   0.00275
   0.00239
   0.00218
   0.02552
   2.02428
   0.00343
   0.00267
   0.00218
   0.00186
   0.00175
   0.01930
   0.00260
   0.00239
   0.00223
   0.00199
   0.00175
   0.00160
   0.00154
   0.00397
   0.00155
   0.00417
   0.00309
   0.00252
   0.00212
   0.00190
   0.00185
   0.00181
   0.02201
   0.00208
   0.00224
   0.00183
   0.00155
   0.00145
   0.00195
   0.00178
   0.00164
   0.00147
   0.00130
   0.00123
   0.22441
   0.03934
   0.02427
   0.01971
   0.01761
   0.01447
   0.01292
   0.07009
   0.02281
   0.03165
   0.03007
   0.01219
   0.00989
   0.01065
   0.00901
   0.00977
   0.02593
   0.00636
   0.00628
   0.01332
   0.58724
   0.02240
   0.01493
   0.00567
   0.00507
   0.01090
   0.00846
   0.00485
   0.01664
   0.01759
   0.00463
   0.00477
   0.00500
   0.00609
   0.01285
   0.01121
   0.00491
   0.01020
   0.00681
   0.00284
   0.00490
   0.00278
   0.00720
   0.00631
   0.00582
   0.00623
   0.00745
   0.00893
   0.00282
   0.00403
   0.00422
   0.00611
   0.00387
   0.00290
   0.00281
   0.00302
   0.00357
   0.00426
   0.00570
   0.01024
   0.03689
   0.00269
   0.00678
   0.69662
   0.44851
   0.41873
   0.39233
   0.36691
   0.34918
   0.32864
   0.31153
   0.29865
   0.28830
   0.27565
   0.27073
   0.25697
   0.24924
   0.24991
   0.24422
   0.23937
   0.23643
   0.23017
   0.23974
   0.22775
   0.23240
   0.23708
   0.24177
   0.24887
   0.25187
   0.25395
   0.25341
   0.25506
   0.25941
   0.23606
   0.20970
   0.15515
   0.12199
   0.09327
   0.07165
   0.05583
   0.04733
   0.04405
   0.04276
   0.05277
   0.03834
   0.03667
   0.03421
   0.03369
   0.03197
   0.04440
   0.02732
   0.03498
   0.03571
   0.03078
   0.15857
   0.03159
   0.15110
   0.14459
   0.14210
   0.14066
   0.13987
   0.13917
   0.13823
   0.13662
   0.13454
   0.13206
   0.12925
   0.12629
   0.12323
   0.12002
   0.11678
   0.11350
   0.11025
   0.10704
   0.10389
   0.10079
   0.09775
   0.09479
   0.09189
   0.08905
   0.08631
   0.08366
   0.08109
   0.07861
   0.07616
   0.07383
   0.07160
   0.06947
   0.06742
   0.06551
   0.06363
   0.06181
   0.06006
   0.05837
   0.05675
   0.05517
   0.05363
   0.05214
   0.05066
   0.04920
   0.04775
   0.04627
   0.04478
   0.04326
   0.04169
   0.04008
   0.03837
   0.03660
   0.03476
   0.03287
   0.03107
   0.02953
   0.02831
   0.02739
   0.02677
   0.02640
   0.02631
   0.02650
   0.02694
   0.02743
   0.02773
   0.02776
   0.02755
   0.02737
   0.02724
   0.02702
   0.02664
   0.02593
   0.02495
   0.02382
   0.02267
   0.02153
   0.02038
   0.01926
   0.01813
   0.01702
   0.01591
   0.01483
   0.01381
   0.01289
   0.01208
   0.01138
   0.01079
   0.01027
   0.00981
   0.00939
   0.00900
   0.00864
   0.00830
   0.00799
   0.00779
   0.00737
   0.00754
   0.00715
   0.01958
   0.02137
   0.02299
   0.02224
   0.02085
   0.01965
   0.01880
   0.00475
   0.00461
   0.00486
   0.00460
   0.00525
   0.00678
   0.00595
   0.00409
   0.01055
   0.00504
   0.00860
   0.00800
   0.00785
   0.00697
   0.00352
   0.00576
   0.00452
   0.00587
   0.00680
   0.00587
   0.01663
   0.01622
   0.01565
   0.01434
   0.01793
   0.01622
   0.00254
   0.01658
   0.01195
   0.00940
   0.01477
   0.01600
   0.01730
   0.01872
   0.01968
   0.01316
   0.02089
   0.01960
   0.01786
   0.00992
   0.01442
   0.01336
   0.00913
   0.00743
   0.01225
   0.01022
   0.01089
   0.00698
   0.00726
   0.00299
   0.00315
   0.00821
   0.01082
   0.00855
   0.01208
   0.00820
   0.01298
   0.04391
   0.00909
   0.00842
   0.01238
   0.01085
   0.04952
   0.05691
   0.01290
   0.01033
   0.02068
   0.01826
   0.00053
   0.03000
   0.00653
   0.00579
   0.00913
   0.00310
   0.00829
   0.00206
   0.00788
   0.00048
   0.00628
   0.00556
   0.00256
   0.00151
   0.00038
   0.00037
   0.00035
   0.00033
   0.00042
   0.00470
   0.01916
   0.00171
   0.00170
   0.01507
   0.00051
   0.00033
   0.00032
   0.00031
   0.00030
   0.00041
   0.00117
   0.00385
   0.01123
   0.00057
   0.01461
   0.01193
   0.00219
   0.00092
   0.00028
   0.00027
   0.00026
   0.00025
   0.00024
   0.00023
   0.00035
   0.00120
   0.00326
   0.00687
   0.00092
   0.00558
   0.00028
   0.00027
   0.00026
   0.00025
   0.00024
   0.00024
   0.00023
   0.00022
   0.00029
   0.00035
   0.01419
   0.00031
   3.98969
   1.84190
   0.91582
   0.70122
   0.69760
   0.70795
   0.71294
   0.71477
   0.71540
   0.71562
   0.71572
   0.71576
   0.71579
   0.71582
   0.71584
   0.71585
   0.71586
   0.71587
   0.71588
   0.71589
   0.71589
   0.71590
   0.71590
   0.71590
   0.71590
   0.71590
   0.71591
   0.71591
   0.71591
   0.71591
   0.71591
   0.71591
   0.71591
   0.71591
   0.71591
   0.71591
   0.71591
   0.71591
   0.71591
   0.71591
   0.71591
   0.71591
   0.71591
   0.71591
   0.71591
   0.71591
   0.71591
   0.71591
   0.71591
   0.71591
   0.71591
   0.71591
   0.71591
   0.71591
   0.71591
   0.71591
   0.71591
   0.71591
   0.71591
   0.71591
   0.71591
   0.71591
   0.71591
   0.71591
   0.71591
   0.71591
   0.71591
   0.71591
   0.71591
   0.71591
   0.71591
   0.71591
   0.71591
   0.71591
   0.71591
   0.71591
   0.71591
   0.71591
   0.71591
   0.71591
   0.71590
   0.71590
   0.71590
   0.71590
   0.71590
   0.71590
   0.71590
   0.71590
   0.71590
   0.71590
   0.71590
   0.71590
   0.71590
   0.71590
   0.71590
   0.71590
   0.71590
   0.71590
   0.71590
   0.71590
   0.71590
   0.71590
   0.71590
   0.71590
   0.71590
   0.71590
   0.71590
   0.71590
   0.71590
   0.71590
   0.71590
   0.71590
   0.71590
   0.71590
   0.71590
   0.71590
   0.71590
   0.71590
   0.71590
   0.71590
   0.71590
   0.71590
   0.71590
   0.71590
   0.71590
   0.71590
   0.71590
   0.71590
   0.71590
   0.71590
   0.71590
   0.71590
   0.71590
   0.71590
   0.71590
   0.71590
   0.71590
   0.71590
   0.71590
   0.71590
   0.71590
   0.71590
   0.71590
   0.71590
   0.71590
   0.71590
   0.71590
   0.71590
   0.71590
   0.71590
   0.71590
   0.71590
   0.71590
   0.71590
   0.71590
   0.71590
   0.71590
   0.71590
   0.71590
   0.71590
   0.71590
   0.71590
   0.71590
   0.71590
   0.71590
   0.71590
   0.71590
   0.71590
   0.71590
   0.71590
   0.71590
   0.71590
   0.71590
   0.71590
   0.71590
   0.71590
   0.71590
   0.71590
   0.71590
   0.71590
   0.71590
   0.71590
   0.71590
   0.71590
   0.71590
   0.71590
   0.71590
   0.71590
   0.71589
   0.71589
   0.71589
   0.71589
   0.71589
   0.71589
   0.71589
   0.71589
   0.71589
   0.71589
   0.71589
   0.71589
   0.71589
   0.71589
   0.71589
   0.71589
   0.71589
   0.71589
   0.71589
   0.71589
   0.71589
   0.71589
   0.71589
   0.71589
   0.71589
   0.71589
   0.71589
   0.71589
   0.71589
   0.71589
   0.71589
   0.71589
   0.71589
   0.71589
   0.71589
   0.71589
   0.71589
   0.71589
   0.71589
   0.71589
   0.71589
   0.71589
   0.71589
   0.71589
   0.71589
   0.71589
   0.71589
   0.71589
   0.71589
   0.71589
   0.71589
   0.71589
   0.71589
   0.71589
   0.71589
   0.71589
   0.71589
   0.71589
   0.71589
   0.71589
   0.71589
   0.71589
   0.71589
   0.71589
   0.71589
   0.71589
   0.71589
   0.71589
   0.71589
   0.71589
   0.71589
   0.71589
   0.71589
   0.71589
   0.71589
   0.71589
   0.71589
   0.71589
   0.71589
   0.71589
   0.71589
   0.71589
   0.71589
   0.71589
   0.71589
   0.71589
   0.71589
   0.71589
   0.71589
   0.71589
   0.71589
   0.71589
   0.71589
   0.71589
   0.71589
   0.71589
   0.71589
   0.71589
   0.71589
   0.71589
   0.71589
   0.71589
   0.71589
   0.71588
   0.71588
   0.71588
   0.71588
   0.71588
   0.71588
   0.71588
   0.71588
   0.71588
   0.71588
   0.71588
   0.71588
   0.71588
   0.71588
   0.71588
   0.71588
   0.71588
   0.71588
   0.71588
   0.71588
   0.71588
   0.71588
   0.71588
   0.71588
   0.71588
   0.71588
   0.71588
   0.71588
   0.71588
   0.71588
   0.71588
