   0.71175
   0.72358
   0.73022
   0.73471
   0.73620
   0.73714
   0.73777
   0.73778
   0.73746
   0.73358
   0.73389
   0.73718
   0.73772
   0.73844
   0.73826
   0.73793
   0.73896
   0.73924
   0.73859
   0.74123
   0.73124
   0.73268
   0.72931
   0.72921
   0.72814
   0.72703
   0.72426
   0.71713
   0.72436
   0.72495
   0.72517
   0.72555
   0.72619
   0.72708
   0.72820
   0.72974
   0.73173
   0.73435
   0.73771
   0.74208
   0.74737
   0.75329
   0.75966
   0.76628
   0.77320
   0.78061
   0.78948
   0.79816
   0.80803
   0.81856
   0.83015
   0.84263
   0.86307
   0.87778
   0.89134
   0.90462
   0.91918
   0.93375
   0.94854
   0.96135
   0.97475
   0.98858
   1.00013
   1.01273
   1.02373
   1.03421
   1.04524
   1.05569
   1.06552
   1.07492
   1.08417
   1.09402
   1.10588
   1.11359
   1.12181
   1.13115
   1.14126
   1.14884
   1.15601
   1.16347
   1.17088
   1.17777
   1.18485
   1.19159
   1.19791
   1.20064
   1.20406
   1.20901
   1.21236
   1.21554
   1.21764
   1.21826
   1.21689
   1.21459
   1.20984
   1.20273
   1.19356
   1.18108
   1.16611
   1.14756
   1.12631
   1.10230
   1.07401
   1.04392
   1.01034
   0.97414
   0.93497
   0.89339
   0.85205
   0.80701
   0.76146
   0.71576
   0.66943
   0.62224
   0.57603
   0.53124
   0.48723
   0.44923
   0.41390
   0.38377
   0.35559
   0.32983
   0.30435
   0.28107
   0.26004
   0.24160
   0.22533
   0.21112
   0.19849
   0.18684
   0.17495
   0.16278
   0.14957
   0.13443
   0.11767
   0.09828
   0.07724
   0.05643
   0.04119
   0.03531
   0.03422
   0.03472
   0.03389
   0.03272
   0.03197
   0.03181
   0.03241
   0.03330
   0.03840
   0.04742
   0.73417
   0.50981
   0.86595
   1.75898
   1.34427
   2.04978
   2.10301
   0.07961
   0.07870
   0.22028
   1.93042
   2.25108
   0.05736
   0.16106
   0.04538
   0.04958
   0.02113
   0.01060
   0.00638
   0.00469
   0.00558
   0.00844
   0.00736
   0.02113
   0.00452
   1.01523
   0.00392
   0.00370
   0.00353
   0.00327
   0.00297
   0.03971
   0.00300
   0.00277
   0.00252
   0.05938
   0.00244
   0.00209
   0.00216
   0.00195
   0.00206
   0.00218
   0.00184
   0.00206
   0.02107
   0.00771
   0.16001
   0.00767
   0.01160
   0.00524
   0.00585
   0.10150
   0.00450
   0.00423
   0.02447
   0.00549
   0.00433
   0.00569
   0.00443
   0.00376
   0.00342
   0.00500
   0.50078
   0.00346
   0.00310
   0.00274
   0.00257
   0.00240
   0.00217
   0.00202
   0.00184
   0.00186
   0.00162
   0.00159
   0.00156
   0.00129
   0.00116
   0.00230
   0.00190
   0.00140
   0.54006
   0.49018
   0.44813
   0.41035
   0.37633
   0.34316
   0.31378
   0.28778
   0.25985
   0.23479
   0.20988
   0.18678
   0.16770
   0.14964
   0.13183
   0.11705
   0.10331
   0.09114
   0.08022
   0.07032
   0.06152
   0.05365
   0.04712
   0.04155
   0.03687
   0.03289
   0.02980
   0.02751
   0.02555
   0.02388
   0.02257
   0.02152
   0.02050
   0.01953
   0.01856
   0.01755
   0.01653
   0.01563
   0.01478
   0.01401
   0.01327
   0.01259
   0.01196
   0.01138
   0.01090
   0.01047
   0.01008
   0.00967
   0.00933
   0.00904
   0.00881
   0.00879
   0.00915
   0.01001
   0.00943
   0.00938
   0.00737
   0.00856
   0.00775
   0.00751
   0.00716
   0.00726
   0.00638
   0.00708
   0.00609
   0.00359
   0.00460
   0.00308
   0.00480
   0.00278
   0.00423
   0.00261
   0.00257
   0.00253
   0.00288
   0.00245
   0.00538
   0.00648
   0.00243
   0.00236
   0.00499
   0.00221
   0.00469
   0.00215
   0.00445
   0.00423
   0.00195
   0.00391
   0.00178
   0.00403
   0.00171
   0.00175
   0.00170
   0.00170
   0.00266
   0.00156
   0.00202
   0.00170
   0.00172
   0.00242
   0.00160
   0.00264
   0.00202
   0.00262
   0.00174
   0.00189
   0.00144
   0.00155
   0.00153
   0.00312
   0.00294
   0.00147
   0.00141
   0.00139
   0.00134
   0.00126
   0.00131
   0.00291
   0.00124
   0.00208
   0.00120
   0.00116
   0.00112
   0.00111
   0.00181
   0.00108
   0.00109
   0.00135
   0.00101
   0.00100
   0.00119
   0.00099
   0.00100
   0.00092
   0.00165
   0.00093
   0.00170
   0.00092
   0.00092
   0.00088
   0.00088
   0.00089
   0.00090
   0.01322
   0.00087
   0.00085
   0.00085
   0.00100
   3.04920
   2.25155
   1.82830
   1.51071
   1.26119
   1.06790
   0.92448
   0.82436
   0.75955
   0.72143
   0.70191
   0.69425
   0.69322
   0.69436
   0.69605
   0.69736
   0.69858
   0.69982
   0.70103
   0.70220
   0.70332
   0.70399
   0.70464
   0.70525
   0.70584
   0.70640
   0.70693
   0.70743
   0.70791
   0.70836
   0.70878
   0.70918
   0.70956
   0.70991
   0.71024
   0.71055
   0.71085
   0.71112
   0.71138
   0.71162
   0.71185
   0.71206
   0.71226
   0.71244
   0.71261
   0.71277
   0.71292
   0.71307
   0.71320
   0.71332
   0.71343
   0.71354
   0.71364
   0.71373
   0.71382
   0.71390
   0.71398
   0.71405
   0.71411
   0.71417
   0.71423
   0.71428
   0.71433
   0.71438
   0.71442
   0.71446
   0.71450
   0.71453
   0.71457
   0.71460
   0.71462
   0.71465
   0.71467
   0.71470
   0.71472
   0.71474
   0.71476
   0.71477
   0.71479
   0.71480
   0.71482
   0.71483
   0.71484
   0.71485
   0.71486
   0.71487
   0.71488
   0.71489
   0.71490
   0.71491
   0.71491
   0.71492
   0.71492
   0.71493
   0.71493
   0.71494
   0.71494
   0.71495
   0.71495
   0.71495
   0.71496
   0.71496
   0.71496
   0.71497
   0.71497
   0.71497
   0.71497
   0.71498
   0.71498
   0.71498
   0.71498
   0.71498
   0.71498
   0.71498
   0.71499
   0.71499
   0.71499
   0.71499
   0.71499
   0.71499
   0.71499
   0.71499
