   0.60326
   0.58172
   0.56679
   0.54652
   0.52731
   0.51675
   0.50911
   0.49800
   0.46779
   0.45007
   0.44197
   0.44351
   0.46103
   0.40723
   0.41155
   0.41378
   0.41412
   0.41909
   0.41708
   0.41985
   0.42997
   0.43433
   0.42935
   0.46287
   0.53004
   0.55226
   0.55020
   0.55577
   0.56253
   0.57066
   0.57803
   0.58551
   0.58705
   0.58087
   0.56818
   0.55045
   0.53208
   0.51724
   0.50801
   0.50595
   0.51065
   0.51948
   0.52531
   0.52543
   0.52018
   0.51014
   0.49581
   0.47750
   0.45577
   0.43190
   0.40708
   0.38202
   0.35778
   0.33471
   0.31336
   0.29350
   0.27536
   0.25862
   0.24342
   0.22939
   0.21661
   0.20490
   0.19417
   0.18433
   0.17539
   0.16711
   0.15955
   0.15269
   0.14637
   0.14057
   0.13527
   0.13044
   0.12609
   0.12210
   0.11845
   0.11513
   0.11209
   0.10936
   0.10686
   0.10458
   0.10248
   0.10058
   0.09885
   0.09722
   0.09570
   0.09424
   0.09290
   0.09154
   0.09020
   0.08878
   0.08735
   0.08572
   0.08406
   0.08215
   0.08014
   0.07783
   0.07538
   0.07267
   0.06978
   0.06663
   0.06335
   0.05997
   0.05649
   0.05296
   0.04945
   0.04604
   0.04275
   0.03965
   0.03673
   0.03405
   0.03162
   0.02942
   0.02748
   0.02580
   0.02438
   0.02322
   0.02232
   0.02170
   0.02137
   0.02136
   0.02168
   0.02238
   0.02344
   0.02480
   0.02641
   0.02807
   0.02961
   0.03105
   0.03214
   0.03266
   0.03209
   0.02960
   0.02503
   0.01961
   0.01516
   0.01193
   0.00966
   0.00798
   0.00663
   0.00550
   0.00457
   0.00381
   0.00322
   0.00276
   0.00240
   0.00214
   0.00198
   0.00187
   0.00172
   0.00148
   0.00126
   0.00106
   0.00087
   0.00075
   0.00068
   0.00065
   0.00060
   0.00060
   0.00051
   0.00059
   0.00051
   0.00038
   0.00038
   0.00035
   0.00033
   0.00032
   0.00030
   0.00029
   0.00044
   0.00031
   0.00032
   0.00022
   0.00022
   0.00024
   0.00032
   0.00036
   0.00033
   0.00033
   0.00035
   0.00033
   0.00029
   0.00028
   0.00040
   0.00071
   0.00053
   0.00051
   0.00125
   0.00130
   0.00140
   0.00140
   0.00133
   0.00125
   0.00120
   0.00113
   0.00106
   0.00105
   0.00098
   0.00086
   0.00080
   0.00086
   0.00081
   0.00096
   0.00092
   0.00073
   0.00055
   0.00049
   0.00035
   0.00091
   0.00097
   0.00070
   0.00032
   0.00036
   0.00034
   0.00015
   0.00013
   0.00012
   0.00011
   0.00014
   0.00011
   0.00012
   0.00014
   0.00013
   0.00014
   0.00030
   0.00022
   0.00025
   0.00007
   0.00008
   0.00018
   0.00021
   0.00026
   0.00023
   0.00234
   0.00064
   0.00044
   0.00034
   0.00038
   0.00077
   0.00071
   0.00057
   0.00051
   0.00010
   0.00019
   0.00056
   0.00053
   0.00044
   0.00045
   0.00038
   0.00029
   0.00036
   0.00009
   0.00010
   0.00009
   0.00008
   0.00009
   0.00009
   0.00019
   0.00026
   0.00024
   0.00019
   0.00017
   0.00011
   0.05532
   0.01959
   0.01689
   0.01181
   0.01043
   0.00588
   0.00865
   0.00858
   0.00853
   0.00823
   0.00805
   0.00757
   0.00713
   0.00630
   0.00559
   0.00409
   0.00179
   0.00778
   0.01091
   0.00176
   0.00105
   0.00107
   0.00062
   0.00068
   0.00174
   0.00089
   0.00124
   0.00128
   0.00129
   0.00134
   0.00138
   0.00132
   0.00081
   0.00099
   0.00102
   0.00103
   0.00065
   0.00066
   0.00068
   0.00068
   0.00063
   0.00057
   0.00047
   0.00025
   0.00391
   0.00276
   0.00217
   0.00187
   0.00165
   0.00134
   0.00092
   0.00086
   0.00080
   0.00076
   0.00073
   0.00068
   0.00055
   0.00046
   0.00050
   0.00049
   0.00053
   0.00057
   0.00056
   0.00053
   0.00052
   0.00050
   0.00048
   0.00041
   0.00029
   0.00050
   0.00135
   0.00105
   0.00083
   0.00073
   0.00068
   0.00066
   0.00065
   0.00061
   0.00054
   0.00049
   0.00047
   0.00044
   0.00039
   0.00031
   0.00024
   0.00019
   0.00018
   0.00018
   0.00019
   0.00020
   0.00022
   0.00022
   0.00021
   0.00020
   0.00020
   0.00020
   0.00018
   0.00015
   0.00012
   0.00015
   0.00013
   0.00016
   0.00016
   0.00016
   0.00016
   0.00016
   0.00015
   0.00014
   0.00013
   0.00013
   0.00012
   0.00012
   0.00013
   0.00013
   0.00014
   0.00015
   0.00014
   0.00014
   0.00014
   0.00014
   0.00014
   0.00012
   0.00011
   0.00009
   0.00006
   0.00006
   0.00006
   0.00006
   0.00006
   0.00006
   0.00006
   0.00006
   0.00005
   0.00005
   0.00005
   0.00005
   0.00005
   0.00005
   0.00005
   0.00006
   0.00006
   0.00006
   0.00006
   0.00006
   0.00006
   0.00006
   0.00006
   0.00005
   0.00004
   0.00004
   0.00006
   0.00008
   0.00008
   0.00008
   0.00007
   0.00006
   0.00005
   0.00005
   0.00005
   0.00005
   0.00006
   0.00006
   0.00007
   0.00008
   0.00013
   0.00013
   0.00014
   0.00009
   0.00006
   0.00007
   0.00023
   0.00244
   0.00166
   0.00117
   0.00093
   0.00076
   0.00064
   0.00052
   0.00042
   0.00033
   0.00028
   0.00025
   0.00023
   0.00022
   0.00021
   0.00020
   0.00020
   0.00021
   0.00021
   0.00021
   0.00021
   0.00019
   0.00015
   0.00010
   0.00015
   0.00011
   0.00002
   0.00030
   0.00028
   0.00027
   0.00025
   0.00024
   0.00024
   0.00023
   0.00022
   0.00020
   0.00018
   0.00015
   0.00013
   0.00011
   0.00011
   0.00010
   0.00010
   0.00010
   0.00010
   0.00010
   0.00010
   0.00010
   0.00010
   0.00010
   0.00010
   0.00009
   0.00008
   0.00006
   0.00007
   0.00006
   0.00002
   0.00013
   0.00011
   0.00009
   0.00008
   0.00007
   0.00006
   0.00006
   0.00005
   0.00005
   0.00005
   0.00004
