   0.71345
   0.71450
   0.71190
   0.70602
   0.70526
   0.70424
   0.70477
   0.70369
   0.70232
   0.70119
   0.70006
   0.69875
   0.69755
   0.69618
   0.69492
   0.69370
   0.69231
   0.69089
   0.68946
   0.68810
   0.68662
   0.68510
   0.68362
   0.68197
   0.68044
   0.67882
   0.67714
   0.67555
   0.67370
   0.67211
   0.67017
   0.66819
   0.66660
   0.66459
   0.66277
   0.65997
   0.65761
   0.65555
   0.65344
   0.65111
   0.64889
   0.64645
   0.64410
   0.64159
   0.63923
   0.63669
   0.63424
   0.63171
   0.62898
   0.62654
   0.62362
   0.62096
   0.61822
   0.61539
   0.61288
   0.61019
   0.60741
   0.60447
   0.60170
   0.59897
   0.59622
   0.59328
   0.59053
   0.58766
   0.58492
   0.58223
   0.57949
   0.57674
   0.57392
   0.57108
   0.56823
   0.56576
   0.56293
   0.56015
   0.55743
   0.55460
   0.55180
   0.54921
   0.54642
   0.54369
   0.54096
   0.54155
   0.55393
   0.55226
   0.54465
   0.53619
   0.52845
   0.52301
   0.51919
   0.51555
   0.51278
   0.51052
   0.50780
   0.50581
   0.50332
   0.50169
   0.49952
   0.49738
   0.49615
   0.49426
   0.49325
   0.49221
   0.49069
   0.48972
   0.48967
   0.48892
   0.48918
   0.48927
   0.48915
   0.48946
   0.48946
   0.49007
   0.48969
   0.49063
   0.48919
   0.48858
   0.48680
   0.48447
   0.48186
   0.47870
   0.47649
   0.47307
   0.46965
   0.46701
   0.46405
   0.46069
   0.45917
   0.45490
   0.45313
   0.44839
   0.44620
   0.44574
   0.43982
   0.43917
   0.43383
   0.43209
   0.42962
   0.42426
   0.42330
   0.42011
   0.41577
   0.41533
   0.40900
   0.40905
   0.40256
   0.40191
   0.39738
   0.39553
   0.39074
   0.38986
   0.38429
   0.38255
   0.37881
   0.37663
   0.37251
   0.37054
   0.36593
   0.36418
   0.35974
   0.35903
   0.35420
   0.34989
   0.34786
   0.34501
   0.34258
   0.33846
   0.33623
   0.33267
   0.33001
   0.32672
   0.32405
   0.32094
   0.31922
   0.31638
   0.31100
   0.30948
   0.30698
   0.30430
   0.30195
   0.29729
   0.29612
   0.29329
   0.28910
   0.28766
   0.28573
   0.28189
   0.27946
   0.27661
   0.27297
   0.26939
   0.26812
   0.26518
   0.26313
   0.26014
   0.25666
   0.25663
   0.25259
   0.24982
   0.24750
   0.24475
   0.24208
   0.23953
   0.23695
   0.23438
   0.23177
   0.22929
   0.22666
   0.22421
   0.22180
   0.21926
   0.21680
   0.21429
   0.21185
   0.20933
   0.20698
   0.20461
   0.20217
   0.19973
   0.19740
   0.19506
   0.19265
   0.19038
   0.18785
   0.18570
   0.18314
   0.18087
   0.17840
   0.17626
   0.17381
   0.17153
   0.16913
   0.16690
   0.16455
   0.16223
   0.15996
   0.15772
   0.15546
   0.15316
   0.15087
   0.14858
   0.14624
   0.14410
   0.14174
   0.13961
   0.13726
   0.13512
   0.13281
   0.13063
   0.12839
   0.12619
   0.12393
   0.12177
   0.11964
   0.11744
   0.11523
   0.11304
   0.11089
   0.10877
   0.10667
   0.10456
   0.10251
   0.10043
   0.09836
   0.09633
   0.09434
   0.09239
   0.09035
   0.08853
   0.08655
   0.08488
   0.08300
   0.08141
   0.07961
   0.07811
   0.07644
   0.07499
   0.07351
   0.07225
   0.07089
   0.06972
   0.06851
   0.06749
   0.06643
   0.06557
   0.06464
   0.06388
   0.06306
   0.06242
   0.06167
   0.06110
   0.06038
   0.05987
   0.05921
   0.05868
   0.05799
   0.05746
   0.05680
   0.05629
   0.05564
   0.05502
   0.05436
   0.05376
   0.05319
   0.05261
   0.05201
   0.05139
   0.05083
   0.05025
   0.04970
   0.04913
   0.04859
   0.04802
   0.04750
   0.04697
   0.04647
   0.04594
   0.04544
   0.04504
   0.04454
   0.04403
   0.04366
   0.04319
   0.04275
   0.04232
   0.04195
   0.04154
   0.04118
   0.04086
   0.04048
   0.04016
   0.03988
   0.03959
   0.03931
   0.03905
   0.03880
   0.03847
   0.03826
   0.03811
   0.03792
   0.03780
   0.03757
   0.03744
   0.03759
   0.03712
   0.03741
   0.03689
   0.03690
   0.03689
   0.03641
   0.03631
   0.03604
   0.03577
   0.03531
   0.03492
   0.03417
   0.03364
   0.03290
   0.03176
   0.03075
   0.02952
   0.02802
   0.02649
   0.02486
   0.02343
   0.02229
   0.02165
   0.02186
   0.02317
   0.02501
   0.02786
   0.03009
   0.03477
   0.03502
   0.04634
   0.03303
   0.07476
   0.08607
   0.08142
   0.19444
   0.13603
   0.01928
   0.01698
   0.01798
   0.01818
   0.01781
   0.01752
   0.01734
   0.01721
   0.01709
   0.01696
   0.01683
   0.01669
   0.01657
   0.01644
   0.01630
   0.01616
   0.01604
   0.01592
   0.01578
   0.01565
   0.01554
   0.01541
   0.01528
   0.01514
   0.01503
   0.01491
   0.01477
   0.01465
   0.01455
   0.01442
   0.01429
   0.01416
   0.01405
   0.01393
   0.01380
   0.01369
   0.01357
   0.01344
   0.01334
   0.01322
   0.01308
   0.01298
   0.01286
   0.01274
   0.01265
   0.01253
   0.01240
   0.01230
   0.01219
   0.01206
   0.01198
   0.01185
   0.01172
   0.01164
   0.01152
   0.01140
   0.01131
   0.01119
   0.01107
   0.01100
   0.01087
   0.01075
   0.01067
   0.01056
   0.01043
   0.01037
   0.01024
   0.01014
   0.01005
   0.00993
   0.00982
   0.00975
   0.00962
   0.00954
   0.00944
   0.00934
   0.00924
   0.00916
   0.00905
   0.00895
   0.00887
   0.00876
   0.00866
   0.00859
   0.00848
   0.00839
   0.00830
   0.00822
   0.00812
   0.00803
   0.00794
   0.00787
   0.00776
   0.00768
   0.00761
   0.00751
   0.00742
   0.00736
   0.00727
   0.00718
   0.00709
   0.00701
   0.00693
   0.00686
   0.00677
   0.00671
   0.00662
   0.00655
   0.00646
   0.00639
   0.00631
   0.00624
   0.00618
   0.00609
   0.00603
   0.00595
   0.00587
   0.00581
   0.00574
   0.00567
   0.00560
   0.00553
   0.00547
   0.00540
   0.00534
   0.00526
   0.00522
   0.00515
   0.00510
   0.00502
   0.00496
   0.00491
   0.00484
   0.00479
   0.00473
   0.00466
   0.00461
   0.00455
   0.00450
   0.00445
   0.00439
   0.00435
   0.00428
   0.00423
   0.00418
   0.00413
   0.00407
   0.00402
   0.00398
   0.00393
   0.00388
   0.00384
   0.00379
   0.00375
   0.00369
   0.00365
   0.00360
   0.00356
   0.00352
   0.00348
   0.00343
   0.00339
   0.00335
   0.00331
   0.00327
   0.00323
   0.00319
   0.00314
   0.00311
   0.00308
   0.00303
   0.00300
   0.00296
   0.00293
   0.00289
   0.00286
   0.00282
   0.00278
   0.00276
   0.00272
   0.00269
   0.00265
   0.00263
   0.00259
   0.00256
   0.00252
   0.00250
   0.00247
   0.00244
   0.00241
   0.00238
   0.00235
   0.00232
   0.00229
   0.00227
   0.00224
   0.00221
   0.00218
   0.00216
   0.00213
   0.00211
   0.00208
   0.00206
   0.00203
   0.00201
   0.00199
   0.00196
   0.00194
   0.00192
   0.00189
   0.00187
   0.00185
   0.00182
   0.00180
   0.00178
   0.00176
   0.00174
   0.00172
   0.00170
   0.00168
   0.00166
   0.00164
   0.00162
   0.00160
   0.00158
   0.00156
   0.00154
   0.00153
   0.00151
   0.00149
   0.00147
   0.00146
   0.00144
   0.00142
   0.00141
   0.00139
   0.00137
   0.00136
   0.00134
   0.00132
   0.00131
   0.00130
   0.00128
   0.00127
   0.00125
   0.00123
   0.00122
   0.00121
   0.00119
   0.00118
   0.00117
   0.00115
   0.00114
   0.00113
   0.00111
   0.00110
   0.00109
   0.00108
   0.00106
   0.00105
   0.00104
   0.00103
   0.00101
   0.00100
   0.00099
   0.00098
   0.00097
   0.00096
   0.00095
   0.00094
   0.00093
   0.00091
   0.00090
   0.00089
   0.00088
   0.00087
   0.00087
   0.00085
   0.00084
   0.00084
   0.00082
   0.00082
   0.00081
   0.00080
   0.00079
   0.00078
   0.00077
   0.00076
   0.00075
   0.00074
   0.00074
   0.00073
   0.00072
   0.00071
   0.00070
   0.00070
   0.00069
   0.00068
   0.00067
   0.00066
   0.00066
   0.00065
   0.00064
   0.00064
   0.00063
   0.00062
   0.00061
   0.00061
   0.00060
   0.00059
   0.00059
   0.00058
   0.00057
   0.00057
   0.00056
   0.00056
   0.00055
   0.00054
   0.00054
   0.00053
   0.00053
   0.00052
   0.00051
   0.00051
   0.00050
   0.00050
   0.00049
   0.00049
   0.00048
   0.00048
   0.00047
   0.00047
   0.00046
   0.00046
   0.00045
   0.00045
   0.00044
   0.00043
   0.00043
   0.00043
   0.00042
   0.00042
   0.00041
   0.00041
   0.00040
   0.00040
   0.00039
   0.00039
   0.00038
   0.00038
   0.00038
   0.00037
   0.00037
   0.00036
   0.00036
   0.00036
   0.00035
   0.00035
   0.00034
   0.00034
   0.00034
   0.00033
   0.00033
   0.00033
   0.00032
   0.00032
   0.00032
   0.00031
   0.00031
   0.00031
   0.00030
   0.00030
   0.00030
   0.00029
   0.00029
   0.00029
   0.00028
   0.00028
   0.00028
   0.00027
   0.00027
   0.00027
   0.00027
   0.00026
   0.00026
   0.00026
   0.00025
   0.00025
   0.00025
   0.00025
   0.00024
   0.00024
   0.00024
   0.00024
   0.00023
   0.00023
   0.00023
   0.00023
   0.00022
   0.00022
   0.00022
   0.00022
   0.00021
   0.00021
   0.00021
   0.00021
   0.00020
   0.00020
   0.00020
   0.00020
   0.00020
   0.00019
   0.00019
   0.00019
   0.00019
   0.00019
   0.00018
   0.00018
   0.00018
   0.00018
   0.00018
   0.00017
   0.00017
   0.00017
   0.00017
   0.00017
   0.00016
   0.00016
   0.00016
   0.00016
   0.00016
   0.00016
   0.00015
   0.00015
   0.00015
   0.00015
   0.00015
   0.00015
   0.00015
   0.00014
   0.00014
   0.00014
   0.00014
   0.00014
   0.00014
   0.00013
   0.00013
   0.00013
   0.00013
   0.00013
   0.00013
   0.00013
   0.00012
   0.00012
   0.00012
   0.00012
   0.00012
   0.00012
   0.00012
   0.00012
   0.00011
   0.00011
   0.00011
   0.00011
   0.00011
   0.00011
   0.00011
   0.00011
   0.00011
   0.00010
   0.00010
   0.00010
   0.00010
   0.00010
   0.00010
   0.00010
   0.00010
   0.00010
   0.00010
   0.00009
   0.00009
   0.00009
   0.00009
   0.00009
   0.00009
   0.00009
   0.00009
   0.00009
   0.00009
   0.00008
   0.00008
   0.00008
   0.00008
   0.00008
   0.00008
   0.00008
   0.00008
   0.00008
   0.00008
   0.00008
   0.00008
   0.00007
   0.00007
   0.00007
   0.00007
   0.00007
   0.00007
   0.00007
   0.00007
   0.00007
   0.00007
   0.00007
   0.00007
   0.00007
   0.00007
   0.00006
   0.00006
   0.00006
   0.00006
   0.00006
   0.00006
   0.00006
   0.00006
   0.00006
   0.00006
   0.00006
   0.00006
   0.00006
   0.00006
   0.00006
   0.00006
   0.00005
   0.00005
   0.00005
   0.00005
   0.00005
   0.00005
   0.00005
   0.00005
   0.00005
   0.00005
   0.00005
   0.00005
   0.00005
   0.00005
   0.00005
   0.00005
   0.00005
   0.00005
   0.00005
   0.00005
   0.00004
   0.00004
   0.00004
   0.00004
   0.00004
   0.00004
   0.00004
   0.00004
   0.00004
   0.00004
   0.00004
   0.00004
   0.00004
   0.00004
   0.00004
   0.00004
   0.00004
   0.00004
   0.00004
   0.00004
   0.00004
   0.00004
   0.00004
   0.00004
   0.00003
   0.00003
   0.00003
   0.00003
   0.00003
   0.00003
   0.00003
   0.00003
   0.00003
   0.00003
   0.00003
   0.00003
   0.00003
   0.00003
   0.00003
   0.00003
   0.00003
   0.00003
   0.00003
   0.00003
   0.00003
   0.00003
   0.00003
   0.00003
   0.00003
   0.00003
   0.00003
   0.00003
   0.00003
   0.00003
   0.00003
   0.00003
   0.00003
   0.00003
   0.00002
   0.00002
   0.00002
   0.00002
   0.00002
   0.00002
   0.00002
   0.00002
   0.00002
   0.00002
   0.00002
