   0.68590
   0.68697
   0.68680
   0.68670
   0.68641
   0.68633
   0.68622
   0.68606
   0.68591
   0.68576
   0.68561
   0.68546
   0.68534
   0.68501
   0.68487
   0.68471
   0.68456
   0.68440
   0.68424
   0.68407
   0.68390
   0.68372
   0.68354
   0.68336
   0.68317
   0.68297
   0.68278
   0.68256
   0.68236
   0.68214
   0.68191
   0.68169
   0.68144
   0.68122
   0.68094
   0.68069
   0.68042
   0.68014
   0.67986
   0.67958
   0.67928
   0.67898
   0.67865
   0.67834
   0.67801
   0.67768
   0.67733
   0.67699
   0.67664
   0.67626
   0.67591
   0.68006
   0.67893
   0.68031
   0.67908
   0.67768
   0.67667
   0.67587
   0.67526
   0.67476
   0.67437
   0.67406
   0.67383
   0.67366
   0.67353
   0.67339
   0.67334
   0.67318
   0.67303
   0.67269
   0.67227
   0.67163
   0.67079
   0.66962
   0.66835
   0.66667
   0.66488
   0.66282
   0.66069
   0.65842
   0.65587
   0.65349
   0.65085
   0.64836
   0.64570
   0.64319
   0.64055
   0.63804
   0.63547
   0.63291
   0.63054
   0.62808
   0.62574
   0.62337
   0.62098
   0.61883
   0.61662
   0.61443
   0.61233
   0.61028
   0.60830
   0.60638
   0.60449
   0.60269
   0.60095
   0.59936
   0.59778
   0.59637
   0.59508
   0.59386
   0.59273
   0.59178
   0.59096
   0.59023
   0.58971
   0.58930
   0.58915
   0.58907
   0.58922
   0.58957
   0.58994
   0.59049
   0.59121
   0.59207
   0.59298
   0.59395
   0.59487
   0.59589
   0.59675
   0.59759
   0.59805
   0.59839
   0.59846
   0.59823
   0.59766
   0.59686
   0.59578
   0.59444
   0.59300
   0.59142
   0.58979
   0.58798
   0.58620
   0.58428
   0.58234
   0.58029
   0.57825
   0.57620
   0.57408
   0.57180
   0.56966
   0.56741
   0.56515
   0.56283
   0.56052
   0.55817
   0.55581
   0.55336
   0.55095
   0.54850
   0.54603
   0.54357
   0.54104
   0.53855
   0.53600
   0.53347
   0.53098
   0.52816
   0.52583
   0.52321
   0.52069
   0.51829
   0.51074
   0.51651
   0.51323
   0.50927
   0.50610
   0.50311
   0.50039
   0.49761
   0.49484
   0.49218
   0.48950
   0.48685
   0.48429
   0.48169
   0.47924
   0.47664
   0.47418
   0.47172
   0.46888
   0.46559
   0.46274
   0.46089
   0.45835
   0.45592
   0.45332
   0.45080
   0.44862
   0.44614
   0.44385
   0.44122
   0.43898
   0.43664
   0.43428
   0.43199
   0.42952
   0.42715
   0.42489
   0.42262
   0.42024
   0.41787
   0.41570
   0.41341
   0.41116
   0.40890
   0.40666
   0.40436
   0.40205
   0.39968
   0.39759
   0.39527
   0.39312
   0.39092
   0.38886
   0.38669
   0.38449
   0.38244
   0.38016
   0.37822
   0.37580
   0.37339
   0.37183
   0.36968
   0.36745
   0.36531
   0.36235
   0.36026
   0.35819
   0.35613
   0.35396
   0.35167
   0.34945
   0.34736
   0.34526
   0.34312
   0.34098
   0.33890
   0.33677
   0.33469
   0.33259
   0.33053
   0.32842
   0.32636
   0.32455
   0.32216
   0.32039
   0.31799
   0.31614
   0.31406
   0.31198
   0.30986
   0.30772
   0.30561
   0.30352
   0.30140
   0.29926
   0.29715
   0.29495
   0.29317
   0.29090
   0.28892
   0.28687
   0.28475
   0.28264
   0.28055
   0.27843
   0.27630
   0.27419
   0.27207
   0.26995
   0.26779
   0.26567
   0.26353
   0.26133
   0.25921
   0.25703
   0.25488
   0.25273
   0.25055
   0.24842
   0.24622
   0.24403
   0.24189
   0.23970
   0.23756
   0.23535
   0.23318
   0.23112
   0.22879
   0.22664
   0.22452
   0.22235
   0.22012
   0.21793
   0.21572
   0.21348
   0.21127
   0.20904
   0.20682
   0.20458
   0.20239
   0.20002
   0.19782
   0.19558
   0.19335
   0.19113
   0.18893
   0.18677
   0.18460
   0.18238
   0.18028
   0.17806
   0.17591
   0.17372
   0.17157
   0.16941
   0.16729
   0.16518
   0.16308
   0.16098
   0.15895
   0.15674
   0.15473
   0.15292
   0.15101
   0.14882
   0.14703
   0.14522
   0.14338
   0.14164
   0.13978
   0.13808
   0.13644
   0.13472
   0.13308
   0.13158
   0.12995
   0.12847
   0.12695
   0.12553
   0.12406
   0.12270
   0.12129
   0.12000
   0.11863
   0.11745
   0.11607
   0.11496
   0.11362
   0.11251
   0.11136
   0.11012
   0.10903
   0.10786
   0.10681
   0.10572
   0.10457
   0.10358
   0.10249
   0.10146
   0.10042
   0.09940
   0.09832
   0.09736
   0.09634
   0.09534
   0.09435
   0.09337
   0.09233
   0.09138
   0.09041
   0.08943
   0.08843
   0.08746
   0.08654
   0.08552
   0.08458
   0.08364
   0.08266
   0.08170
   0.08074
   0.07978
   0.07881
   0.07786
   0.07691
   0.07596
   0.07501
   0.07407
   0.07313
   0.07221
   0.07133
   0.07041
   0.06947
   0.06860
   0.06770
   0.06682
   0.06593
   0.06506
   0.06420
   0.06334
   0.06249
   0.06164
   0.06082
   0.06000
   0.05918
   0.05837
   0.05759
   0.05684
   0.05602
   0.05526
   0.05447
   0.05372
   0.05298
   0.05224
   0.05152
   0.05080
   0.05009
   0.04938
   0.04869
   0.04800
   0.04732
   0.04667
   0.04602
   0.04537
   0.04473
   0.04410
   0.04349
   0.04289
   0.04232
   0.04170
   0.04112
   0.04055
   0.03999
   0.03944
   0.03890
   0.03836
   0.03783
   0.03731
   0.03681
   0.03630
   0.03581
   0.03532
   0.03484
   0.03437
   0.03391
   0.03345
   0.03300
   0.03256
   0.03213
   0.03170
   0.03128
   0.03086
   0.03046
   0.03006
   0.02966
   0.02928
   0.02890
   0.02855
   0.02816
   0.02779
   0.02743
   0.02708
   0.02673
   0.02639
   0.02605
   0.02573
   0.02540
   0.02509
   0.02477
   0.02446
   0.02415
   0.02386
   0.02356
   0.02326
   0.02298
   0.02269
   0.02241
   0.02214
   0.02187
   0.02160
   0.02134
   0.02108
   0.02082
   0.02057
   0.02032
   0.02007
   0.01983
   0.01960
   0.01935
   0.01913
   0.01889
   0.01867
   0.01848
   0.01822
   0.01800
   0.01779
   0.01757
   0.01736
   0.01715
   0.01695
   0.01674
   0.01655
   0.01635
   0.01615
   0.01596
   0.01576
   0.01556
   0.01539
   0.01519
   0.01502
   0.01483
   0.01466
   0.01448
   0.01431
   0.01413
   0.01397
   0.01378
   0.01363
   0.01345
   0.01330
   0.01312
   0.01298
   0.01281
   0.01267
   0.01250
   0.01236
   0.01219
   0.01206
   0.01190
   0.01180
   0.01160
   0.01147
   0.01132
   0.01120
   0.01104
   0.01092
   0.01077
   0.01065
   0.01051
   0.01039
   0.01025
   0.01014
   0.00999
   0.00988
   0.00975
   0.00964
   0.00950
   0.00940
   0.00927
   0.00917
   0.00904
   0.00895
   0.00882
   0.00874
   0.00862
   0.00852
   0.00839
   0.00832
   0.00821
   0.00811
   0.00799
   0.00791
   0.00782
   0.00773
   0.00763
   0.00754
   0.00745
   0.00739
   0.00725
   0.00719
   0.00710
   0.00701
   0.00693
   0.00685
   0.00677
   0.00669
   0.00661
   0.00654
   0.00646
   0.00639
   0.00631
   0.00622
   0.00618
   0.00611
   0.00604
   0.00598
   0.00591
   0.00584
   0.00576
   0.00573
   0.00566
   0.00558
   0.00555
   0.00549
   0.00544
   0.00539
   0.00533
   0.00526
   0.00524
   0.00518
   0.00512
   0.00510
   0.00504
   0.00498
   0.00497
   0.00491
   0.00486
   0.00484
   0.00480
   0.00475
   0.00474
   0.00469
   0.00465
   0.00467
   0.00458
   0.00459
   0.00451
   0.00454
   0.00448
   0.00446
   0.00445
   0.00443
   0.00439
   0.00440
   0.00437
   0.00434
   0.00435
   0.00433
   0.00430
   0.00432
   0.00430
   0.00428
   0.00429
   0.00428
   0.00426
   0.00429
   0.00425
   0.00430
   0.00427
   0.00428
   0.00430
   0.00431
   0.00429
   0.00434
   0.00431
   0.00439
   0.00433
   0.00444
   0.00436
   0.00450
   0.00440
   0.00457
   0.00445
   0.00466
   0.00450
   0.00474
   0.00456
   0.00485
   0.00465
   0.00496
   0.00473
   0.00508
   0.00484
   0.00520
   0.00497
   0.00527
   0.00518
   0.00535
   0.00533
   0.00554
   0.00548
   0.00573
   0.00566
   0.00592
   0.00587
   0.00602
   0.00612
   0.00624
   0.00636
   0.00648
   0.00661
   0.00672
   0.00687
   0.00700
   0.00715
   0.00731
   0.00750
   0.00769
   0.00789
   0.00800
   0.00841
   0.00850
   0.00889
   0.00893
   0.00989
   0.01099
   0.00956
   0.01119
   0.01205
   0.01422
   0.01034
   0.01447
   0.00049
   0.02533
   0.00557
   0.00121
   0.00152
   0.00153
   0.00148
   0.00141
   0.00136
   0.00133
   0.00133
   0.00132
   0.00132
   0.00132
   0.00132
   0.00132
   0.00132
   0.00131
   0.00131
   0.00129
   0.00128
   0.00126
   0.00125
   0.00123
   0.00121
   0.00120
   0.00118
   0.00117
   0.00116
   0.00115
   0.00114
   0.00113
   0.00112
   0.00111
   0.00111
   0.00110
   0.00109
   0.00109
   0.00108
   0.00107
   0.00107
   0.00106
   0.00106
   0.00105
   0.00105
   0.00104
   0.00104
   0.00104
   0.00103
   0.00103
   0.00103
   0.00102
   0.00102
   0.00102
   0.00102
   0.00101
   0.00101
   0.00101
   0.00101
   0.00101
   0.00100
   0.00100
   0.00100
   0.00100
   0.00100
   0.00100
   0.00100
   0.00100
   0.00100
   0.00100
   0.00100
   0.00100
   0.00100
   0.00100
   0.00100
   0.00100
   0.00100
   0.00100
   0.00100
   0.00100
   0.00100
   0.00100
   0.00100
   0.00100
   0.00100
   0.00100
   0.00100
   0.00100
   0.00100
   0.00100
   0.00100
   0.00100
   0.00100
   0.00100
   0.00100
   0.00101
   0.00101
   0.00101
   0.00101
   0.00101
   0.00102
   0.00102
   0.00102
   0.00102
   0.00103
   0.00103
   0.00103
   0.00104
   0.00104
   0.00104
   0.00105
   0.00105
   0.00106
   0.00106
   0.00106
   0.00107
   0.00107
   0.00107
   0.00107
   0.00107
   0.00107
   0.00107
   0.00107
   0.00107
   0.00107
   0.00107
   0.00107
   0.00107
   0.00107
   0.00107
   0.00106
   0.00106
   0.00106
   0.00106
   0.00106
   0.00106
   0.00107
   0.00107
   0.00107
   0.00107
   0.00108
   0.00109
   0.00110
   0.00112
   0.00116
   0.00131
   0.00239
   0.00704
   0.00139
   0.00158
   0.00099
   0.00090
   0.00092
   0.00093
   0.00094
   0.00094
   0.00095
   0.00096
   0.00096
   0.00097
   0.00097
   0.00098
   0.00098
   0.00099
   0.00100
   0.00100
   0.00101
   0.00101
   0.00102
   0.00102
   0.00103
   0.00103
   0.00103
   0.00104
   0.00104
   0.00104
   0.00104
   0.00103
   0.00103
   0.00102
   0.00101
   0.00100
   0.00099
   0.00098
   0.00096
   0.00095
   0.00093
   0.00092
   0.00091
   0.00090
   0.00089
   0.00088
   0.00087
   0.00086
   0.00085
   0.00084
   0.00084
   0.00083
   0.00082
   0.00081
   0.00081
   0.00080
   0.00080
   0.00079
   0.00079
   0.00078
   0.00078
   0.00077
   0.00077
   0.00076
   0.00076
   0.00075
   0.00075
   0.00075
   0.00074
   0.00074
   0.00074
   0.00073
   0.00073
   0.00073
   0.00073
   0.00072
   0.00072
   0.00072
   0.00072
   0.00072
   0.00071
   0.00071
   0.00071
   0.00071
   0.00071
   0.00070
   0.00070
   0.00070
   0.00070
   0.00070
   0.00070
   0.00069
   0.00069
   0.00069
   0.00069
   0.00069
   0.00069
   0.00069
   0.00068
   0.00068
   0.00068
   0.00068
   0.00068
   0.00068
   0.00068
   0.00067
   0.00067
   0.00067
   0.00067
   0.00067
   0.00067
   0.00067
   0.00067
   0.00067
   0.00066
   0.00066
   0.00066
   0.00066
   0.00066
   0.00066
   0.00066
   0.00067
   0.00067
   0.00067
   0.00067
   0.00067
   0.00068
   0.00068
   0.00068
   0.00069
   0.00069
   0.00070
   0.00070
   0.00071
   0.00071
   0.00071
   0.00072
   0.00072
   0.00072
   0.00073
   0.00073
