   0.46818
   0.46478
   0.46549
   0.46574
   0.46519
   0.46390
   0.46311
   0.46293
   0.46247
   0.46198
   0.46106
   0.46105
   0.46091
   0.46072
   0.46057
   0.46062
   0.46295
   0.46088
   0.45943
   0.46088
   0.46305
   0.46644
   0.47449
   0.48730
   0.49541
   0.49397
   0.49819
   0.53186
   0.53509
   0.54519
   0.55396
   0.55968
   0.55682
   0.54447
   0.52199
   0.48977
   0.45029
   0.40681
   0.36275
   0.32277
   0.28930
   0.26124
   0.23933
   0.22083
   0.20371
   0.19311
   0.18297
   0.17580
   0.16571
   0.16009
   0.15627
   0.15551
   0.15099
   0.15074
   0.15237
   0.15383
   0.14810
   0.15331
   0.15374
   0.15731
   0.15541
   0.15079
   0.14987
   0.14766
   0.14856
   0.14377
   0.16595
   0.16261
   0.16400
   0.16443
   0.16576
   0.16864
   0.17147
   0.17401
   0.17468
   0.17477
   0.17721
   0.17859
   0.18029
   0.19025
   0.19660
   0.19331
   0.19598
   0.19432
   0.19441
   0.19688
   0.19744
   0.19612
   0.19744
   0.19771
   0.19335
   0.19117
   0.18422
   0.17946
   0.17544
   0.16872
   0.16356
   0.15835
   0.15468
   0.15052
   0.14649
   0.14042
   0.13848
   0.13648
   0.13225
   0.12974
   0.12847
   0.12739
   0.12708
   0.12637
   0.12419
   0.12257
   0.12088
   0.11912
   0.11851
   0.11666
   0.11512
   0.11344
   0.11194
   0.11089
   0.11028
   0.11023
   0.11005
   0.11055
   0.10956
   0.10913
   0.10623
   0.10545
   0.09574
   0.09242
   0.09463
   0.13431
   0.13086
   0.12599
   0.11856
   0.10504
   0.00692
   0.00593
   0.00545
   0.00531
   0.10849
   0.12290
   0.09585
   0.09768
   0.11534
   0.14013
   0.14516
   0.12480
   0.00086
   0.00094
   0.00094
   0.00092
   0.00090
   0.00101
   0.00112
   0.00443
   0.00466
   0.00371
   0.00161
   0.00075
   0.00771
   0.00477
   0.00741
   0.00432
   0.00560
   0.00328
   0.00429
   0.00294
   0.00487
   0.01795
   0.08193
   0.01106
   0.01148
   0.15123
   0.12670
   0.12100
   0.11291
   0.00860
   0.09243
   0.00491
   0.00449
   0.00536
   0.00274
   0.00487
   0.00427
   0.00390
   0.00439
   0.00266
   0.00241
   0.00180
   0.00118
   0.00112
   0.00118
   0.00139
   0.00129
   0.00299
   0.00080
   0.00112
   0.00145
   0.00122
   0.00145
   0.00103
   0.00081
   0.00339
   0.00100
   0.00320
   0.00118
   0.00204
   0.00051
   0.00971
   0.00130
   0.01009
   0.00691
   0.00107
   0.00280
   0.00193
   0.00095
   0.00298
   0.00071
   0.00518
   0.00339
   0.00055
   0.00332
   0.01049
   0.00595
   0.00206
   0.00116
   0.00090
   0.00113
   0.00323
   0.00400
   0.00358
   0.00149
   0.00325
   0.02738
   0.00204
   0.00048
   0.00379
   0.00124
   0.00590
   0.00213
   0.00324
   0.13585
   0.00607
   0.00170
   0.00352
   0.00449
   0.00233
   0.00260
   0.00362
   0.00360
   0.00146
   0.00377
   0.00103
   0.00219
   0.01040
   0.00244
   0.65847
   0.57521
   0.54315
   0.52622
   0.51678
   0.51148
   0.50848
   0.50679
   0.50583
   0.50446
   0.50459
   0.50467
   0.50472
   0.50475
   0.50477
   0.50478
   0.50479
   0.50479
   0.50480
   0.50480
   0.50480
   0.50480
   0.50480
   0.50480
   0.50480
   0.50480
   0.50480
   0.50480
   0.50480
   0.50480
   0.50480
   0.50481
   0.50481
   0.50481
   0.50481
   0.50481
   0.50481
   0.50481
   0.50481
   0.50481
   0.50481
   0.50481
   0.50481
   0.50481
   0.50481
   0.50481
   0.50481
   0.50481
   0.50481
   0.50481
   0.50481
   0.50481
   0.50481
   0.50481
   0.50481
   0.50481
   0.50481
   0.50481
   0.50481
   0.50481
   0.50481
   0.50481
   0.50481
   0.50481
   0.50481
   0.50481
   0.50481
   0.50481
   0.50481
   0.50481
   0.50481
   0.50481
   0.50481
   0.50481
   0.50481
   0.50481
   0.50481
   0.50482
   0.50482
   0.50482
   0.50482
   0.50482
   0.50482
   0.50482
   0.50482
   0.50482
   0.50482
   0.50482
   0.50482
   0.50482
   0.50482
   0.50482
   0.50482
   0.50482
   0.50482
   0.50482
   0.50482
   0.50482
   0.50482
   0.50482
   0.50482
   0.50482
   0.50482
   0.50482
   0.50482
   0.50482
   0.50482
   0.50482
   0.50482
   0.50482
   0.50482
   0.50482
   0.50482
   0.50482
   0.50482
   0.50483
   0.50483
   0.50483
   0.50483
   0.50483
   0.50483
   0.50483
   0.50483
   0.50483
   0.50483
   0.50483
   0.50483
   0.50483
   0.50483
   0.50483
   0.50483
   0.50483
   0.50483
   0.50483
   0.50483
   0.50483
   0.50483
   0.50483
   0.50483
   0.50483
   0.50483
   0.50483
   0.50483
   0.50483
   0.50483
   0.50483
   0.50483
   0.50483
   0.50484
   0.50484
   0.50484
   0.50484
   0.50484
   0.50484
   0.50484
   0.50484
   0.50484
   0.50484
   0.50484
   0.50483
   0.50483
   0.50483
   0.50483
   0.50483
   0.50483
   0.50483
   0.50483
   0.50483
   0.50483
   0.50483
   0.50483
   0.50483
   0.50483
   0.50483
   0.50483
   0.50483
   0.50483
   0.50483
   0.50483
   0.50483
   0.50483
   0.50483
   0.50483
   0.50483
   0.50483
   0.50483
   0.50483
   0.50483
   0.50483
   0.50483
   0.50483
   0.50483
   0.50483
   0.50483
   0.50483
   0.50483
   0.50483
   0.50483
   0.50483
   0.50483
   0.50483
   0.50483
   0.50483
   0.50483
   0.50483
   0.50483
   0.50483
   0.50483
   0.50483
   0.50483
   0.50483
   0.50483
   0.50483
   0.50483
   0.50483
   0.50483
   0.50483
   0.50483
   0.50483
   0.50483
   0.50483
   0.50483
   0.50483
   0.50484
   0.50484
   0.50484
   0.50484
   0.50484
   0.50484
   0.50484
   0.50484
   0.50484
   0.50484
   0.50484
   0.50484
   0.50484
   0.50484
   0.50484
   0.50484
   0.50484
   0.50484
   0.50484
   0.50484
