   0.66221
   0.66166
   0.65864
   0.65656
   0.65626
   0.65852
   0.65807
   0.66322
   0.66409
   0.66496
   0.66198
   0.64714
   0.66062
   0.66108
   0.66037
   0.65510
   0.65635
   0.65306
   0.64580
   0.66892
   0.65879
   0.65675
   0.64978
   0.64161
   0.63387
   0.63300
   0.63539
   0.62848
   0.62582
   0.61812
   0.61722
   0.61322
   0.60703
   0.60532
   0.59989
   0.59329
   0.58793
   0.58284
   0.57654
   0.56948
   0.56000
   0.54897
   0.53699
   0.52478
   0.51318
   0.49772
   0.48821
   0.47931
   0.47103
   0.46337
   0.45640
   0.44998
   0.44469
   0.44005
   0.43596
   0.43248
   0.42929
   0.42619
   0.42263
   0.41871
   0.41478
   0.41098
   0.40710
   0.40353
   0.39988
   0.39649
   0.39302
   0.38965
   0.38626
   0.38283
   0.37937
   0.37556
   0.37191
   0.36814
   0.36399
   0.35986
   0.35545
   0.35056
   0.34560
   0.33999
   0.33417
   0.32792
   0.32119
   0.31439
   0.30701
   0.29909
   0.29078
   0.28181
   0.27240
   0.26275
   0.25345
   0.24344
   0.23334
   0.22306
   0.21354
   0.20362
   0.19525
   0.18635
   0.17758
   0.17005
   0.16286
   0.15577
   0.14970
   0.14401
   0.13890
   0.13450
   0.13057
   0.12712
   0.12413
   0.12152
   0.11921
   0.11706
   0.11502
   0.11343
   0.11177
   0.11026
   0.10858
   0.10668
   0.10500
   0.10321
   0.10121
   0.09923
   0.09725
   0.09532
   0.09337
   0.09149
   0.08958
   0.08768
   0.08577
   0.08323
   0.08131
   0.07940
   0.07753
   0.07563
   0.07377
   0.07064
   0.06900
   0.06745
   0.06585
   0.06457
   0.06351
   0.06272
   0.06284
   0.06381
   0.06611
   0.06902
   0.07131
   0.07078
   0.06558
   0.05623
   0.04773
   0.04077
   0.03543
   0.03097
   0.02963
   0.02267
   0.02607
   0.01837
   0.01425
   0.03990
   0.04211
   0.05534
   0.11979
   0.10774
   0.01271
   0.02752
   0.02840
   0.04380
   0.03597
   0.02685
   0.06161
   0.05303
   0.04609
   0.05090
   0.01517
   0.06945
   0.00860
   0.02034
   0.06594
   0.01680
   0.01799
   0.07489
   0.01741
   0.03374
   0.03684
   0.03245
   0.02651
   0.02312
   0.02017
   0.01928
   0.01561
   0.00883
   0.01516
   0.01303
   0.00432
   0.01158
   0.01074
   0.01323
   0.13885
   0.06182
   0.05289
   0.06785
   0.09883
   0.09736
   0.08434
   0.07437
   0.05400
   0.01320
   0.59582
   0.01978
   0.03841
   0.08222
   0.01565
   0.02724
   0.00949
   0.02492
   0.00915
   0.01550
   0.01353
   0.10407
   0.01771
   0.00689
   0.01753
   0.00638
   0.00685
   0.03107
   0.02626
   0.01160
   0.05878
   0.00481
   0.01522
   0.01931
   0.00399
   0.01882
   0.00442
   0.00375
   0.08463
   0.01428
   0.00957
   0.00939
   0.01146
   0.00656
   0.01049
   0.00719
   0.00233
   0.00222
   0.00216
   0.00205
   0.00202
   0.00709
   0.00183
   0.00182
   0.00185
   0.00167
   0.01661
   0.00160
   0.00157
   0.00160
   0.00177
   0.00158
   0.00147
   0.00142
   0.00153
   0.00128
   0.00274
   0.00135
   0.00126
   0.00125
   0.00853
   0.00216
   0.00175
   0.00153
   0.00141
   0.00132
   0.00125
   0.00120
   0.00116
   0.00110
   0.00107
   0.00126
   0.00104
   0.00100
   0.00516
   0.00105
   0.00102
   0.00100
   0.00098
   0.00097
   0.00095
   0.00092
   0.00089
   0.00087
   0.00084
   0.00081
   0.00098
   0.00082
   0.00074
   0.00263
   0.03197
   0.01466
   0.01034
   0.00868
   0.00784
   0.00715
   0.00651
   0.00571
   0.00484
   0.00396
   0.00337
   0.00283
   0.00240
   0.00212
   0.00192
   0.00176
   0.00162
   0.00166
   0.00131
   0.00132
   0.00106
   0.00101
   0.00096
   0.00085
   0.00090
   0.00076
   0.00086
   0.00068
   0.00087
   2.53669
   0.00487
   0.00371
   0.00301
   0.00258
   0.00229
   0.00202
   0.00180
   0.00165
   0.00152
   0.00141
   0.00131
   0.00122
   0.00114
   0.00106
   0.00099
   0.00093
   0.00089
   0.00085
   0.00082
   0.00079
   0.00075
   0.00071
   0.00069
   0.00066
   0.00060
   0.01194
   0.00054
   0.00061
   0.00049
   0.00047
   0.00050
   0.00048
   0.00044
   0.00042
   0.00053
   0.95158
   0.00125
   0.00104
   0.00095
   0.00088
   0.00083
   0.00078
   0.00074
   0.00069
   0.00065
   0.00061
   0.00058
   0.00056
   0.00055
   0.00053
   0.00052
   0.00051
   0.00050
   0.00049
   0.00047
   0.00045
   0.00043
   0.00041
   0.00045
   0.00038
   0.00038
   0.00044
   0.00036
   0.04981
   0.00042
   0.00041
   0.00040
   0.00039
   0.00037
   0.00036
   0.00035
   0.00034
   0.00033
   0.00032
   0.00032
   0.00032
   0.00032
   0.00031
   0.00031
   0.00031
   0.00031
   0.00030
   0.00030
   0.00029
   0.00028
   0.00026
   0.00025
   0.02541
   0.01219
   0.00878
   0.00653
   0.00469
   0.00354
   0.00289
   0.00256
   0.00235
   0.00219
   0.00208
   0.00197
   0.00189
   0.00180
   0.00170
   0.00160
   0.00148
   0.00137
   0.00128
   0.00120
   0.00114
   0.00109
   0.00104
   0.00100
   0.00096
   0.00092
   0.00089
   0.00087
   0.00085
   0.00083
   0.08367
   0.05267
   0.04730
   0.04613
   0.04642
   0.04712
   0.04779
   0.04830
   0.04872
   0.04874
   0.04846
   0.04794
   0.04721
   0.04633
   0.04527
   0.04418
   0.04300
   0.04188
   0.04072
   0.03955
   0.03843
   0.03727
   0.03609
   0.03485
   0.03325
   0.03122
   0.02994
   0.02870
   0.02766
   0.02659
   0.02560
   0.02463
   0.02380
   0.02302
   0.02225
   0.02146
   0.02055
   0.01950
   0.01846
   0.01756
   0.01672
   0.01589
   0.01470
   0.00914
   0.08522
   0.01291
   0.01461
   0.01447
   0.01437
   0.00845
   0.00820
   0.00814
   0.01004
   0.00832
   0.01138
