   0.65220
   0.64808
   0.64631
   0.64406
   0.64271
   0.64479
   0.64655
   0.64666
   0.64924
   0.65235
   0.64908
   0.65168
   0.65205
   0.65205
   0.63648
   0.64215
   0.64104
   0.64200
   0.64027
   0.63858
   0.63637
   0.63257
   0.62804
   0.62070
   0.61648
   0.61207
   0.60674
   0.59760
   0.59193
   0.58556
   0.58235
   0.57707
   0.56894
   0.55642
   0.54093
   0.52753
   0.51202
   0.49951
   0.48836
   0.47822
   0.46897
   0.46069
   0.45379
   0.44908
   0.44648
   0.44405
   0.44069
   0.43714
   0.43401
   0.43132
   0.42849
   0.42577
   0.42269
   0.41945
   0.41588
   0.41082
   0.40724
   0.40252
   0.39783
   0.39310
   0.38821
   0.38270
   0.37639
   0.37018
   0.36389
   0.35667
   0.34901
   0.34106
   0.33274
   0.32324
   0.31439
   0.30409
   0.29365
   0.28320
   0.27283
   0.26135
   0.25407
   0.24423
   0.23596
   0.22916
   0.22151
   0.21586
   0.20916
   0.20438
   0.20004
   0.19630
   0.19310
   0.19085
   0.18877
   0.18586
   0.18424
   0.18314
   0.18318
   0.18130
   0.18188
   0.18476
   0.18448
   0.18419
   0.18681
   0.18426
   0.18431
   0.18270
   0.18567
   0.18522
   0.18455
   0.18283
   0.18299
   0.17415
   0.17706
   0.16770
   0.17031
   0.15942
   0.15467
   0.15102
   0.13524
   0.12026
   0.10690
   0.09234
   0.09000
   0.08952
   0.09131
   0.09825
   0.10682
   0.09381
   0.10090
   0.10951
   0.10770
   0.11020
   0.10788
   0.10746
   0.11028
   0.11402
   0.10985
   0.09624
   0.14302
   0.08963
   0.12823
   0.09242
   0.12847
   0.10041
   0.12179
   0.09536
   0.09876
   0.12116
   0.12339
   0.11357
   0.09527
   0.07217
   0.06263
   0.07216
   0.10207
   0.11271
   0.02077
   0.09015
   0.11058
   0.08636
   0.08902
   0.08631
   0.08272
   0.03324
   0.03115
   0.02870
   0.05035
   0.05735
   0.02891
   0.02669
   0.03637
   0.04492
   0.03939
   0.03206
   0.02392
   0.02209
   0.00673
   0.01003
   0.00739
   0.02485
   0.00859
   0.00741
   0.00825
   0.00679
   0.01162
   0.00610
   0.00608
   0.01248
   0.01125
   0.00574
   0.00531
   0.01194
   0.00850
   0.01329
   0.00844
   0.01607
   0.00668
   0.00422
   0.00701
   0.01205
   0.00633
   0.00593
   0.00326
   0.00309
   0.00720
   0.00313
   0.01946
   0.00698
   0.00251
   0.07231
   0.00905
   0.00487
   0.00463
   0.00402
   0.01112
   1.00551
   0.00701
   0.00448
   0.00419
   0.00396
   0.00192
   0.00347
   0.34618
   0.00280
   0.01009
   0.00360
   0.00410
   0.00376
   0.00354
   0.00333
   0.00314
   0.00301
   0.00291
   0.00266
   0.00269
   0.00248
   0.00227
   0.00204
   0.00335
   0.00209
   0.00207
   0.00181
   0.00118
   0.06153
   0.02912
   0.02182
   0.01904
   0.01696
   0.01519
   0.01369
   0.01253
   0.01194
   0.01043
   0.02903
   0.00935
   0.01057
   0.00838
   0.02038
   0.43755
   0.00911
   0.01140
   1.16570
   0.00735
   0.00817
   0.00770
   0.00736
   0.00723
   0.00708
   0.02725
   0.00640
   0.01079
   0.00661
   0.00750
   0.00671
   0.00852
   0.00906
   0.00875
   0.00713
   0.00485
   0.00868
   0.00747
   0.00715
   0.00575
   0.00589
   0.00498
   0.00273
   0.00898
   0.00322
   0.00686
   0.00376
   0.00521
   0.00301
   0.39831
   0.00309
   0.01256
   0.00624
   0.00228
   0.00223
   0.00206
   0.00195
   0.00189
   0.00182
   0.00178
   0.00174
   0.00169
   0.00435
   0.00301
   0.00127
   0.00189
   0.00235
   0.00234
   0.00232
   0.00226
   0.00215
   0.00203
   0.00192
   0.00181
   0.00173
   0.00163
   0.00152
   0.00144
   0.00135
   0.00317
   0.00131
   0.00298
   0.00108
   0.00104
   0.00109
   0.00106
   0.00159
   0.00103
   0.00105
   0.00093
   0.00087
   0.00260
   1.73746
   0.00925
   0.00665
   0.00536
   0.00453
   0.00388
   0.00337
   0.00288
   0.00250
   0.00223
   0.00202
   0.00186
   0.00173
   0.00163
   0.00157
   0.00163
   0.00195
   0.00211
   0.00207
   0.00203
   0.00193
   0.00112
   0.00163
   0.95724
   0.01885
   0.00984
   0.00750
   0.00609
   0.00513
   0.00443
   0.00392
   0.00360
   0.00531
   0.00304
   0.00332
   0.00316
   0.00245
   0.00237
   0.00222
   0.00581
   0.00200
   0.00307
   0.00265
   0.00391
   0.00246
   0.00178
   0.00288
   0.00227
   0.00435
   0.00215
   0.00149
   0.00152
   0.00181
   0.00184
   0.00179
   0.00174
   0.00179
   0.00130
   0.17921
   0.00135
   0.00130
   0.00129
   0.00130
   0.00133
   0.00134
   0.00134
   0.00131
   0.00125
   0.00121
   0.00120
   0.00091
   0.00109
   0.00096
   0.02130
   0.00093
   0.00092
   0.00093
   0.00066
   0.00064
   0.00080
   0.00079
   0.00129
   0.00069
   0.00071
   0.00070
   0.00055
   0.00071
   0.00047
   0.78947
   0.00085
   0.00092
   0.00076
   0.00072
   0.00069
   0.00067
   0.00065
   0.00063
   0.00061
   0.00060
   0.00058
   0.00057
   0.00056
   0.00055
   0.00054
   0.00054
   0.00054
   0.00054
   0.00055
   0.00054
   0.00053
   0.00053
   0.00053
   0.00039
   0.00057
   0.00090
   0.00049
   0.00048
   0.00048
   0.00047
   0.00047
   0.00046
   0.00046
   0.00045
   0.00044
   0.00043
   0.00043
   0.00042
   0.00041
   0.00040
   0.00039
   0.00039
   0.00038
   0.00037
   0.00037
   0.00036
   0.00035
   0.00035
   0.00035
   0.00035
   0.00035
   0.00036
   0.00036
   0.00035
   0.00035
   0.00034
   0.00033
   0.00027
   0.00022
   0.00493
   0.00312
   0.00236
   0.00190
   0.00160
   0.00129
   0.00114
   0.00102
   0.00092
   0.00084
   0.00077
   0.00071
   0.00065
   0.00061
   0.00057
   0.00053
   0.00050
   0.00047
   0.00044
   0.00042
   0.00040
