   0.80344
   0.80643
   0.80987
   0.80572
   0.80185
   0.79716
   0.79356
   0.78897
   0.78530
   0.78151
   0.78702
   0.78089
   0.77524
   0.77152
   0.76815
   0.76534
   0.76325
   0.76194
   0.76082
   0.76542
   0.76150
   0.76491
   0.76381
   0.76838
   0.76380
   0.76120
   0.76400
   0.76292
   0.75923
   0.75972
   0.71119
   0.71880
   0.71861
   0.72786
   0.72042
   0.71301
   0.71441
   0.71027
   0.70153
   0.68441
   0.67343
   0.66095
   0.65438
   0.64685
   0.63752
   0.63666
   0.61866
   0.60632
   0.60074
   0.59368
   0.58618
   0.57880
   0.57213
   0.56634
   0.56096
   0.55432
   0.54653
   0.53861
   0.53054
   0.52259
   0.51480
   0.50731
   0.50023
   0.49355
   0.48735
   0.48120
   0.47540
   0.46972
   0.46708
   0.46080
   0.45530
   0.44976
   0.44412
   0.43810
   0.43161
   0.42643
   0.41967
   0.41264
   0.40514
   0.39750
   0.38968
   0.38176
   0.37379
   0.36601
   0.35841
   0.35104
   0.34392
   0.33707
   0.33062
   0.32415
   0.31812
   0.31239
   0.30678
   0.30134
   0.29624
   0.29123
   0.28638
   0.28174
   0.27722
   0.27281
   0.26855
   0.26448
   0.26049
   0.25665
   0.25290
   0.24947
   0.24590
   0.24233
   0.23896
   0.23557
   0.23225
   0.22901
   0.22581
   0.22256
   0.21949
   0.21637
   0.21322
   0.20982
   0.20691
   0.20356
   0.20060
   0.19721
   0.19406
   0.19107
   0.18801
   0.18467
   0.18147
   0.17834
   0.17519
   0.17181
   0.16891
   0.16577
   0.16269
   0.15958
   0.15654
   0.15346
   0.15039
   0.14740
   0.14440
   0.14144
   0.13849
   0.13559
   0.13268
   0.12983
   0.12693
   0.12414
   0.12138
   0.11865
   0.11590
   0.11325
   0.11063
   0.10811
   0.10559
   0.10310
   0.10067
   0.09827
   0.09594
   0.09368
   0.09144
   0.08928
   0.08714
   0.08510
   0.08309
   0.08116
   0.07928
   0.07747
   0.07569
   0.07401
   0.07244
   0.07078
   0.06950
   0.06795
   0.06662
   0.06534
   0.06408
   0.06274
   0.06168
   0.06064
   0.05950
   0.05832
   0.05718
   0.05592
   0.05464
   0.05355
   0.05188
   0.05034
   0.04904
   0.04726
   0.04616
   0.04466
   0.04366
   0.04252
   0.04172
   0.04092
   0.04031
   0.03976
   0.03936
   0.03901
   0.03877
   0.03856
   0.03850
   0.03841
   0.03859
   0.03827
   0.03791
   0.03736
   0.03416
   0.01506
   0.04990
   0.03815
   0.00963
   0.00950
   0.01618
   0.02037
   0.01743
   0.01716
   0.01651
   0.01589
   0.01526
   0.01463
   0.01399
   0.01336
   0.01272
   0.01210
   0.01150
   0.01090
   0.01036
   0.00986
   0.00941
   0.00901
   0.00863
   0.00828
   0.00793
   0.00763
   0.00734
   0.00707
   0.00677
   0.00657
   0.00632
   0.00612
   0.00590
   0.00565
   0.00545
   0.00525
   0.00505
   0.00488
   0.00468
   0.00453
   0.00438
   0.00421
   0.00411
   0.00395
   0.00384
   0.00373
   0.00367
   0.00333
   0.22919
   0.09487
   0.08400
   0.07487
   0.07088
   0.06518
   0.06182
   0.05837
   0.05500
   0.05199
   0.04918
   0.04647
   0.04411
   0.04205
   0.04018
   0.03850
   0.03694
   0.03550
   0.03413
   0.03283
   0.03159
   0.03040
   0.02926
   0.02817
   0.02712
   0.02611
   0.02514
   0.02422
   0.02332
   0.02247
   0.02163
   0.02084
   0.02007
   0.01933
   0.01863
   0.01794
   0.01729
   0.01668
   0.01609
   0.01554
   0.01503
   0.01455
   0.01411
   0.01368
   0.01327
   0.01289
   0.01252
   0.01216
   0.01184
   0.01153
   0.01122
   0.01097
   0.01073
   0.01048
   0.01030
   0.01020
   0.01015
   0.01023
   0.01033
   0.01024
   0.01010
   0.01008
   0.00992
   0.00934
   0.00763
   0.00624
   0.00557
   1.56759
   0.00704
   0.00859
   0.00875
   0.00901
   0.00971
   0.01201
   0.01616
   0.01096
   0.01343
   0.01083
   0.01152
   0.01024
   0.01016
   0.00952
   0.00914
   0.00870
   0.00831
   0.00794
   0.00760
   0.00727
   0.00694
   0.00666
   0.00638
   0.00610
   0.00584
   0.00557
   0.00533
   0.00510
   0.00488
   0.00470
   0.00457
   0.00449
   0.00444
   0.00442
   0.00440
   0.00437
   0.00433
   0.00428
   0.00424
   0.00417
   0.00410
   0.00404
   0.00398
   0.00391
   0.00386
   0.00381
   0.00376
   0.00372
   0.00365
   0.00355
   0.00357
   0.00330
   0.02371
   0.02091
   0.02911
   0.02888
   0.02741
   0.02586
   0.02409
   0.02318
   0.02216
   0.02145
   0.02056
   0.01968
   0.01883
   0.01799
   0.01720
   0.01641
   0.01564
   0.01489
   0.01416
   0.01343
   0.01273
   0.01208
   0.01147
   0.01091
   0.01041
   0.00996
   0.00958
   0.00925
   0.00898
   0.00876
   0.00858
   0.00845
   0.00835
   0.00827
   0.00821
   0.00815
   0.00811
   0.00806
   0.00801
   0.00795
   0.00789
   0.00783
   0.00776
   0.00769
   0.00762
   0.00754
   0.00745
   0.00737
   0.00728
   0.00719
   0.00710
   0.00700
   0.00689
   0.00679
   0.00668
   0.00658
   0.00654
   0.00667
   0.00711
   0.00746
   0.00723
   0.00777
   0.00693
   0.00822
   0.14466
   0.03073
   0.03360
   0.03150
   0.03029
   0.02884
   0.02661
   0.02544
   0.02425
   0.02382
   0.02248
   0.02118
   0.01984
   0.01835
   0.01696
   0.01532
   0.01415
   0.01289
   0.01187
   0.01101
   0.01055
   0.01016
   0.00951
   0.00940
   0.00914
   0.00866
   0.00817
   0.00848
   0.00723
   0.00721
   0.00665
   0.00629
   0.00588
   0.00555
   0.00525
   0.00496
   0.00485
   0.00483
   0.00475
   0.00437
   0.00399
   0.00368
   0.00339
   0.00308
   0.00279
   0.00255
   0.00237
   0.00223
   0.00211
   0.00202
   0.00195
   0.00188
   0.00182
   0.00177
   0.00172
   0.00168
   0.00164
   0.00161
   0.00157
   0.00153
   0.00150
   0.00147
   0.00144
   0.00141
   0.00138
   0.00136
   0.00133
   0.00131
   0.00129
   0.00126
   0.00124
   0.00122
   0.00120
   0.00118
   0.00116
   0.00114
   0.00112
   0.00111
   0.00109
   0.00107
   0.00106
   0.00105
   0.00104
   0.00103
   0.00102
   0.00103
   0.00139
   0.00199
   0.00226
   0.00240
   0.00254
   0.00259
   0.00265
   0.00252
   0.00237
   0.00225
   0.00216
   0.00206
   0.00193
   0.00176
   0.00154
   0.00121
   0.00078
   0.00052
   0.00052
   0.00087
   0.00080
   0.00077
   0.00074
   0.00073
   0.00072
   0.00072
   0.00072
   0.00066
   0.00067
   0.00052
   0.00063
   0.00051
   0.00061
   0.00038
   0.02693
   0.03695
   0.03240
   0.02504
   0.01948
   0.01722
   0.01632
   0.01604
   0.01797
   0.02721
   0.04675
   0.01939
   0.04197
   0.01794
   0.03959
   0.01157
   0.03866
   0.01335
   0.03618
   0.01095
   0.03395
   0.03319
   0.03300
   0.03264
   0.03217
   0.02066
   0.02870
   0.01312
   0.02725
   0.01376
   0.02526
   0.02435
   0.01096
   0.02260
   0.02191
   0.02027
   0.02042
   0.01974
   0.01911
   0.01845
   0.01791
   0.01717
   0.01631
   0.01580
   0.01499
   0.01481
   0.01328
   0.01377
   0.01266
   0.01263
   0.01214
   0.01164
   0.01124
   0.01088
   0.01052
   0.01005
   0.00962
   0.00920
   0.00877
   0.00847
   0.00794
   0.00765
   0.00743
   0.00731
   0.00704
   0.00668
   0.00631
   0.00594
   0.00558
   0.00538
   0.00492
   0.00465
   0.00439
   0.00413
   0.00388
   0.00377
   0.00350
   0.00328
   0.00309
   0.00293
   0.00282
   0.00263
   0.00247
   0.00234
   0.00220
   0.00207
   0.00195
   0.00183
   0.00172
   0.00160
   0.00145
   0.00131
   0.00126
   0.00117
   0.00116
   0.00111
   0.00103
   0.00100
   0.00152
   0.00127
   0.00103
   0.00139
   0.00155
   0.00119
   0.00109
   0.00139
   0.00124
   0.00130
   0.00124
   0.00122
   0.00115
   0.00105
   0.00090
   0.00085
   0.00083
   0.00080
   0.00078
   0.00076
   0.00073
   0.00071
   0.00069
   0.00067
   0.00065
   0.00063
   0.00061
   0.00059
   0.00057
   0.00056
   0.00054
   0.00052
   0.00050
   0.00049
   0.00047
   0.00046
   0.00044
   0.00043
   0.00041
   0.00040
   0.00038
   0.00037
   0.00036
   0.00035
   0.00034
   0.00032
   0.00031
   0.00030
   0.00029
   0.00029
   0.00029
   0.00029
   0.00027
   0.00033
   0.00028
   0.00024
   0.00025
   0.00027
   0.00035
   0.00033
   0.00018
   0.00016
   0.00082
   0.00017
   0.00016
   0.00016
   0.00016
   0.00016
   0.00016
   0.00016
   0.00016
   0.00016
   0.00016
   0.00016
   0.00016
   0.00016
   0.00016
   0.00016
   0.00016
   0.00016
   0.00016
   0.00016
   0.00016
   0.00016
   0.00015
   0.00015
   0.00015
   0.00015
   0.00015
   0.00015
   0.00015
   0.00015
   0.00015
   0.00014
   0.00014
   0.00014
   0.00014
   0.00014
   0.00014
   0.00014
   0.00014
   0.00014
   0.00014
   0.00014
   0.00014
   0.00014
   0.00014
   0.00014
   0.00014
   0.00014
   0.00014
   0.00014
   0.00014
   0.00014
   0.00014
   0.00015
   0.00015
   0.00015
   0.00015
   0.00015
   0.00015
   0.00015
   0.00015
   0.00015
   0.00015
   0.00015
   0.00016
   0.00016
   0.00016
   0.00017
   0.00017
   0.00018
   0.00019
   0.00020
   0.00022
   0.00024
   0.00025
   0.00026
   0.00027
   0.00027
   0.00025
   0.00024
   0.00022
   0.00021
   0.00020
   0.00020
   0.00052
   0.00011
   0.00011
   0.00023
   0.00010
   0.00061
   0.00012
   0.01638
   0.01481
   0.01256
   0.01088
   0.00973
   0.00883
   0.00803
   0.00725
   0.00659
   0.00603
   0.00554
   0.00515
   0.00480
   0.00450
   0.00424
   0.00401
   0.00381
   0.00363
   0.00348
   0.00334
   0.00321
   0.00308
   0.00297
   0.00286
   0.00277
   0.00267
   0.00258
   0.00249
   0.00241
   0.00232
   0.00224
   0.00216
   0.00209
   0.00202
   0.00195
   0.00189
   0.00182
   0.00176
   0.00170
   0.00165
   0.00159
   0.00154
   0.00149
   0.00144
   0.00139
   0.00134
   0.00129
   0.00125
   0.00120
   0.00116
   0.00112
   0.00108
   0.00104
   0.00101
   0.00097
   0.00093
   0.00090
   0.00087
   0.00083
   0.00080
   0.00077
   0.00075
   0.00072
   0.00070
   0.00068
   0.00066
   0.00064
   0.00062
   0.00061
   0.00060
   0.00059
   0.00058
   0.00057
   0.00056
   0.00056
   0.00055
   0.00054
   0.00052
   0.00050
   0.00049
   0.00047
   0.00045
   0.00043
   0.00041
   0.00039
   0.00038
   0.00037
   0.00036
   0.00035
   0.00034
   0.00034
   0.00037
   0.00029
   0.00468
   0.00146
   0.00141
   0.00136
   0.00132
   0.00128
   0.00124
   0.00120
   0.00116
   0.00113
   0.00109
   0.00106
   0.00103
   0.00100
   0.00097
   0.00094
   0.00091
   0.00089
   0.00086
   0.00084
   0.00082
   0.00080
   0.00078
   0.00076
   0.00074
   0.00072
   0.00071
   0.00069
   0.00068
   0.00067
   0.00065
   0.00064
   0.00063
   0.00062
   0.00060
   0.00059
   0.00058
   0.00057
   0.00056
   0.00055
   0.00054
   0.00053
   0.00052
   0.00051
   0.00050
   0.00049
   0.00048
   0.00047
   0.00047
   0.00046
   0.00045
   0.00044
   0.00043
   0.00042
   0.00042
   0.00041
   0.00040
   0.00040
   0.00039
   0.00038
   0.00038
   0.00037
   0.00037
   0.00036
   0.00036
   0.00036
   0.00036
   0.00036
   0.00036
   0.00037
   0.00038
   0.00040
   0.00042
   0.00045
   0.00047
   0.00039
   0.00043
   0.00039
   0.00040
   0.00035
   0.00037
   0.00027
   0.00039
   0.00021
   0.00040
   0.00026
   0.00034
   0.00021
   0.00037
   0.00031
   0.00022
   0.00025
   0.00021
   0.00023
   0.00021
   0.00021
