   0.68961
   0.68305
   0.68577
   0.68973
   0.70029
   0.70705
   0.69633
   0.70014
   0.71649
   0.71435
   0.72259
   0.73181
   0.72956
   0.72821
   0.72912
   0.72766
   0.72854
   0.72953
   0.72905
   0.73101
   0.73072
   0.72950
   0.72711
   0.72314
   0.71588
   0.70786
   0.69658
   0.70240
   0.70713
   0.71037
   0.71240
   0.71361
   0.71431
   0.71471
   0.71494
   0.71507
   0.71514
   0.71519
   0.71521
   0.71522
   0.71523
   0.71523
   0.71523
   0.71523
   0.71523
   0.71523
   0.71523
   0.71523
   0.71523
   0.71523
   0.71523
   0.71523
   0.71523
   0.71523
   0.71523
   0.71523
   0.71523
   0.71523
   0.71522
   0.71522
   0.71522
   0.71522
   0.71522
   0.71522
   0.71522
   0.71522
   0.71522
   0.71522
   0.71522
   0.71522
   0.71522
   0.71522
   0.71522
   0.71522
   0.71522
   0.71522
   0.71521
   0.71521
   0.71521
   0.71521
   0.71521
   0.71521
   0.71521
   0.71521
   0.71521
   0.71521
   0.71521
   0.71521
   0.71521
   0.71521
   0.71521
   0.71521
   0.71521
   0.71521
   0.71521
   0.71521
   0.71521
   0.71521
   0.71521
   0.71521
   0.71520
   0.71520
   0.71520
   0.71520
   0.71520
   0.71520
   0.71520
   0.71520
   0.71520
   0.71520
   0.71520
   0.71520
   0.71520
   0.71520
   0.71520
   0.71520
   0.71520
   0.71520
   0.71520
   0.71520
   0.71520
   0.71520
   0.71519
   0.71519
   0.71519
   0.71519
   0.71519
   0.71519
   0.71519
   0.71519
   0.71519
   0.71519
   0.71519
   0.71519
   0.71519
   0.71519
   0.71519
   0.71519
   0.71519
   0.71519
   0.71519
   0.71519
   0.71519
   0.71519
   0.71519
   0.71519
   0.71519
   0.71519
   0.71519
   0.71519
   0.71519
   0.71518
   0.71518
   0.71518
   0.71518
   0.71518
   0.71518
   0.71518
   0.71518
   0.71518
   0.71518
   0.71518
   0.71518
   0.71518
   0.71518
   0.71518
   0.71518
   0.71518
   0.71518
   0.71518
   0.71518
   0.71518
   0.71518
   0.71518
   0.71518
   0.71518
   0.71518
   0.71518
   0.71518
   0.71518
   0.71518
   0.71518
   0.71518
   0.71517
   0.71517
   0.71517
   0.71517
   0.71517
   0.71517
   0.71517
   0.71517
   0.71517
   0.71517
   0.71517
   0.71517
   0.71517
   0.71517
   0.71517
   0.71517
   0.71517
   0.71517
   0.71517
   0.71517
   0.71517
   0.71517
   0.71517
   0.71517
   0.71517
   0.71517
   0.71517
   0.71516
   0.71516
   0.71516
   0.71516
   0.71516
   0.71516
   0.71516
   0.71516
   0.71516
   0.71516
   0.71516
   0.71516
   0.71516
   0.71516
   0.71516
   0.71516
   0.71516
   0.71516
   0.71516
   0.71516
   0.71516
   0.71516
   0.71516
   0.71516
   0.71516
   0.71516
   0.71516
   0.71516
   0.71516
   0.71516
   0.71516
   0.71516
   0.71516
   0.71516
   0.71516
   0.71516
   0.71516
   0.71516
   0.71515
   0.71515
   0.71515
   0.71515
   0.71515
   0.71515
   0.71515
   0.71515
   0.71515
   0.71515
   0.71515
   0.71515
   0.71515
   0.71515
   0.71515
   0.71515
   0.71515
   0.71515
   0.71515
   0.71515
   0.71515
   0.71515
   0.71515
   0.71515
   0.71515
   0.71515
   0.71515
   0.71515
   0.71515
   0.71515
   0.71515
   0.71515
   0.71515
   0.71515
   0.71515
   0.71515
   0.71515
   0.71515
   0.71515
   0.71515
   0.71515
   0.71514
   0.71514
   0.71514
   0.71514
   0.71514
   0.71514
   0.71514
   0.71514
   0.71514
   0.71514
   0.71514
   0.71514
   0.71514
   0.71514
   0.71514
   0.71514
   0.71514
   0.71514
   0.71514
   0.71514
   0.71514
   0.71514
   0.71514
   0.71514
   0.71514
   0.71514
   0.71514
   0.71514
   0.71514
   0.71514
   0.71514
   0.71514
   0.71514
   0.71513
   0.71513
   0.71513
   0.71513
   0.71513
   0.71513
   0.71513
   0.71513
   0.71513
   0.71513
   0.71513
   0.71513
   0.71513
   0.71513
   0.71513
   0.71513
   0.71513
   0.71513
   0.71513
   0.71513
   0.71513
   0.71513
   0.71513
   0.71513
   0.71513
   0.71513
   0.71513
   0.71513
   0.71513
   0.71513
   0.71513
   0.71513
   0.71513
   0.71513
   0.71513
   0.71513
   0.71513
   0.71513
   0.71513
   0.71513
   0.71513
   0.71513
   0.71512
   0.71512
   0.71512
   0.71512
   0.71512
   0.71512
   0.71512
   0.71512
   0.71512
   0.71512
   0.71512
   0.71512
   0.71512
   0.71512
   0.71512
   0.71512
   0.71512
   0.71512
   0.71512
   0.71512
   0.71512
   0.71512
   0.71512
   0.71512
   0.71512
   0.71512
   0.71512
   0.71512
   0.71512
   0.71512
   0.71512
   0.71512
   0.71512
   0.71512
   0.71512
   0.71512
   0.71512
   0.71512
   0.71512
   0.71512
   0.71512
   0.71512
   0.71512
   0.71512
   0.71512
   0.71512
   0.71512
   0.71512
   0.71512
   0.71512
   0.71512
   0.71511
   0.71511
   0.71511
   0.71511
   0.71511
   0.71511
   0.71511
   0.71511
   0.71511
   0.71511
   0.71511
   0.71511
   0.71511
   0.71511
   0.71511
   0.71511
   0.71511
   0.71511
   0.71511
   0.71511
   0.71511
   0.71511
   0.71510
   0.71510
   0.71510
   0.71510
   0.71510
   0.71510
   0.71510
   0.71510
   0.71510
   0.71510
   0.71510
   0.71510
   0.71510
   0.71510
   0.71510
   0.71510
   0.71510
   0.71510
   0.71510
   0.71510
   0.71510
   0.71510
   0.71510
   0.71510
   0.71510
   0.71510
   0.71510
   0.71510
   0.71510
   0.71510
   0.71510
   0.71510
   0.71510
   0.71510
   0.71510
   0.71510
   0.71510
   0.71510
   0.71510
   0.71510
   0.71510
   0.71510
   0.71510
   0.71510
   0.71510
   0.71510
   0.71510
   0.71510
   0.71510
   0.71510
   0.71510
   0.71510
   0.71510
   0.71510
   0.71510
   0.71510
   0.71510
   0.71510
   0.71510
   0.71510
   0.71510
   0.71510
   0.71510
   0.71510
   0.71510
   0.71510
   0.71510
   0.71510
   0.71510
   0.71510
   0.71510
   0.71510
   0.71510
   0.71509
   0.71509
   0.71509
   0.71509
   0.71509
   0.71509
   0.71509
   0.71509
   0.71509
   0.71509
   0.71509
   0.71509
   0.71509
   0.71509
   0.71509
   0.71509
   0.71509
   0.71509
   0.71509
   0.71509
   0.71509
   0.71509
   0.71509
   0.71509
   0.71509
   0.71509
   0.71509
   0.71509
   0.71509
   0.71509
   0.71509
   0.71509
   0.71509
   0.71509
   0.71509
   0.71509
   0.71509
   0.71509
   0.71509
   0.71509
   0.71509
   0.71509
   0.71509
   0.71509
   0.71509
   0.71509
   0.71509
   0.71509
   0.71509
   0.71508
   0.71508
   0.71508
   0.71508
   0.71508
   0.71508
   0.71508
   0.71508
   0.71508
   0.71508
   0.71508
   0.71508
   0.71508
   0.71508
   0.71508
   0.71508
   0.71508
   0.71508
   0.71508
   0.71508
   0.71508
   0.71508
   0.71508
   0.71508
   0.71508
   0.71508
   0.71508
   0.71508
   0.71508
   0.71508
   0.71508
   0.71508
   0.71508
   0.71508
   0.71508
   0.71508
   0.71508
   0.71508
   0.71508
   0.71508
   0.71508
   0.71507
   0.71507
   0.71507
   0.71507
   0.71507
   0.71507
   0.71507
   0.71507
   0.71507
   0.71507
   0.71507
   0.71507
   0.71507
   0.71507
   0.71507
   0.71507
   0.71507
   0.71507
   0.71507
   0.71507
   0.71507
   0.71507
   0.71507
   0.71507
   0.71507
   0.71507
   0.71506
   0.71506
   0.71506
   0.71506
   0.71506
   0.71506
   0.71506
   0.71506
   0.71506
   0.71506
   0.71506
   0.71506
   0.71506
   0.71506
   0.71506
   0.71506
   0.71506
   0.71506
   0.71506
   0.71506
   0.71506
   0.71506
   0.71506
   0.71506
   0.71506
   0.71506
   0.71506
   0.71506
   0.71506
   0.71506
   0.71506
   0.71506
   0.71506
   0.71506
   0.71506
   0.71506
   0.71506
   0.71505
   0.71505
   0.71505
   0.71505
   0.71505
   0.71505
   0.71505
   0.71505
   0.71505
   0.71505
   0.71505
   0.71505
   0.71505
   0.71505
   0.71505
   0.71505
   0.71505
   0.71505
   0.71505
   0.71505
   0.71505
   0.71505
   0.71505
   0.71505
   0.71505
   0.71505
   0.71505
   0.71505
   0.71505
   0.71505
   0.71505
   0.71505
   0.71505
   0.71505
   0.71505
   0.71505
   0.71505
   0.71504
   0.71504
   0.71504
   0.71504
   0.71504
   0.71504
   0.71504
   0.71504
   0.71504
   0.71504
   0.71504
   0.71504
   0.71504
   0.71504
   0.71504
   0.71504
   0.71504
   0.71504
   0.71504
   0.71504
   0.71504
   0.71504
   0.71504
   0.71504
   0.71504
   0.71504
   0.71504
   0.71504
   0.71504
   0.71504
   0.71504
   0.71504
   0.71504
   0.71504
   0.71504
   0.71504
   0.71504
   0.71504
   0.71504
   0.71504
   0.71504
   0.71504
   0.71504
   0.71504
   0.71504
   0.71504
   0.71504
   0.71504
   0.71504
   0.71504
   0.71504
   0.71504
   0.71504
   0.71504
   0.71504
   0.71504
   0.71504
   0.71504
   0.71504
   0.71504
   0.71504
   0.71504
   0.71504
   0.71504
   0.71504
   0.71504
   0.71504
   0.71504
   0.71503
   0.71503
   0.71503
   0.71503
   0.71503
   0.71503
   0.71503
   0.71503
   0.71503
   0.71503
   0.71503
   0.71503
   0.71503
   0.71503
   0.71503
   0.71503
   0.71503
   0.71503
   0.71503
   0.71503
   0.71503
   0.71503
   0.71503
   0.71503
   0.71503
   0.71503
   0.71503
   0.71503
   0.71503
   0.71503
   0.71503
   0.71503
   0.71503
   0.71503
   0.71503
   0.71503
   0.71503
   0.71503
   0.71503
   0.71503
   0.71503
   0.71503
   0.71503
   0.71503
   0.71503
   0.71503
   0.71503
   0.71503
   0.71503
   0.71503
   0.71503
   0.71503
   0.71503
   0.71503
   0.71503
   0.71503
   0.71503
   0.71503
   0.71503
   0.71503
   0.71503
   0.71503
   0.71503
   0.71503
   0.71503
   0.71503
   0.71503
   0.71503
   0.71503
   0.71503
   0.71503
   0.71503
   0.71503
   0.71503
   0.71503
   0.71503
   0.71503
   0.71502
   0.71502
   0.71502
   0.71502
   0.71502
   0.71502
   0.71502
   0.71502
   0.71502
   0.71502
   0.71502
   0.71502
   0.71502
   0.71502
   0.71502
   0.71502
   0.71502
   0.71502
   0.71502
   0.71502
   0.71502
   0.71502
   0.71502
   0.71502
   0.71502
   0.71502
   0.71502
   0.71502
   0.71502
   0.71502
   0.71502
   0.71502
   0.71502
   0.71502
   0.71502
   0.71502
   0.71502
   0.71502
   0.71502
   0.71502
   0.71501
   0.71501
   0.71501
   0.71501
   0.71501
   0.71501
   0.71502
   0.71502
   0.71502
   0.71502
   0.71502
   0.71502
   0.71502
   0.71502
   0.71502
   0.71502
   0.71502
   0.71502
   0.71502
   0.71502
   0.71502
   0.71502
   0.71502
   0.71502
   0.71501
   0.71501
   0.71501
   0.71501
   0.71501
   0.71501
   0.71501
   0.71501
   0.71501
   0.71501
   0.71501
   0.71501
   0.71501
   0.71501
   0.71501
   0.71502
   0.71502
   0.71502
   0.71502
   0.71502
   0.71502
   0.71502
   0.71501
   0.71501
   0.71501
   0.71501
   0.71501
   0.71501
   0.71501
   0.71501
   0.71501
   0.71501
   0.71501
   0.71501
   0.71501
   0.71501
   0.71501
   0.71501
   0.71501
   0.71501
   0.71501
   0.71501
   0.71501
   0.71501
   0.71501
   0.71501
   0.71501
   0.71501
   0.71501
   0.71501
   0.71501
   0.71501
   0.71501
   0.71501
   0.71501
   0.71501
   0.71501
   0.71501
   0.71501
   0.71501
   0.71501
   0.71501
   0.71501
   0.71501
   0.71501
   0.71501
   0.71501
   0.71501
   0.71501
   0.71501
   0.71501
   0.71501
   0.71501
   0.71500
   0.71500
   0.71500
   0.71500
   0.71500
   0.71501
   0.71501
   0.71501
   0.71501
   0.71501
   0.71501
   0.71501
   0.71501
   0.71501
   0.71501
   0.71501
   0.71501
   0.71501
