   0.69943
   0.69870
   0.69799
   0.69723
   0.69664
   0.69596
   0.69534
   0.69463
   0.69396
   0.69338
   0.69279
   0.69219
   0.69168
   0.69117
   0.69067
   0.69047
   0.68988
   0.68943
   0.68909
   0.68873
   0.68845
   0.68817
   0.68800
   0.68778
   0.68760
   0.68752
   0.68740
   0.68731
   0.68728
   0.68727
   0.68722
   0.68723
   0.68725
   0.68717
   0.68711
   0.68701
   0.68674
   0.68694
   0.68559
   0.68495
   0.68412
   0.68283
   0.68156
   0.67995
   0.67834
   0.67658
   0.67462
   0.67266
   0.67064
   0.66850
   0.66657
   0.66451
   0.68396
   0.67462
   0.65939
   0.65403
   0.65247
   0.65126
   0.64987
   0.64850
   0.64719
   0.64593
   0.64488
   0.64393
   0.64313
   0.64257
   0.64220
   0.64232
   0.64266
   0.64350
   0.64483
   0.64667
   0.64940
   0.65302
   0.65738
   0.66245
   0.66843
   0.67515
   0.68215
   0.68848
   0.69385
   0.69770
   0.69964
   0.70046
   0.70036
   0.70022
   0.69995
   0.69964
   0.69907
   0.69769
   0.69619
   0.69409
   0.69117
   0.68796
   0.68502
   0.68178
   0.67475
   0.67743
   0.67257
   0.66699
   0.66259
   0.65756
   0.65267
   0.64832
   0.64365
   0.63916
   0.63486
   0.63038
   0.62588
   0.62209
   0.61751
   0.61309
   0.60874
   0.60524
   0.60137
   0.59708
   0.59281
   0.58866
   0.58463
   0.58128
   0.57748
   0.57343
   0.56899
   0.56506
   0.56095
   0.55686
   0.55516
   0.55117
   0.54724
   0.54446
   0.54058
   0.53661
   0.53310
   0.52906
   0.52503
   0.52133
   0.51768
   0.51431
   0.50998
   0.50650
   0.50261
   0.49899
   0.49508
   0.49111
   0.48744
   0.48365
   0.47977
   0.47582
   0.47237
   0.46823
   0.46454
   0.46092
   0.45714
   0.45336
   0.44960
   0.44570
   0.44214
   0.43819
   0.43422
   0.43053
   0.42670
   0.42266
   0.41920
   0.41554
   0.41179
   0.40765
   0.40364
   0.39997
   0.39603
   0.39208
   0.38785
   0.38415
   0.38026
   0.37650
   0.37229
   0.36866
   0.36498
   0.36107
   0.35726
   0.35349
   0.34985
   0.34627
   0.34235
   0.33887
   0.33535
   0.33201
   0.32849
   0.32528
   0.32219
   0.31895
   0.31597
   0.31321
   0.31044
   0.30793
   0.30510
   0.30262
   0.29980
   0.29773
   0.29485
   0.29268
   0.28998
   0.28801
   0.28529
   0.28346
   0.28095
   0.27925
   0.27663
   0.27551
   0.27294
   0.27161
   0.26906
   0.26850
   0.26508
   0.26552
   0.26295
   0.26174
   0.26093
   0.25987
   0.25723
   0.25734
   0.25423
   0.25658
   0.25305
   0.25516
   0.25104
   0.25058
   0.24774
   0.24936
   0.24611
   0.24615
   0.24178
   0.24228
   0.23839
   0.24023
   0.23637
   0.23561
   0.23298
   0.23236
   0.22747
   0.22705
   0.22362
   0.22216
   0.21782
   0.21697
   0.21272
   0.21154
   0.21061
   0.20823
   0.20363
   0.20410
   0.20058
   0.19800
   0.19691
   0.19500
   0.19174
   0.19131
   0.18677
   0.18585
   0.18188
   0.18155
   0.18051
   0.17760
   0.17427
   0.17375
   0.16896
   0.16645
   0.16476
   0.16332
   0.16054
   0.15978
   0.15747
   0.15594
   0.15344
   0.15089
   0.14927
   0.14658
   0.14541
   0.14220
   0.13877
   0.13570
   0.13424
   0.13159
   0.13049
   0.12940
   0.12785
   0.12644
   0.12490
   0.12366
   0.12237
   0.11993
   0.11826
   0.11570
   0.11497
   0.11226
   0.11163
   0.10916
   0.10811
   0.10574
   0.10409
   0.10226
   0.10111
   0.09839
   0.09712
   0.09673
   0.09471
   0.09345
   0.09168
   0.09069
   0.08911
   0.08818
   0.08631
   0.08527
   0.08410
   0.08313
   0.08024
   0.07858
   0.07819
   0.07618
   0.07535
   0.07415
   0.07274
   0.07012
   0.06971
   0.06866
   0.06686
   0.06560
   0.06482
   0.06421
   0.06167
   0.06060
   0.05947
   0.05905
   0.05714
   0.05608
   0.05589
   0.05439
   0.05377
   0.05249
   0.05170
   0.05070
   0.04952
   0.04916
   0.04843
   0.04738
   0.04724
   0.04652
   0.04626
   0.04584
   0.04596
   0.04587
   0.04637
   0.04622
   0.04636
   0.04769
   0.04817
   0.04884
   0.04895
   0.04949
   0.04929
   0.04880
   0.04861
   0.04785
   0.04747
   0.04668
   0.04582
   0.04524
   0.04426
   0.04366
   0.04261
   0.04201
   0.04098
   0.04037
   0.03934
   0.03876
   0.03777
   0.03719
   0.03622
   0.03565
   0.03472
   0.03419
   0.03329
   0.03297
   0.03184
   0.03142
   0.03062
   0.03015
   0.02938
   0.02894
   0.02818
   0.02780
   0.02708
   0.02670
   0.02602
   0.02564
   0.02500
   0.02470
   0.02405
   0.02374
   0.02312
   0.02283
   0.02225
   0.02200
   0.02152
   0.02108
   0.02077
   0.02032
   0.01989
   0.01968
   0.01915
   0.01898
   0.01849
   0.01833
   0.01783
   0.01768
   0.01721
   0.01705
   0.01661
   0.01648
   0.01610
   0.01583
   0.01545
   0.01538
   0.01499
   0.01485
   0.01449
   0.01434
   0.01399
   0.01384
   0.01350
   0.01335
   0.01296
   0.01296
   0.01248
   0.01251
   0.01200
   0.01214
   0.01155
   0.01172
   0.01106
   0.01129
   0.01065
   0.01084
   0.01028
   0.01041
   0.00997
   0.01006
   0.00955
   0.00968
   0.00925
   0.00928
   0.00896
   0.00906
   0.00860
   0.00868
   0.00838
   0.00852
   0.00801
   0.00818
   0.00769
   0.00795
   0.00744
   0.00768
   0.00716
   0.00744
   0.00691
   0.00723
   0.00668
   0.00702
   0.00649
   0.00680
   0.00632
   0.00663
   0.00612
   0.00645
   0.00598
   0.00620
   0.00581
   0.00602
   0.00574
   0.00564
   0.00527
   0.00553
   0.00599
   0.00495
   0.00525
   0.00600
   0.00470
   0.00504
   0.00594
   0.00447
   0.00487
   0.00565
   0.00428
   0.00453
   0.00593
   0.00405
   0.00420
   0.00591
   0.00388
   0.00430
