   0.70748
   0.70538
   0.70117
   0.70171
   0.70953
   0.70134
   0.69715
   0.69911
   0.70849
   0.72856
   0.72017
   0.73190
   0.72892
   0.72650
   0.72796
   0.72698
   0.73043
   0.72871
   0.72991
   0.72763
   0.72603
   0.72216
   0.72199
   0.72206
   0.72125
   0.72099
   0.72166
   0.72217
   0.72320
   0.72373
   0.72532
   0.72720
   0.72949
   0.73219
   0.73553
   0.74045
   0.74605
   0.75254
   0.75956
   0.76705
   0.77496
   0.78484
   0.79523
   0.80774
   0.82274
   0.84076
   0.85739
   0.87762
   0.89793
   0.91796
   0.93677
   0.95535
   0.97352
   0.99288
   1.01118
   1.02936
   1.04695
   1.06348
   1.07991
   1.09561
   1.11404
   1.12901
   1.14451
   1.15965
   1.17546
   1.18856
   1.20286
   1.21665
   1.23047
   1.24353
   1.25576
   1.26888
   1.28060
   1.29158
   1.30030
   1.30870
   1.31779
   1.32528
   1.33203
   1.33877
   1.34454
   1.34873
   1.35253
   1.35040
   1.35202
   1.35097
   1.34948
   1.34587
   1.33665
   1.33934
   1.33002
   1.31775
   1.30439
   1.28842
   1.26907
   1.24788
   1.22549
   1.20136
   1.17604
   1.14888
   1.12099
   1.09120
   1.05998
   1.02905
   0.99762
   0.96563
   0.93286
   0.89961
   0.86813
   0.83538
   0.80197
   0.76863
   0.73523
   0.70262
   0.67026
   0.63917
   0.60891
   0.57991
   0.55211
   0.52545
   0.49978
   0.47503
   0.45107
   0.42832
   0.40675
   0.38660
   0.36885
   0.35371
   0.34176
   0.33362
   0.32948
   0.32880
   0.32864
   0.31733
   0.29000
   0.26006
   0.23838
   0.22540
   0.21597
   0.20776
   0.19963
   0.19060
   0.18056
   0.16908
   0.15745
   0.14689
   0.13783
   0.13263
   0.13080
   0.15823
   0.11211
   0.10180
   0.17026
   0.14308
   0.06945
   0.06362
   0.06062
   0.15225
   0.05435
   0.04230
   0.11833
   0.04311
   0.03913
   0.03633
   0.21166
   0.44233
   0.03693
   0.03241
   0.13077
   0.86617
   0.05507
   0.52189
   0.04315
   0.04391
   0.00809
   0.01477
   0.30824
   0.04082
   0.00657
   0.00566
   0.00496
   0.12235
   0.38430
   0.00360
   0.69798
   0.06279
   0.35388
   0.10591
   0.01606
   0.01674
   0.00578
   0.09402
   0.01092
   0.03120
   0.01231
   0.00853
   0.00366
   0.00304
   0.00280
   0.00245
   0.00315
   0.00392
   0.00212
   0.00186
   0.00512
   0.00195
   0.00237
   0.12341
   0.00189
   0.00167
   0.00133
   0.00139
   0.00115
   0.00954
   0.00671
   0.00122
   0.00121
   0.00117
   0.00161
   0.00110
   0.01868
   0.06318
   0.00106
   0.00102
   0.00444
   3.72737
   0.02224
   0.02089
   0.02652
   0.03436
   0.00853
   0.01554
   0.03313
   0.00612
   0.00741
   0.00547
   0.00819
   0.00529
   0.00502
   0.00444
   0.00448
   0.00419
   0.00383
   0.00417
   0.00373
   0.00408
   0.00426
   0.00417
   0.00400
   0.00398
   0.00402
   0.00384
   0.00387
   0.00362
   0.00346
   0.00347
   0.00332
   0.00300
   0.00320
   0.00307
   0.00295
   0.00291
   0.00271
   0.00595
   0.00391
   0.00352
   0.00331
   0.00313
   0.00389
   0.00332
   0.00372
   0.00305
   0.00608
   0.00431
   0.00528
   0.00400
   0.00449
   0.00338
   0.00293
   0.00256
   0.00291
   0.01038
   0.00587
   0.00398
   0.00303
   0.00246
   0.01172
   0.00311
   0.00266
   0.00210
   0.00196
   0.00182
   0.00164
   1.04754
   0.04062
   0.05412
   0.15501
   0.08082
   0.04547
   0.11955
   0.15246
   0.14030
   0.57413
   0.05170
   0.11973
   0.14965
   0.14571
   1.53005
   0.01278
   0.01767
   0.03382
   0.08815
   0.01008
   0.00757
   0.00726
   0.00831
   0.02858
   0.06496
   0.01521
   0.01542
   0.01053
   0.00653
   0.00783
   0.00516
   0.01613
   0.03884
   0.01274
   0.00924
   0.00577
   0.00398
   0.01472
   0.02343
   0.02255
   0.02105
   0.00643
   0.01104
   0.00744
   0.01002
   0.39327
   0.25021
   0.23469
   0.20294
   0.17601
   0.15272
   0.13265
   0.11072
   0.10245
   0.08081
   0.06471
   0.07035
   0.06570
   0.03203
   0.04175
   0.03676
   0.03790
   0.02192
   0.01943
   0.01902
   0.01907
   0.01944
   0.01749
   0.01731
   0.01818
   0.01624
   0.01634
   0.01308
   0.01356
   0.01504
   0.01565
   0.01471
   0.01298
   0.01271
   0.27319
   0.24060
   0.21655
   0.19490
   0.17493
   0.15664
   0.14037
   0.12570
   0.11267
   0.10104
   0.09088
   0.08205
   0.07409
   0.06707
   0.06066
   0.05476
   0.04937
   0.04430
   0.03942
   0.03478
   0.03048
   0.02662
   0.02318
   0.02029
   0.01816
   0.01696
   0.01585
   0.01951
   0.01172
   0.01056
   0.00965
   0.00869
   0.13883
   0.06520
   0.00606
   0.05488
   0.00547
   0.01007
   0.00995
   0.01594
   0.02018
   0.02128
   0.02219
   0.01974
   0.01805
   0.01271
   0.00795
   0.02787
   0.02151
   0.00519
   0.02847
   0.00477
   0.00667
   0.01777
   0.00412
   0.02570
   0.02017
   0.00352
   0.00339
   0.00323
   0.00981
   0.00454
   0.00882
   0.00372
   0.01705
   0.03731
   0.00271
   0.00265
   0.00259
   0.00354
   0.00253
   0.00244
   0.00241
   0.00234
   0.00252
   0.00238
   0.00234
   0.00230
   0.03092
   0.00233
   0.00222
   0.02427
   0.00279
   0.00363
   0.00185
   0.00182
   0.00181
   0.00202
   0.00188
   0.00184
   0.00185
   0.02926
   0.00259
   0.00166
   0.00214
   0.04609
   0.00186
   0.00171
   0.00164
   0.00162
   0.00169
   0.00733
   0.00151
   0.00150
   0.00153
   0.00223
   0.00261
   0.00442
   0.00377
   0.01261
   0.00778
   0.00509
   0.00344
   0.00245
   0.00197
   0.00215
   0.00159
   0.00151
   0.00143
   0.76406
   0.00123
   0.00113
   0.00108
   0.00108
   0.00111
   0.00112
   0.00205
   0.00305
