   0.60127
   0.60232
   0.61711
   0.58840
   0.63353
   0.60000
   0.52014
   0.51031
   0.51790
   0.52078
   0.50671
   0.59508
   0.52805
   0.57192
   0.52638
   0.58506
   0.53675
   0.55745
   0.53342
   0.56517
   0.53016
   0.48605
   0.48915
   0.48461
   0.49395
   0.49305
   0.49975
   0.49941
   0.49512
   0.48148
   0.46111
   0.43257
   0.39624
   0.35845
   0.32119
   0.28761
   0.25984
   0.23604
   0.21617
   0.19939
   0.18630
   0.17287
   0.16244
   0.15306
   0.14520
   0.13790
   0.13178
   0.12608
   0.12142
   0.11703
   0.11325
   0.10930
   0.10606
   0.10282
   0.10025
   0.09658
   0.09546
   0.09373
   0.09110
   0.08737
   0.08531
   0.08461
   0.08126
   0.07776
   0.07446
   0.07058
   0.06667
   0.06264
   0.05808
   0.05422
   0.04976
   0.04557
   0.04163
   0.03768
   0.03403
   0.03059
   0.02732
   0.02443
   0.02189
   0.01965
   0.01882
   0.01648
   0.01490
   0.01369
   0.01275
   0.01196
   0.01130
   0.01074
   0.01022
   0.00975
   0.00941
   0.00896
   0.00856
   0.00802
   0.00745
   0.00684
   0.00623
   0.00567
   0.00502
   0.00450
   0.00403
   0.00366
   0.00337
   0.00320
   0.00317
   0.00321
   0.00323
   0.00315
   0.00287
   0.00234
   0.00188
   0.00160
   0.00182
   0.00304
   0.00357
   0.00148
   0.00185
   0.00109
   0.00304
   0.00891
   0.00452
   0.01188
   0.01186
   0.00540
   0.00927
   0.00354
   0.01075
   0.00288
   0.00417
   0.00493
   0.00576
   0.00445
   0.00425
   0.00458
   0.00384
   0.00125
   0.00082
   0.00132
   0.00089
   0.00128
   0.00751
   0.00667
   0.00173
   0.00105
   0.00115
   0.00054
   0.00047
   0.00304
   0.00960
   0.00952
   0.00379
   0.00925
   0.00643
   0.00659
   0.00732
   0.00796
   0.00665
   0.00239
   0.00086
   0.00019
   0.00014
   0.00014
   0.00022
   0.00024
   0.00017
   0.00013
   0.00010
   0.00008
   0.00021
   0.00011
   0.00009
   0.00007
   0.00006
   0.00012
   0.00005
   0.00005
   0.00005
   0.00070
   0.00068
   0.00027
   0.00016
   0.00073
   0.00014
   0.00014
   0.00013
   0.00060
   0.00008
   0.00107
   0.00068
   0.00031
   0.00038
   0.00084
   0.00111
   0.00114
   0.00077
   0.00051
   0.00084
   0.00073
   0.00086
   0.00688
   0.00566
   0.00283
   0.00231
   0.00200
   0.00188
   0.00137
   0.00660
   0.00414
   0.00325
   0.00242
   0.00804
   0.00521
   0.00328
   0.00139
   0.00186
   0.00034
   0.00064
   0.00115
   0.00051
   0.00069
   0.00111
   0.00100
   0.00088
   0.00073
   0.00044
   0.00020
   0.00019
   0.00013
   0.00121
   0.00009
   0.00047
   0.00039
   0.00042
   0.00041
   0.00040
   0.00038
   0.00035
   0.00033
   0.00032
   0.00029
   0.00027
   0.00025
   0.00023
   0.00022
   0.00022
   0.00018
   0.00019
   0.00019
   0.00018
   0.00016
   0.00015
   0.00013
   0.00012
   0.00012
   0.00003
   0.00002
   0.00014
   0.00014
   0.00012
   0.00011
   0.00010
   0.00009
   0.00008
   0.00000
   0.10040
   0.04920
   0.04142
   0.04107
   0.04209
   0.04374
   0.04597
   0.04867
   0.05179
   0.05558
   0.06000
   0.06501
   0.07016
   0.07914
   0.09110
   0.08505
   0.05443
   0.04505
   0.04539
   0.08431
   0.08193
   0.06899
   0.00796
   0.07205
   0.02349
   0.06496
   0.01328
   0.05723
   0.02637
   0.04826
   0.03784
   0.04365
   0.02582
   0.03747
   0.04072
   0.03936
   0.03778
   0.03650
   0.03548
   0.03483
   0.03463
   0.03344
   0.02924
   0.02557
   0.03001
   0.03489
   0.02484
   0.02534
   0.03302
   0.02398
   0.02490
   0.30102
   0.00021
   0.08501
   0.00019
   0.00018
   0.00018
   0.00022
   0.00021
   0.00018
   0.00018
   0.00019
   0.00018
   0.00018
   0.00013
   0.00012
   0.00012
   0.00015
   0.03436
   0.00009
   0.00009
   0.00010
   0.00010
   0.00011
   0.00014
   0.00010
   0.00010
   0.00009
   0.00009
   0.00009
   0.00150
   0.00007
   0.00009
   0.00007
   0.00008
   0.00006
   0.00801
   0.00005
   0.09828
   0.00005
   0.00005
   0.00005
   0.00005
   0.00005
   0.00004
   0.00528
   0.00005
   0.00005
   0.00005
   0.00005
   0.00004
   0.00003
   0.00004
   0.00004
   0.00004
   0.00004
   0.00004
   0.00004
   0.00004
   0.00005
   0.00004
   0.00004
   0.00004
   0.00004
   0.00003
   0.00003
   0.00004
   0.00003
   0.00003
   0.00003
   0.00003
   0.00003
   0.00004
   0.00003
   0.00003
   0.00221
   0.00006
   0.00006
   0.00005
   0.00005
   0.00005
   0.00005
   0.00004
   0.00004
   0.00004
   0.00004
   0.00004
   0.00004
   0.00006
   0.00003
   0.00003
   0.00003
   0.04888
   0.00002
   0.00002
   0.00002
   0.00002
   0.00002
   0.00002
   0.00002
   0.00002
   0.00002
   0.00002
   0.00006
   0.01210
   0.00001
   0.00001
   0.00001
   0.00001
   0.00001
   0.00001
   0.00001
   0.00001
   0.00001
   0.00001
   0.00224
   0.00002
   0.00002
   0.00002
   0.00001
   0.00001
   0.00001
   0.00001
   0.00001
   0.00001
   0.00001
   0.00001
   0.00001
   0.00001
   0.00001
   0.00001
   0.00001
   0.00001
   0.00001
   0.00001
   0.00001
   0.00001
   0.00001
   0.00001
   0.01390
   0.00001
   0.00001
   0.00001
   0.00001
   0.00001
   0.00001
   0.00001
   0.00001
   0.00001
   0.00001
   0.00001
   0.00001
   0.00001
   0.00001
   0.00001
   0.00001
   0.00001
   0.00001
   0.00005
   0.00001
   0.00001
   0.00001
   0.00001
   0.00001
   0.00001
   0.00001
   0.00001
   0.00001
   0.00001
   0.00001
   0.00001
   0.00001
   0.00001
   0.00001
   0.00001
   0.00001
   0.00002
   0.00001
   0.00001
   0.00001
   0.00001
   0.00001
   0.00001
   0.00001
   0.00001
   0.00001
