   0.70955
   0.71082
   0.71464
   0.71618
   0.71852
   0.72164
   0.73149
   0.73381
   0.72452
   0.72566
   0.73416
   0.73540
   0.73414
   0.73554
   0.73679
   0.73627
   0.73818
   0.73805
   0.73777
   0.73770
   0.73662
   0.73106
   0.73105
   0.73097
   0.72942
   0.72746
   0.72093
   0.71476
   0.71399
   0.71586
   0.71769
   0.71970
   0.72226
   0.72555
   0.72962
   0.73437
   0.73954
   0.74500
   0.75089
   0.75751
   0.76564
   0.77513
   0.78687
   0.79997
   0.81484
   0.83065
   0.84731
   0.86436
   0.88236
   0.90574
   0.92347
   0.94087
   0.95770
   0.97513
   0.99347
   1.00941
   1.02586
   1.04164
   1.05702
   1.07173
   1.08634
   1.09971
   1.11452
   1.14152
   1.15071
   1.16872
   1.18276
   1.19368
   1.20366
   1.21364
   1.22056
   1.22921
   1.23610
   1.24361
   1.25261
   1.25346
   1.25762
   1.25687
   1.25584
   1.25359
   1.24834
   1.24135
   1.23216
   1.21646
   1.20130
   1.18352
   1.16432
   1.14203
   1.11720
   1.09135
   1.06301
   1.03226
   1.00209
   0.96918
   0.93544
   0.90195
   0.86746
   0.83430
   0.79977
   0.76881
   0.73729
   0.70666
   0.67789
   0.65111
   0.62912
   0.60581
   0.58607
   0.57505
   0.57602
   0.56396
   0.61041
   0.64331
   0.64581
   0.68295
   0.69228
   0.69106
   0.68292
   0.70098
   0.67820
   0.71750
   0.66981
   0.63305
   0.60333
   0.56116
   0.48976
   0.43141
   0.38021
   0.34106
   0.28788
   0.24408
   0.24957
   0.14562
   0.08253
   0.07355
   0.07222
   0.07478
   0.08986
   0.07597
   0.11053
   0.10633
   0.06852
   0.04375
   0.04327
   0.01157
   0.00572
   0.02525
   0.00544
   0.04053
   0.00799
   0.03056
   0.00725
   0.00650
   0.00702
   0.00617
   0.00608
   0.00654
   0.00661
   0.00764
   0.02634
   0.00488
   0.00276
   0.00586
   0.00245
   0.00470
   0.02181
   0.02092
   0.01711
   0.00422
   0.06413
   0.03943
   0.04121
   0.04185
   0.00607
   0.04766
   0.10256
   0.08475
   0.06290
   0.03015
   0.04088
   0.02978
   0.00148
   0.00135
   0.00369
   0.00328
   0.00417
   0.00356
   0.00223
   0.73100
   0.48288
   0.01540
   0.00168
   0.00144
   0.00118
   0.00136
   0.00127
   0.00100
   0.00085
   0.74424
   0.54301
   0.46598
   0.00156
   0.00134
   0.01736
   0.00108
   0.00080
   0.00085
   0.52200
   0.01167
   0.07810
   0.01970
   0.15661
   0.00046
   0.00081
   0.00333
   0.00069
   0.00052
   0.00076
   0.00056
   0.00037
   0.00081
   0.00057
   0.00089
   0.00235
   0.00590
   0.00048
   0.00069
   0.00928
   0.00112
   0.00066
   0.00048
   0.00208
   0.00071
   0.00069
   0.00200
   0.00042
   0.33024
   0.04631
   0.03439
   0.02622
   0.02442
   0.02243
   0.02027
   0.01823
   0.01632
   0.01456
   0.01222
   0.00952
   0.00418
   0.00627
   0.00305
   0.00344
   0.00266
   0.00286
   0.00263
   0.00223
   0.00266
   0.00760
   0.00269
   0.00289
   0.00299
   0.00469
   0.01027
   0.01050
   0.01080
   0.00248
   0.01055
   0.00762
   0.25149
   0.00532
   0.00279
   0.00535
   0.00549
   0.00066
   0.00617
   0.00062
   0.00069
   0.00077
   0.00086
   0.00098
   0.00105
   0.00060
   0.00118
   0.00072
   0.00092
   0.00054
   0.00079
   0.00054
   0.00111
   0.00107
   0.00080
   0.00072
   0.00054
   0.16859
   0.08869
   0.06858
   0.05625
   0.05529
   0.04781
   0.04420
   0.03983
   0.03449
   0.02897
   0.02308
   0.01869
   0.01577
   0.01404
   0.01284
   0.01180
   0.01085
   0.00998
   0.00927
   0.00869
   0.00819
   0.00774
   0.00738
   0.00715
   0.00716
   0.00782
   0.01080
   0.01491
   0.01756
   0.01835
   0.01711
   0.01465
   0.01228
   0.01002
   0.00818
   0.00662
   0.00532
   0.00424
   0.00343
   0.00272
   0.00270
   0.00360
   0.00458
   0.00551
   0.03376
   0.02881
   0.03166
   0.03216
   0.03408
   0.03277
   0.02636
   0.01763
   0.10986
   0.14330
   0.06089
   0.09157
   0.12934
   0.02679
   0.00995
   0.01331
   0.07399
   0.05540
   0.01620
   0.01714
   0.02878
   0.05818
   0.13345
   0.10587
   0.13397
   0.00858
   0.01150
   1.20068
   0.76231
   0.72234
   0.71780
   0.71720
   0.71712
   0.71712
   0.71712
   0.71713
   0.71713
   0.71713
   0.71713
   0.71713
   0.71713
   0.71713
   0.71713
   0.71713
   0.71713
   0.71713
   0.71713
   0.71713
   0.71713
   0.71713
   0.71713
   0.71713
   0.71713
   0.71713
   0.71713
   0.71713
   0.71713
   0.71713
   0.71713
   0.71713
   0.71713
   0.71713
   0.71713
   0.71713
   0.71713
   0.71713
   0.71712
   0.71712
   0.71712
   0.71712
   0.71712
   0.71712
   0.71712
   0.71712
   0.71712
   0.71712
   0.71712
   0.71712
   0.71712
   0.71712
   0.71712
   0.71712
   0.71712
   0.71712
   0.71712
   0.71712
   0.71712
   0.71712
   0.71712
   0.71712
   0.71712
   0.71712
   0.71712
   0.71712
   0.71712
   0.71712
   0.71712
   0.71712
   0.71712
   0.71712
   0.71712
   0.71712
   0.71712
   0.71712
   0.71712
   0.71712
   0.71712
   0.71711
   0.71711
   0.71711
   0.71711
   0.71711
   0.71711
   0.71711
   0.71711
   0.71711
   0.71711
   0.71711
   0.71711
   0.71711
   0.71711
   0.71711
   0.71711
   0.71711
   0.71711
   0.71711
   0.71711
   0.71711
   0.71711
   0.71711
   0.71711
   0.71711
   0.71711
   0.71711
   0.71711
   0.71711
   0.71711
   0.71711
   0.71711
   0.71711
   0.71711
   0.71711
   0.71711
   0.71711
   0.71711
   0.71711
   0.71711
   0.71711
   0.71711
   0.71710
   0.71710
   0.71710
   0.71710
   0.71710
   0.71710
   0.71710
   0.71710
   0.71710
   0.71710
   0.71710
   0.71710
   0.71710
   0.71710
   0.71710
