   0.47185
   0.46301
   0.46660
   0.46159
   0.46047
   0.46032
   0.46080
   0.46109
   0.46053
   0.50425
   0.47066
   0.46670
   0.45934
   0.46014
   0.45709
   0.45626
   0.45601
   0.45604
   0.45565
   0.45569
   0.45545
   0.45654
   0.45774
   0.45854
   0.46094
   0.46379
   0.46553
   0.47032
   0.47774
   0.48385
   0.49199
   0.50356
   0.51404
   0.52372
   0.53212
   0.53821
   0.54196
   0.53219
   0.50924
   0.47990
   0.44150
   0.39833
   0.35289
   0.31007
   0.27229
   0.24070
   0.21406
   0.19248
   0.17630
   0.16179
   0.15026
   0.14101
   0.13356
   0.12782
   0.12299
   0.11944
   0.11702
   0.11461
   0.11273
   0.11137
   0.11057
   0.10993
   0.10961
   0.11089
   0.11147
   0.11188
   0.11270
   0.11373
   0.11531
   0.11942
   0.11354
   0.11622
   0.11140
   0.11326
   0.11577
   0.11575
   0.12014
   0.12222
   0.12392
   0.12633
   0.12528
   0.12352
   0.13461
   0.12881
   0.13033
   0.13041
   0.13063
   0.12969
   0.12993
   0.10930
   0.10813
   0.13722
   0.12684
   0.12737
   0.12814
   0.12633
   0.10435
   0.10304
   0.10818
   0.11325
   0.10594
   0.10259
   0.09830
   0.09461
   0.09558
   0.09286
   0.08927
   0.08652
   0.08363
   0.07958
   0.07728
   0.07616
   0.07237
   0.07127
   0.06993
   0.07240
   0.07030
   0.06635
   0.06619
   0.06562
   0.06618
   0.06634
   0.06736
   0.06816
   0.06627
   0.05466
   0.06578
   0.05468
   0.06536
   0.04811
   0.04251
   0.04300
   0.04713
   0.04803
   0.04822
   0.04768
   0.04711
   0.03329
   0.04587
   0.03209
   0.03092
   0.03062
   0.03020
   0.04323
   0.04727
   0.04916
   0.04957
   0.04964
   0.00027
   0.00437
   0.00131
   0.00032
   0.00032
   0.00028
   0.00030
   0.00038
   0.00096
   0.00039
   0.00386
   0.00116
   0.00071
   0.00091
   0.00111
   0.00038
   0.00081
   0.00089
   0.00078
   0.00061
   0.00082
   0.00452
   0.00036
   0.00028
   0.00030
   0.00212
   0.00106
   0.00114
   0.00026
   0.01547
   0.03022
   0.02785
   0.02468
   0.02085
   0.01940
   0.01535
   0.01248
   0.00291
   0.00453
   0.00437
   0.00612
   0.00535
   0.00647
   0.00572
   0.00685
   0.00516
   0.00540
   0.00484
   0.00354
   0.00320
   0.00366
   0.00285
   0.00133
   0.00105
   0.00213
   0.00237
   0.00218
   0.00162
   0.00207
   0.00142
   0.00189
   0.00267
   0.00260
   0.00176
   0.00097
   0.00257
   0.00231
   0.00095
   0.00298
   0.00275
   0.00088
   0.00190
   0.00217
   0.00212
   0.00084
   0.00045
   0.00032
   0.00029
   0.00024
   0.00066
   0.00065
   0.00062
   0.00091
   0.00062
   0.00037
   0.00028
   0.00079
   0.00038
   0.01333
   0.01283
   0.01147
   0.01009
   0.00869
   0.00744
   0.00781
   0.00647
   0.00537
   0.00396
   0.00182
   0.00116
   0.00075
   0.00162
   0.00072
   0.00071
   0.00087
   0.00059
   0.00140
   0.00310
   0.00294
   0.00057
   0.00050
   0.00249
   0.00512
   0.00464
   0.00519
   0.00541
   0.00352
   0.00662
   0.00052
   0.00592
   0.00356
   0.00360
   0.00638
   0.00410
   0.00054
   0.00414
   0.00369
   0.09063
   0.08962
   0.08482
   0.07955
   0.07443
   0.06956
   0.06493
   0.06052
   0.05631
   0.05230
   0.04847
   0.04481
   0.04111
   0.03768
   0.03447
   0.03146
   0.02865
   0.02601
   0.02356
   0.02133
   0.01931
   0.01746
   0.01577
   0.01422
   0.01278
   0.01145
   0.01018
   0.00899
   0.00780
   0.00692
   0.00592
   0.00514
   0.00441
   0.00380
   0.00327
   0.00272
   0.00163
   0.00188
   0.00145
   0.00312
   0.00067
   0.00088
   0.00165
   0.00056
   0.00073
   0.00094
   0.00067
   0.00078
   0.00133
   0.00043
   0.00058
   0.00064
   0.00038
   0.00038
   0.00037
   0.00047
   0.00028
   0.00020
   0.00024
   0.00017
   0.00016
   0.00021
   0.00016
   0.00217
   0.00017
   0.00017
   0.00015
   0.00042
   0.00144
   0.00023
   0.00015
   0.00044
   0.00026
   0.00031
   0.00012
   0.00014
   0.00011
   0.00010
   0.00036
   0.00010
   0.00018
   0.00007
   0.00010
   0.00014
   0.00008
   0.00065
   0.00020
   0.00016
   0.00015
   0.00625
   0.00046
   0.00017
   0.00013
   0.00296
   0.00232
   0.00203
   0.00178
   0.00165
   0.00149
   0.00131
   0.00137
   0.00123
   0.00134
   0.00105
   0.00106
   0.00114
   0.00090
   0.00071
   0.00065
   0.00051
   0.00049
   0.00031
   0.00035
   0.00026
   0.00736
   0.00211
   0.00063
   0.00268
   0.00055
   0.00291
   0.00050
   0.00318
   0.00048
   0.00323
   0.00046
   0.00031
   0.00392
   0.00050
   0.00027
   0.00509
   0.00073
   0.00030
   0.00027
   0.00034
   0.00025
   0.00426
   0.00067
   0.00514
   0.00204
   0.00022
   0.00245
   0.00023
   0.00587
   0.00495
   0.00164
   0.00123
   0.00026
   0.00032
   0.00304
   0.00054
   0.00426
   0.00182
   0.00019
   0.00380
   0.00217
   0.00027
   0.00047
   0.00373
   0.00259
   0.00289
   0.00064
   0.00019
   0.00016
   0.00015
   0.00324
   0.00099
   0.00126
   0.00074
   0.00299
   0.00303
   0.00117
   0.00024
   0.00415
   0.00183
   0.00291
   0.00181
   0.00029
   0.00453
   0.00284
   0.00125
   0.00271
   0.00136
   0.00020
   0.00253
   0.00135
   0.00254
   0.00161
   0.00014
   0.00411
   0.00267
   0.00077
   0.00154
   0.00257
   0.00291
   0.00099
   0.00017
   0.00295
   0.00253
   0.00140
   0.00022
   0.00239
   0.00205
   0.00029
   0.00016
   0.00217
   0.00222
   0.00119
   0.00019
   0.00396
   0.00247
   0.00215
   0.00089
   0.00106
   0.00184
   0.00201
   0.00205
   0.00096
   0.00160
   0.00198
   0.00179
   0.00182
   0.00014
   0.00012
   0.00011
   0.00302
   0.00188
   0.00173
   0.00171
   0.00117
   0.00177
   0.00168
   0.00016
   0.00014
   0.00085
   0.00148
   0.00166
   0.00164
   0.00142
   0.00010
   0.00005
   0.00185
   0.00135
   0.00117
   0.00150
   0.00138
   0.00012
   0.00007
   0.00054
   0.00095
   0.00037
   0.00059
   0.00107
   0.00150
   0.00650
   0.00228
   0.00137
   0.00135
   0.00069
   0.00115
   0.00094
   0.00088
   0.00114
   0.00124
   0.00008
   0.00047
   0.00079
   0.00131
   0.00039
   0.00065
   0.00118
   0.00132
   0.00581
   0.00211
   0.00133
   0.00133
   0.00058
   0.00080
   0.00132
   0.00086
   0.00033
   0.00044
   0.00072
   0.00118
   0.00091
   0.00044
   0.00073
   0.00122
   0.00004
   0.00005
   0.00030
   0.00046
   0.00075
   0.00115
   0.00003
   0.00035
   0.00057
   0.00099
   0.00092
   0.00003
   0.00026
   0.00041
   0.00077
   0.00121
   0.00046
   0.00032
   0.00061
   0.00113
   0.00091
   0.00002
   0.00017
   0.00022
   0.00036
   0.00072
   0.00118
   0.00060
   0.00002
   0.00094
   0.00081
   0.00072
   0.00076
   0.00111
   0.00079
   0.00004
   0.00011
   0.00015
   0.00021
   0.00038
   0.00088
   0.00094
   0.00015
   0.00006
   0.00010
   0.00016
   0.00038
   0.00111
   0.00093
   0.00020
   0.00064
   0.00054
   0.00047
   0.00043
   0.00073
   0.00095
   0.00036
   0.00008
   0.04614
   0.04607
   0.04160
   0.03849
   0.03555
   0.03273
   0.02993
   0.02709
   0.02439
   0.02230
   0.02113
   0.02071
   0.02040
   0.02039
   0.01996
   0.01867
   0.01326
   0.00814
   0.00661
   0.00506
   0.02087
   0.00371
   0.00356
   0.00342
   0.00328
   0.00315
   0.00301
   0.00281
   0.00243
   0.00463
   0.00144
   0.01498
   0.00275
   0.00187
   0.00087
   0.00109
   0.00145
   0.00223
   0.00154
   0.00136
   0.00055
   0.00067
   0.00063
   0.00088
   0.00055
   0.00131
   0.00044
   0.00026
   0.00022
   0.00027
   0.00023
   0.00019
   0.00565
   0.00064
   0.00048
   0.00100
   0.00020
   0.00031
   0.00445
   0.00051
   0.00100
   0.00396
   0.00017
   0.00193
   0.00277
   0.00025
   0.00213
   0.00028
   0.00098
   0.00272
   0.00016
   0.00315
   0.00011
   0.00005
   0.00191
   0.00030
   0.00508
   0.00144
   0.00248
   0.00014
   0.00031
   0.00132
   0.00230
   0.00007
   0.00353
   0.00170
   0.00012
   0.00249
   0.00118
   0.00175
   0.00037
   0.00137
   0.00010
   0.00325
   0.00076
   0.00124
   0.00017
   0.00026
   0.00074
   0.00120
   0.00016
   0.00033
   0.00063
   0.00098
   0.00127
   0.00045
   0.00078
   0.00114
   0.00025
   0.00069
   0.00110
   0.00017
   0.00100
   0.00050
   0.00079
   0.00125
   0.00037
   0.00049
   0.00078
   0.00111
   0.00622
   0.00044
   0.00070
   0.00113
   0.00035
   0.00060
   0.00100
   0.02009
   0.00026
   0.00041
   0.00067
   0.00057
   0.00279
   0.00026
   0.00042
   0.00069
   0.00011
   0.00057
   0.00021
   0.00031
   0.00051
   0.00082
   0.00165
   0.00022
   0.00035
   0.00056
   0.00060
   0.00042
   0.00016
   0.00022
   0.00035
   0.00056
   0.00029
   0.00007
   0.00016
   0.00025
   0.00041
   0.00066
   0.00001
   0.00022
   0.00025
   0.00033
   0.00044
   0.00007
   0.00007
   0.00072
   0.00061
   0.00054
   0.00056
   0.01382
   0.00221
   0.00144
   0.00090
   0.00059
   0.00049
   0.01138
   0.00226
   0.00149
   0.00094
   0.00061
   0.00046
   0.00014
   0.00017
   0.00019
   0.00024
   0.00027
   0.00034
   0.00025
   0.00025
   0.00025
   0.00025
   0.00020
   0.01469
   0.00139
   0.00100
   0.00069
   0.00047
   0.00036
   0.00216
   0.00021
   0.00020
   0.00020
   0.00021
   0.00023
   0.00007
   0.00010
   0.00011
   0.00014
   0.00018
   0.00003
   0.00007
   0.00007
   0.00008
   0.00010
   0.00014
   0.00005
   0.00019
   0.00006
   0.00005
   0.00005
   0.00007
   0.00009
   0.00013
   0.00000
   0.00005
   0.00005
   0.00005
   0.00007
   0.00010
   0.00016
   0.00004
   0.00005
   0.00004
   0.00005
   0.00006
   0.00008
   0.00012
   0.00001
   0.00114
   0.00087
   0.00063
   0.00043
   0.00029
   0.00022
   0.00003
   0.00011
   0.00010
   0.00010
   0.00010
   0.00011
   0.00012
   0.00035
   0.00005
   0.00005
   0.00005
   0.00005
   0.00006
   0.00008
   0.00007
   0.00002
   0.00004
   0.00003
   0.00003
   0.00004
   0.00005
   0.00006
   0.00010
   0.00001
   0.00003
   0.00003
   0.00003
   0.00004
   0.00005
   0.00008
   0.00006
   0.00002
   0.00002
   0.00002
   0.00003
   0.00005
   0.00007
   0.00023
   0.00002
   0.00002
   0.00002
   0.00002
   0.00003
   0.00004
   0.00005
   0.00004
   0.00002
   0.00004
   0.00004
   0.00004
   0.00004
   0.00005
   0.00006
   0.00007
   0.00011
   0.00003
   0.00003
   0.00003
   0.00003
   0.00004
   0.00005
   0.00006
   0.00016
   0.00010
   0.00009
   0.00008
   0.00008
   0.00008
   0.00007
   0.00007
   0.00121
   0.00040
   0.00034
   0.00029
   0.00024
   0.00019
   0.00014
   0.00011
   0.00008
   0.00002
   0.00005
   0.00005
   0.00005
   0.00005
   0.00005
   0.00005
   0.00005
   0.00003
   0.00002
   0.00002
   0.00002
   0.00002
   0.00002
   0.00002
   0.00002
   0.00003
   0.00004
   0.00006
   0.00002
   0.00002
   0.00002
   0.00002
   0.00002
   0.00003
   0.00003
   0.00001
   0.00001
   0.00001
   0.00001
   0.00001
   0.00001
   0.00001
   0.00002
   0.00002
   0.00003
   0.00000
   0.00001
   0.00002
   0.00001
   0.00001
   0.00001
   0.00002
   0.00002
   0.00002
   0.00000
   0.00007
   0.00004
   0.00004
   0.00004
   0.00003
   0.00003
   0.00003
   0.00003
   0.00004
   0.00004
   0.00001
