   0.53826
   0.49867
   0.49362
   0.48672
   0.47221
   0.47605
   0.47037
   0.47195
   0.47178
   0.47325
   0.47494
   0.47614
   0.47332
   0.47348
   0.47618
   0.46084
   0.45887
   0.45858
   0.45867
   0.45936
   0.45858
   0.45840
   0.46248
   0.46947
   0.48058
   0.49921
   0.54219
   0.53205
   0.51639
   0.47520
   0.45616
   0.43078
   0.39685
   0.34911
   0.30223
   0.26732
   0.23695
   0.21105
   0.18923
   0.17140
   0.15648
   0.14428
   0.13478
   0.12676
   0.12034
   0.11504
   0.10795
   0.10559
   0.10300
   0.10143
   0.10015
   0.09953
   0.09937
   0.09924
   0.09961
   0.10090
   0.10144
   0.10235
   0.10346
   0.10434
   0.10600
   0.10661
   0.10789
   0.10898
   0.11030
   0.10958
   0.11016
   0.11096
   0.11203
   0.11303
   0.11287
   0.11353
   0.11354
   0.11456
   0.11453
   0.11494
   0.11534
   0.11555
   0.11513
   0.11414
   0.11437
   0.11353
   0.11196
   0.11131
   0.11006
   0.10855
   0.10736
   0.10635
   0.10648
   0.10479
   0.10487
   0.10386
   0.10141
   0.09995
   0.09834
   0.09610
   0.09496
   0.09314
   0.09205
   0.09092
   0.08908
   0.08875
   0.08612
   0.07955
   0.07457
   0.07178
   0.06833
   0.06473
   0.05963
   0.05487
   0.05031
   0.04705
   0.04334
   0.03971
   0.03678
   0.03408
   0.03200
   0.02947
   0.02780
   0.04309
   0.03782
   0.05076
   0.05044
   0.04943
   0.04789
   0.04736
   0.04599
   0.04592
   0.04563
   0.04510
   0.03803
   0.02647
   0.03955
   0.00607
   0.00776
   0.00784
   0.00695
   0.00525
   0.00297
   0.00267
   0.00257
   0.00242
   0.00235
   0.00240
   0.00253
   0.00252
   0.00226
   0.00222
   0.00170
   0.01267
   0.00149
   0.01118
   0.00147
   0.00194
   0.01463
   0.00290
   0.01480
   0.01543
   0.01413
   0.01606
   0.01585
   0.00180
   0.00220
   0.00498
   0.00186
   0.02114
   0.02151
   0.02193
   0.02206
   0.02409
   0.02845
   0.02934
   0.02511
   0.02846
   0.03214
   0.03036
   0.02478
   0.01308
   0.00144
   0.00112
   0.00110
   0.00094
   0.00082
   0.00075
   0.00074
   0.00081
   0.00070
   0.00060
   0.00050
   0.00028
   0.00039
   0.00045
   0.00032
   0.00039
   0.00053
   0.00055
   0.00049
   0.00045
   0.00046
   0.00040
   0.00030
   0.00035
   0.00031
   0.00032
   0.00024
   0.00012
   0.00006
   0.00235
   0.00204
   0.00022
   0.00013
   0.00277
   0.00333
   0.00407
   0.00500
   0.00014
   0.00061
   0.00398
   0.00407
   0.00409
   0.00387
   0.00321
   0.00383
   0.00382
   0.00376
   1.29605
   0.59265
   0.51714
   0.50337
   0.50068
   0.50015
   0.50004
   0.50002
   0.50002
   0.50002
   0.50002
   0.50002
   0.50002
   0.50002
   0.50002
   0.50002
   0.50003
   0.50003
   0.50003
   0.50003
   0.50003
   0.50003
   0.50004
   0.50004
   0.50004
   0.50004
   0.50004
   0.50004
   0.50004
   0.50005
   0.50005
   0.50005
   0.50005
   0.50005
   0.50005
   0.50006
   0.50006
   0.50006
   0.50006
   0.50006
   0.50006
   0.50006
   0.50007
   0.50007
   0.50007
   0.50007
   0.50007
   0.50007
   0.50007
   0.50008
   0.50008
   0.50008
   0.50008
   0.50008
   0.50008
   0.50009
   0.50009
   0.50009
   0.50009
   0.50009
   0.50009
   0.50009
   0.50010
   0.50010
   0.50010
   0.50010
   0.50010
   0.50010
   0.50010
   0.50011
   0.50011
   0.50011
   0.50011
   0.50011
   0.50011
   0.50012
   0.50012
   0.50012
   0.50012
   0.50012
   0.50012
   0.50012
   0.50013
   0.50013
   0.50013
   0.50013
   0.50013
   0.50013
   0.50014
   0.50014
   0.50014
   0.50014
   0.50014
   0.50014
   0.50014
   0.50015
   0.50015
   0.50015
   0.50015
   0.50015
   0.50015
   0.50016
   0.50016
   0.50016
   0.50016
   0.50016
   0.50016
   0.50016
   0.50017
   0.50017
   0.50017
   0.50017
   0.50017
   0.50017
   0.50017
   0.50018
   0.50018
   0.50018
   0.50018
   0.50018
   0.50018
   0.50019
   0.50019
   0.50019
   0.50019
   0.50019
   0.50019
   0.50019
   0.50020
   0.50020
   0.50020
   0.50020
   0.50020
   0.50020
   0.50021
   0.50021
   0.50021
   0.50021
   0.50021
   0.50021
   0.50021
   0.50022
   0.50022
   0.50022
   0.50022
   0.50022
   0.50022
   0.50022
   0.50023
   0.50023
   0.50023
   0.50023
   0.50023
   0.50023
   0.50024
   0.50024
   0.50024
   0.50024
   0.50024
   0.50024
   0.50024
   0.50025
   0.50025
   0.50025
   0.50025
   0.50025
   0.50025
   0.50025
   0.50026
   0.50026
   0.50026
   0.50026
   0.50026
   0.50026
   0.50026
   0.50027
   0.50027
   0.50027
   0.50027
   0.50027
   0.50027
   0.50027
   0.50028
   0.50028
   0.50028
   0.50028
   0.50028
   0.50028
   0.50029
   0.50029
   0.50029
   0.50029
   0.50029
   0.50029
   0.50029
   0.50030
   0.50030
   0.50030
   0.50030
   0.50030
   0.50030
   0.50031
   0.50031
   0.50031
   0.50031
   0.50031
   0.50031
   0.50031
   0.50032
   0.50032
   0.50032
   0.50032
   0.50032
   0.50032
   0.50032
   0.50033
   0.50033
   0.50033
   0.50033
   0.50033
   0.50033
   0.50034
   0.50034
   0.50034
   0.50034
   0.50034
   0.50034
   0.50034
   0.50035
   0.50035
   0.50035
   0.50035
   0.50035
   0.50035
   0.50035
   0.50036
   0.50036
   0.50036
   0.50036
   0.50036
   0.50036
   0.50037
   0.50037
   0.50037
   0.50037
   0.50037
   0.50037
   0.50037
   0.50038
   0.50038
   0.50038
   0.50038
   0.50038
   0.50038
   0.50038
   0.50039
   0.50039
   0.50039
   0.50039
   0.50039
   0.50039
   0.50040
   0.50040
   0.50040
   0.50040
   0.50040
   0.50040
   0.50040
   0.50041
   0.50041
   0.50041
   0.50041
   0.50041
   0.50041
   0.50041
