   0.78027
   0.75397
   0.76899
   0.77790
   0.78869
   0.76451
   0.78506
   0.80824
   0.81303
   0.81530
   0.81588
   0.81542
   0.81551
   0.81329
   0.80923
   0.80798
   0.80571
   0.80311
   0.79689
   0.79382
   0.79162
   0.78537
   0.78407
   0.76059
   0.76507
   0.76469
   0.76512
   0.76231
   0.75790
   0.75153
   0.74455
   0.73729
   0.72222
   0.71959
   0.71452
   0.66492
   0.67440
   0.69041
   0.68465
   0.66401
   0.65709
   0.62982
   0.63015
   0.62593
   0.62396
   0.61547
   0.61321
   0.60791
   0.60295
   0.59586
   0.59160
   0.58490
   0.57778
   0.57088
   0.56374
   0.55542
   0.54839
   0.54032
   0.53261
   0.52581
   0.51937
   0.51473
   0.51138
   0.50941
   0.50690
   0.50170
   0.49124
   0.47977
   0.47002
   0.46155
   0.45443
   0.44785
   0.44127
   0.43609
   0.43221
   0.42894
   0.42619
   0.42418
   0.42583
   0.42549
   0.42248
   0.41757
   0.41424
   0.40834
   0.40212
   0.39554
   0.38682
   0.37716
   0.36504
   0.35575
   0.34472
   0.33238
   0.32341
   0.31141
   0.30182
   0.29127
   0.28169
   0.27394
   0.26543
   0.25792
   0.25087
   0.24416
   0.23711
   0.23068
   0.22518
   0.21989
   0.21440
   0.20950
   0.20461
   0.20001
   0.19551
   0.19110
   0.18670
   0.18238
   0.17802
   0.17461
   0.17124
   0.16767
   0.16415
   0.16008
   0.15468
   0.15209
   0.14947
   0.14587
   0.14256
   0.13904
   0.13582
   0.13134
   0.13093
   0.12665
   0.12969
   0.11829
   0.11341
   0.11272
   0.11061
   0.11248
   0.10193
   0.09637
   0.09444
   0.09302
   0.09034
   0.08795
   0.08547
   0.08134
   0.08577
   0.07482
   0.07193
   0.07682
   0.06747
   0.07308
   0.06293
   0.06624
   0.05736
   0.06116
   0.05259
   0.05199
   0.04807
   0.04698
   0.04489
   0.04276
   0.04096
   0.03991
   0.03848
   0.03719
   0.03827
   0.03546
   0.03597
   0.03533
   0.03491
   0.03313
   0.03207
   0.03130
   0.03074
   0.03042
   0.03384
   0.03628
   0.03876
   0.04231
   0.04538
   0.04723
   0.04993
   0.04954
   0.04834
   0.04829
   0.04832
   0.04551
   0.04451
   0.04239
   0.04689
   0.03154
   0.05509
   0.01649
   0.15407
   0.06202
   0.06019
   0.08567
   0.02902
   0.01255
   0.01213
   0.02019
   0.01095
   0.12743
   0.00974
   0.03066
   0.01269
   2.18738
   0.00994
   0.00947
   0.00914
   0.00896
   0.00880
   0.00868
   0.00857
   0.00838
   0.00823
   0.00814
   0.00816
   0.00829
   0.00839
   0.00916
   0.14518
   0.00850
   0.00823
   0.12879
   0.00767
   0.11585
   0.00757
   0.15176
   0.00693
   0.00986
   0.13932
   0.00643
   0.00534
   0.15369
   0.00602
   0.00603
   0.00603
   0.00629
   0.00761
   0.00599
   0.00803
   0.00764
   0.01947
   0.00503
   0.07676
   0.00482
   0.11212
   0.00593
   0.11333
   0.00353
   0.55883
   0.00998
   0.00358
   0.00908
   0.00385
   0.20515
   0.16322
   0.22715
   0.32596
   0.00371
   0.01616
   0.00231
   0.01433
   0.00222
   0.01415
   0.00251
   0.01470
   0.00227
   0.01379
   0.00200
   0.00200
   0.23312
   0.50202
   0.17662
   0.12824
   0.11556
   0.10281
   0.09720
   0.08431
   0.08072
   0.07575
   0.07066
   0.06446
   0.06161
   0.05921
   0.05453
   0.05394
   0.05204
   0.05039
   0.04854
   0.04645
   0.04452
   0.04252
   0.04054
   0.03863
   0.03699
   0.03527
   0.03372
   0.03220
   0.03062
   0.02849
   0.02424
   0.02406
   0.02288
   0.02205
   0.02120
   0.02040
   0.01966
   0.01890
   0.01827
   0.01764
   0.01705
   0.01647
   0.01594
   0.01541
   0.01493
   0.01444
   0.01396
   0.01350
   0.01307
   0.01266
   0.01226
   0.01187
   0.01149
   0.01115
   0.01081
   0.01049
   0.01016
   0.00984
   0.00951
   0.00908
   0.00823
   0.00803
   0.00779
   0.00760
   0.00738
   0.00716
   0.00698
   0.00677
   0.00658
   0.00643
   0.00625
   0.00607
   0.00593
   0.00577
   0.00562
   0.00550
   0.00535
   0.00521
   0.00506
   0.00492
   0.00479
   0.00466
   0.00454
   0.00442
   0.00430
   0.00420
   0.00401
   0.00382
   0.00378
   0.00377
   0.00368
   0.00359
   0.00344
   0.00339
   0.00318
   0.00322
   0.00297
   0.00307
   0.00277
   0.00290
   0.00250
   0.00284
   0.00253
   0.00229
   0.00280
   0.00210
   0.00269
   0.00197
   0.00197
   0.00204
   0.00185
   0.00397
   0.24700
   0.08907
   0.08592
   0.06797
   0.05902
   0.05595
   0.05378
   0.05253
   0.05146
   0.04471
   0.04408
   0.03862
   0.04604
   0.04872
   0.04464
   0.04016
   0.03524
   0.03352
   0.03035
   0.02941
   0.02903
   0.02854
   0.02808
   0.02769
   0.02733
   0.02699
   0.02679
   0.02695
   0.02837
   0.02250
   0.03311
   0.02950
   0.03850
   0.02214
   0.02154
   0.01922
   0.01892
   0.01892
   0.01883
   0.01871
   0.01845
   0.01810
   0.01765
   0.01719
   0.01673
   0.01631
   0.01587
   0.01548
   0.01506
   0.01470
   0.01433
   0.01399
   0.01364
   0.01334
   0.01300
   0.01273
   0.01241
   0.01216
   0.01186
   0.01160
   0.01135
   0.01106
   0.01043
   0.01003
   0.00963
   0.00897
   0.00791
   0.00688
   0.00650
   0.00636
   0.00625
   0.00613
   0.00601
   0.00590
   0.00578
   0.00567
   0.00553
   0.00538
   0.00526
   0.00512
   0.00498
   0.00487
   0.00473
   0.00452
   0.00385
   0.00350
   0.00340
   0.00332
   0.00324
   0.00315
   0.00307
   0.00300
   0.00292
   0.00285
   0.00278
   0.00271
   0.00264
   0.00258
   0.00251
   0.00245
   0.00239
   0.00233
   0.00227
   0.00222
   0.00216
   0.00211
   0.00205
   0.00200
   0.00195
   0.00190
   0.00185
   0.00181
   0.00176
   0.00172
   0.00167
   0.00163
   0.00159
