   0.69925
   0.70325
   0.71079
   0.73038
   0.74265
   0.73652
   0.74410
   0.74507
   0.73618
   0.70766
   0.74741
   0.75051
   0.74965
   0.74664
   0.74346
   0.74567
   0.74601
   0.73024
   0.74690
   0.72363
   0.73108
   0.73211
   0.73195
   0.73112
   0.73039
   0.71608
   0.70784
   0.70627
   0.70112
   0.69792
   0.69421
   0.69173
   0.68895
   0.68557
   0.68337
   0.68132
   0.67950
   0.67789
   0.67637
   0.67473
   0.67298
   0.67091
   0.66856
   0.66619
   0.66394
   0.66202
   0.66023
   0.65858
   0.65662
   0.65451
   0.65182
   0.64855
   0.64452
   0.63988
   0.63474
   0.62914
   0.62322
   0.61704
   0.61074
   0.60431
   0.59774
   0.59106
   0.58424
   0.57725
   0.57010
   0.56285
   0.55544
   0.54789
   0.54017
   0.53221
   0.52423
   0.51628
   0.50811
   0.49978
   0.49135
   0.48286
   0.47431
   0.46575
   0.45716
   0.44937
   0.44065
   0.43136
   0.42273
   0.41411
   0.40551
   0.39692
   0.38843
   0.37994
   0.37148
   0.36302
   0.35459
   0.34616
   0.33774
   0.32932
   0.32090
   0.31245
   0.30399
   0.29558
   0.28717
   0.27877
   0.27039
   0.26209
   0.25388
   0.24583
   0.23790
   0.23014
   0.22256
   0.21522
   0.20806
   0.20106
   0.19405
   0.18727
   0.18056
   0.17386
   0.16712
   0.16033
   0.15354
   0.14671
   0.13988
   0.13315
   0.12650
   0.12007
   0.11382
   0.10784
   0.10211
   0.09669
   0.09156
   0.08675
   0.08225
   0.07806
   0.07418
   0.07061
   0.06732
   0.06430
   0.06148
   0.05884
   0.05632
   0.05384
   0.05138
   0.04898
   0.04674
   0.04482
   0.04334
   0.04236
   0.04176
   0.03949
   0.03935
   0.03952
   0.04021
   0.04187
   0.04310
   0.04571
   0.04796
   0.05002
   0.05164
   0.05375
   0.05500
   0.05482
   0.05306
   0.04593
   0.05246
   0.04721
   0.04109
   0.02802
   0.01968
   0.02362
   0.01620
   0.04560
   0.04307
   0.02895
   0.02857
   0.03561
   0.02460
   0.03733
   0.00958
   0.00919
   0.01153
   0.01193
   0.01045
   0.00658
   0.00611
   0.00620
   0.01099
   0.05034
   0.04550
   0.01243
   0.00825
   0.01829
   0.02180
   0.00538
   0.00687
   0.00557
   0.03123
   0.00853
   0.00571
   0.02462
   0.02004
   0.01593
   0.00710
   0.00816
   0.00488
   0.05304
   0.02795
   0.00867
   0.03875
   0.03169
   0.00574
   0.00482
   0.03245
   0.02437
   0.01278
   0.01769
   0.02331
   0.01270
   0.00564
   0.00271
   0.12135
   0.08462
   0.06242
   0.04907
   0.03767
   0.02957
   0.03149
   0.01721
   0.01209
   0.03325
   0.01587
   0.01507
   0.01464
   0.00241
   0.04404
   0.00320
   0.00309
   0.00439
   0.00339
   0.00385
   0.00263
   0.05349
   0.00191
   0.00198
   0.02153
   0.02025
   0.01326
   0.00205
   0.01793
   0.06879
   0.00142
   0.10763
   0.05854
   0.08460
   0.05198
   0.08484
   0.06289
   0.01611
   0.00849
   0.01490
   0.01973
   0.00215
   0.06296
   0.00071
   0.00392
   0.07911
   0.08004
   0.04385
   0.01743
   0.00646
   0.00330
   0.00248
   0.00097
   0.00105
   0.00508
   0.00367
   0.00337
   0.00283
   0.09363
   0.00144
   0.00086
   0.00074
   0.00050
   0.00064
   0.00086
   0.20130
   0.00187
   0.05222
   0.01242
   0.00235
   0.00117
   0.00206
   0.00073
   0.01180
   0.00190
   0.00084
   0.02771
   0.01159
   0.01651
   0.07513
   0.01875
   0.08168
   0.00407
   0.01118
   0.00332
   0.00326
   0.00278
   0.00675
   0.00194
   0.00464
   0.00190
   0.00453
   0.00755
   0.00160
   0.00174
   0.00133
   0.01723
   0.02127
   0.02285
   0.00268
   0.00137
   0.00222
   0.00139
   0.00156
   0.00875
   0.00398
   0.00166
   0.04163
   0.00361
   0.00089
   0.00091
   0.01663
   0.07744
   0.00281
   0.00069
   0.13608
   0.00173
   0.00148
   0.00118
   0.00090
   0.00192
   0.01598
   0.00175
   0.00147
   0.00106
   0.00231
   0.00076
   0.00064
   0.00439
   0.00116
   0.04120
   0.00045
   0.00040
   0.00038
   0.00075
   0.00634
   0.00218
   0.00190
   0.00166
   0.00150
   0.00138
   0.00133
   0.00109
   0.00094
   0.07475
   0.04549
   0.03921
   0.03623
   0.03396
   0.03241
   0.03105
   0.02994
   0.02892
   0.02791
   0.02692
   0.02591
   0.02491
   0.02391
   0.02290
   0.02187
   0.02082
   0.01978
   0.01882
   0.01791
   0.01702
   0.01620
   0.01542
   0.01468
   0.01401
   0.01344
   0.01294
   0.01240
   0.01183
   0.01114
   0.01009
   0.01007
   0.00889
   0.00876
   0.00851
   0.00783
   0.00690
   0.00584
   0.00837
   0.02337
   0.01754
   0.01469
   0.01460
   0.01110
   0.01034
   0.00984
   0.00949
   0.00988
   0.00991
   0.00873
   0.00744
   0.00712
   0.00684
   0.00632
   0.05281
   0.00609
   0.00680
   0.00620
   0.00574
   0.00523
   0.00527
   0.00600
   0.00677
   0.00723
   0.00739
   0.00712
   0.00643
   0.00369
   0.00677
   0.00702
   0.00518
   0.00325
   0.00376
   0.00432
   0.00462
   0.00513
   0.00556
   0.00487
   0.00330
   0.00250
   0.00209
   0.00414
   0.00204
   0.00200
   0.00210
   0.00240
   0.00290
   0.00356
   0.00409
   0.00427
   0.00381
   0.00277
   0.00239
   0.00163
   0.00184
   0.00154
   0.00131
   0.00125
   0.00124
   0.00131
   0.00152
   0.00189
   0.00233
   0.00253
   0.00251
   0.00243
   0.00221
   0.00171
   0.00127
   0.00088
   0.00126
   0.00087
   0.00087
   0.00089
   0.00090
   0.00090
   0.00085
   0.00082
   0.00080
   0.00083
   0.00094
   0.00119
   0.00158
   0.00190
   0.00181
   0.00168
   0.00113
   0.00099
   0.00067
   0.00063
   0.00077
   0.00052
   0.00049
   0.00198
   0.00137
   0.00100
   0.00079
   0.00071
   0.00062
   0.00056
