   0.67231
   0.67372
   0.69339
   0.68754
   0.68662
   0.68819
   0.68996
   0.68627
   0.68933
   0.69197
   0.68641
   0.68649
   0.68380
   0.68486
   0.68384
   0.68367
   0.68329
   0.67347
   0.67281
   0.66819
   0.66270
   0.65857
   0.65462
   0.65238
   0.64861
   0.64622
   0.64525
   0.64406
   0.64333
   0.63879
   0.63266
   0.62627
   0.61965
   0.61466
   0.60958
   0.60472
   0.60014
   0.59536
   0.59022
   0.58536
   0.58048
   0.57572
   0.57121
   0.56717
   0.56302
   0.55887
   0.55515
   0.55139
   0.54780
   0.54737
   0.54297
   0.53675
   0.53466
   0.53400
   0.51725
   0.52146
   0.51367
   0.50755
   0.49503
   0.49260
   0.48306
   0.47598
   0.46332
   0.44267
   0.43197
   0.42103
   0.40905
   0.39598
   0.38446
   0.37311
   0.36165
   0.35120
   0.33945
   0.32734
   0.31421
   0.30485
   0.29097
   0.27759
   0.26281
   0.24768
   0.23269
   0.21796
   0.20402
   0.19084
   0.17852
   0.16669
   0.15521
   0.14372
   0.13267
   0.12053
   0.10600
   0.09135
   0.07812
   0.07111
   0.08662
   0.11786
   0.11043
   0.09185
   0.07064
   0.05690
   0.05516
   0.05355
   0.05614
   0.06300
   0.09874
   0.15338
   0.07684
   0.10202
   0.05386
   0.03743
   0.08694
   0.17917
   0.05917
   0.05975
   0.02903
   0.02560
   0.04735
   0.05457
   0.35885
   0.51450
   0.02714
   0.03514
   0.03178
   0.16523
   0.88886
   0.02482
   0.06064
   0.03318
   0.01781
   0.02510
   0.02934
   0.03592
   0.09280
   0.02640
   0.24632
   0.02582
   0.01319
   0.03554
   0.05487
   0.03878
   0.12478
   0.02032
   0.06301
   0.07285
   0.04328
   0.00824
   0.00638
   0.01254
   0.01834
   0.03691
   0.00999
   0.02123
   0.03773
   0.01122
   0.02360
   0.06193
   0.03796
   0.07108
   0.01751
   0.01499
   0.02498
   0.01752
   0.01866
   0.03942
   0.14767
   0.01800
   0.03901
   0.01186
   0.01197
   0.03237
   0.04986
   0.05372
   0.11125
   0.06313
   0.06228
   0.06444
   0.06350
   0.06434
   0.10031
   0.11601
   0.15353
   0.08471
   0.13646
   0.06490
   0.04047
   0.03356
   0.03127
   0.12936
   0.03764
   0.02448
   0.01985
   0.02356
   0.02309
   0.01960
   0.02017
   0.07564
   0.08979
   0.01367
   0.02867
   0.01286
   0.01171
   0.08725
   0.01742
   0.01762
   0.01290
   0.06534
   0.01938
   0.00752
   0.01651
   0.05739
   0.00584
   0.08871
   0.04768
   0.03457
   0.02842
   0.02571
   0.02387
   0.02208
   0.02044
   0.01888
   0.02240
   0.02459
   0.04429
   0.04427
   0.02703
   0.02667
   0.02501
   0.03045
   0.02332
   0.02535
   0.02002
   0.03230
   0.01685
   0.02580
   0.02239
   0.02555
   0.02714
   0.01485
   0.01576
   0.07764
   0.00945
   0.02837
   0.04222
   0.03714
   0.03071
   0.00615
   0.02859
   0.00575
   0.00957
   0.00513
   0.00430
   0.00550
   0.00441
   0.00411
   0.00375
   0.00345
   0.00322
   0.00319
   4.19253
   0.05876
   0.04948
   0.03069
   0.05004
   0.02106
   0.04013
   0.01422
   0.06155
   0.03580
   0.02277
   0.01140
   0.04520
   0.02793
   0.01207
   0.02385
   0.03691
   0.02042
   0.01550
   0.01336
   0.01685
   0.04619
   0.01109
   0.00954
   0.00712
   0.00638
   0.01521
   0.05972
   0.01380
   0.02173
   2.17065
   0.01378
   0.01023
   0.00832
   0.00705
   0.00552
   0.00450
   0.00708
   0.03488
   0.00442
   0.00416
   0.03629
   0.00411
   0.00471
   0.00375
   0.03916
   0.01032
   0.01051
   0.01037
   0.00799
   0.00564
   0.00566
   0.00459
   0.00359
   0.00475
   0.00325
   0.02092
   0.03090
   0.02281
   0.02050
   0.01708
   0.08764
   0.00846
   0.00751
   0.00761
   0.00747
   0.00545
   0.00275
   0.00422
   0.69569
   0.70995
   0.71406
   0.71513
   0.71542
   0.71549
   0.71550
   0.71549
   0.71549
   0.71548
   0.71547
   0.71547
   0.71547
   0.71546
   0.71546
   0.71546
   0.71546
   0.71546
   0.71546
   0.71546
   0.71546
   0.71546
   0.71546
   0.71546
   0.71546
   0.71546
   0.71546
   0.71546
   0.71546
   0.71546
   0.71546
   0.71546
   0.71546
   0.71546
   0.71546
   0.71546
   0.71546
   0.71546
   0.71546
   0.71546
   0.71546
   0.71546
   0.71546
   0.71546
   0.71546
   0.71546
   0.71546
   0.71545
   0.71545
   0.71545
   0.71545
   0.71545
   0.71545
   0.71545
   0.71545
   0.71545
   0.71545
   0.71545
   0.71545
   0.71545
   0.71545
   0.71545
   0.71545
   0.71545
   0.71545
   0.71545
   0.71545
   0.71545
   0.71545
   0.71545
   0.71545
   0.71545
   0.71545
   0.71545
   0.71545
   0.71545
   0.71545
   0.71545
   0.71545
   0.71545
   0.71545
   0.71545
   0.71545
   0.71545
   0.71545
   0.71545
   0.71545
   0.71545
   0.71545
   0.71545
   0.71545
   0.71545
   0.71545
   0.71545
   0.71545
   0.71545
   0.71545
   0.71545
   0.71545
   0.71545
   0.71545
   0.71545
   0.71545
   0.71545
   0.71545
   0.71545
   0.71545
   0.71545
   0.71545
   0.71545
   0.71545
   0.71545
   0.71544
   0.71544
   0.71544
   0.71544
   0.71544
   0.71544
   0.71544
   0.71544
   0.71544
   0.71544
   0.71544
   0.71544
   0.71544
   0.71544
   0.71544
   0.71544
   0.71544
   0.71544
   0.71544
   0.71544
   0.71544
   0.71544
   0.71544
   0.71544
   0.71544
   0.71544
   0.71544
   0.71544
   0.71544
   0.71544
   0.71544
   0.71544
   0.71544
   0.71544
   0.71544
   0.71544
   0.71544
   0.71544
   0.71544
   0.71544
   0.71544
   0.71544
   0.71544
   0.71544
   0.71544
   0.71544
   0.71544
   0.71544
   0.71544
   0.71544
   0.71544
   0.71544
   0.71544
   0.71544
   0.71544
   0.71544
   0.71544
   0.71544
   0.71544
   0.71544
   0.71544
