   0.63466
   0.63074
   0.63166
   0.63239
   0.63242
   0.63098
   0.63238
   0.63274
   0.63184
   0.63006
   0.63128
   0.62812
   0.62895
   0.62446
   0.62649
   0.62694
   0.62660
   0.62643
   0.62572
   0.62789
   0.62558
   0.62409
   0.62341
   0.62463
   0.60615
   0.60449
   0.62093
   0.62357
   0.61246
   0.60560
   0.60181
   0.59682
   0.59825
   0.59593
   0.59092
   0.59231
   0.58726
   0.58315
   0.58061
   0.58104
   0.58550
   0.58785
   0.58211
   0.57721
   0.57259
   0.56972
   0.56842
   0.56945
   0.56933
   0.56763
   0.56294
   0.55375
   0.54211
   0.53021
   0.51741
   0.50554
   0.49458
   0.48480
   0.47600
   0.46801
   0.46077
   0.45400
   0.44762
   0.44160
   0.43581
   0.43019
   0.42470
   0.41931
   0.41400
   0.40870
   0.40342
   0.39815
   0.39287
   0.38757
   0.38224
   0.37689
   0.37149
   0.36604
   0.36054
   0.35498
   0.34938
   0.34373
   0.33804
   0.33232
   0.32659
   0.32083
   0.31507
   0.30934
   0.30365
   0.29800
   0.29245
   0.28703
   0.28172
   0.27649
   0.27144
   0.26661
   0.26197
   0.25753
   0.25330
   0.24930
   0.24551
   0.24193
   0.23856
   0.23529
   0.23216
   0.22930
   0.22645
   0.22369
   0.22098
   0.21853
   0.21591
   0.21332
   0.21072
   0.20811
   0.20545
   0.20272
   0.19986
   0.19694
   0.19382
   0.19054
   0.18715
   0.18353
   0.17976
   0.17579
   0.17162
   0.16725
   0.16271
   0.15801
   0.15313
   0.14809
   0.14292
   0.13756
   0.13211
   0.12651
   0.12080
   0.11507
   0.10932
   0.10356
   0.09787
   0.09226
   0.08680
   0.08153
   0.07651
   0.07175
   0.06729
   0.06318
   0.05941
   0.05597
   0.05285
   0.05003
   0.04746
   0.04516
   0.04306
   0.04114
   0.03939
   0.03775
   0.03624
   0.03481
   0.03346
   0.03218
   0.03095
   0.02977
   0.02864
   0.02755
   0.02648
   0.02547
   0.02449
   0.02353
   0.02262
   0.02173
   0.02089
   0.02006
   0.01928
   0.01852
   0.01779
   0.01710
   0.01643
   0.01580
   0.01520
   0.01465
   0.01419
   0.01392
   0.01406
   0.01490
   0.01688
   0.02013
   0.02395
   0.02775
   0.03114
   0.03201
   0.02876
   0.02403
   0.02579
   0.03365
   0.03715
   0.05745
   0.09353
   0.18426
   0.30060
   0.32387
   0.28056
   0.18626
   0.10680
   0.04831
   0.01778
   0.00968
   0.07338
   0.06906
   0.06079
   0.04659
   0.04011
   0.04082
   0.03674
   0.03142
   0.02541
   0.01917
   0.01725
   0.01369
   0.01037
   0.00341
   0.01736
   0.00744
   0.02584
   0.02419
   0.01606
   0.01983
   0.01923
   0.01725
   0.01492
   0.01290
   0.00870
   0.34097
   0.00347
   0.01148
   0.00167
   0.00312
   0.00267
   0.00595
   0.00146
   0.00386
   0.00352
   0.00339
   0.00367
   0.00380
   0.00393
   0.00403
   0.00411
   0.00416
   0.00419
   0.00420
   0.00421
   0.00422
   0.00423
   0.00415
   0.01729
   0.00254
   0.00587
   0.00316
   0.00300
   0.00238
   0.00214
   0.00182
   0.00190
   0.11453
   0.00222
   0.00594
   0.00236
   0.00215
   0.00246
   0.00232
   0.00390
   0.00205
   0.00128
   0.00203
   0.01336
   0.00174
   0.00163
   0.00154
   0.00154
   0.00150
   0.00144
   0.00136
   0.00129
   0.00131
   0.00144
   0.00126
   0.00112
   0.00363
   0.00459
   0.00157
   0.00134
   0.00128
   0.00129
   0.00130
   0.00133
   0.00127
   0.00119
   0.00108
   0.00101
   0.00097
   0.00098
   0.00096
   0.00092
   0.00086
   0.00082
   0.00079
   0.00077
   0.00077
   0.00079
   0.00084
   0.00095
   0.00096
   0.00099
   0.00033
   0.00262
   0.00109
   0.00106
   0.00098
   0.00091
   0.00085
   0.00082
   0.00086
   0.00101
   0.00115
   0.00112
   0.00107
   0.00104
   0.00101
   0.00095
   0.00087
   0.00076
   0.00064
   0.00063
   0.00062
   0.00061
   0.00060
   0.00063
   0.00064
   0.00065
   0.00065
   0.00063
   0.00059
   0.00052
   0.00048
   0.00050
   0.00043
   0.00043
   0.00040
   0.00035
   0.00037
   0.00034
   0.42749
   0.05903
   0.03863
   0.02995
   0.02333
   0.02200
   0.01945
   0.01840
   0.01765
   0.01767
   0.01700
   0.01536
   0.01175
   0.01058
   0.00943
   0.00985
   0.00888
   0.01035
   0.00716
   0.00897
   0.00572
   0.00531
   0.00582
   0.00917
   0.00470
   0.00529
   0.00621
   0.00735
   0.00798
   0.00307
   0.00316
   0.00302
   0.00280
   0.00392
   0.01229
   0.00285
   0.00316
   0.00389
   0.00555
   0.00566
   0.00567
   0.00290
   0.00403
   0.00356
   0.00413
   0.00349
   0.00227
   0.00217
   0.00208
   0.00202
   0.00200
   0.00206
   0.00206
   0.00189
   0.00178
   0.00167
   0.00158
   0.00151
   0.00144
   0.00139
   0.00135
   0.00131
   0.00129
   0.00126
   0.00124
   0.00121
   0.00120
   0.00119
   0.00118
   0.00115
   0.00114
   0.00119
   0.00186
   0.00156
   0.00161
   0.46067
   0.00136
   0.00128
   0.00119
   0.00110
   0.00104
   0.00099
   0.00096
   0.00095
   0.00101
   0.00101
   0.00092
   0.00086
   0.00079
   0.00073
   0.00068
   0.00063
   0.00059
   0.00056
   0.00053
   0.00051
   0.00049
   0.00047
   0.00046
   0.00045
   0.00044
   0.00043
   0.00043
   0.00042
   0.00042
   0.00043
   0.00043
   0.00045
   0.00050
   0.00064
   0.00059
   0.00065
   0.00080
   0.00068
   0.00049
   0.00051
   0.00055
   0.00061
   0.00066
   0.00067
   0.00066
   0.00063
   0.00060
   0.00056
   0.00053
   0.00049
   0.00046
   0.00043
   0.00040
   0.00038
   0.00037
   0.00037
   0.00040
   0.00027
   0.00033
   0.00030
   0.00024
   0.00024
   0.00024
   0.00023
   0.00021
   0.00020
   0.00020
   0.00019
   0.00019
   0.00018
   0.00018
   0.00017
   0.00016
   0.00016
   0.00016
   0.00015
   0.00015
   0.00015
   0.00015
   0.00016
   0.00028
   0.00015
   0.00017
   0.00016
   0.00016
   0.00017
   0.00017
   2.19699
   0.00015
   0.00015
   0.00015
   0.00016
   0.00016
   0.00016
   0.00017
   0.00017
   0.00018
   0.00018
   0.00019
   0.00019
   0.00020
   0.00020
   0.00021
   0.00021
   0.00020
   0.00020
   0.00019
   0.00019
   0.00018
   0.00018
   0.00018
   0.00019
   0.00020
   0.00023
   0.00028
   0.00031
   0.00030
   0.00029
   0.00028
   0.00027
   0.00026
   0.00024
   0.00023
   0.00021
   0.00020
   0.00019
   0.00017
   0.00016
   0.00016
   0.00016
   0.00010
   0.00013
   0.00012
   0.00012
   0.00011
   0.00008
   0.00007
   0.00007
   0.00007
   0.00007
   0.00006
   0.00006
   0.00006
   0.00006
   0.00005
   0.00004
   0.00004
   0.00004
   0.00004
   0.00004
   0.00004
   0.00004
   0.00004
   0.00004
   0.00005
   0.00005
   0.00005
   0.00005
   0.00005
   0.00005
   0.00006
   0.00006
   0.00006
   0.00006
   0.00006
   0.00007
   0.00007
   0.00007
   0.00007
   0.00007
   0.00007
   0.00007
   0.00007
   0.00006
   0.00006
   0.00006
   0.00006
   0.00006
   0.00007
   0.00008
   0.00010
   0.00011
   0.00010
   0.00010
   0.00010
   0.00010
   0.00010
   0.00009
   0.00009
   0.00009
   0.00008
   0.00008
   0.00007
   0.00007
   0.00006
   0.00006
   0.00003
   1.12109
   0.00382
   0.00268
   0.00206
   0.00165
   0.00139
   0.00120
   0.00109
   0.00099
   0.00091
   0.00085
   0.00078
   0.00073
   0.00068
   0.00064
   0.00061
   0.00058
   0.00055
   0.00053
   0.00051
   0.00049
   0.00046
   0.00045
   0.00044
   0.00039
   0.00037
   0.00035
   0.00033
   0.00030
   0.00027
   0.00023
   0.00020
   0.00020
   0.00021
   0.00020
   0.00016
   0.00018
   0.87786
   0.00174
   0.00125
   0.00099
   0.00082
   0.00069
   0.00060
   0.00053
   0.00048
   0.00044
   0.00040
   0.00037
   0.00035
   0.00034
   0.00032
   0.00031
   0.00030
   0.00030
   0.00030
   0.00029
   0.00029
   0.00028
   0.00027
   0.00027
   0.00026
   0.00025
   0.00024
   0.00024
   0.00023
   0.00023
   0.00019
   0.00018
   0.00016
   0.00015
   0.00015
   0.00014
   0.00015
   0.00013
   0.00013
   0.00012
   0.00011
   0.00011
   0.00010
   0.00010
   0.00010
   0.00010
   0.00009
   0.00009
   0.00009
   0.00008
   0.00008
   0.00007
   0.00007
   0.00007
   0.00007
   0.00008
   0.00008
   0.00020
   0.00013
   0.00013
   0.00013
   0.00013
   0.00013
   0.00013
   0.00013
   0.00013
   0.00013
   0.00013
   0.00013
   0.00013
   0.00013
   0.00013
   0.00013
   0.00013
   0.00013
   0.00013
   0.00013
   0.00013
   0.00012
   0.00012
   0.00012
   0.00011
   0.00010
   0.00010
   0.00009
   0.00009
   0.00009
   0.00009
   0.00009
   0.00009
   0.00009
   0.00009
   0.00009
   0.00009
   0.00009
   0.00009
   0.00009
   0.00008
   0.00008
   0.00008
   0.00008
   0.00008
   0.00005
   0.00004
   0.00003
   0.00005
   0.00004
   0.00004
   0.00004
   0.00004
   0.00004
   0.00004
   0.00003
   0.00003
   0.00003
   0.00003
   0.00003
   0.00003
   0.00003
   0.00002
   0.00002
   0.00002
   0.00002
   0.00003
   0.00002
   0.00002
   0.00002
   0.00002
   0.00002
   0.00002
   0.00002
   0.00002
   0.00001
   0.00001
   0.00001
   0.00001
   0.00001
   0.00001
   0.00001
   0.00001
   0.00001
   0.00001
   0.00001
   0.00001
   0.00001
   0.00001
   0.00001
   0.00001
   0.00001
   0.00001
   0.00001
   0.00000
   0.00000
   0.00001
   0.00101
   0.00036
   0.00030
   0.00027
   0.00024
   0.00021
   0.00019
   0.00018
   0.00016
   0.00015
   0.00014
   0.00012
   0.00011
   0.00010
   0.00010
   0.00009
   0.00008
   0.00007
   0.00007
   0.00006
   0.00006
   0.00005
   0.00005
   0.00005
   0.00004
   0.00004
   0.00004
   0.00003
   0.00003
   0.00003
   0.00003
   0.00003
   0.00002
   0.00002
   0.00002
   0.00002
   0.00002
   0.00002
   0.00002
   0.00002
   0.00001
   0.00001
   0.00001
   0.00001
   0.00001
   0.00001
   0.00001
   0.00001
   0.00001
   0.00001
   0.00001
   0.00001
   0.00001
   0.00001
   0.00001
   0.00001
   0.00001
   0.00001
   0.00001
   0.00001
   0.00001
   0.00001
   0.00001
   0.00001
   0.00001
   0.00001
   0.00001
   0.00001
   0.00001
   0.00001
   0.00001
   0.00001
   0.00001
   0.00001
   0.00001
   0.00001
   0.00001
   0.00001
   0.00001
   0.00001
   0.00001
   0.00001
   0.00001
   0.00001
   0.00001
   0.00001
   0.00000
   0.00046
   0.00000
   0.00000
   0.00000
   0.00000
   0.00000
   0.00000
   0.00000
   0.00000
   0.00000
   0.00000
   0.00000
   0.00000
   0.00000
   0.00000
   0.00000
   0.00000
   0.00000
   0.00000
   0.00000
   0.00000
   0.00000
   0.00000
   0.00000
   0.00000
   0.00000
   0.00000
   0.00000
   0.00000
   0.00000
   0.00000
   0.00000
   0.00000
   0.00000
   0.00000
   0.00000
   0.00000
   0.00000
   0.00000
   0.00000
   0.00000
   0.00000
   0.00000
   0.00000
   0.00000
   0.00000
   0.00000
   0.00000
   0.00000
   0.00000
   0.00000
   0.00000
   0.00000
   0.00000
   0.00000
   0.00000
   0.00000
   0.00000
   0.00000
   0.00000
   0.00000
   0.00000
   0.00000
   0.00000
   0.00000
   0.00000
   0.00001
   0.00001
   0.00001
   0.00001
   0.00001
   0.00001
   0.00001
   0.00001
   0.00001
   0.00001
   0.00001
   0.00001
   0.00001
   0.00001
   0.00000
   0.00000
   0.00000
   0.00000
   0.00000
   0.00000
   0.00000
   0.00000
   0.00000
   0.00000
   0.00000
   0.00000
   0.00000
   0.00000
   0.00000
   0.00000
   0.00000
   0.00000
