   0.64206
   0.63893
   0.63937
   0.63764
   0.63771
   0.63729
   0.63720
   0.63710
   0.63698
   0.63741
   0.63731
   0.63733
   0.63573
   0.63610
   0.63566
   0.63681
   0.63636
   0.63632
   0.63648
   0.63629
   0.63620
   0.63587
   0.63593
   0.63291
   0.62865
   0.62991
   0.62922
   0.62878
   0.62933
   0.62937
   0.62883
   0.62844
   0.62764
   0.62785
   0.62607
   0.62541
   0.62637
   0.62806
   0.62629
   0.62479
   0.62425
   0.62264
   0.62117
   0.62097
   0.61905
   0.61875
   0.61835
   0.61667
   0.61287
   0.60992
   0.60607
   0.60419
   0.59966
   0.59555
   0.59025
   0.58526
   0.58131
   0.57758
   0.57340
   0.56915
   0.56494
   0.56094
   0.55724
   0.55382
   0.55091
   0.54813
   0.54499
   0.54097
   0.53561
   0.52928
   0.52282
   0.51685
   0.51156
   0.50687
   0.50272
   0.49842
   0.49412
   0.48914
   0.48391
   0.47899
   0.47290
   0.46664
   0.45952
   0.45204
   0.44467
   0.43756
   0.43040
   0.42336
   0.41633
   0.40968
   0.40319
   0.39681
   0.39058
   0.38463
   0.37884
   0.37319
   0.36771
   0.36235
   0.35714
   0.35195
   0.34691
   0.34197
   0.33713
   0.33215
   0.32740
   0.32276
   0.31816
   0.31366
   0.30920
   0.30482
   0.30052
   0.29625
   0.29205
   0.28796
   0.28390
   0.27983
   0.27579
   0.27178
   0.26780
   0.26419
   0.26029
   0.25630
   0.25236
   0.24839
   0.24440
   0.24037
   0.23635
   0.23208
   0.22829
   0.22531
   0.22036
   0.21721
   0.21215
   0.20919
   0.20504
   0.20088
   0.19685
   0.19273
   0.18857
   0.18440
   0.18025
   0.17612
   0.17192
   0.16776
   0.16362
   0.15957
   0.15550
   0.15147
   0.14748
   0.14356
   0.13968
   0.13591
   0.13204
   0.12838
   0.12484
   0.12127
   0.11788
   0.11454
   0.11128
   0.10810
   0.10501
   0.10199
   0.09906
   0.09622
   0.09345
   0.09077
   0.08816
   0.08563
   0.08318
   0.08079
   0.07847
   0.07623
   0.07406
   0.07195
   0.06990
   0.06780
   0.06583
   0.06394
   0.06213
   0.06041
   0.05884
   0.05722
   0.05568
   0.05418
   0.05272
   0.05128
   0.04989
   0.04853
   0.04721
   0.04592
   0.04466
   0.04343
   0.04225
   0.04109
   0.03997
   0.03888
   0.03782
   0.03679
   0.03580
   0.03484
   0.03395
   0.03301
   0.03215
   0.03132
   0.03055
   0.02976
   0.02901
   0.02833
   0.02762
   0.02702
   0.02635
   0.02582
   0.02526
   0.02461
   0.02412
   0.02361
   0.02308
   0.02264
   0.02219
   0.02174
   0.02132
   0.02090
   0.02048
   0.02008
   0.01967
   0.01928
   0.01889
   0.01849
   0.01811
   0.01773
   0.01735
   0.01698
   0.01661
   0.01625
   0.01589
   0.01553
   0.01519
   0.01484
   0.01451
   0.01420
   0.01389
   0.01360
   0.01333
   0.01307
   0.01283
   0.01261
   0.01242
   0.01224
   0.01208
   0.01195
   0.01183
   0.01175
   0.01171
   0.01170
   0.01171
   0.01178
   0.01188
   0.01203
   0.01228
   0.01253
   0.01299
   0.01869
   0.02474
   0.02982
   0.03680
   0.06237
   0.05344
   0.04348
   0.05050
   0.04184
   0.03932
   0.00447
   0.00453
   0.00449
   0.00551
   0.03439
   0.00781
   0.03042
   0.00355
   0.00376
   0.00381
   0.03639
   0.00316
   0.03415
   0.00294
   0.01327
   0.02511
   0.00279
   0.01107
   0.00255
   0.02183
   0.00239
   0.01998
   0.00200
   0.00551
   0.00198
   0.00376
   0.00184
   0.00215
   0.00167
   0.00169
   0.00165
   0.00162
   0.00160
   0.00160
   0.00171
   0.00401
   0.00182
   0.00471
   0.00107
   0.00108
   0.00106
   0.00106
   0.00205
   0.00100
   0.00374
   0.00086
   0.00073
   0.00482
   0.00118
   0.00056
   0.00054
   0.00054
   0.00055
   0.00055
   0.00053
   0.00068
   0.00889
   0.00062
   0.00047
   0.00045
   0.00044
   0.00044
   0.00043
   0.00043
   0.00042
   0.00042
   0.00042
   0.00042
   0.00042
   0.00042
   0.00038
   0.00036
   0.00036
   0.00036
   0.00048
   0.00244
   0.00036
   0.00032
   0.00033
   0.00034
   0.00035
   0.01300
   0.00029
   0.00086
   0.00101
   0.00094
   0.00082
   0.00071
   0.00061
   0.00053
   0.00047
   0.00042
   0.00038
   0.00035
   0.00032
   0.00031
   0.00029
   0.00028
   0.00027
   0.00026
   0.00025
   0.00025
   0.00025
   0.00024
   0.00024
   0.00024
   0.00024
   0.00023
   0.00022
   0.00019
   0.00052
   0.01792
   0.00082
   0.00076
   0.00077
   0.00078
   0.00080
   0.00080
   0.00081
   0.00079
   0.00076
   0.00074
   0.00073
   0.00081
   0.00088
   0.00066
   0.00053
   0.00045
   0.00039
   0.00034
   0.00032
   0.00029
   0.00028
   0.00027
   0.00026
   0.00025
   0.00024
   0.00023
   0.00022
   0.00021
   0.00021
   0.00020
   0.00020
   0.00019
   0.00019
   0.00019
   0.00018
   0.00018
   0.00017
   0.00015
   0.00015
   0.00014
   0.00061
   0.00013
   0.00012
   0.00065
   0.00057
   0.00057
   0.00057
   0.00058
   0.00057
   0.00056
   0.00053
   0.00051
   0.00049
   0.00051
   0.00061
   0.00041
   0.00028
   0.00024
   0.00021
   0.00019
   0.00018
   0.00018
   0.00017
   0.00017
   0.00017
   0.00016
   0.00016
   0.00015
   0.00015
   0.00014
   0.00014
   0.00013
   0.00013
   0.00013
   0.00012
   0.00012
   0.00012
   0.00012
   0.00011
   0.00011
   0.00011
   0.00010
   0.00009
   0.00009
   0.00010
   0.00048
   0.00031
   0.00020
   0.00021
   0.00022
   0.00023
   0.00024
   0.00026
   0.00027
   0.00028
   0.00030
   0.00031
   0.00033
   0.00035
   0.00036
   0.00036
   0.00036
   0.00034
   0.00033
   0.00033
   0.00036
   0.00044
   0.00032
   0.00025
   0.00020
   0.00016
   0.00014
   0.00013
   0.00012
   0.00012
   0.00011
   0.00011
   0.00011
   0.00010
   0.00010
   0.00009
   0.00009
   0.00009
   0.00008
   0.00008
   0.00008
   0.00007
   0.00007
   0.00007
   0.00007
   0.00007
   0.00007
   0.00006
   0.00006
   0.00006
   0.00006
   0.00005
   0.00006
   0.00006
   0.00006
   0.00007
   0.00007
   0.00008
   0.00009
   0.00019
   0.00017
   0.00016
   0.00016
   0.00020
   0.00007
   0.00008
   0.00008
   0.00009
   0.00009
   0.00010
   0.00010
   0.00011
   0.00011
   0.00012
   0.00012
   0.00013
   0.00013
   0.00014
   0.00015
   0.00016
   0.00017
   0.00017
   0.00016
   0.00015
   0.00015
   0.00015
   0.00018
   0.00021
   0.00014
   0.00012
   0.00010
   0.00007
   0.00006
   0.00006
   0.00006
   0.00006
   0.00006
   0.00005
   0.00005
   0.00005
   0.00005
   0.00005
   0.00004
   0.00004
   0.00004
   0.00004
   0.00004
   0.00003
   0.00003
   0.00003
   0.00003
   0.00003
   0.00003
   0.00003
   0.00003
   0.00002
   0.00002
   0.00002
   0.00002
   0.00002
   0.00002
   0.00002
   0.00002
   0.00003
   0.00002
   0.00005
   0.00005
   0.00002
   0.00204
   0.00057
   0.00053
   0.00048
   0.00045
   0.00043
   0.00041
   0.00040
   0.00039
   0.00038
   0.00038
   0.00038
   0.00038
   0.00039
   0.00039
   0.00037
   0.00035
   0.00033
   0.00031
   0.00030
   0.00031
   0.00038
   0.00038
   0.00036
   0.00033
   0.00031
   0.00029
   0.00026
   0.00024
   0.00022
   0.00019
   0.00018
   0.00016
   0.00014
   0.00013
   0.00012
   0.00011
   0.00010
   0.00009
   0.00009
   0.00008
   0.00008
   0.00008
   0.00007
   0.00007
   0.00007
   0.00007
   0.00007
   0.00007
   0.00006
   0.00006
   0.00009
   0.00009
   0.00010
   0.00011
   0.00011
   0.00012
   0.00012
   0.00013
   0.00014
   0.00015
   0.00016
   0.00017
   0.00018
   0.00019
   0.00020
   0.00021
   0.00022
   0.00023
   0.00024
   0.00025
   0.00026
   0.00025
   0.00023
   0.00021
   0.00020
   0.00020
   0.00020
   0.00020
   0.00022
   0.00024
   0.00023
   0.00022
   0.00022
   0.00020
   0.00019
   0.00018
   0.00017
   0.00016
   0.00014
   0.00012
   0.00010
   0.00009
   0.00008
   0.00007
   0.00007
   0.00006
   0.00006
   0.00006
   0.00006
   0.00006
   0.00005
   0.00005
   0.00005
   0.00005
   0.00005
   0.00005
   0.00005
   0.00005
   0.00005
   0.00005
   0.00005
   0.00005
   0.00006
   0.00007
   0.01516
   0.00440
   0.00406
   0.00378
   0.00351
   0.00324
   0.00299
   0.00271
   0.00250
   0.00229
   0.00212
   0.00200
   0.00183
   0.00167
   0.00155
   0.00148
   0.00148
   0.00147
   0.00148
   0.00142
   0.00134
   0.00124
   0.00112
   0.00102
   0.00093
   0.00084
   0.00076
   0.00069
   0.00064
   0.00059
   0.00055
   0.00053
   0.00050
   0.00048
   0.00047
   0.00046
   0.00045
   0.00044
   0.00043
   0.00042
   0.00040
   0.00039
   0.00038
   0.00037
   0.00036
   0.00036
   0.00037
   0.00037
   0.00038
   0.00039
   0.00040
   0.00040
   0.00040
   0.00039
   0.00039
   0.00040
   0.00040
   0.00037
   0.00135
   0.00189
   0.00181
   0.00169
   0.00157
   0.00147
   0.00138
   0.00128
   0.00117
   0.00107
   0.00098
   0.00092
   0.00087
   0.00084
   0.00080
   0.00076
   0.00072
   0.00067
   0.00061
   0.00056
   0.00053
   0.00049
   0.00046
   0.00044
   0.00043
   0.00042
   0.00043
   0.00043
   0.00044
   0.00044
   0.00043
   0.00042
   0.00040
   0.00038
   0.00035
   0.00033
   0.00029
   0.00026
   0.00023
   0.00021
   0.00018
   0.00016
   0.00014
   0.00013
   0.00012
   0.00011
   0.00010
   0.00010
   0.00009
   0.00009
   0.00009
   0.00009
   0.00008
   0.00008
   0.00008
   0.00007
   0.00007
   0.00007
   0.00007
   0.00007
   0.00007
   0.00007
   0.00007
   0.00007
   0.00008
   0.00008
   0.00008
   0.00008
   0.00008
   0.00007
   0.00007
   0.00007
   0.00007
   0.00007
   0.00007
   0.00006
   0.00004
   0.00004
   0.00004
   0.00004
   0.00004
   0.00004
   0.00005
   0.00005
   0.00005
   0.00005
   0.00005
   0.00005
   0.00006
   0.00006
   0.00006
   0.00007
   0.00007
   0.00007
   0.00008
   0.00008
   0.00009
   0.00010
   0.00010
   0.00011
   0.00012
   0.00013
   0.00013
   0.00014
   0.00015
   0.00016
   0.00016
   0.00017
   0.00018
   0.00019
   0.00019
   0.00019
   0.00018
   0.00017
   0.00015
   0.00014
   0.00011
   0.00013
   0.00012
   0.00012
   0.00012
   0.00013
   0.00014
   0.00015
   0.00015
   0.00014
   0.00013
   0.00013
   0.00012
   0.00011
   0.00010
   0.00008
   0.00007
   0.00006
   0.00005
   0.00005
   0.00004
   0.00004
   0.00003
   0.00003
   0.00003
   0.00003
   0.00003
   0.00003
   0.00003
   0.00003
   0.00002
   0.00002
   0.00002
   0.00002
   0.00002
   0.00002
   0.00002
   0.00002
   0.00002
   0.00002
   0.00002
   0.00002
   0.00002
   0.00002
   0.00002
   0.00002
   0.00002
   0.00002
   0.00002
   0.00002
   0.00002
   0.00002
   0.00002
   0.00002
   0.00001
   0.00001
   0.00001
   0.00001
   0.00001
   0.00001
   0.00001
   0.00001
   0.00001
   0.00001
   0.00001
   0.00001
   0.00001
   0.00001
   0.00001
   0.00001
   0.00001
   0.00001
   0.00001
   0.00001
   0.00001
   0.00001
   0.00001
   0.00001
   0.00001
   0.00002
   0.00002
   0.00002
   0.00002
   0.00002
   0.00002
   0.00002
   0.00002
   0.00002
   0.00003
   0.00003
   0.00003
   0.00003
   0.00003
   0.00004
   0.00004
   0.00004
   0.00005
   0.00005
   0.00005
   0.00006
   0.00006
   0.00006
   0.00007
   0.00007
   0.00007
   0.00007
   0.00007
   0.00007
   0.00006
   0.00005
   0.00005
   0.00005
   0.00005
   0.00005
   0.00006
