   0.69756
   0.71674
   0.72031
   0.71851
   0.71350
   0.70819
   0.70442
   0.70204
   0.69974
   0.69737
   0.69535
   0.69340
   0.69148
   0.68961
   0.68771
   0.68588
   0.68403
   0.68214
   0.68027
   0.67845
   0.67655
   0.67468
   0.67268
   0.67088
   0.66887
   0.66690
   0.66486
   0.66272
   0.66080
   0.65859
   0.65647
   0.65417
   0.65219
   0.64989
   0.64756
   0.64517
   0.64295
   0.64043
   0.63825
   0.63549
   0.63315
   0.63092
   0.62717
   0.62547
   0.62283
   0.62003
   0.61767
   0.61578
   0.61235
   0.60983
   0.60752
   0.60492
   0.60232
   0.59974
   0.59718
   0.59463
   0.59203
   0.58947
   0.58689
   0.58433
   0.58182
   0.57919
   0.57678
   0.57416
   0.57173
   0.56915
   0.56662
   0.56413
   0.56168
   0.55928
   0.55671
   0.55434
   0.55225
   0.54926
   0.54821
   0.54833
   0.54529
   0.54189
   0.53871
   0.53595
   0.53349
   0.53123
   0.52904
   0.52686
   0.52491
   0.52343
   0.52178
   0.52012
   0.51841
   0.51686
   0.51559
   0.51404
   0.51262
   0.51139
   0.51035
   0.50973
   0.50946
   0.50880
   0.50885
   0.50935
   0.50975
   0.51048
   0.51144
   0.51248
   0.51395
   0.51524
   0.51637
   0.51784
   0.51880
   0.51899
   0.51847
   0.51712
   0.51523
   0.51257
   0.50948
   0.50625
   0.50328
   0.49970
   0.49684
   0.49343
   0.49043
   0.48747
   0.48447
   0.48157
   0.47878
   0.47602
   0.47356
   0.47074
   0.46833
   0.46539
   0.46316
   0.46036
   0.45769
   0.45501
   0.45211
   0.44959
   0.44686
   0.44386
   0.44108
   0.43816
   0.43509
   0.43226
   0.42963
   0.42611
   0.42360
   0.42035
   0.41784
   0.41463
   0.41172
   0.40860
   0.40550
   0.40233
   0.39964
   0.39630
   0.39325
   0.39015
   0.38717
   0.38401
   0.38089
   0.37807
   0.37470
   0.37187
   0.36855
   0.36579
   0.36253
   0.35959
   0.35655
   0.35377
   0.35044
   0.34788
   0.34460
   0.34156
   0.33900
   0.33570
   0.33271
   0.33029
   0.32709
   0.32371
   0.32111
   0.31832
   0.31544
   0.31312
   0.30941
   0.30693
   0.30488
   0.30242
   0.29881
   0.29619
   0.29300
   0.29031
   0.28756
   0.28456
   0.28185
   0.27878
   0.27593
   0.27327
   0.27052
   0.26798
   0.26503
   0.26201
   0.25951
   0.25660
   0.25382
   0.25119
   0.24845
   0.24567
   0.24278
   0.24025
   0.23761
   0.23476
   0.23216
   0.22978
   0.22703
   0.22465
   0.22378
   0.22106
   0.21791
   0.21484
   0.21184
   0.20897
   0.20659
   0.20388
   0.20109
   0.19826
   0.19573
   0.19273
   0.19039
   0.18715
   0.18481
   0.18196
   0.17969
   0.17667
   0.17440
   0.17158
   0.16896
   0.16638
   0.16359
   0.16128
   0.15861
   0.15585
   0.15345
   0.15091
   0.14818
   0.14530
   0.14304
   0.13998
   0.13797
   0.13504
   0.13284
   0.13000
   0.12772
   0.12496
   0.12260
   0.11983
   0.11748
   0.11472
   0.11237
   0.10974
   0.10738
   0.10439
   0.10242
   0.09992
   0.09734
   0.09508
   0.09261
   0.09027
   0.08779
   0.08542
   0.08294
   0.08097
   0.07837
   0.07643
   0.07438
   0.07235
   0.07051
   0.06870
   0.06689
   0.06517
   0.06356
   0.06207
   0.06061
   0.05927
   0.05791
   0.05675
   0.05547
   0.05457
   0.05328
   0.05249
   0.05158
   0.05059
   0.04995
   0.04897
   0.04836
   0.04754
   0.04695
   0.04612
   0.04577
   0.04478
   0.04437
   0.04356
   0.04313
   0.04243
   0.04190
   0.04120
   0.04067
   0.04000
   0.03949
   0.03898
   0.03842
   0.03785
   0.03735
   0.03678
   0.03627
   0.03569
   0.03519
   0.03464
   0.03411
   0.03363
   0.03318
   0.03263
   0.03218
   0.03173
   0.03129
   0.03079
   0.03033
   0.02993
   0.02948
   0.02904
   0.02864
   0.02826
   0.02777
   0.02737
   0.02691
   0.02653
   0.02618
   0.02569
   0.02533
   0.02504
   0.02464
   0.02425
   0.02401
   0.02358
   0.02325
   0.02298
   0.02255
   0.02230
   0.02194
   0.02168
   0.02132
   0.02112
   0.02075
   0.02046
   0.02023
   0.01990
   0.01969
   0.01938
   0.01915
   0.01889
   0.01864
   0.01845
   0.01814
   0.01795
   0.01770
   0.01749
   0.01726
   0.01707
   0.01684
   0.01665
   0.01644
   0.01624
   0.01606
   0.01586
   0.01565
   0.01541
   0.01541
   0.01512
   0.01504
   0.01477
   0.01468
   0.01448
   0.01433
   0.01416
   0.01405
   0.01387
   0.01381
   0.01355
   0.01358
   0.01323
   0.01338
   0.01292
   0.01313
   0.01269
   0.01290
   0.01241
   0.01263
   0.01228
   0.01232
   0.01223
   0.01185
   0.01236
   0.01127
   0.01267
   0.01058
   0.01321
   0.00990
   0.01360
   0.00934
   0.01301
   0.00923
   0.01342
   0.00875
   0.01252
   0.00876
   0.01418
   0.00786
   0.23418
   1.22667
   0.41437
   0.34495
   0.32083
   0.29459
   0.28836
   0.28272
   0.27787
   0.27357
   0.26978
   0.26637
   0.26328
   0.26057
   0.25837
   0.25674
   0.25573
   0.25538
   0.25565
   0.25642
   0.25753
   0.25869
   0.25963
   0.26012
   0.25990
   0.25890
   0.25715
   0.25474
   0.25186
   0.24867
   0.24534
   0.24199
   0.23866
   0.23538
   0.23220
   0.22909
   0.22607
   0.22314
   0.22030
   0.21755
   0.21487
   0.21228
   0.20978
   0.20730
   0.20493
   0.20262
   0.20036
   0.19816
   0.19601
   0.19390
   0.19186
   0.18990
   0.18784
   0.18595
   0.18401
   0.18216
   0.18030
   0.17851
   0.17671
   0.17489
   0.17314
   0.17137
   0.16966
   0.16793
   0.16620
   0.16451
   0.16276
   0.16108
   0.15936
   0.15767
   0.15596
   0.15427
   0.15260
   0.15085
   0.14916
   0.14747
   0.14575
   0.14406
   0.14234
   0.14070
   0.13894
   0.13724
   0.13557
   0.13387
   0.13218
