   0.68699
   0.68718
   0.68690
   0.68696
   0.68629
   0.68575
   0.68522
   0.68483
   0.68436
   0.68400
   0.68354
   0.68308
   0.68263
   0.68220
   0.68174
   0.68123
   0.68074
   0.68028
   0.67983
   0.67936
   0.67887
   0.67838
   0.67786
   0.67736
   0.67687
   0.67634
   0.67579
   0.67525
   0.67472
   0.67414
   0.67363
   0.67301
   0.67244
   0.67184
   0.67127
   0.67065
   0.67005
   0.66943
   0.66875
   0.66811
   0.66748
   0.66824
   0.68157
   0.68246
   0.67779
   0.67239
   0.66782
   0.66385
   0.66084
   0.65867
   0.65711
   0.65598
   0.65505
   0.65422
   0.65340
   0.65261
   0.65179
   0.65097
   0.65014
   0.64941
   0.64851
   0.64769
   0.64685
   0.64606
   0.64525
   0.64448
   0.64374
   0.64301
   0.64232
   0.64169
   0.64111
   0.64058
   0.64023
   0.63985
   0.63958
   0.63947
   0.63950
   0.63968
   0.64004
   0.64049
   0.64113
   0.64191
   0.64284
   0.64373
   0.64455
   0.64530
   0.64571
   0.64574
   0.64506
   0.64364
   0.64151
   0.63850
   0.63451
   0.63131
   0.62799
   0.62432
   0.62054
   0.61678
   0.61310
   0.60927
   0.60551
   0.60167
   0.59784
   0.59404
   0.59008
   0.58625
   0.58232
   0.57846
   0.57451
   0.57049
   0.56673
   0.56280
   0.55893
   0.55522
   0.55150
   0.54855
   0.54191
   0.53464
   0.52960
   0.52625
   0.52301
   0.52000
   0.51705
   0.51405
   0.51114
   0.50817
   0.50524
   0.50245
   0.49967
   0.49698
   0.49437
   0.49174
   0.48979
   0.48895
   0.48631
   0.48360
   0.48112
   0.47873
   0.47647
   0.47435
   0.47238
   0.47056
   0.46884
   0.46727
   0.46572
   0.46437
   0.46308
   0.46190
   0.46087
   0.45989
   0.45896
   0.45819
   0.45743
   0.45672
   0.45597
   0.45526
   0.45439
   0.45341
   0.45228
   0.45089
   0.44924
   0.44747
   0.44533
   0.44294
   0.44049
   0.43778
   0.43490
   0.43183
   0.42852
   0.42543
   0.42220
   0.41927
   0.41606
   0.41290
   0.40970
   0.40658
   0.40351
   0.40035
   0.39724
   0.39415
   0.39108
   0.38802
   0.38497
   0.38194
   0.37890
   0.37573
   0.37289
   0.36986
   0.36686
   0.36388
   0.36096
   0.35794
   0.35497
   0.35201
   0.34906
   0.34604
   0.34311
   0.34015
   0.33719
   0.33425
   0.33124
   0.32845
   0.32549
   0.32256
   0.31963
   0.31679
   0.31379
   0.31101
   0.30800
   0.30515
   0.30231
   0.29944
   0.29655
   0.29378
   0.29082
   0.28809
   0.28527
   0.28243
   0.27969
   0.27690
   0.27399
   0.27141
   0.26845
   0.26588
   0.26299
   0.26037
   0.25744
   0.25494
   0.25211
   0.24961
   0.24676
   0.24419
   0.24147
   0.23877
   0.23609
   0.23352
   0.23067
   0.22851
   0.22564
   0.22301
   0.22074
   0.21793
   0.21534
   0.21284
   0.21014
   0.20782
   0.20523
   0.20269
   0.20025
   0.19792
   0.19533
   0.19291
   0.19057
   0.18812
   0.18562
   0.18333
   0.18085
   0.17858
   0.17619
   0.17385
   0.17163
   0.16917
   0.16690
   0.16467
   0.16236
   0.16011
   0.15784
   0.15561
   0.15343
   0.15120
   0.14915
   0.14675
   0.14457
   0.14257
   0.14040
   0.13821
   0.13607
   0.13407
   0.13208
   0.12971
   0.12788
   0.12584
   0.12372
   0.12168
   0.11989
   0.11790
   0.11578
   0.11393
   0.11201
   0.11006
   0.10820
   0.10632
   0.10461
   0.10263
   0.10072
   0.09906
   0.09731
   0.09546
   0.09375
   0.09210
   0.09036
   0.08860
   0.08693
   0.08537
   0.08365
   0.08208
   0.08065
   0.07898
   0.07741
   0.07585
   0.07440
   0.07293
   0.07161
   0.07006
   0.06859
   0.06724
   0.06590
   0.06460
   0.06330
   0.06208
   0.06079
   0.05952
   0.05833
   0.05714
   0.05600
   0.05488
   0.05366
   0.05269
   0.05162
   0.05049
   0.04959
   0.04863
   0.04760
   0.04674
   0.04589
   0.04488
   0.04401
   0.04325
   0.04238
   0.04161
   0.04093
   0.04015
   0.03943
   0.03874
   0.03807
   0.03744
   0.03681
   0.03621
   0.03562
   0.03505
   0.03450
   0.03397
   0.03344
   0.03292
   0.03243
   0.03194
   0.03147
   0.03100
   0.03054
   0.03009
   0.02966
   0.02923
   0.02881
   0.02840
   0.02800
   0.02761
   0.02724
   0.02687
   0.02652
   0.02616
   0.02582
   0.02548
   0.02516
   0.02485
   0.02455
   0.02426
   0.02399
   0.02372
   0.02347
   0.02323
   0.02300
   0.02278
   0.02259
   0.02241
   0.02226
   0.02204
   0.02196
   0.02177
   0.02174
   0.02159
   0.02163
   0.02151
   0.02160
   0.02148
   0.02167
   0.02161
   0.02185
   0.02178
   0.02213
   0.02221
   0.02256
   0.02281
   0.02329
   0.02352
   0.02414
   0.02453
   0.02531
   0.02567
   0.02671
   0.02737
   0.02844
   0.02926
   0.03056
   0.03159
   0.03310
   0.03404
   0.03545
   0.03693
   0.03754
   0.03836
   0.03807
   0.03695
   0.03471
   0.03118
   0.02395
   0.01418
   0.01097
   0.01105
   0.01024
   0.01036
   0.01007
   0.01006
   0.00989
   0.00983
   0.00970
   0.00961
   0.00950
   0.00941
   0.00931
   0.00921
   0.00912
   0.00902
   0.00892
   0.00883
   0.00874
   0.00865
   0.00855
   0.00847
   0.00838
   0.00829
   0.00820
   0.00811
   0.00803
   0.00794
   0.00786
   0.00777
   0.00769
   0.00761
   0.00753
   0.00745
   0.00736
   0.00729
   0.00721
   0.00713
   0.00705
   0.00698
   0.00691
   0.00683
   0.00675
   0.00668
   0.00661
   0.00654
   0.00647
   0.00640
   0.00633
   0.00626
   0.00619
   0.00612
   0.00606
   0.00599
   0.00592
   0.00586
   0.00579
   0.00573
   0.00567
   0.00561
   0.00555
   0.00548
   0.00542
   0.00536
   0.00530
   0.00525
   0.00519
   0.00513
   0.00507
   0.00501
   0.00496
   0.00490
   0.00486
   0.00479
   0.00474
   0.00469
   0.00463
   0.00458
   0.00453
   0.00449
   0.00443
   0.00438
   0.00433
   0.00428
   0.00423
   0.00419
   0.00415
   0.00410
   0.00405
   0.00400
   0.00396
   0.00391
   0.00387
   0.00383
   0.00378
   0.00374
   0.00369
   0.00365
   0.00362
   0.00357
   0.00353
   0.00349
   0.00345
   0.00341
   0.00338
   0.00334
   0.00330
   0.00326
   0.00322
   0.00319
   0.00316
   0.00312
   0.00308
   0.00305
   0.00301
   0.00298
   0.00295
   0.00292
   0.00288
   0.00285
   0.00281
   0.00278
   0.00276
   0.00272
   0.00269
   0.00266
   0.00263
   0.00260
   0.00258
   0.00255
   0.00252
   0.00249
   0.00246
   0.00243
   0.00241
   0.00238
   0.00235
   0.00233
   0.00230
   0.00227
   0.00225
   0.00222
   0.00220
   0.00217
   0.00215
   0.00212
   0.00210
   0.00208
   0.00206
   0.00203
   0.00201
   0.00198
   0.00196
   0.00194
   0.00193
   0.00190
   0.00188
   0.00186
   0.00183
   0.00181
   0.00179
   0.00178
   0.00176
   0.00174
   0.00172
   0.00170
   0.00168
   0.00166
   0.00164
   0.00162
   0.00161
   0.00159
   0.00157
   0.00155
   0.00154
   0.00152
   0.00151
   0.00149
   0.00147
   0.00146
   0.00144
   0.00143
   0.00141
   0.00139
   0.00138
   0.00136
   0.00135
   0.00133
   0.00132
   0.00130
   0.00129
   0.00127
   0.00126
   0.00124
   0.00123
   0.00122
   0.00121
   0.00119
   0.00118
   0.00117
   0.00116
   0.00114
   0.00113
   0.00112
   0.00110
   0.00109
   0.00108
   0.00107
   0.00106
   0.00105
   0.00103
   0.00102
   0.00101
   0.00100
   0.00099
   0.00098
   0.00097
   0.00096
   0.00095
   0.00094
   0.00093
   0.00092
   0.00091
   0.00090
   0.00089
   0.00088
   0.00087
   0.00086
   0.00085
   0.00084
   0.00083
   0.00082
   0.00081
   0.00081
   0.00080
   0.00079
   0.00078
   0.00077
   0.00076
   0.00076
   0.00075
   0.00074
   0.00073
   0.00072
   0.00072
   0.00071
   0.00070
   0.00069
   0.00069
   0.00068
   0.00067
   0.00067
   0.00066
   0.00065
   0.00064
   0.00064
   0.00063
   0.00062
   0.00062
   0.00061
   0.00061
   0.00060
   0.00059
   0.00059
   0.00058
   0.00058
   0.00057
   0.00056
   0.00056
   0.00055
   0.00054
   0.00054
   0.00053
   0.00053
   0.00052
   0.00052
   0.00051
   0.00051
   0.00050
   0.00050
   0.00049
   0.00049
   0.00048
   0.00048
   0.00047
   0.00047
   0.00046
   0.00046
   0.00045
   0.00045
   0.00044
   0.00044
   0.00043
   0.00043
   0.00043
   0.00042
   0.00042
   0.00041
   0.00041
   0.00040
   0.00040
   0.00040
   0.00039
   0.00039
   0.00039
   0.00038
   0.00038
   0.00037
   0.00037
   0.00037
   0.00036
   0.00036
   0.00035
   0.00035
   0.00035
   0.00034
   0.00034
   0.00034
   0.00033
   0.00033
   0.00033
   0.00033
   0.00032
   0.00032
   0.00031
   0.00031
   0.00031
   0.00031
   0.00030
   0.00030
   0.00030
   0.00029
   0.00029
   0.00029
   0.00029
   0.00028
   0.00028
   0.00028
   0.00027
   0.00027
   0.00027
   0.00027
   0.00026
   0.00026
   0.00026
   0.00026
   0.00025
   0.00025
   0.00025
   0.00025
   0.00024
   0.00024
   0.00024
   0.00024
   0.00024
   0.00023
   0.00023
   0.00023
   0.00023
   0.00022
   0.00022
   0.00022
   0.00022
   0.00022
   0.00021
   0.00021
   0.00021
   0.00021
   0.00021
   0.00020
   0.00020
   0.00020
   0.00020
   0.00020
   0.00019
   0.00019
   0.00019
   0.00019
   0.00019
   0.00019
   0.00018
   0.00018
   0.00018
   0.00018
   0.00018
   0.00018
   0.00017
   0.00017
   0.00017
   0.00017
   0.00017
   0.00017
   0.00017
   0.00016
   0.00016
   0.00016
   0.00016
   0.00016
   0.00016
   0.00016
   0.00015
   0.00015
   0.00015
   0.00015
   0.00015
   0.00015
   0.00015
   0.00015
   0.00014
   0.00014
   0.00014
   0.00014
   0.00014
   0.00014
   0.00014
   0.00014
   0.00013
   0.00013
   0.00013
   0.00013
   0.00013
   0.00013
   0.00013
   0.00013
   0.00012
   0.00012
   0.00012
   0.00012
   0.00012
   0.00012
   0.00012
   0.00012
   0.00012
   0.00012
   0.00012
   0.00012
   0.00011
   0.00011
   0.00011
   0.00011
   0.00011
   0.00011
   0.00011
   0.00011
   0.00011
   0.00010
   0.00010
   0.00010
   0.00010
   0.00010
   0.00010
   0.00010
   0.00010
   0.00010
   0.00010
   0.00010
   0.00010
   0.00010
   0.00009
   0.00009
   0.00009
   0.00009
   0.00009
   0.00009
   0.00009
   0.00009
   0.00009
   0.00009
   0.00009
   0.00009
   0.00009
   0.00009
   0.00009
   0.00008
   0.00008
   0.00008
   0.00008
   0.00008
   0.00008
   0.00008
   0.00008
   0.00008
   0.00008
   0.00008
   0.00008
   0.00007
   0.00007
   0.00007
   0.00007
   0.00007
   0.00007
   0.00007
   0.00007
   0.00007
   0.00007
   0.00007
   0.00007
   0.00007
   0.00008
   0.00008
   0.00008
   0.00009
   0.00009
   0.00010
   0.00011
   0.00012
   0.00013
   0.00014
   0.00014
   0.00015
   0.00015
   0.00015
   0.00015
   0.00016
   0.00016
   0.00016
   0.00016
   0.00017
   0.00017
   0.00015
   0.00012
   0.29176
   0.15848
   0.09139
   0.05237
   0.03892
   0.02550
   0.01753
   0.01394
   0.01190
   0.01078
   0.01014
   0.00971
   0.00948
   0.00936
   0.00925
   0.00915
   0.00906
   0.00898
   0.00890
   0.00882
   0.00875
   0.00867
   0.00860
   0.00853
   0.00846
   0.00839
   0.00832
   0.00826
   0.00819
   0.00812
   0.00806
   0.00799
   0.00792
   0.00786
   0.00779
   0.00773
   0.00767
   0.00760
   0.00754
   0.00748
   0.00742
   0.00736
   0.00729
   0.00723
   0.00717
   0.00711
   0.00705
   0.00700
   0.00694
   0.00688
   0.00682
   0.00676
   0.00671
