   0.71021
   0.71927
   0.72086
   0.71409
   0.72394
   0.72407
   0.72822
   0.72663
   0.72629
   0.73371
   0.72867
   0.73293
   0.73833
   0.73120
   0.73626
   0.73457
   0.73464
   0.73393
   0.73521
   0.73660
   0.73669
   0.73436
   0.73302
   0.73014
   0.73037
   0.72753
   0.72379
   0.72252
   0.72168
   0.72219
   0.72308
   0.72378
   0.72486
   0.72615
   0.72780
   0.73013
   0.73280
   0.73592
   0.73966
   0.74394
   0.74858
   0.75360
   0.75885
   0.76416
   0.76962
   0.77521
   0.78093
   0.78716
   0.79388
   0.80127
   0.80912
   0.81793
   0.82696
   0.83736
   0.84801
   0.85965
   0.87044
   0.88236
   0.89318
   0.90475
   0.91494
   0.92490
   0.93492
   0.94566
   0.95642
   0.96649
   0.97652
   0.98695
   0.99665
   1.00731
   1.01604
   1.02488
   1.03326
   1.04117
   1.04872
   1.05654
   1.06328
   1.08303
   1.08591
   1.09090
   1.09561
   1.10045
   1.10582
   1.11120
   1.11638
   1.12099
   1.12510
   1.12930
   1.13254
   1.13589
   1.13855
   1.14008
   1.14071
   1.14114
   1.14034
   1.13947
   1.13803
   1.13628
   1.13327
   1.13014
   1.12609
   1.11930
   1.11245
   1.10334
   1.09376
   1.08249
   1.06819
   1.05331
   1.03669
   1.01791
   0.99704
   0.97475
   0.95068
   0.92545
   0.89851
   0.87005
   0.83951
   0.80860
   0.77644
   0.74402
   0.71127
   0.67796
   0.64431
   0.61159
   0.58005
   0.54962
   0.52128
   0.49453
   0.46949
   0.44819
   0.42652
   0.41066
   0.39538
   0.38378
   0.37367
   0.36095
   0.34953
   0.34187
   0.32831
   0.31532
   0.30092
   0.28489
   0.26579
   0.24611
   0.22118
   0.20098
   0.17754
   0.15527
   0.13737
   0.12018
   0.10934
   0.09807
   0.09021
   0.08432
   0.07986
   0.07633
   0.07372
   0.07157
   0.07042
   0.07003
   0.07272
   0.08115
   0.06964
   0.06745
   0.07864
   0.07611
   0.04229
   0.03886
   0.03647
   0.03125
   0.02810
   0.03199
   0.02301
   0.02287
   0.02525
   0.02950
   0.15594
   0.02266
   0.01687
   0.01509
   0.01194
   0.01200
   0.01202
   0.02472
   0.01249
   0.02701
   0.00747
   0.00819
   0.00796
   0.00594
   0.00501
   0.00735
   0.00743
   0.00754
   0.01040
   0.00556
   0.00571
   0.00621
   0.00529
   0.00559
   0.07357
   0.00559
   0.01269
   0.00751
   0.09428
   0.00318
   0.00771
   0.00523
   0.00563
   0.00953
   0.00284
   0.00559
   0.00742
   0.00448
   0.00375
   0.00613
   0.00335
   0.00560
   0.11587
   0.00370
   0.06089
   0.00762
   0.00951
   0.00673
   0.00763
   0.00405
   0.00478
   0.00475
   0.00475
   0.01200
   0.00458
   0.00752
   0.00270
   0.01072
   0.00632
   0.00640
   0.06621
   0.00609
   0.00576
   0.00528
   0.00583
   0.00647
   0.00736
   0.00496
   0.00420
   0.00548
   0.00680
   0.00673
   0.00847
   0.00317
   0.00294
   0.00286
   0.00227
   0.00272
   0.01129
   0.00642
   0.00512
   0.00440
   0.00464
   0.00439
   0.00209
   0.00201
   0.00190
   0.00130
   0.00139
   0.00236
   0.00137
   0.00143
   0.00181
   0.00170
   0.00169
   0.00234
   0.00673
   0.00404
   0.00350
   0.00344
   0.00336
   0.00194
   0.00957
   0.00461
   0.00398
   0.00462
   0.00562
   0.10731
   0.00244
   0.00228
   0.00267
   0.00176
   0.00226
   0.00612
   0.00199
   0.00176
   0.00210
   0.03092
   0.05891
   0.52341
   0.60917
   0.13952
   0.89636
   0.75818
   0.54872
   0.52147
   0.49318
   0.45370
   0.28121
   0.35564
   0.00946
   0.00399
   0.00585
   0.00868
   0.01109
   0.00141
   0.00825
   0.01084
   0.00104
   0.13494
   0.00510
   0.00712
   0.00872
   0.00851
   0.00396
   1.40620
   0.00842
   0.00711
   0.00060
   0.00381
   0.00611
   0.00869
   0.00402
   0.00847
   0.00893
   0.00549
   0.00492
   0.00461
   0.00796
   0.00256
   0.00277
   0.00335
   0.00631
   0.00216
   0.00301
   0.00561
   0.00569
   0.00410
   0.00161
   0.00520
   0.00171
   0.00178
   0.00190
   0.00472
   0.71217
   0.71792
   0.71781
   0.71761
   0.71750
   0.71744
   0.71740
   0.71738
   0.71737
   0.71736
   0.71736
   0.71735
   0.71735
   0.71735
   0.71735
   0.71735
   0.71734
   0.71734
   0.71734
   0.71734
   0.71734
   0.71734
   0.71733
   0.71733
   0.71733
   0.71733
   0.71733
   0.71732
   0.71732
   0.71732
   0.71732
   0.71732
   0.71732
   0.71732
   0.71732
   0.71731
   0.71731
   0.71731
   0.71731
   0.71731
   0.71731
   0.71731
   0.71731
   0.71730
   0.71730
   0.71730
   0.71730
   0.71730
   0.71730
   0.71730
   0.71729
   0.71728
   0.71728
   0.71727
   0.71727
   0.71727
   0.71727
   0.71727
   0.71727
   0.71727
   0.71727
   0.71726
   0.71726
   0.71726
   0.71726
   0.71726
   0.71726
   0.71726
   0.71726
   0.71726
   0.71726
   0.71726
   0.71725
   0.71725
   0.71725
   0.71725
   0.71725
   0.71725
   0.71725
   0.71725
   0.71725
   0.71725
   0.71724
   0.71724
   0.71724
   0.71724
   0.71724
   0.71724
   0.71724
   0.71724
   0.71724
   0.71724
   0.71723
   0.71723
   0.71723
   0.71723
   0.71723
   0.71723
   0.71723
   0.71723
   0.71723
   0.71723
   0.71722
   0.71722
   0.71722
   0.71722
   0.71722
   0.71722
   0.71722
   0.71722
   0.71722
   0.71721
   0.71721
   0.71721
   0.71721
   0.71721
   0.71721
   0.71721
   0.71721
   0.71720
   0.71720
   0.71720
   0.71720
   0.71720
   0.71720
   0.71720
   0.71720
   0.71720
   0.71720
   0.71720
   0.71720
   0.71719
   0.71719
   0.71719
   0.71719
   0.71719
   0.71719
   0.71719
   0.71719
   0.71719
   0.71719
   0.71719
   0.71718
   0.71718
   0.71718
   0.71718
   0.71718
   0.71718
   0.71718
   0.71718
   0.71718
   0.71718
   0.71718
   0.71717
   0.71717
   0.71717
   0.71717
   0.71717
   0.71717
   0.71717
   0.71717
   0.71717
   0.71717
   0.71717
   0.71717
   0.71716
   0.71716
   0.71716
   0.71716
   0.71716
   0.71716
   0.71716
   0.71716
   0.71716
   0.71716
   0.71716
   0.71715
   0.71715
   0.71715
   0.71715
   0.71715
   0.71715
   0.71715
   0.71715
   0.71715
   0.71715
   0.71715
   0.71714
   0.71714
   0.71714
   0.71714
   0.71714
   0.71714
   0.71714
   0.71714
   0.71714
   0.71714
   0.71713
   0.71713
   0.71713
   0.71713
   0.71713
   0.71713
   0.71713
   0.71713
   0.71713
   0.71713
   0.71713
   0.71712
   0.71712
   0.71712
   0.71712
   0.71712
   0.71712
   0.71712
   0.71712
   0.71712
   0.71712
   0.71712
   0.71711
   0.71711
   0.71711
   0.71711
   0.71711
   0.71711
   0.71711
   0.71711
   0.71711
   0.71711
   0.71710
   0.71710
   0.71710
   0.71710
   0.71710
   0.71710
   0.71710
   0.71710
   0.71710
   0.71710
   0.71709
   0.71709
   0.71709
   0.71709
   0.71709
   0.71709
   0.71709
   0.71709
   0.71709
   0.71709
   0.71709
   0.71708
   0.71708
   0.71708
   0.71708
   0.71708
   0.71708
   0.71708
   0.71708
   0.71708
   0.71708
   0.71707
   0.71707
   0.71707
   0.71707
   0.71707
   0.71707
   0.71707
   0.71707
   0.71707
   0.71706
   0.71706
   0.71706
   0.71706
   0.71706
   0.71706
   0.71706
   0.71706
   0.71706
   0.71706
   0.71705
   0.71705
   0.71705
   0.71705
   0.71705
   0.71705
   0.71705
   0.71705
   0.71705
   0.71705
   0.71704
   0.71704
   0.71704
   0.71704
   0.71704
   0.71704
   0.71704
   0.71704
   0.71704
   0.71703
   0.71703
   0.71703
   0.71703
   0.71703
   0.71703
   0.71703
   0.71703
   0.71703
   0.71702
   0.71702
   0.71702
   0.71702
   0.71702
   0.71702
   0.71702
   0.71702
   0.71701
   0.71701
   0.71701
   0.71701
   0.71701
   0.71701
   0.71701
   0.71701
   0.71701
   0.71701
   0.71700
   0.71700
   0.71700
   0.71700
   0.71700
   0.71700
   0.71700
   0.71700
   0.71700
   0.71699
   0.71699
   0.71699
   0.71699
   0.71699
   0.71699
   0.71699
   0.71699
   0.71698
   0.71698
   0.71698
   0.71698
   0.71698
   0.71698
   0.71698
   0.71698
   0.71698
   0.71698
   0.71697
   0.71697
   0.71697
   0.71697
   0.71697
   0.71697
   0.71697
   0.71697
   0.71697
   0.71697
   0.71696
   0.71696
   0.71696
   0.71696
   0.71696
   0.71696
   0.71696
   0.71696
   0.71696
   0.71695
   0.71695
   0.71695
   0.71695
   0.71695
   0.71695
   0.71695
   0.71695
   0.71695
   0.71695
   0.71694
   0.71694
   0.71694
   0.71694
   0.71694
   0.71694
   0.71694
   0.71694
   0.71690
   0.71687
   0.71686
   0.71686
   0.71686
   0.71686
   0.71686
   0.71686
   0.71686
   0.71686
   0.71686
   0.71683
   0.71679
   0.71678
   0.71678
   0.71678
   0.71678
   0.71678
   0.71678
   0.71678
   0.71678
   0.71678
   0.71678
   0.71677
   0.71677
   0.71677
   0.71677
   0.71677
   0.71677
   0.71677
   0.71677
   0.71677
   0.71677
   0.71677
   0.71677
   0.71677
   0.71677
   0.71677
   0.71677
   0.71676
   0.71676
   0.71676
   0.71676
   0.71676
   0.71676
   0.71676
   0.71676
   0.71676
   0.71676
   0.71676
   0.71676
   0.71676
   0.71676
   0.71676
   0.71675
   0.71675
   0.71675
   0.71675
   0.71675
   0.71675
   0.71675
   0.71675
   0.71675
   0.71675
   0.71675
   0.71675
   0.71675
   0.71675
   0.71675
   0.71674
   0.71674
   0.71674
   0.71674
   0.71674
   0.71674
   0.71674
   0.71674
   0.71674
   0.71673
   0.71673
   0.71673
   0.71673
   0.71672
   0.71672
   0.71672
   0.71672
   0.71672
   0.71672
   0.71672
   0.71672
   0.71672
   0.71672
   0.71672
   0.71672
   0.71672
   0.71672
   0.71672
   0.71672
   0.71672
   0.71672
   0.71672
   0.71672
   0.71672
   0.71672
   0.71672
   0.71671
   0.71671
   0.71671
   0.71671
   0.71671
   0.71671
   0.71671
   0.71671
   0.71671
   0.71671
   0.71671
   0.71671
   0.71671
   0.71671
   0.71671
   0.71671
   0.71671
   0.71671
   0.71671
   0.71671
   0.71671
   0.71671
   0.71671
   0.71671
   0.71670
   0.71670
   0.71670
   0.71670
   0.71670
   0.71670
   0.71670
   0.71670
   0.71670
   0.71670
   0.71670
   0.71670
   0.71670
   0.71670
   0.71670
   0.71670
   0.71670
   0.71670
   0.71670
   0.71670
   0.71670
   0.71670
   0.71670
   0.71669
   0.71669
   0.71669
   0.71669
   0.71669
   0.71669
   0.71669
   0.71669
   0.71669
   0.71669
   0.71669
   0.71669
   0.71669
   0.71669
   0.71669
   0.71669
   0.71669
   0.71669
   0.71669
   0.71669
   0.71669
   0.71669
   0.71668
   0.71668
   0.71668
   0.71668
   0.71668
   0.71668
   0.71668
   0.71668
   0.71668
   0.71668
   0.71668
   0.71668
   0.71668
   0.71668
   0.71668
   0.71668
   0.71668
   0.71668
   0.71668
   0.71668
   0.71668
   0.71668
   0.71668
   0.71667
   0.71667
   0.71667
   0.71667
   0.71667
   0.71667
   0.71667
   0.71667
   0.71667
   0.71667
   0.71667
   0.71667
   0.71667
   0.71667
   0.71667
   0.71667
   0.71667
   0.71667
   0.71667
   0.71667
   0.71667
   0.71667
   0.71666
   0.71666
   0.71666
   0.71666
   0.71666
   0.71666
   0.71666
   0.71666
   0.71666
   0.71666
   0.71666
   0.71666
   0.71666
   0.71666
   0.71666
   0.71666
   0.71666
   0.71666
   0.71666
   0.71666
   0.71666
   0.71666
   0.71665
   0.71665
   0.71665
   0.71665
   0.71665
   0.71665
   0.71665
   0.71665
   0.71665
   0.71665
   0.71665
   0.71665
   0.71665
   0.71665
   0.71665
   0.71665
   0.71665
   0.71665
   0.71665
   0.71665
