   0.63344
   0.63572
   0.63539
   0.63505
   0.63478
   0.63326
   0.63268
   0.63080
   0.63046
   0.62973
   0.62792
   0.62689
   0.62545
   0.62476
   0.62448
   0.62370
   0.62307
   0.62248
   0.62132
   0.62111
   0.62071
   0.61938
   0.61892
   0.61799
   0.61749
   0.61639
   0.61560
   0.61474
   0.61385
   0.61297
   0.61190
   0.61090
   0.60986
   0.60901
   0.60784
   0.60680
   0.60246
   0.60091
   0.60002
   0.59904
   0.59807
   0.59690
   0.59590
   0.59490
   0.59365
   0.59245
   0.59097
   0.58953
   0.58841
   0.58684
   0.58531
   0.58380
   0.58241
   0.58104
   0.57955
   0.57804
   0.57665
   0.57525
   0.57378
   0.57231
   0.57080
   0.56942
   0.56781
   0.56608
   0.56446
   0.56258
   0.56063
   0.55839
   0.55603
   0.55351
   0.55075
   0.54788
   0.54486
   0.54168
   0.53846
   0.53503
   0.53153
   0.52790
   0.52418
   0.52034
   0.51646
   0.51238
   0.50835
   0.50412
   0.49986
   0.49554
   0.49106
   0.48645
   0.48188
   0.47715
   0.47237
   0.46754
   0.46261
   0.45768
   0.45272
   0.44773
   0.44271
   0.43773
   0.43259
   0.42752
   0.42258
   0.41775
   0.41302
   0.40840
   0.40385
   0.39977
   0.39535
   0.39126
   0.38744
   0.38379
   0.38071
   0.37751
   0.37459
   0.37210
   0.36943
   0.36912
   0.36734
   0.36580
   0.36398
   0.36195
   0.35892
   0.35467
   0.34942
   0.34334
   0.33658
   0.32997
   0.32354
   0.31706
   0.31021
   0.30470
   0.29900
   0.29364
   0.28823
   0.28304
   0.27784
   0.27255
   0.26737
   0.26226
   0.25692
   0.25189
   0.24684
   0.24182
   0.23655
   0.23179
   0.22663
   0.22195
   0.21705
   0.21236
   0.20772
   0.20311
   0.19865
   0.19424
   0.18989
   0.18565
   0.18151
   0.17745
   0.17343
   0.16952
   0.16557
   0.16180
   0.15814
   0.15436
   0.15093
   0.14740
   0.14408
   0.14059
   0.13745
   0.13418
   0.13109
   0.12801
   0.12501
   0.12213
   0.11927
   0.11622
   0.11358
   0.11150
   0.10835
   0.10577
   0.10403
   0.10091
   0.09859
   0.09702
   0.09403
   0.09189
   0.09053
   0.08768
   0.08637
   0.08365
   0.08248
   0.07986
   0.07877
   0.07624
   0.07525
   0.07295
   0.07104
   0.07024
   0.06816
   0.06627
   0.06562
   0.06359
   0.06182
   0.06132
   0.05936
   0.05772
   0.05722
   0.05551
   0.05396
   0.05263
   0.05228
   0.05067
   0.04948
   0.04854
   0.04738
   0.04649
   0.04537
   0.04433
   0.04350
   0.04247
   0.04154
   0.04060
   0.03966
   0.03889
   0.03799
   0.03725
   0.03636
   0.03568
   0.03475
   0.03416
   0.03322
   0.03269
   0.03190
   0.03117
   0.03054
   0.02979
   0.02923
   0.02857
   0.02793
   0.02735
   0.02672
   0.02614
   0.02557
   0.02498
   0.02451
   0.02390
   0.02344
   0.02287
   0.02243
   0.02191
   0.02147
   0.02098
   0.02057
   0.02011
   0.01971
   0.01930
   0.01873
   0.01853
   0.01791
   0.01761
   0.01733
   0.01676
   0.01645
   0.01613
   0.01586
   0.01539
   0.01508
   0.01477
   0.01452
   0.01410
   0.01383
   0.01357
   0.01323
   0.01300
   0.01268
   0.01241
   0.01212
   0.01188
   0.01163
   0.01136
   0.01109
   0.01089
   0.01065
   0.01038
   0.01012
   0.00993
   0.00967
   0.00945
   0.00927
   0.00900
   0.00885
   0.00859
   0.00845
   0.00820
   0.00807
   0.00786
   0.00768
   0.00749
   0.00736
   0.00716
   0.00702
   0.00683
   0.00669
   0.00649
   0.00641
   0.00621
   0.00612
   0.00593
   0.00582
   0.00566
   0.00556
   0.00540
   0.00531
   0.00515
   0.00507
   0.00492
   0.00481
   0.00470
   0.00458
   0.00452
   0.00437
   0.00428
   0.00417
   0.00411
   0.00398
   0.00387
   0.00380
   0.00369
   0.00364
   0.00352
   0.00347
   0.00335
   0.00327
   0.00321
   0.00311
   0.00305
   0.00299
   0.00290
   0.00283
   0.00278
   0.00269
   0.00264
   0.00255
   0.00249
   0.00244
   0.00238
   0.00232
   0.00225
   0.00220
   0.00212
   0.00208
   0.00202
   0.00197
   0.00193
   0.00186
   0.00182
   0.00177
   0.00172
   0.00167
   0.00163
   0.00159
   0.00155
   0.00151
   0.00147
   0.00144
   0.00140
   0.00137
   0.00134
   0.00132
   0.00129
   0.00128
   0.00128
   0.00132
   0.00139
   0.00144
   0.00143
   0.00149
   0.00138
   0.00353
   0.00159
   0.00101
   0.00103
   0.00100
   0.00098
   0.00096
   0.00094
   0.00091
   0.00090
   0.00088
   0.00085
   0.00084
   0.00082
   0.00080
   0.00079
   0.00077
   0.00075
   0.00073
   0.00072
   0.00070
   0.00069
   0.00068
   0.00066
   0.00065
   0.00063
   0.00063
   0.00061
   0.00060
   0.00059
   0.00057
   0.00057
   0.00055
   0.00055
   0.00053
   0.00052
   0.00051
   0.00050
   0.00050
   0.00048
   0.00047
   0.00046
   0.00046
   0.00045
   0.00044
   0.00044
   0.00043
   0.00042
   0.00041
   0.00041
   0.00040
   0.00039
   0.00038
   0.00038
   0.00037
   0.00037
   0.00036
   0.00035
   0.00035
   0.00034
   0.00034
   0.00033
   0.00033
   0.00032
   0.00032
   0.00031
   0.00031
   0.00030
   0.00030
   0.00030
   0.00030
   0.00029
   0.00029
   0.00029
   0.00029
   0.00028
   0.00028
   0.00027
   0.00027
   0.00025
   0.00024
   0.00022
   0.00019
   0.00018
   0.00017
   0.00017
   0.00016
   0.00057
   0.00027
   0.00017
   0.00016
   0.00015
   0.00055
   0.00039
   0.00016
   0.00014
   0.00016
   1.69600
   0.00048
   0.00058
   0.00016
   0.00017
   0.00017
   0.00016
   0.00016
   0.00016
   0.00016
   0.00016
   0.00016
   0.00016
   0.00016
   0.00016
   0.00016
   0.00016
   0.00016
   0.00016
   0.00016
   0.00016
   0.00016
   0.00016
   0.00016
   0.00016
   0.00016
   0.00016
