   0.64037
   0.63975
   0.63946
   0.63952
   0.63950
   0.63952
   0.64051
   0.64143
   0.64161
   0.64140
   0.64131
   0.64110
   0.64095
   0.64078
   0.64056
   0.64017
   0.64009
   0.63985
   0.63963
   0.63932
   0.63904
   0.63873
   0.63837
   0.63802
   0.63763
   0.63723
   0.63678
   0.63633
   0.63582
   0.63533
   0.63478
   0.63427
   0.63366
   0.63309
   0.63248
   0.63181
   0.63075
   0.63018
   0.62954
   0.62888
   0.62797
   0.62729
   0.62659
   0.62588
   0.62521
   0.62476
   0.62439
   0.62418
   0.62512
   0.62487
   0.62439
   0.62305
   0.62211
   0.62142
   0.62025
   0.61742
   0.61526
   0.61263
   0.60854
   0.60543
   0.60132
   0.59714
   0.59296
   0.58868
   0.58446
   0.58046
   0.57660
   0.57306
   0.56989
   0.56723
   0.56515
   0.56353
   0.56226
   0.56053
   0.55786
   0.55400
   0.54948
   0.54474
   0.54030
   0.53646
   0.53347
   0.53062
   0.52767
   0.52487
   0.52200
   0.51886
   0.51544
   0.51152
   0.50698
   0.50241
   0.49747
   0.49215
   0.48682
   0.48108
   0.47565
   0.47007
   0.46439
   0.45901
   0.45360
   0.44825
   0.44299
   0.43779
   0.43261
   0.42757
   0.42259
   0.41766
   0.41279
   0.40799
   0.40325
   0.39856
   0.39407
   0.38942
   0.38474
   0.38038
   0.37592
   0.37147
   0.36708
   0.36269
   0.35836
   0.35406
   0.34980
   0.34557
   0.34136
   0.33716
   0.33301
   0.32887
   0.32472
   0.32060
   0.31649
   0.31239
   0.30829
   0.30416
   0.30009
   0.29583
   0.29168
   0.28760
   0.28343
   0.27931
   0.27497
   0.27078
   0.26662
   0.26239
   0.25811
   0.25373
   0.24940
   0.24503
   0.24066
   0.23623
   0.23183
   0.22736
   0.22287
   0.21837
   0.21387
   0.20936
   0.20483
   0.20033
   0.19587
   0.19139
   0.18691
   0.18249
   0.17808
   0.17366
   0.16932
   0.16504
   0.16082
   0.15664
   0.15253
   0.14850
   0.14455
   0.14067
   0.13688
   0.13315
   0.12950
   0.12593
   0.12243
   0.11902
   0.11570
   0.11246
   0.10930
   0.10621
   0.10322
   0.10029
   0.09746
   0.09470
   0.09201
   0.08939
   0.08684
   0.08437
   0.08195
   0.07960
   0.07731
   0.07507
   0.07289
   0.07077
   0.06870
   0.06668
   0.06470
   0.06278
   0.06090
   0.05911
   0.05728
   0.05559
   0.05383
   0.05222
   0.05055
   0.04901
   0.04743
   0.04596
   0.04449
   0.04307
   0.04168
   0.04034
   0.03903
   0.03776
   0.03654
   0.03535
   0.03420
   0.03310
   0.03206
   0.03101
   0.03003
   0.02909
   0.02816
   0.02732
   0.02648
   0.02574
   0.02496
   0.02431
   0.02361
   0.02303
   0.02240
   0.02193
   0.02136
   0.02099
   0.02052
   0.02019
   0.01978
   0.01960
   0.01931
   0.01913
   0.01890
   0.01877
   0.01870
   0.01865
   0.01864
   0.01873
   0.01880
   0.01902
   0.01923
   0.01946
   0.01975
   0.02013
   0.02057
   0.02107
   0.02168
   0.02238
   0.02319
   0.02411
   0.02520
   0.02658
   0.02806
   0.03018
   0.03187
   0.03612
   0.04283
   0.03804
   0.02166
   0.02263
   0.02041
   0.02099
   0.02316
   0.02661
   0.02415
   0.01693
   0.01080
   0.00438
   0.00408
   0.00407
   0.00510
   0.00445
   0.00358
   0.00348
   0.00335
   0.00369
   0.00317
   0.00760
   0.00888
   0.00676
   0.00287
   0.00274
   0.00265
   0.00256
   0.00247
   0.00239
   0.00233
   0.00224
   0.00228
   0.00211
   0.00234
   0.00196
   0.00222
   0.00194
   0.00179
   0.00184
   0.00168
   0.00167
   0.00159
   0.00154
   0.00149
   0.00143
   0.00138
   0.00133
   0.00129
   0.00125
   0.00121
   0.00118
   0.00114
   0.00111
   0.00108
   0.00105
   0.00102
   0.00098
   0.00095
   0.00092
   0.00088
   0.00086
   0.00084
   0.00080
   0.00076
   0.00072
   0.00069
   0.00066
   0.00063
   0.00060
   0.00058
   0.00055
   0.00051
   0.00046
   0.00043
   0.00042
   0.00040
   0.00038
   0.00036
   0.00040
   0.00043
   0.00039
   0.00030
   0.00029
   0.00028
   0.00026
   0.00025
   0.05288
   0.02790
   0.02542
   0.02437
   0.02321
   0.02202
   0.02093
   0.02002
   0.01927
   0.01865
   0.01809
   0.01754
   0.01699
   0.01640
   0.01581
   0.01523
   0.01469
   0.01422
   0.01383
   0.01355
   0.01330
   0.01311
   0.01287
   0.01259
   0.01221
   0.01177
   0.01132
   0.01085
   0.01036
   0.00992
   0.00948
   0.00909
   0.00870
   0.00836
   0.00800
   0.00770
   0.00740
   0.00710
   0.00683
   0.00656
   0.00629
   0.00605
   0.00580
   0.00556
   0.00536
   0.00514
   0.00496
   0.00477
   0.00462
   0.00448
   0.00445
   0.00444
   0.00444
   0.00403
   0.00363
   0.00339
   0.00344
   0.00544
   0.00268
   0.00259
   0.00251
   0.00243
   0.00235
   0.00228
   0.00220
   0.00213
   0.00206
   0.00199
   0.00192
   0.00186
   0.00179
   0.00173
   0.00167
   0.00161
   0.00155
   0.00149
   0.00144
   0.00140
   0.00135
   0.00131
   0.00126
   0.00121
   0.00117
   0.00113
   0.00110
   0.00109
   0.00113
   0.00122
   0.00122
   0.00105
   0.00090
   0.00089
   0.00095
   0.00116
   0.00140
   0.00172
   0.00200
   0.00208
   0.00199
   0.00090
   0.00086
   0.00082
   0.00082
   0.00082
   0.00081
   0.00079
   0.00078
   0.00077
   0.00077
   0.00077
   0.00078
   0.00078
   0.00078
   0.00078
   0.00076
   0.00074
   0.00071
   0.00068
   0.00065
   0.00061
   0.00057
   0.00056
   0.00056
   0.00054
   0.00051
   0.00051
   0.00052
   0.00048
   0.00047
   0.00047
   0.00047
   0.00046
   0.00046
   0.00046
   0.00047
   0.00047
   0.00047
   0.00047
   0.00046
   0.00045
   0.00042
   0.01888
   0.00054
   0.00049
   0.00050
   0.00050
   0.00050
   0.00049
   0.00048
   0.00047
   0.00046
   0.00045
   0.00045
   0.00045
   0.00045
   0.00045
   0.00045
   0.00045
   0.00044
   0.00043
   0.00042
   0.00040
   0.00039
   0.00037
   0.00036
   0.00035
   0.00034
   0.00034
   0.00033
   0.00033
   0.00033
   0.00032
   0.00032
   0.01636
   0.00047
   0.00034
   0.00034
   0.00035
   0.00036
   0.00037
   0.00038
   0.00039
   0.00040
   0.00040
   0.00041
   0.00041
   0.00041
   0.00040
   0.00039
   0.00038
   0.00037
   0.00037
   0.00037
   0.00037
   0.00037
   0.00037
   0.00037
   0.00037
   0.00036
   0.00035
   0.00034
   0.00032
   0.00031
   0.00030
   0.00029
   0.00028
   0.00027
   0.00027
   0.00026
   0.00026
   0.00026
   0.00026
   0.00025
   0.00025
   0.00026
   0.00024
   0.00044
   0.00024
   0.00023
   0.00022
   0.34160
   0.00021
   0.00021
   0.00021
   0.00021
   0.00021
   0.00021
   0.00021
   0.00021
   0.00021
   0.00021
   0.00021
   0.00022
   0.00022
   0.00023
   0.00023
   0.00024
   0.00024
   0.00025
   0.00025
   0.00026
   0.00027
   0.00027
   0.00027
   0.00026
   0.00026
   0.00025
   0.00024
   0.00024
   0.00024
   0.00024
   0.00024
   0.00024
   0.00024
   0.00024
   0.00024
   0.00023
   0.00022
   0.00021
   0.00021
   0.00020
   0.00019
   0.00018
   0.00018
   0.00018
   0.00018
   0.00018
   0.00018
   0.00017
   0.00017
   0.00017
   0.00018
   0.00018
   0.00018
   0.00017
   0.00016
   0.00015
   0.00015
   0.00014
   0.00014
   0.00014
   0.00013
   0.00013
   0.00013
   0.00013
   0.00012
   0.00012
   0.00012
   0.00011
   0.00011
   0.00011
   0.00011
   0.00010
   0.00010
   0.00010
   0.00009
   0.00009
   0.00009
   0.00009
   0.00009
   0.00009
   0.00008
   0.00008
   0.00007
   0.00007
   0.00007
   0.00006
   0.00021
   0.00024
   0.00024
   0.00023
   0.00023
   0.00023
   0.00023
   0.00022
   0.00022
   0.00022
   0.00021
   0.00021
   0.00021
   0.00021
   0.00020
   0.00020
   0.00020
   0.00020
   0.00020
   0.00019
   0.00019
   0.00019
   0.00019
   0.00020
   0.00020
   0.00020
   0.00020
   0.00020
   0.00020
   0.00020
   0.00020
   0.00019
   0.00019
   0.00019
   0.00019
   0.00019
   0.00018
   0.00018
   0.00018
   0.00018
   0.00018
   0.00018
   0.00018
   0.00018
   0.00017
   0.00017
   0.00017
   0.00017
   0.00017
   0.00017
   0.00017
   0.00018
   0.00019
   0.00019
   0.00018
   0.00020
   0.00025
   0.00026
   0.00026
   0.00024
   0.00020
   0.00019
   0.00021
   0.00029
   0.00030
   0.00028
   0.00022
   0.00017
   0.00017
   0.00017
   0.00017
   0.00016
   0.00016
   0.00015
   0.00014
   0.00014
   0.00013
   0.00012
   0.00011
   0.00010
   0.00009
   0.00009
   0.00009
   0.00009
   0.00009
   0.00008
   0.00008
   0.00008
   0.00007
   0.00007
   0.00007
   0.00007
   0.00006
   0.00006
   0.00006
   0.00006
   0.00005
   0.00005
   0.00005
   0.00005
   0.00005
   0.00005
   0.00004
   0.00004
   0.00004
   0.00004
   0.00004
   0.00004
   0.00004
   0.00004
   0.00003
   0.00003
   0.00003
   0.00003
   0.00003
   0.00003
   0.00003
   0.00003
   0.00002
   0.00002
   0.00002
   0.00002
   0.00002
   0.00002
   0.00002
   0.00002
   0.00002
   0.00002
   0.00002
   0.00002
   0.00001
   0.00001
   0.00001
   0.00001
   0.00001
   0.00001
   0.00001
   0.00001
   0.00001
   0.00001
   0.00001
   0.00001
   0.00001
   0.00001
   0.00001
   0.00001
   0.00001
   0.00001
   0.00001
   0.00001
   0.00001
   0.00001
   0.00001
   0.00001
   0.00000
   0.00000
   0.00000
   0.00000
   0.00000
   0.00000
   0.00000
   0.00000
   0.00014
   0.00020
   0.00020
   0.00020
   0.00020
   0.00020
   0.00020
   0.00019
   0.00019
   0.00019
   0.00019
   0.00018
   0.00018
   0.00018
   0.00017
   0.00017
   0.00017
   0.00016
   0.00016
   0.00016
   0.00015
   0.00015
   0.00015
   0.00014
   0.00014
   0.00014
   0.00013
   0.00013
   0.00013
   0.00012
   0.00012
   0.00012
   0.00012
   0.00012
   0.00012
   0.00012
   0.00012
   0.00012
   0.00012
   0.00012
   0.00012
   0.00012
   0.00012
   0.00011
   0.00011
   0.00011
   0.00011
   0.00011
   0.00011
   0.00011
   0.00011
   0.00011
   0.00011
   0.00011
   0.00010
   0.00010
   0.00010
   0.00010
   0.00015
   0.00012
   0.00011
   0.00011
   0.00011
   0.00011
   0.00010
   0.00010
   0.00010
   0.00010
   0.00010
   0.00010
   0.00010
   0.00010
   0.00009
   0.00009
   0.00009
   0.00009
   0.00009
   0.00009
   0.00009
   0.00009
   0.00009
   0.00009
   0.00009
   0.00009
   0.00009
   0.00009
   0.00009
   0.00009
   0.00009
   0.00009
   0.00009
   0.00009
   0.00008
   0.00008
   0.00008
   0.00008
   0.00008
   0.00008
   0.00485
   0.00012
   0.00012
   0.00012
   0.00012
   0.00012
   0.00012
   0.00012
   0.00012
   0.00012
   0.00012
   0.00011
   0.00011
   0.00011
   0.00011
   0.00011
   0.00011
   0.00010
   0.00010
   0.00010
   0.00010
   0.00010
   0.00009
   0.00009
   0.00009
   0.00009
   0.00009
   0.00009
   0.00009
   0.00009
   0.00008
   0.00008
   0.00008
   0.00008
   0.00008
   0.00008
   0.00008
   0.00008
   0.00008
   0.00008
   0.00008
   0.00008
   0.00008
   0.00008
   0.00008
   0.00008
   0.00008
   0.00008
   0.00008
   0.00008
   0.00008
   0.00008
   0.00008
   0.00008
   0.00008
   0.00008
   0.00008
   0.00008
   0.00008
   0.00008
   0.00009
   0.00009
   0.00009
   0.00007
   0.00009
   0.00008
   0.00011
   0.00011
   0.00008
   0.00005
   0.00006
   0.00005
   0.00004
   0.00006
   0.00006
   0.00006
   0.00006
   0.00005
   0.00006
   0.00006
   0.00004
   0.00004
