   0.79142
   0.69545
   0.69005
   0.69230
   0.69117
   0.69010
   0.68920
   0.68807
   0.68763
   0.68643
   0.68564
   0.68484
   0.68396
   0.68317
   0.68230
   0.68131
   0.68048
   0.67965
   0.67866
   0.67784
   0.67688
   0.67591
   0.67504
   0.67406
   0.67312
   0.67215
   0.67126
   0.67024
   0.66923
   0.66938
   0.66725
   0.66619
   0.66531
   0.66433
   0.66335
   0.66237
   0.66138
   0.66042
   0.65952
   0.65868
   0.65778
   0.65685
   0.65613
   0.65523
   0.65451
   0.65385
   0.65324
   0.65268
   0.65216
   0.65169
   0.65148
   0.65121
   0.65133
   0.65139
   0.65188
   0.65214
   0.65281
   0.65377
   0.65507
   0.65673
   0.65856
   0.66071
   0.66384
   0.66738
   0.67116
   0.67601
   0.68108
   0.68707
   0.69310
   0.69948
   0.70516
   0.71006
   0.71410
   0.71642
   0.71823
   0.71921
   0.71988
   0.72091
   0.72158
   0.72257
   0.72349
   0.72390
   0.72367
   0.72293
   0.72410
   0.72094
   0.71901
   0.71631
   0.71309
   0.70965
   0.70570
   0.70125
   0.69751
   0.69187
   0.69197
   0.68638
   0.68104
   0.67788
   0.67249
   0.66788
   0.66346
   0.65876
   0.65448
   0.64982
   0.64520
   0.64023
   0.63551
   0.63062
   0.62566
   0.62045
   0.61547
   0.61009
   0.60476
   0.59963
   0.59451
   0.58916
   0.58387
   0.57855
   0.57314
   0.56731
   0.56148
   0.55598
   0.54982
   0.54379
   0.53787
   0.53194
   0.52553
   0.51938
   0.51298
   0.50666
   0.50000
   0.49359
   0.48674
   0.48024
   0.47335
   0.46670
   0.45990
   0.45315
   0.44648
   0.43985
   0.43312
   0.42668
   0.42022
   0.41442
   0.40855
   0.40315
   0.39774
   0.39295
   0.38842
   0.38424
   0.38006
   0.37656
   0.37328
   0.37013
   0.36699
   0.36438
   0.36179
   0.35931
   0.35716
   0.35506
   0.35321
   0.35161
   0.35037
   0.34904
   0.34786
   0.34708
   0.34622
   0.34560
   0.34471
   0.34428
   0.34342
   0.34238
   0.34082
   0.33975
   0.33829
   0.33633
   0.33368
   0.33166
   0.32930
   0.32657
   0.32385
   0.32130
   0.31877
   0.31589
   0.31310
   0.31026
   0.30723
   0.30432
   0.30106
   0.29795
   0.29489
   0.29161
   0.28846
   0.28501
   0.28216
   0.27854
   0.27542
   0.27198
   0.26867
   0.26544
   0.26254
   0.25894
   0.25537
   0.25216
   0.24868
   0.24533
   0.24184
   0.23840
   0.23523
   0.23161
   0.22814
   0.22430
   0.22088
   0.21704
   0.21362
   0.20968
   0.20634
   0.20246
   0.19919
   0.19532
   0.19209
   0.18861
   0.18515
   0.18197
   0.17864
   0.17517
   0.17210
   0.16900
   0.16572
   0.16258
   0.15963
   0.15655
   0.15356
   0.15057
   0.14768
   0.14487
   0.14201
   0.13924
   0.13661
   0.13375
   0.13101
   0.12841
   0.12575
   0.12327
   0.12079
   0.11853
   0.11587
   0.11362
   0.11104
   0.10902
   0.10669
   0.10463
   0.10257
   0.10078
   0.09877
   0.09667
   0.09438
   0.09287
   0.09072
   0.08909
   0.08730
   0.08569
   0.08359
   0.08191
   0.07992
   0.07836
   0.07659
   0.07526
   0.07358
   0.07240
   0.07085
   0.06943
   0.06716
   0.06527
   0.06418
   0.06299
   0.06160
   0.06033
   0.05915
   0.05957
   0.05912
   0.05774
   0.05612
   0.05488
   0.05407
   0.05282
   0.05180
   0.05042
   0.04892
   0.04814
   0.04724
   0.04623
   0.04468
   0.04390
   0.04264
   0.04134
   0.04058
   0.03967
   0.03886
   0.03806
   0.03747
   0.03668
   0.03599
   0.03526
   0.03475
   0.03469
   0.03560
   0.03911
   0.04581
   0.05467
   0.06773
   0.07982
   0.09136
   0.09736
   0.10031
   0.09786
   0.09920
   0.09804
   0.09814
   0.09682
   0.09683
   0.09640
   0.09584
   0.09350
   0.09270
   0.09214
   0.09071
   0.08990
   0.08933
   0.08769
   0.08711
   0.08588
   0.08478
   0.08272
   0.08178
   0.08014
   0.07902
   0.07848
   0.07584
   0.07422
   0.07356
   0.07156
   0.06908
   0.06759
   0.06289
   0.05878
   0.05108
   0.03294
   0.01534
   0.01285
   0.01780
   0.02032
   0.01895
   0.02818
   0.01877
   0.01294
   0.01740
   0.01320
   0.01324
   0.03375
   0.03130
   0.25716
   0.15286
   0.32115
   0.07779
   0.01753
   0.01523
   0.01137
   0.01163
   0.01156
   0.01155
   0.01158
   0.01158
   0.01139
   0.01153
   0.01187
   0.01238
   0.01338
   0.01545
   0.02042
   0.01745
   0.01390
   0.01348
   0.01247
   0.01179
   0.01136
   0.01088
   0.01033
   0.01023
   0.00941
   0.01003
   0.00851
   0.00987
   0.00777
   0.01055
   0.00919
   0.01425
   0.00973
   0.02133
   0.00775
   0.01252
   0.01286
   0.01298
   0.02206
   0.00791
   0.00929
   0.02759
   0.00657
   0.00963
   0.02800
   0.00757
   0.00645
   0.01163
   0.01727
   0.01219
   0.00646
   0.01391
   0.00826
   0.01391
   0.00569
   0.01786
   0.00595
   0.02832
   0.00811
   0.00554
   0.00858
   0.02489
   0.00843
   0.00534
   0.00811
   0.02471
   0.00755
   0.00507
   0.00731
   0.02607
   0.00706
   0.00486
   0.00673
   0.02483
   0.00566
   0.00463
   0.00561
   0.01189
   0.00529
   0.02010
   0.00627
   0.00433
   0.00589
   0.02183
   0.00493
   0.00441
   0.00576
   0.02009
   0.00494
   0.00419
   0.00526
   0.01619
   0.00489
   0.00391
   0.00450
   0.00745
   0.00678
   0.00800
   0.00565
   0.01040
   0.00337
   0.01713
   0.00479
   0.00367
   0.00621
   0.00609
   0.00663
   0.00559
   0.00738
   0.00453
   0.01090
   0.00344
   0.00496
   0.00292
   0.00368
   0.01205
   0.00352
   0.01702
   0.00295
   0.00935
   0.00312
   0.01553
   0.07068
   0.00267
   0.00822
   0.00310
   0.00258
   0.00229
   0.00229
   0.00229
   0.00228
   0.00228
   0.00228
   0.00229
   0.00231
   0.00233
   0.00239
   0.00250
   0.00281
   0.00466
   0.00387
   0.00769
   0.00400
   0.00553
   0.00231
   0.01064
   0.00260
   0.00588
   0.00231
   0.01050
   0.00178
   0.00221
   0.01075
   0.00199
   0.00181
   0.00537
   0.00171
   0.00814
   0.00161
   0.00281
   0.00164
   0.00194
   0.00480
   0.00177
   0.00708
   0.00152
   0.01645
   0.00205
   0.00304
   0.00601
   0.00204
   0.00575
   0.00191
   0.00473
   0.00173
   0.00464
   0.00170
   0.00490
   0.00186
   0.00620
   0.00131
   0.00278
   0.00145
   0.00447
   0.00177
   0.00657
   0.00141
   0.00396
   0.00159
   0.00627
   0.00153
   0.00624
   0.00151
   0.00670
   0.00155
   0.00711
   0.00154
   0.00689
   0.00152
   0.00654
   0.00153
   0.00590
   0.00155
   0.00506
   0.00153
   0.00423
   0.00150
   0.00400
   0.00149
   0.00332
   0.00143
   0.00368
   0.00152
   0.00246
   0.00126
   0.00488
   0.00168
   0.00173
   0.00192
   0.00166
   0.00232
   0.00174
   0.00205
   0.00184
   0.00201
   0.00197
   0.00204
   0.00206
   0.00209
   0.00211
   0.00220
   0.00221
   0.00226
   0.00229
   0.00229
   0.00229
   0.00229
   0.00226
   0.00225
   0.00225
   0.00224
   0.00225
   0.00223
   0.00222
   0.00222
   0.00219
   0.00218
   0.00218
   0.00217
   0.00217
   0.00218
   0.00217
   0.00214
   0.00213
   0.00214
   0.00213
   0.00213
   0.00212
   0.00208
   0.00211
   0.00209
   0.00205
   0.00210
   0.00204
   0.00200
   0.00205
   0.00202
   0.00199
   0.00203
   0.00198
   0.00199
   0.00198
   0.00197
   0.00196
   0.00195
   0.00195
   0.00194
   0.00193
   0.00192
   0.00191
   0.00191
   0.00189
   0.00190
   0.00189
   0.00189
   0.00187
   0.00188
   0.00188
   0.00186
   0.00187
   0.00185
   0.00185
   0.00184
   0.00184
   0.00182
   0.00180
   0.00181
   0.00182
   0.00179
   0.00176
   0.00182
   0.00176
   0.00174
   0.00171
   0.00173
   0.00168
   0.00164
   0.00161
   0.00147
   0.00095
   0.00067
   0.00102
   0.33109
   0.06284
   0.06173
   0.06224
   0.06086
   0.06051
   0.05909
   0.05859
   0.05781
   0.05677
   0.05589
   0.05500
   0.05414
   0.05337
   0.05264
   0.05179
   0.05106
   0.05029
   0.04939
   0.04855
   0.04790
   0.04712
   0.04646
   0.04581
   0.04504
   0.04445
   0.04373
   0.04308
   0.04240
   0.04178
   0.04118
   0.04053
   0.03992
   0.03931
   0.03871
   0.03809
   0.03751
   0.03691
   0.03633
   0.03578
   0.03521
   0.03467
   0.03408
   0.03366
   0.03334
   0.03397
   0.03301
   0.03267
   0.03208
   0.03159
   0.03108
   0.03057
   0.03011
   0.02962
   0.02915
   0.02868
   0.02823
   0.02777
   0.02734
   0.02688
   0.02648
   0.02603
   0.02561
   0.02519
   0.02480
   0.02441
   0.02398
   0.02357
   0.02322
   0.02287
   0.02244
   0.02214
   0.02173
   0.02142
   0.02105
   0.02071
   0.02041
   0.02004
   0.01975
   0.01944
   0.01910
   0.01880
   0.01853
   0.01820
   0.01792
   0.01763
   0.01734
   0.01709
   0.01679
   0.01652
   0.01626
   0.01600
   0.01574
   0.01553
   0.01525
   0.01501
   0.01477
   0.01454
   0.01429
   0.01408
   0.01387
   0.01365
   0.01344
   0.01325
   0.01302
   0.01281
   0.01262
   0.01242
   0.01224
   0.01204
   0.01184
   0.01169
   0.01151
   0.01131
   0.01117
   0.01099
   0.01080
   0.01067
   0.01049
   0.01035
   0.01019
   0.01004
   0.00989
   0.00973
   0.00961
   0.00945
   0.00933
   0.00918
   0.00906
   0.00892
   0.00880
   0.00866
   0.00854
   0.00842
   0.00828
   0.00819
   0.00806
   0.00796
   0.00783
   0.00773
   0.00761
   0.00752
   0.00740
   0.00731
   0.00719
   0.00711
   0.00700
   0.00692
   0.00681
   0.00673
   0.00662
   0.00654
   0.00644
   0.00637
   0.00626
   0.00619
   0.00610
   0.00602
   0.00594
   0.00586
   0.00578
   0.00570
   0.00562
   0.00554
   0.00548
   0.00539
   0.00533
   0.00525
   0.00519
   0.00511
   0.00504
   0.00498
   0.00489
   0.00483
   0.00476
   0.00470
   0.00464
   0.00458
   0.00451
   0.00446
   0.00440
   0.00434
   0.00428
   0.00422
   0.00416
   0.00411
   0.00406
   0.00401
   0.00395
   0.00389
   0.00384
   0.00379
   0.00375
   0.00369
   0.00364
   0.00359
   0.00355
   0.00350
   0.00345
   0.00341
   0.00336
   0.00332
   0.00328
   0.00323
   0.00319
   0.00314
   0.00310
   0.00307
   0.00302
   0.00298
   0.00294
   0.00290
   0.00287
   0.00283
   0.00279
   0.00275
   0.00272
   0.00268
   0.00265
   0.00261
   0.00258
   0.00254
   0.00252
   0.00248
   0.00245
   0.00242
   0.00239
   0.00235
   0.00233
   0.00229
   0.00227
   0.00224
   0.00221
   0.00218
   0.00216
   0.00213
   0.00210
   0.00207
   0.00205
   0.00202
   0.00200
   0.00197
   0.00195
   0.00193
   0.00190
   0.00188
   0.00186
   0.00184
   0.00182
   0.00179
   0.00177
   0.00175
   0.00173
   0.00171
   0.00169
   0.00167
   0.00166
   0.00163
   0.00161
   0.00160
   0.00158
   0.00156
   0.00155
   0.00153
   0.00152
   0.00150
   0.00148
   0.00147
   0.00145
   0.00143
   0.00142
   0.00140
   0.00139
   0.00137
   0.00136
   0.00134
   0.00133
   0.00132
   0.00131
   0.00129
   0.00128
   0.00127
   0.00126
   0.00125
   0.00124
   0.00123
   0.00122
   0.00121
   0.00120
   0.00119
   0.00118
   0.00117
   0.00115
   0.00114
   0.00114
   0.00113
   0.00112
   0.00111
   0.00110
   0.00109
   0.00108
   0.00107
   0.00106
   0.00106
   0.00104
   0.00105
   0.00102
   0.00106
   0.00098
   0.00109
   0.00095
   0.00108
   0.00095
   0.00106
   0.00099
   0.00107
   0.00096
   0.00100
   0.00113
   0.00093
   0.00158
   0.00092
   0.00103
