   0.56998
   0.55383
   0.52845
   0.53202
   0.46682
   0.48482
   0.46355
   0.47043
   0.46503
   0.46811
   0.46649
   0.46609
   0.46474
   0.46724
   0.46504
   0.46757
   0.45939
   0.45426
   0.45101
   0.45439
   0.45706
   0.46290
   0.61255
   0.54466
   0.51952
   0.50986
   0.50609
   0.50461
   0.50403
   0.50380
   0.50371
   0.50368
   0.50367
   0.50367
   0.50368
   0.50368
   0.50369
   0.50369
   0.50369
   0.50370
   0.50370
   0.50371
   0.50371
   0.50372
   0.50372
   0.50373
   0.50373
   0.50374
   0.50375
   0.50375
   0.50376
   0.50376
   0.50376
   0.50377
   0.50377
   0.50378
   0.50378
   0.50378
   0.50379
   0.50379
   0.50380
   0.50380
   0.50381
   0.50381
   0.50382
   0.50382
   0.50382
   0.50383
   0.50384
   0.50384
   0.50385
   0.50385
   0.50386
   0.50386
   0.50387
   0.50387
   0.50388
   0.50388
   0.50389
   0.50389
   0.50389
   0.50390
   0.50390
   0.50391
   0.50391
   0.50392
   0.50392
   0.50393
   0.50393
   0.50394
   0.50394
   0.50395
   0.50395
   0.50396
   0.50396
   0.50397
   0.50398
   0.50398
   0.50399
   0.50400
   0.50400
   0.50401
   0.50401
   0.50402
   0.50402
   0.50403
   0.50404
   0.50404
   0.50405
   0.50405
   0.50405
   0.50406
   0.50406
   0.50407
   0.50407
   0.50407
   0.50408
   0.50408
   0.50409
   0.50409
   0.50410
   0.50410
   0.50411
   0.50412
   0.50412
   0.50413
   0.50413
   0.50414
   0.50414
   0.50415
   0.50415
   0.50415
   0.50416
   0.50416
   0.50416
   0.50417
   0.50417
   0.50417
   0.50418
   0.50418
   0.50419
   0.50419
   0.50420
   0.50420
   0.50420
   0.50420
   0.50420
   0.50420
   0.50420
   0.50421
   0.50421
   0.50421
   0.50421
   0.50422
   0.50422
   0.50422
   0.50422
   0.50423
   0.50423
   0.50423
   0.50423
   0.50424
   0.50424
   0.50424
   0.50424
   0.50424
   0.50424
   0.50424
   0.50424
   0.50424
   0.50424
   0.50424
   0.50425
   0.50425
   0.50425
   0.50425
   0.50425
   0.50425
   0.50426
   0.50426
   0.50426
   0.50426
   0.50426
   0.50427
   0.50427
   0.50427
   0.50427
   0.50427
   0.50428
   0.50428
   0.50428
   0.50428
   0.50428
   0.50429
   0.50429
   0.50429
   0.50429
   0.50430
   0.50430
   0.50430
   0.50430
   0.50431
   0.50431
   0.50431
   0.50431
   0.50432
   0.50432
   0.50433
   0.50433
   0.50433
   0.50434
   0.50434
   0.50434
   0.50434
   0.50434
   0.50435
   0.50435
   0.50435
   0.50435
   0.50436
   0.50436
   0.50436
   0.50437
   0.50437
   0.50437
   0.50438
   0.50438
   0.50438
   0.50438
   0.50438
   0.50438
   0.50438
   0.50439
   0.50439
   0.50439
   0.50439
   0.50439
   0.50439
   0.50440
   0.50440
   0.50440
   0.50440
   0.50440
   0.50440
   0.50440
   0.50441
   0.50441
   0.50441
   0.50441
   0.50441
   0.50441
   0.50441
   0.50442
   0.50442
   0.50442
   0.50442
   0.50442
   0.50442
   0.50442
   0.50443
   0.50443
   0.50443
   0.50443
   0.50443
   0.50443
   0.50444
   0.50444
   0.50444
   0.50444
   0.50444
   0.50444
   0.50444
   0.50445
   0.50445
   0.50445
   0.50445
   0.50445
   0.50445
   0.50446
   0.50446
   0.50446
   0.50446
   0.50446
   0.50446
   0.50446
   0.50447
   0.50447
   0.50447
   0.50447
   0.50447
   0.50447
   0.50448
   0.50448
   0.50448
   0.50448
   0.50448
   0.50448
   0.50449
   0.50449
   0.50449
   0.50449
   0.50449
   0.50449
   0.50450
   0.50450
   0.50450
   0.50450
   0.50450
   0.50450
   0.50451
   0.50451
   0.50451
   0.50451
   0.50451
   0.50451
   0.50451
   0.50452
   0.50451
   0.50451
   0.50452
   0.50452
   0.50452
   0.50452
   0.50452
   0.50452
   0.50452
   0.50453
   0.50453
   0.50453
   0.50453
   0.50453
   0.50453
   0.50453
   0.50454
   0.50454
   0.50454
   0.50454
   0.50454
   0.50454
   0.50455
   0.50455
   0.50455
   0.50455
   0.50455
   0.50455
   0.50456
   0.50456
   0.50456
   0.50456
   0.50456
   0.50456
   0.50456
   0.50456
   0.50456
   0.50456
   0.50456
   0.50456
   0.50457
   0.50457
   0.50457
   0.50457
   0.50457
   0.50457
   0.50457
   0.50458
   0.50458
   0.50458
   0.50458
   0.50458
   0.50458
   0.50458
   0.50459
   0.50459
   0.50459
   0.50459
   0.50459
   0.50459
   0.50459
   0.50460
   0.50460
   0.50460
   0.50460
   0.50460
   0.50460
   0.50461
   0.50461
   0.50461
   0.50461
   0.50461
   0.50461
   0.50461
   0.50462
   0.50462
   0.50462
   0.50462
   0.50462
   0.50462
   0.50463
   0.50463
   0.50463
   0.50463
   0.50463
   0.50463
   0.50464
   0.50464
   0.50464
   0.50464
   0.50464
   0.50464
   0.50465
   0.50465
   0.50465
   0.50465
   0.50465
   0.50465
   0.50466
   0.50466
   0.50466
   0.50466
   0.50466
   0.50467
   0.50467
   0.50467
   0.50467
   0.50467
   0.50467
   0.50468
   0.50468
   0.50468
   0.50468
   0.50468
   0.50468
   0.50468
   0.50468
   0.50468
   0.50468
   0.50468
   0.50468
   0.50468
   0.50468
   0.50468
   0.50468
   0.50468
   0.50468
   0.50469
   0.50469
   0.50469
   0.50469
   0.50469
   0.50469
   0.50469
   0.50470
   0.50470
   0.50470
   0.50470
   0.50470
   0.50470
   0.50471
   0.50471
   0.50471
   0.50471
   0.50471
   0.50471
   0.50471
   0.50472
   0.50472
   0.50472
   0.50472
   0.50472
   0.50472
   0.50473
   0.50473
   0.50473
   0.50473
   0.50473
   0.50474
   0.50474
   0.50474
   0.50475
   0.50475
   0.50475
   0.50476
   0.50476
   0.50476
   0.50476
   0.50476
   0.50476
   0.50477
   0.50477
   0.50477
   0.50477
   0.50477
   0.50477
   0.50477
   0.50478
   0.50478
   0.50478
   0.50478
   0.50478
   0.50478
