   0.66344
   0.65585
   0.66749
   0.66861
   0.67141
   0.67680
   0.67434
   0.67478
   0.67306
   0.66935
   0.67108
   0.66822
   0.66769
   0.66448
   0.66409
   0.66852
   0.65898
   0.66424
   0.65639
   0.66429
   0.66551
   0.66174
   0.65829
   0.65941
   0.66045
   0.65725
   0.64748
   0.65162
   0.64680
   0.63356
   0.63383
   0.62302
   0.61560
   0.60962
   0.60579
   0.60312
   0.59786
   0.59220
   0.58578
   0.57969
   0.57382
   0.56799
   0.56251
   0.55726
   0.55197
   0.54667
   0.54088
   0.53450
   0.52795
   0.52016
   0.51193
   0.50368
   0.49552
   0.48765
   0.48008
   0.47286
   0.46604
   0.45961
   0.45354
   0.44777
   0.44231
   0.43713
   0.43221
   0.42750
   0.42298
   0.41870
   0.41458
   0.41064
   0.40685
   0.40304
   0.39957
   0.39622
   0.39302
   0.38993
   0.38701
   0.38422
   0.38156
   0.37886
   0.37644
   0.37409
   0.37181
   0.36965
   0.36747
   0.36536
   0.36336
   0.36136
   0.35933
   0.35732
   0.35532
   0.35333
   0.35136
   0.34942
   0.34757
   0.34572
   0.34396
   0.34234
   0.34073
   0.33913
   0.33779
   0.33648
   0.33530
   0.33423
   0.33319
   0.33215
   0.33130
   0.33044
   0.32964
   0.32884
   0.32892
   0.32791
   0.32692
   0.32583
   0.32450
   0.32397
   0.32224
   0.32098
   0.31902
   0.31680
   0.31448
   0.31200
   0.30911
   0.30601
   0.30275
   0.29912
   0.29509
   0.29080
   0.28617
   0.28128
   0.27843
   0.27297
   0.26716
   0.26099
   0.25451
   0.24778
   0.23935
   0.23207
   0.22458
   0.21684
   0.21106
   0.20334
   0.19559
   0.18795
   0.18034
   0.17306
   0.16561
   0.15843
   0.15146
   0.14464
   0.13801
   0.13163
   0.12553
   0.11967
   0.11408
   0.10876
   0.10372
   0.09895
   0.09438
   0.09007
   0.08605
   0.08227
   0.07870
   0.07532
   0.07214
   0.06912
   0.06625
   0.06352
   0.06092
   0.05843
   0.05604
   0.05377
   0.05158
   0.04950
   0.04751
   0.04561
   0.04382
   0.04216
   0.04065
   0.03931
   0.03818
   0.03731
   0.03674
   0.03647
   0.03648
   0.03676
   0.03723
   0.03779
   0.03841
   0.03904
   0.03980
   0.04046
   0.04181
   0.04151
   0.04686
   0.01966
   0.06227
   0.01462
   0.07489
   0.07848
   0.09881
   0.03796
   0.13207
   0.13285
   0.13756
   0.00927
   0.23549
   0.14513
   0.19977
   0.21267
   0.21604
   0.21259
   0.20398
   0.18741
   0.16207
   0.14783
   0.14008
   0.12858
   0.12343
   0.10896
   0.15058
   0.06164
   0.01061
   0.01093
   0.01285
   0.02982
   0.00881
   0.03663
   0.03239
   0.03004
   0.03188
   0.02946
   0.19577
   0.31850
   0.00590
   0.00514
   0.00319
   0.01852
   0.00380
   0.00274
   0.00308
   0.00295
   0.00237
   0.00320
   0.06528
   0.00412
   0.00268
   0.00217
   0.00215
   0.00241
   0.00284
   0.00235
   0.00230
   0.00297
   0.00335
   0.00319
   0.00208
   0.00201
   0.00195
   0.00253
   0.00188
   0.00191
   0.00183
   0.00182
   0.01047
   0.00184
   0.00168
   0.00164
   0.00162
   0.00161
   0.00159
   0.00159
   0.00148
   0.00144
   0.00145
   0.00168
   0.00132
   0.00140
   0.00153
   0.00141
   0.00140
   0.00129
   0.00126
   0.00124
   0.00121
   0.00118
   0.00114
   0.00110
   0.00105
   0.00100
   0.00096
   0.00089
   0.00080
   0.00177
   0.00193
   0.00126
   0.00221
   0.00116
   0.00311
   0.00122
   0.00089
   0.00099
   0.00216
   0.00068
   0.00047
   0.00178
   0.00206
   0.00192
   0.00170
   0.00146
   0.00146
   0.00133
   0.00113
   0.00135
   0.00112
   0.00037
   0.00111
   0.00122
   0.00112
   0.00103
   0.00096
   0.00161
   0.00095
   0.00084
   0.00095
   0.00074
   0.00097
   0.00030
   0.00073
   0.00076
   0.00078
   0.00077
   0.00074
   0.00071
   0.00067
   0.00063
   0.00060
   0.00062
   0.00061
   0.00054
   0.00691
   0.00363
   0.00339
   0.00304
   0.00271
   0.00237
   0.00214
   0.00197
   0.00177
   0.00161
   0.00150
   0.00139
   0.00131
   0.00121
   0.00114
   0.00106
   0.00097
   0.00089
   0.00082
   0.00075
   0.00058
   0.00061
   0.00735
   0.00057
   0.00052
   0.00046
   0.00050
   0.00028
   0.00072
   0.00036
   0.00037
   0.00038
   0.00039
   0.00040
   0.00041
   0.00042
   0.00042
   0.00040
   0.00038
   0.00036
   0.00034
   0.00033
   0.00031
   0.00030
   0.00030
   0.00028
   0.00027
   0.00024
   0.04482
   0.00034
   0.00030
   0.00029
   0.00029
   0.00028
   0.00027
   0.00027
   0.00026
   0.00026
   0.00026
   0.00026
   0.00027
   0.00027
   0.00028
   0.00028
   0.00029
   0.00029
   0.00028
   0.00027
   0.00026
   0.00024
   0.00023
   0.00023
   0.00022
   0.00021
   0.00020
   0.00021
   0.00015
   0.00724
   0.00393
   0.00149
   0.00249
   0.00295
   0.00318
   0.00327
   0.00323
   0.00305
   0.00282
   0.00255
   0.00231
   0.00210
   0.00178
   0.00166
   0.00131
   0.01106
   0.00150
   0.00140
   0.00130
   0.00117
   0.00106
   0.00090
   0.00143
   0.00121
   0.00111
   0.00104
   0.00096
   0.00088
   0.00079
   0.00068
   0.00064
   0.00060
   0.00058
   0.00058
   0.00058
   0.00048
   0.00052
   0.00047
   0.02245
   0.00061
   0.00061
   0.00061
   0.00061
   0.00061
   0.00062
   0.00063
   0.00065
   0.00067
   0.00070
   0.00074
   0.00078
   0.00081
   0.00082
   0.00080
   0.00075
   0.00070
   0.00065
   0.00062
   0.00058
   0.00053
   0.00048
   0.00046
   0.00048
   0.00044
   0.00040
   0.00036
   0.00036
   0.00034
   0.00034
   0.00033
   0.00033
   0.00031
   0.15464
   0.00041
   0.00041
   0.00040
   0.00039
   0.00039
   0.00038
   0.00038
   0.00038
   0.00038
   0.00038
   0.00039
