   0.80575
   0.84767
   0.85676
   0.85114
   0.84572
   0.84145
   0.83721
   0.83231
   0.79468
   0.81416
   0.82514
   0.81765
   0.81079
   0.80861
   0.80469
   0.80327
   0.80091
   0.80304
   0.78663
   0.79777
   0.78346
   0.79025
   0.78465
   0.78361
   0.78057
   0.77737
   0.76900
   0.77130
   0.76304
   0.76223
   0.76078
   0.75047
   0.74548
   0.74269
   0.73912
   0.72980
   0.71670
   0.71103
   0.70556
   0.69850
   0.69308
   0.68373
   0.67547
   0.66766
   0.65783
   0.64888
   0.63760
   0.62534
   0.61135
   0.60178
   0.60173
   0.59261
   0.59218
   0.58553
   0.58010
   0.57091
   0.56554
   0.56136
   0.55421
   0.54715
   0.54009
   0.53249
   0.52502
   0.51730
   0.51020
   0.50324
   0.49733
   0.49257
   0.48902
   0.48636
   0.48328
   0.47680
   0.46705
   0.45654
   0.44726
   0.43860
   0.43099
   0.42410
   0.41750
   0.41129
   0.40468
   0.39855
   0.39272
   0.38734
   0.38209
   0.37691
   0.37195
   0.36704
   0.36221
   0.35771
   0.35363
   0.34932
   0.34494
   0.34116
   0.33650
   0.33275
   0.32783
   0.32443
   0.32153
   0.31727
   0.31317
   0.30949
   0.30577
   0.30150
   0.29772
   0.29375
   0.28908
   0.28384
   0.27987
   0.27487
   0.26770
   0.26341
   0.25797
   0.25133
   0.24587
   0.23809
   0.23046
   0.22513
   0.21675
   0.21103
   0.20358
   0.19760
   0.19306
   0.18576
   0.18157
   0.17587
   0.17162
   0.16758
   0.16401
   0.15959
   0.15689
   0.15265
   0.15131
   0.14695
   0.14538
   0.14116
   0.13886
   0.13745
   0.13536
   0.13285
   0.13011
   0.12773
   0.12589
   0.12330
   0.12096
   0.11824
   0.11600
   0.11413
   0.11105
   0.10796
   0.10632
   0.10266
   0.09848
   0.09759
   0.09500
   0.09286
   0.08966
   0.08703
   0.08475
   0.08346
   0.08088
   0.07581
   0.07692
   0.07059
   0.07350
   0.06508
   0.06959
   0.06101
   0.06590
   0.05645
   0.06436
   0.05297
   0.05882
   0.05036
   0.05631
   0.04957
   0.05493
   0.05027
   0.05022
   0.04923
   0.04422
   0.04820
   0.03954
   0.04696
   0.03553
   0.04502
   0.03334
   0.04351
   0.03212
   0.04294
   0.03173
   0.04219
   0.03205
   0.04164
   0.03286
   0.04514
   0.03847
   0.04619
   0.04745
   0.05630
   0.06042
   0.05916
   0.05874
   0.05542
   0.02972
   0.02342
   0.02436
   0.01441
   0.01523
   0.01483
   0.01397
   0.07707
   0.10838
   0.01247
   0.10791
   0.03503
   0.12853
   0.01041
   0.01111
   0.03954
   0.02914
   0.13590
   0.09224
   0.08325
   0.07245
   0.06988
   0.06640
   0.06088
   0.05769
   0.05399
   0.04922
   0.04395
   0.04075
   0.03705
   0.03467
   0.04746
   0.03273
   0.04618
   0.02740
   0.05485
   0.02589
   0.05546
   0.03191
   0.04285
   0.04107
   0.04738
   0.04882
   0.05711
   0.06666
   0.04122
   0.04329
   0.02947
   0.01606
   0.01576
   0.02055
   0.01756
   0.01715
   0.01651
   0.01590
   0.01524
   0.01470
   0.01418
   0.01368
   0.01337
   0.01301
   0.01267
   0.01236
   0.01209
   0.01182
   0.01167
   0.01148
   0.01146
   0.01136
   0.01126
   0.01165
   0.01142
   0.01161
   0.01136
   0.01189
   0.01087
   0.01312
   0.00973
   0.03286
   0.01267
   0.00769
   0.93912
   0.13000
   0.08336
   0.07404
   0.06554
   0.05590
   0.05363
   0.05098
   0.04967
   0.04859
   0.04746
   0.04629
   0.04543
   0.04455
   0.04371
   0.04290
   0.04203
   0.04122
   0.04030
   0.03935
   0.03827
   0.03714
   0.03584
   0.03437
   0.03272
   0.03077
   0.02851
   0.02606
   0.02433
   0.02366
   0.02309
   0.02254
   0.02204
   0.02152
   0.02107
   0.02058
   0.02018
   0.01971
   0.01926
   0.01888
   0.01843
   0.01805
   0.01765
   0.01726
   0.01686
   0.01650
   0.01610
   0.01574
   0.01536
   0.01499
   0.01463
   0.01426
   0.01391
   0.01354
   0.01319
   0.01284
   0.01250
   0.01215
   0.01181
   0.01148
   0.01115
   0.01081
   0.01051
   0.01017
   0.00988
   0.00955
   0.00925
   0.00895
   0.00865
   0.00836
   0.00807
   0.00780
   0.00752
   0.00725
   0.00700
   0.00674
   0.00650
   0.00630
   0.00612
   0.00586
   0.00576
   0.00543
   0.00562
   0.00490
   0.00662
   0.00840
   0.15894
   0.07443
   0.05007
   0.04571
   0.04097
   0.03742
   0.03538
   0.03426
   0.03321
   0.03225
   0.03134
   0.03050
   0.02966
   0.02880
   0.02748
   0.02575
   0.02475
   0.02426
   0.02384
   0.02347
   0.02312
   0.02278
   0.02134
   0.01757
   0.01705
   0.01684
   0.01660
   0.01639
   0.01616
   0.01594
   0.01573
   0.01551
   0.01533
   0.01510
   0.01456
   0.01390
   0.01371
   0.01349
   0.01330
   0.01312
   0.01293
   0.01281
   0.01265
   0.01248
   0.01233
   0.01218
   0.01201
   0.01187
   0.01172
   0.01156
   0.01138
   0.01118
   0.01096
   0.01072
   0.01046
   0.00924
   0.00778
   0.00742
   0.00731
   0.00710
   0.00689
   0.00679
   0.00660
   0.00641
   0.00623
   0.00614
   0.00596
   0.00578
   0.00561
   0.00545
   0.00536
   0.00519
   0.00503
   0.00488
   0.00473
   0.00459
   0.00446
   0.00439
   0.00425
   0.00412
   0.00399
   0.00387
   0.00375
   0.00363
   0.00353
   0.00342
   0.00332
   0.00322
   0.00312
   0.00303
   0.00298
   0.00287
   0.00279
   0.00270
   0.00262
   0.00254
   0.00246
   0.00239
   0.00232
   0.00225
   0.00218
   0.00212
   0.00205
   0.00199
   0.00193
   0.00187
   0.00182
   0.00176
   0.00171
   0.00162
   0.00154
   0.00149
   0.00144
   0.00140
   0.00136
   0.00131
   0.00125
   0.00123
   0.00119
   0.00116
   0.00112
   0.00109
   0.00106
   0.00103
   0.00100
   0.00099
   0.00096
   0.00093
   0.00090
   0.00087
   0.00085
   0.00082
   0.00081
   0.00079
   0.00076
   0.00073
   0.00071
   0.00069
   0.00069
   0.00066
   0.00064
   0.00062
   0.00060
   0.00058
   0.00057
   0.00055
   0.00053
   0.00051
   0.00050
   0.00049
   0.00048
   0.00046
   0.00044
   0.00043
   0.00041
   0.00041
   0.00039
   0.00038
   0.00037
   0.00036
   0.00035
   0.00034
   0.00033
   0.00031
   0.00030
   0.00030
   0.00029
   0.00028
   0.00027
   0.00026
   0.00026
   0.00025
   0.00024
   0.00023
   0.00022
   0.00022
   0.00021
   0.00020
   0.00019
   0.00019
   0.00018
   0.00018
   0.00017
   0.00016
   0.00016
   0.00016
   0.00015
   0.00014
   0.00014
   0.00013
   0.00013
   0.00013
   0.00012
   0.00012
   0.00011
   0.00011
   0.00011
   0.00010
   0.00010
   0.00009
   0.00009
   0.00009
   0.00008
   0.00008
   0.00008
   0.00008
   0.00007
   0.00007
   0.00007
   0.00006
   0.00006
   0.00006
   0.00006
   0.00006
   0.00005
   0.00005
   0.00005
   0.00005
   0.00005
   0.00005
   0.00004
   0.00004
   0.00004
   0.00004
   0.00004
   0.00004
   0.00004
   0.00004
   0.00003
   0.00003
   0.00003
   0.00003
   0.00003
   0.00003
   0.00003
   0.00003
   0.00003
   0.00003
   0.00003
   0.00003
   0.00003
   0.00003
   0.00003
   0.00003
   0.44430
   0.09514
   0.04955
   0.04197
   0.03873
   0.03719
   0.03460
   0.03229
   0.03142
   0.03067
   0.03011
   0.02949
   0.02887
   0.02825
   0.02760
   0.02578
   0.02479
   0.02392
   0.02324
   0.02262
   0.02202
   0.02143
   0.02083
   0.02026
   0.01970
   0.01915
   0.01862
   0.01812
   0.01759
   0.01707
   0.01658
   0.01589
   0.01490
   0.01394
   0.01344
   0.01276
   0.01241
   0.01205
   0.01170
   0.01138
   0.01109
   0.01080
   0.01053
   0.01026
   0.01001
   0.00975
   0.00951
   0.00928
   0.00906
   0.00884
   0.00862
   0.00841
   0.00821
   0.00800
   0.00780
   0.00759
   0.00737
   0.00716
   0.00694
   0.00672
   0.00650
   0.00628
   0.00605
   0.00584
   0.00562
   0.00541
   0.00521
   0.00501
   0.00483
   0.00465
   0.00449
   0.00433
   0.00418
   0.00404
   0.00390
   0.00377
   0.00365
   0.00352
   0.00341
   0.00330
   0.00319
   0.00309
   0.00300
   0.00291
   0.00282
   0.00273
   0.00265
   0.00257
   0.00249
   0.00242
   0.00235
   0.00229
   0.00222
   0.00216
   0.00210
   0.00204
   0.00199
   0.00193
   0.00188
   0.00183
   0.00178
   0.00174
   0.00169
   0.00165
   0.00160
   0.00156
   0.00152
   0.00148
   0.00144
   0.00141
   0.00137
   0.00134
   0.00130
   0.00127
   0.00124
   0.00121
   0.00118
   0.00115
   0.00112
   0.00109
   0.00106
   0.00104
   0.00101
   0.00099
   0.00096
   0.00094
   0.00091
   0.00089
   0.00087
   0.00085
   0.00083
   0.00081
   0.00079
   0.00077
   0.00075
   0.00073
   0.00071
   0.00070
   0.00068
   0.00066
   0.00065
   0.00063
   0.00062
   0.00060
   0.00059
   0.00057
   0.00056
   0.00055
   0.00053
   0.00052
   0.00051
   0.00050
   0.00049
   0.00047
   0.00046
   0.00045
   0.00044
   0.00043
   0.00042
   0.00042
   0.00040
   0.00040
   0.00038
   0.00038
   0.00037
   0.00036
   0.00036
   0.00035
   0.00034
   0.00033
   0.00033
   0.00032
   0.00032
   0.00030
   0.00032
   0.00028
   0.00032
   0.00024
   0.00034
   0.00020
   0.00033
   0.00017
   0.00032
   0.00017
   0.00031
   0.00015
   0.00028
   0.00018
   0.00029
   0.00014
   0.00028
   0.00012
   0.00011
   0.00027
   0.00011
   0.00022
   0.00017
   0.00010
   0.00028
   0.00015
   0.00029
   0.00010
   0.22207
   0.06599
   0.03602
   0.03013
   0.01349
   0.01600
   0.01408
   0.01268
   0.01150
   0.01049
   0.00953
   0.00905
   0.00871
   0.00849
   0.00819
   0.00744
   0.00681
   0.00644
   0.00632
   0.00627
   0.00638
   0.00666
   0.00721
   0.00860
   0.01408
   0.04805
   0.01722
   0.05418
   0.01724
   0.05014
   0.01665
   0.04825
   0.01601
   0.04654
   0.01534
   0.04508
   0.01293
   0.07212
   0.01274
   0.06827
   0.01209
   0.06998
   0.01144
   0.07167
   0.01085
   0.07271
   0.01030
   0.07307
   0.00968
   0.07431
   0.00911
   0.07482
   0.00853
   0.07544
   0.00804
   0.07547
   0.00758
   0.07695
   0.00711
   0.07943
   0.00657
   0.08195
   0.00610
   0.07083
   0.00362
   0.00159
   0.00228
   0.00191
   0.00154
   0.00142
   0.00134
   0.00133
   0.00134
   0.00138
   0.00146
   0.00156
   0.00195
   0.00467
   0.03936
   0.00246
   0.02280
   0.00218
   0.02392
   0.00214
   0.02224
   0.00208
   0.02144
   0.00202
   0.02095
   0.00197
   0.02062
   0.00192
   0.02027
   0.00187
   0.01989
   0.00183
   0.01939
   0.00178
   0.01886
   0.00173
   0.01818
   0.00168
   0.01743
   0.00163
   0.01669
   0.00158
   0.01593
   0.00153
   0.01522
   0.00148
   0.01456
   0.00144
   0.01395
   0.00139
   0.01338
   0.00135
   0.01286
   0.00131
   0.01236
   0.00127
   0.01191
   0.00123
   0.01146
   0.00120
   0.01104
   0.00116
   0.01067
   0.00112
   0.01029
   0.00108
   0.00990
   0.00106
   0.00948
   0.00104
   0.00908
   0.00103
   0.00870
   0.00101
   0.00846
   0.00094
   0.00879
   0.00083
   0.00831
   0.00079
   0.00798
   0.00079
   0.00703
   0.00092
   0.00572
   0.00057
   0.00204
   0.00878
   0.00068
   0.03734
   0.00024
   0.00031
   0.00033
   0.00033
   0.00034
   0.00035
   0.00035
   0.00036
   0.00036
   0.00037
   0.00037
   0.00038
   0.00039
   0.00039
   0.00040
   0.00040
   0.00041
   0.00041
   0.00042
   0.00043
   0.00043
   0.00044
   0.00044
   0.00045
   0.00046
   0.00046
   0.00047
   0.00048
   0.00049
