   0.82487
   0.84844
   0.86896
   0.85848
   0.84971
   0.84447
   0.84040
   0.83649
   0.83278
   0.82886
   0.82558
   0.82226
   0.81919
   0.81646
   0.81379
   0.81138
   0.80866
   0.80763
   0.80563
   0.80374
   0.80195
   0.80014
   0.79845
   0.79685
   0.79513
   0.79287
   0.79336
   0.78952
   0.78620
   0.78418
   0.78165
   0.77797
   0.77158
   0.76964
   0.76578
   0.76189
   0.75606
   0.75149
   0.74483
   0.73901
   0.73210
   0.72115
   0.71812
   0.71133
   0.70227
   0.69325
   0.68445
   0.67558
   0.66542
   0.65577
   0.64533
   0.63684
   0.62866
   0.62177
   0.61567
   0.61095
   0.60679
   0.60271
   0.59884
   0.59446
   0.58906
   0.58361
   0.57724
   0.57093
   0.56416
   0.55683
   0.54992
   0.54260
   0.53554
   0.52874
   0.52272
   0.51758
   0.51355
   0.51048
   0.50728
   0.50229
   0.49534
   0.48684
   0.47833
   0.47050
   0.46331
   0.45635
   0.44958
   0.44323
   0.43711
   0.43103
   0.42518
   0.41943
   0.41401
   0.40878
   0.40381
   0.39918
   0.39484
   0.39040
   0.38615
   0.38181
   0.37761
   0.37371
   0.36968
   0.36499
   0.36102
   0.35637
   0.35262
   0.34709
   0.34231
   0.33737
   0.33125
   0.32524
   0.31858
   0.31190
   0.30495
   0.29762
   0.29018
   0.28239
   0.27480
   0.26704
   0.26020
   0.25419
   0.24490
   0.23758
   0.23107
   0.22457
   0.21835
   0.21395
   0.20801
   0.20132
   0.19581
   0.19097
   0.18669
   0.18184
   0.17769
   0.17481
   0.16945
   0.16572
   0.16390
   0.15884
   0.15469
   0.15104
   0.14724
   0.14430
   0.14099
   0.13753
   0.13428
   0.13085
   0.12769
   0.12430
   0.12063
   0.11781
   0.11483
   0.11135
   0.10814
   0.10462
   0.10206
   0.09947
   0.09641
   0.09338
   0.09066
   0.08777
   0.08470
   0.08218
   0.07945
   0.07680
   0.07438
   0.07174
   0.06946
   0.06693
   0.06482
   0.06258
   0.06033
   0.05820
   0.05629
   0.05416
   0.05235
   0.05035
   0.04867
   0.04676
   0.04501
   0.04355
   0.04177
   0.04047
   0.03879
   0.03730
   0.03580
   0.03448
   0.03308
   0.03226
   0.03070
   0.02983
   0.02845
   0.02760
   0.02647
   0.02556
   0.02476
   0.02409
   0.02332
   0.02257
   0.02186
   0.02125
   0.02098
   0.02063
   0.02034
   0.02021
   0.01997
   0.02018
   0.02031
   0.02049
   0.02063
   0.02068
   0.02086
   0.02101
   0.02124
   0.02120
   0.02146
   0.02156
   0.02100
   0.02104
   0.01770
   0.01422
   0.01067
   0.22131
   0.00990
   0.01003
   0.01742
   0.01342
   0.00898
   0.01011
   0.01415
   0.01458
   0.00764
   0.04407
   0.23399
   0.15285
   0.12251
   0.11217
   0.10477
   0.09860
   0.09336
   0.08912
   0.08589
   0.08353
   0.08143
   0.07861
   0.07680
   0.07480
   0.07271
   0.07052
   0.06837
   0.06628
   0.06428
   0.06224
   0.06029
   0.05849
   0.05677
   0.05511
   0.05352
   0.05211
   0.05074
   0.04945
   0.04830
   0.04726
   0.04623
   0.04539
   0.04466
   0.04390
   0.04330
   0.04249
   0.04152
   0.04009
   0.03790
   0.03457
   0.03001
   0.02631
   0.03411
   0.02835
   0.02786
   0.02740
   0.02695
   0.02654
   0.02616
   0.02580
   0.02547
   0.02513
   0.02479
   0.02433
   0.02343
   0.02030
   0.02887
   0.01733
   0.01697
   0.01666
   0.01606
   0.01604
   0.01504
   0.01476
   0.01448
   0.01455
   0.01534
   0.01776
   0.02072
   0.01713
   0.01560
   0.01305
   0.01168
   0.01509
   0.01121
   0.02999
   0.01465
   0.01298
   0.01389
   0.01359
   0.01309
   0.01262
   0.01219
   0.01179
   0.01142
   0.01108
   0.01076
   0.01046
   0.01020
   0.00994
   0.00971
   0.00949
   0.00928
   0.00909
   0.00891
   0.00874
   0.00857
   0.00842
   0.00828
   0.00814
   0.00801
   0.00788
   0.00776
   0.00764
   0.00752
   0.00741
   0.00729
   0.00718
   0.00706
   0.00695
   0.00683
   0.00671
   0.00659
   0.00647
   0.00634
   0.00622
   0.00610
   0.00597
   0.00585
   0.00572
   0.00560
   0.00547
   0.00535
   0.00523
   0.00511
   0.00499
   0.00487
   0.00475
   0.00464
   0.00453
   0.00442
   0.00431
   0.00421
   0.00410
   0.00400
   0.00390
   0.00381
   0.00371
   0.00362
   0.00353
   0.00344
   0.00335
   0.00327
   0.00318
   0.00310
   0.00302
   0.00295
   0.00287
   0.00280
   0.00272
   0.00265
   0.00258
   0.00251
   0.00244
   0.00238
   0.00231
   0.00225
   0.00218
   0.00212
   0.00206
   0.00201
   0.00195
   0.00189
   0.00184
   0.00179
   0.00173
   0.00168
   0.00163
   0.00159
   0.00154
   0.00149
   0.00145
   0.00141
   0.00136
   0.00132
   0.00128
   0.00125
   0.00121
   0.00117
   0.00114
   0.00110
   0.00107
   0.00104
   0.00101
   0.00098
   0.00095
   0.00092
   0.00089
   0.00085
   0.00082
   0.00079
   0.00075
   0.00072
   0.00069
   0.00065
   0.00063
   0.00058
   0.00073
   1.14912
   0.08021
   0.04947
   0.04575
   0.04115
   0.03921
   0.03479
   0.03306
   0.03176
   0.03057
   0.02947
   0.02841
   0.02739
   0.02642
   0.02552
   0.02465
   0.02380
   0.02289
   0.02131
   0.01513
   0.01425
   0.01385
   0.01345
   0.01307
   0.01271
   0.01236
   0.01203
   0.01172
   0.01142
   0.01113
   0.01085
   0.01056
   0.01029
   0.01001
   0.00974
   0.00948
   0.00922
   0.00896
   0.00872
   0.00848
   0.00824
   0.00801
   0.00779
   0.00756
   0.00735
   0.00714
   0.00694
   0.00674
   0.00655
   0.00636
   0.00618
   0.00600
   0.00583
   0.00566
   0.00550
   0.00534
   0.00519
   0.00504
   0.00489
   0.00475
   0.00462
   0.00448
   0.00436
   0.00423
   0.00411
   0.00399
   0.00388
   0.00376
   0.00366
   0.00355
   0.00345
   0.00335
   0.00325
   0.00316
   0.00307
   0.00298
   0.00289
   0.00281
   0.00273
   0.00265
   0.00257
   0.00250
   0.00242
   0.00235
   0.00228
   0.00222
   0.00215
   0.00209
   0.00203
   0.00197
   0.00191
   0.00185
   0.00180
   0.00174
   0.00169
   0.00164
   0.00159
   0.00155
   0.00150
   0.00146
   0.00141
   0.00137
   0.00133
   0.00129
   0.00125
   0.00122
   0.00118
   0.00115
   0.00111
   0.00108
   0.00105
   0.00102
   0.00099
   0.00096
   0.00093
   0.00091
   0.00088
   0.00086
   0.00083
   0.00081
   0.00079
   0.00076
   0.00074
   0.00072
   0.00070
   0.00068
   0.00067
   0.00065
   0.00063
   0.00062
   0.00060
   0.00058
   0.00057
   0.00056
   0.00054
   0.00053
   0.00052
   0.00051
   0.00050
   0.00049
   0.00048
   0.00047
   0.00046
   0.00046
   0.00045
   0.00044
   0.00044
   0.00044
   0.00043
   0.00043
   0.00043
   0.00044
   0.00043
   0.00041
   0.00035
   0.00025
   0.00039
   0.00021
   0.69982
   0.14768
   0.04191
   0.02002
   0.01426
   0.01296
   0.01231
   0.01182
   0.01140
   0.01105
   0.01074
   0.01049
   0.01031
   0.01019
   0.01019
   0.01035
   0.01089
   0.01259
   0.01973
   0.01531
   0.02109
   0.01964
   0.01991
   0.01901
   0.01865
   0.01800
   0.01752
   0.01698
   0.01649
   0.01598
   0.01553
   0.01501
   0.01455
   0.01411
   0.01366
   0.01322
   0.01280
   0.01235
   0.01193
   0.01152
   0.01114
   0.01072
   0.01034
   0.00998
   0.00962
   0.00928
   0.00894
   0.00862
   0.00830
   0.00799
   0.00769
   0.00743
   0.00714
   0.00687
   0.00662
   0.00639
   0.00616
   0.00593
   0.00573
   0.00553
   0.00534
   0.00514
   0.00496
   0.00481
   0.00463
   0.00448
   0.00434
   0.00418
   0.00405
   0.00391
   0.00378
   0.00366
   0.00354
   0.00343
   0.00331
   0.00321
   0.00310
   0.00301
   0.00291
   0.00282
   0.00273
   0.00265
   0.00257
   0.00249
   0.00242
   0.00234
   0.00228
   0.00220
   0.00214
   0.00208
   0.00202
   0.00196
   0.00190
   0.00185
   0.00180
   0.00174
   0.00170
   0.00165
   0.00160
   0.00156
   0.00151
   0.00147
   0.00143
   0.00139
   0.00136
   0.00132
   0.00129
   0.00125
   0.00122
   0.00119
   0.00116
   0.00113
   0.00110
   0.00107
   0.00104
   0.00102
   0.00099
   0.00097
   0.00094
   0.00092
   0.00090
   0.00087
   0.00085
   0.00083
   0.00081
   0.00079
   0.00077
   0.00075
   0.00074
   0.00072
   0.00070
   0.00068
   0.00067
   0.00065
   0.00064
   0.00062
   0.00061
   0.00059
   0.00058
   0.00056
   0.00055
   0.00054
   0.00053
   0.00051
   0.00050
   0.00049
   0.00048
   0.00047
   0.00045
   0.00044
   0.00043
   0.00042
   0.00041
   0.00040
   0.00039
   0.00038
   0.00038
   0.00037
   0.00036
   0.00035
   0.00034
   0.00033
   0.00032
   0.00032
   0.00031
   0.00030
   0.00029
   0.00029
   0.00028
   0.00027
   0.00027
   0.00026
   0.00025
   0.00025
   0.00024
   0.00024
   0.00023
   0.00022
   0.00022
   0.00021
   0.00021
   0.00020
   0.00020
   0.00019
   0.00019
   0.00018
   0.00018
   0.00017
   0.00017
   0.00017
   0.00016
   0.00016
   0.00015
   0.00015
   0.00015
   0.00014
   0.00014
   0.00013
   0.00013
   0.00013
   0.00012
   0.00012
   0.00012
   0.00011
   0.00011
   0.00011
   0.00011
   0.00010
   0.00010
   0.00010
   0.00010
   0.00009
   0.00009
   0.00009
   0.00009
   0.00008
   0.00008
   0.00008
   0.00008
   0.00008
   0.00007
   0.00007
   0.00007
   0.00007
   0.00007
   0.00006
   0.00006
   0.00006
   0.00006
   0.00006
   0.00006
   0.00005
   0.00005
   0.00005
   0.00005
   0.00005
   0.00005
   0.00005
   0.00005
   0.00004
   0.00004
   0.00004
   0.00004
   0.00004
   0.00004
   0.00004
   0.00004
   0.00004
   0.00003
   0.00003
   0.00003
   0.00003
   0.00003
   0.00003
   0.00003
   0.00003
   0.00003
   0.00003
   0.00003
   0.00003
   0.00003
   0.00002
   0.00002
   0.00002
   0.00002
   0.00002
   0.00002
   0.00002
   0.00002
   0.00002
   0.00002
   0.00002
   0.00002
   0.00002
   0.00002
   0.00002
   0.00002
   0.00002
   0.00002
   0.00002
   0.00001
   0.00001
   0.00001
   0.00001
   0.00001
   0.00001
   0.00001
   0.00001
   0.00001
   0.00001
   0.00001
   0.00001
   0.00001
   0.00001
   0.00001
   0.00001
   0.00001
   0.00001
   0.00001
   0.00001
   0.00001
   0.00001
   0.00001
   0.00001
   0.00001
   0.00001
   0.00001
   0.00001
   0.00001
   0.00001
   0.00001
   0.00001
   0.00001
   0.00001
   0.00001
   0.00001
   0.00001
   0.00001
   0.00001
   0.00001
   5.05262
   0.07190
   0.02063
   0.01683
   0.01558
   0.01442
   0.01360
   0.01293
   0.01213
   0.00955
   0.00750
   0.00704
   0.00673
   0.00654
   0.00637
   0.00622
   0.00610
   0.00592
   0.00559
   0.00544
   0.00533
   0.00525
   0.00517
   0.00509
   0.00500
   0.00493
   0.00487
   0.00481
   0.00474
   0.00467
   0.00461
   0.00454
   0.00447
   0.00438
   0.00428
   0.00417
   0.00404
   0.00389
   0.00374
   0.00359
   0.00347
   0.00337
   0.00329
   0.00324
   0.00323
   0.00327
   0.00353
   0.00903
   1.01063
   0.03305
   0.01025
   0.00792
   0.00520
   0.00410
   0.00349
   0.00308
   0.00280
   0.00260
   0.00242
   0.00228
   0.00219
   0.00213
   0.00209
   0.00206
   0.00204
   0.00202
   0.00202
   0.00201
   0.00201
   0.00201
   0.00201
   0.00202
   0.00202
   0.00203
   0.00204
   0.00205
   0.00206
   0.00207
   0.00207
   0.00208
   0.00206
   0.00203
   0.00196
   0.00186
   0.00176
   0.00169
   0.00165
   0.00164
   0.00165
   0.00171
   0.00229
   0.00980
   0.01949
   0.00163
