   0.67358
   0.61725
   0.58259
   0.59284
   0.58451
   0.62084
   0.62209
   0.59203
   0.59947
   0.59078
   0.58810
   0.59830
   0.60471
   0.61427
   0.60529
   0.58064
   0.56921
   0.53076
   0.53400
   0.52259
   0.51602
   0.50614
   0.54467
   0.54598
   0.54715
   0.54676
   0.53865
   0.52296
   0.48940
   0.44961
   0.40786
   0.37233
   0.34235
   0.32058
   0.30280
   0.28624
   0.27468
   0.26548
   0.25709
   0.24945
   0.24308
   0.24014
   0.23480
   0.22965
   0.22413
   0.21753
   0.21519
   0.21175
   0.20836
   0.20448
   0.19804
   0.19268
   0.18751
   0.18437
   0.17303
   0.16541
   0.15660
   0.14849
   0.13991
   0.13386
   0.12234
   0.11498
   0.10341
   0.09509
   0.08661
   0.07832
   0.07257
   0.06583
   0.06096
   0.05484
   0.04925
   0.04371
   0.03984
   0.03388
   0.03112
   0.02730
   0.02426
   0.02124
   0.01857
   0.01708
   0.01551
   0.01414
   0.01290
   0.01197
   0.01107
   0.00965
   0.00926
   0.01078
   0.00921
   0.00877
   0.00841
   0.00587
   0.00620
   0.00564
   0.00610
   0.00666
   0.00817
   0.00946
   0.01018
   0.00932
   0.00234
   0.01127
   0.01154
   0.01213
   0.00456
   0.00406
   0.02190
   0.02580
   0.01862
   0.01404
   0.01151
   0.01312
   0.01479
   0.01529
   0.01289
   0.01013
   0.00900
   0.00758
   0.00498
   0.00300
   0.03386
   0.04482
   0.01094
   0.06381
   0.00237
   0.00382
   0.00240
   0.00954
   0.00882
   0.00207
   0.00693
   0.00198
   0.03617
   0.00176
   0.01212
   0.00119
   0.00144
   0.00130
   0.00119
   0.00113
   0.00109
   0.00102
   0.00113
   0.00113
   0.00124
   0.00130
   0.00030
   0.00059
   0.00079
   0.00107
   0.00101
   0.00223
   0.00154
   0.00130
   0.00123
   0.00112
   0.00106
   0.00101
   0.00106
   0.00096
   0.00101
   0.00097
   0.00097
   0.00087
   0.00087
   0.00083
   0.00519
   0.00221
   0.00157
   0.00112
   0.00242
   0.00133
   0.00094
   0.00180
   0.00120
   0.00217
   0.00089
   0.00067
   0.00057
   0.00054
   0.00051
   0.00045
   0.00025
   0.00069
   0.00141
   0.00099
   0.00063
   0.00091
   0.00101
   0.00085
   0.00082
   0.00150
   0.00083
   0.00081
   0.00024
   0.00073
   0.02766
   0.00066
   0.00130
   0.00092
   0.00082
   0.00079
   0.00064
   0.00096
   0.00071
   0.00062
   0.00057
   0.04438
   0.02218
   0.00797
   0.00620
   0.00515
   0.00409
   0.00332
   0.00248
   0.00210
   0.00187
   0.00175
   0.00167
   0.00154
   0.00143
   0.00130
   0.00115
   0.00032
   0.00128
   0.00139
   0.00149
   0.00137
   0.06095
   0.06181
   0.00058
   0.00159
   0.00968
   0.00033
   0.00380
   0.00064
   0.00306
   0.08506
   0.00048
   0.00033
   0.00039
   0.00070
   0.00023
   0.00035
   0.00702
   0.00126
   0.00092
   0.00055
   0.00034
   0.00039
   0.02348
   0.00147
   0.00090
   0.00054
   0.00042
   0.05535
   0.00188
   0.00126
   0.00087
   0.00050
   0.00034
   0.03217
   0.00032
   0.01128
   0.00032
   0.06893
   0.00042
   0.00043
   0.00047
   0.00043
   0.00035
   0.00029
   0.00014
   0.00001
   0.00025
   0.00025
   0.00022
   0.00018
   0.00015
   0.00014
   0.23971
   0.20855
   0.20733
   0.21432
   0.22347
   0.21571
   0.21703
   0.20708
   0.19863
   0.19051
   0.18206
   0.17304
   0.16412
   0.15528
   0.14634
   0.13711
   0.12823
   0.11959
   0.11145
   0.10073
   0.09355
   0.08572
   0.08125
   0.07990
   0.07926
   0.08091
   0.07640
   0.09164
   0.03083
   0.00331
   0.00269
   0.00214
   0.00183
   0.00171
   0.00156
   0.00125
   0.00111
   0.00095
   0.00072
   0.00046
   0.00036
   0.00032
   0.00060
   0.00040
   0.00042
   0.00044
   0.00026
   0.00019
   0.00018
   0.00017
   0.00017
   0.00025
   0.00014
   0.00012
   0.00012
   0.00011
   0.00015
   0.00010
   0.00013
   0.00014
   0.00009
   0.00006
   0.00036
   0.00037
   0.00042
   0.00058
   0.00030
   0.00030
   0.00023
   0.00007
   0.00027
   0.00006
   0.00037
   0.00020
   0.00003
   0.00000
   0.00022
   0.00027
   0.00031
   0.00027
   0.00028
   0.00035
   0.00031
   0.00006
   0.00027
   0.00026
   0.00028
   0.00021
   0.00011
   0.00013
   0.00006
   0.00007
   0.00002
   0.00014
   0.00012
   0.00013
   0.00014
   0.00017
   0.00019
   0.00022
   0.00023
   0.00022
   0.00018
   0.00350
   4.20467
   0.00018
   0.00018
   0.00017
   0.00017
   0.00016
   0.00015
   0.00015
   0.00015
   0.00015
   0.00016
   0.00017
   0.00018
   0.00018
   0.00017
   0.00014
   0.00014
   0.00018
   0.00012
   0.00019
   0.00015
   0.00002
   0.00009
   0.00009
   0.00008
   0.00008
   0.00008
   0.00008
   0.00009
   0.00009
   0.00010
   0.00010
   0.00010
   0.00013
   0.00010
   0.00004
   0.06088
   0.00654
   0.00902
   0.01022
   0.01180
   0.01443
   0.00884
   0.02098
   0.01939
   0.01900
   0.00260
   0.01437
   0.01395
   0.00695
   0.00572
   0.00239
   0.00383
   0.00281
   0.00174
   0.00186
   0.00186
   0.00172
   0.00065
   0.00719
   0.00198
   0.00316
   0.00734
   0.00364
   0.00130
   0.00644
   0.00791
   0.01752
   0.00517
   0.01614
   0.00745
   0.00687
   0.00648
   0.00688
   0.00631
   0.00380
   0.00476
   0.00666
   0.00928
   0.00126
   0.01099
   0.00660
   0.01189
   0.00846
   0.00522
   0.00055
   0.00893
   0.00771
   0.00074
   0.00859
   0.00841
   0.01243
   0.00460
   0.00367
   0.00658
   0.00279
   0.00105
   0.04723
   0.00162
   0.00205
   0.00264
   0.00438
   0.00540
   0.00559
   0.00106
   0.00141
   0.52915
   0.00108
   0.00112
   0.00092
   0.00289
   0.00757
   0.00091
   0.00087
   0.00093
   0.00099
   0.00116
   0.00052
   0.00251
   0.00054
   0.00091
   0.00093
   0.00306
   0.00085
   0.00082
   0.00001
   0.00071
   0.00084
   0.00052
   0.00070
   0.00047
   0.00069
   0.00054
   0.00072
   0.00069
   0.00334
   0.13344
   0.00059
   0.00056
   0.00057
   0.00055
   0.00020
   0.00556
   0.00013
   0.00036
   0.00047
   0.00048
   0.00046
   0.00041
   0.00039
   0.00042
   0.00053
   0.00072
   0.00034
   0.00028
   0.00030
   0.00033
   0.00036
   0.00036
   0.00016
   0.00032
   0.00027
   0.00033
   0.00035
   0.00035
   0.00024
   0.00035
   0.00291
   0.00028
   0.00029
   0.00030
   0.00031
   0.00033
   0.00035
   0.00037
   0.00039
   0.00030
   0.00040
   0.00041
   0.00038
   0.00361
   0.00298
   0.00202
   0.00149
   0.00139
   0.00128
   0.00116
   0.00109
   0.00103
   0.00100
   0.00098
   0.00096
   0.00094
   0.00093
   0.00092
   0.00092
   0.00092
   0.00093
   0.00092
   0.00092
   0.00100
   0.00097
   0.00094
   0.00088
   0.00087
   0.00091
   0.00092
   0.00074
   0.00085
   0.00073
   0.00095
   0.00082
   0.00083
   0.00087
   0.00104
   0.00240
   0.00306
   0.00660
   0.00773
   0.01528
   0.01542
   0.01457
   0.01372
   0.01292
   0.01214
   0.01124
   0.01038
   0.00983
   0.00722
   0.01829
   0.01851
   0.01605
   0.01379
   0.01180
   0.00997
   0.00834
   0.00681
   0.00528
   0.00405
   0.00390
   0.00412
   0.00282
   0.00326
   0.00371
   0.00782
   0.35664
   0.00208
   0.00233
   0.00271
   0.00330
   0.00394
   0.00489
   0.00578
   0.00636
   0.00652
   0.00623
   0.00567
   0.00499
   0.00424
   0.00345
   0.00270
   0.00212
   0.00182
   0.00507
   0.00125
   0.00145
   0.00144
   0.00139
   0.00145
   0.00151
   0.00170
   0.00187
   0.00457
   0.00129
   0.00138
   0.00091
   0.00123
   0.00142
   0.00369
   0.00128
   0.00143
   0.00065
   0.00072
   0.00074
   0.00093
   0.01052
   0.00072
   0.00078
   0.00081
   0.00153
   0.00132
   0.00102
   0.00238
   0.00230
   0.00226
   0.00226
   0.00204
   0.00229
   0.00213
   0.00185
   0.00142
   0.00100
   0.00159
   0.00064
   0.00077
   0.00094
   0.00146
   0.00135
   0.26174
   0.00023
   0.00024
   0.00026
   0.00027
   0.00028
   0.00029
   0.00030
   0.00031
   0.00033
   0.00037
   0.00042
   0.00049
   0.00058
   0.00068
   0.00079
   0.00084
   0.00082
   0.00071
   0.00054
   0.00001
   0.00026
   0.00025
   0.00025
   0.00026
   0.00026
   0.00027
   0.00027
   0.00027
   0.00027
   0.00027
   0.00027
   0.00029
   0.00031
   0.00035
   0.00041
   0.00047
   0.00053
   0.00059
   0.00063
   0.00061
   0.00053
   0.00042
   0.00066
  10.36827
   0.00015
   0.00014
   0.00014
   0.00013
   0.00013
   0.00013
   0.00013
   0.00013
   0.00013
   0.00013
   0.00013
   0.00013
   0.00013
   0.00014
   0.00015
   0.00017
   0.00019
   0.00021
   0.00022
   0.00024
   0.00024
   0.00021
   0.00018
   0.00016
   0.00000
   0.00041
   0.00034
   0.00029
   0.00025
   0.00021
   0.00018
   0.00016
   0.00015
   0.00013
   0.00012
   0.00012
   0.00012
   0.00011
   0.00011
   0.00011
   0.00011
   0.00011
   0.00011
   0.00012
   0.00014
   0.00015
   0.00016
   0.00017
   0.00017
   0.00015
   0.00013
   0.00016
  13.03799
   0.00053
   0.00039
   0.00030
   0.00025
   0.00020
   0.00017
   0.00014
   0.00012
   0.00011
   0.00009
   0.00008
   0.00008
   0.00007
   0.00007
   0.00006
   0.00006
   0.00006
   0.00006
   0.00006
   0.00006
   0.00006
   0.00006
   0.00007
   0.00007
   0.00007
   0.00007
   0.00007
   0.00006
   0.00005
   0.00006
   0.00020
   0.00004
   0.00004
   0.00004
   0.00004
   0.00003
   0.00003
   0.00003
   0.00003
   0.00003
   0.00003
   0.00003
   0.00003
   0.00003
   0.00003
   0.00003
   0.00004
   0.00004
   0.00004
   0.00004
   0.00005
   0.00004
   0.00004
   0.00004
   0.00004
   0.00000
   0.00004
   0.00003
   0.00003
   0.00003
   0.00003
   0.00003
   0.00003
   0.00003
   0.00002
   0.00002
   0.00002
   0.00002
   0.00002
   0.00002
   0.00002
   0.00002
   0.00002
   0.00002
   0.00002
   0.00002
   0.00002
   0.00002
   0.00002
   0.00002
   0.00002
   0.00002
   0.00002
   0.00002
   0.00003
   0.00003
   0.00003
   0.00003
   0.00003
   0.00003
   0.00002
   0.00018
   0.00005
   0.00005
   0.00004
   0.00004
   0.00004
   0.00003
   0.00003
   0.00003
   0.00003
   0.00002
   0.00002
   0.00002
   0.00002
   0.00002
   0.00002
   0.00002
   0.00002
   0.00002
   0.00002
   0.00002
   0.00002
   0.00002
   0.00002
   0.00002
   0.00002
   0.00002
   0.00002
   0.00002
   0.00002
   0.00002
   0.00002
   0.00002
   0.00002
   0.00002
   0.00001
   0.00025
   0.00006
   0.00006
   0.00006
   0.00005
   0.00005
   0.00004
   0.00004
   0.00004
   0.00004
   0.00003
   0.00003
   0.00003
   0.00002
   0.00002
   0.00002
   0.00002
   0.00002
   0.00002
   0.00002
   0.00002
   0.00001
   0.00001
   0.00001
   0.00001
   0.00001
   0.00001
   0.00001
   0.00001
   0.00001
   0.00001
   0.00001
   0.00001
   0.00001
   0.00001
   0.00001
   0.00001
   0.00001
   0.00001
   0.00001
   0.00000
   0.00001
   0.00001
   0.00001
   0.00001
   0.00001
   0.00001
   0.00001
   0.00001
   0.00001
   0.00001
   0.00001
   0.00001
   0.00001
   0.00000
   0.00000
   0.00000
   0.00000
   0.00000
   0.00000
   0.00000
   0.00000
   0.00000
   0.00000
   0.00000
   0.00000
   0.00000
   0.00000
   0.00000
   0.00000
   0.00000
   0.00000
   0.00000
   0.00001
   0.00001
   0.00001
   0.00001
   0.00001
   0.00001
   0.00001
   0.00001
   0.00001
   0.00001
