   0.46932
   0.46398
   0.46771
   0.46457
   0.46527
   0.46712
   0.46790
   0.46805
   0.46983
   0.46988
   0.47106
   0.47297
   0.47178
   0.47114
   0.47186
   0.47051
   0.46916
   0.46697
   0.46664
   0.46491
   0.46349
   0.46122
   0.46046
   0.45866
   0.45703
   0.45495
   0.45351
   0.45229
   0.45133
   0.44221
   0.44392
   0.44651
   0.46593
   0.48861
   0.50627
   0.51610
   0.52539
   0.53231
   0.53474
   0.53219
   0.52427
   0.51111
   0.49311
   0.47077
   0.44518
   0.41692
   0.38706
   0.35675
   0.32682
   0.29870
   0.27228
   0.24846
   0.22731
   0.20859
   0.19278
   0.17818
   0.16555
   0.15458
   0.14593
   0.13760
   0.13036
   0.12410
   0.11864
   0.11389
   0.11068
   0.10694
   0.10377
   0.10122
   0.09866
   0.09681
   0.09479
   0.09307
   0.09152
   0.09024
   0.08909
   0.08893
   0.08840
   0.08821
   0.08771
   0.08754
   0.08717
   0.08695
   0.08880
   0.08855
   0.08866
   0.08884
   0.08912
   0.09053
   0.09137
   0.09216
   0.09300
   0.09344
   0.09180
   0.09247
   0.09191
   0.09209
   0.09396
   0.09432
   0.09496
   0.09520
   0.09559
   0.09570
   0.09622
   0.09662
   0.09666
   0.09742
   0.09761
   0.09619
   0.09777
   0.09715
   0.09806
   0.09905
   0.10005
   0.09938
   0.10055
   0.10006
   0.10171
   0.10274
   0.10338
   0.10368
   0.10379
   0.10298
   0.10180
   0.10025
   0.09811
   0.09557
   0.09404
   0.09089
   0.08570
   0.08508
   0.08178
   0.07771
   0.07609
   0.07407
   0.07118
   0.07070
   0.06869
   0.06697
   0.06479
   0.06235
   0.04893
   0.02849
   0.01906
   0.02083
   0.02048
   0.02066
   0.02070
   0.01150
   0.02942
   0.03066
   0.02967
   0.00891
   0.00267
   0.00196
   0.00266
   0.00162
   0.00164
   0.00157
   0.00152
   0.00150
   0.00151
   0.00153
   0.00115
   0.00109
   0.00109
   0.00106
   0.00128
   0.00169
   0.00197
   0.00312
   0.00305
   0.00318
   0.00279
   0.00300
   0.00400
   0.00273
   0.00266
   0.00037
   0.00066
   0.00071
   0.00039
   0.00039
   0.00039
   0.00035
   0.00034
   0.00031
   0.00031
   0.00028
   0.00026
   0.00026
   0.00024
   0.00027
   0.00030
   0.00025
   0.00150
   0.00180
   0.00189
   0.00146
   0.00104
   0.00062
   0.00048
   0.00138
   0.00940
   0.01012
   0.00759
   0.00078
   0.00072
   0.00062
   0.00056
   0.00051
   0.00048
   0.00053
   0.00055
   0.00050
   0.00045
   0.00041
   0.00038
   0.00038
   0.00035
   0.00027
   0.00026
   0.00026
   0.00025
   0.00025
   0.00382
   0.00068
   0.00223
   0.00050
   0.00139
   0.00175
   0.00038
   0.00149
   0.00347
   0.00164
   0.00032
   0.00163
   0.00047
   0.00214
   0.00048
   0.00437
   0.00083
   0.00369
   0.00201
   0.00372
   0.00141
   0.00191
   0.00119
   0.00138
   0.00085
   0.00096
   0.00077
   0.00325
   0.00082
   0.00052
   0.00313
   0.00286
   0.00387
   0.00158
   0.00108
   0.00311
   0.00223
   0.00040
   0.00255
   0.00284
   0.00198
   0.00225
   0.00259
   0.00543
   0.00381
   0.00330
   0.00276
   0.00405
   0.00306
   0.00288
   0.00314
   0.01379
   0.00900
   0.00838
   0.00776
   0.00758
   0.00651
   0.00565
   0.00490
   0.00447
   0.00381
   0.00317
   0.00307
   0.00250
   0.00229
   0.00203
   0.00181
   0.00170
   0.00325
   0.00313
   0.00271
   0.00555
   0.00334
   0.00430
   0.00313
   0.01442
   0.00489
   0.00283
   0.00276
   0.00188
   0.00847
   0.00209
   0.00209
   0.00184
   0.00098
   0.00159
   0.00728
   0.00173
   0.00126
   0.00169
   0.01552
   0.00453
   0.00260
   0.00111
   0.00092
   0.01658
   0.00275
   0.00113
   0.00084
   0.01538
   0.00809
   0.02102
   0.00799
   0.13969
   0.02520
   0.02399
   0.02204
   0.02038
   0.01899
   0.01778
   0.01663
   0.01550
   0.01436
   0.01326
   0.01236
   0.01182
   0.01116
   0.01038
   0.00959
   0.00885
   0.00832
   0.00797
   0.00769
   0.00657
   0.00335
   0.00277
   0.00245
   0.01061
   0.00757
   0.00137
   0.00614
   0.00286
   0.00186
   0.00448
   0.00128
   0.00099
   0.00517
   0.00054
   0.00435
   0.00100
   0.00047
   0.00048
   0.00038
   0.00039
   0.00378
   0.00152
   0.00102
   0.00070
   0.00635
   0.00052
   0.00044
   0.00256
   0.00085
   0.00065
   0.00091
   0.00045
   0.00101
   0.00570
   0.00146
   0.00035
   0.00031
   0.00173
   0.00024
   0.00022
   0.00215
   0.00019
   0.00022
   0.00339
   0.00020
   0.00015
   0.00018
   0.00430
   0.00367
   0.00095
   0.00054
   0.00034
   1.00478
   0.70002
   0.59739
   0.55037
   0.52755
   0.51615
   0.51036
   0.50740
   0.50587
   0.50509
   0.50468
   0.50447
   0.50436
   0.50431
   0.50428
   0.50427
   0.50426
   0.50425
   0.50425
   0.50425
   0.50425
   0.50425
   0.50425
   0.50425
   0.50425
   0.50425
   0.50425
   0.50425
   0.50425
   0.50425
   0.50425
   0.50425
   0.50426
   0.50426
   0.50426
   0.50426
   0.50426
   0.50426
   0.50426
   0.50426
   0.50426
   0.50426
   0.50426
   0.50426
   0.50426
   0.50426
   0.50426
   0.50426
   0.50426
   0.50426
   0.50426
   0.50426
   0.50426
   0.50426
   0.50426
   0.50426
   0.50426
   0.50426
   0.50427
   0.50427
   0.50427
   0.50427
   0.50427
   0.50427
   0.50427
   0.50427
   0.50427
   0.50427
   0.50427
   0.50427
   0.50427
   0.50427
   0.50427
   0.50427
   0.50427
   0.50427
   0.50427
   0.50427
   0.50427
   0.50427
   0.50427
   0.50427
   0.50427
   0.50427
   0.50427
   0.50428
   0.50428
   0.50428
   0.50428
   0.50428
   0.50428
   0.50428
   0.50428
   0.50428
   0.50428
   0.50428
   0.50428
   0.50428
   0.50428
   0.50428
