   0.69258
   0.69195
   0.69318
   0.69134
   0.69033
   0.68907
   0.68853
   0.68798
   0.68682
   0.68619
   0.68524
   0.68483
   0.68380
   0.68325
   0.68222
   0.68142
   0.68061
   0.67968
   0.67885
   0.67803
   0.67703
   0.67616
   0.67521
   0.67435
   0.67371
   0.67238
   0.67138
   0.67038
   0.66944
   0.66830
   0.66738
   0.66632
   0.66531
   0.66422
   0.66322
   0.66216
   0.66124
   0.66022
   0.65912
   0.65813
   0.65722
   0.65629
   0.65538
   0.65429
   0.65353
   0.65279
   0.65170
   0.65109
   0.65056
   0.64994
   0.64943
   0.64944
   0.64867
   0.64910
   0.64949
   0.64973
   0.65004
   0.65060
   0.65195
   0.65388
   0.65587
   0.65790
   0.66129
   0.66464
   0.66882
   0.67250
   0.67772
   0.68446
   0.69106
   0.69701
   0.70346
   0.71004
   0.71496
   0.71801
   0.71981
   0.72053
   0.72047
   0.72116
   0.72270
   0.72330
   0.72402
   0.72346
   0.72377
   0.72358
   0.72077
   0.71803
   0.71640
   0.71264
   0.70943
   0.70496
   0.70130
   0.69691
   0.69318
   0.68738
   0.67667
   0.67867
   0.67441
   0.66846
   0.66458
   0.65936
   0.65392
   0.64872
   0.64377
   0.63868
   0.63426
   0.62869
   0.62327
   0.61803
   0.61246
   0.60690
   0.60138
   0.59548
   0.58970
   0.58454
   0.57831
   0.57331
   0.56677
   0.56064
   0.55469
   0.54869
   0.54254
   0.53621
   0.52922
   0.52300
   0.51636
   0.50908
   0.50331
   0.49597
   0.48894
   0.48153
   0.47511
   0.46775
   0.46047
   0.45367
   0.44685
   0.43995
   0.43345
   0.42714
   0.42110
   0.41539
   0.40988
   0.40495
   0.40054
   0.39646
   0.39275
   0.38905
   0.38583
   0.38271
   0.37970
   0.37731
   0.37464
   0.37258
   0.37040
   0.36863
   0.36737
   0.36597
   0.36510
   0.36366
   0.36324
   0.36235
   0.36185
   0.36077
   0.35986
   0.35833
   0.35651
   0.35464
   0.35190
   0.34997
   0.34613
   0.34206
   0.33774
   0.33279
   0.32783
   0.32209
   0.31677
   0.31060
   0.30445
   0.29849
   0.29231
   0.28649
   0.27987
   0.27472
   0.26965
   0.26488
   0.26047
   0.25587
   0.25140
   0.24735
   0.24249
   0.23857
   0.23414
   0.23049
   0.22614
   0.22281
   0.21839
   0.21416
   0.20999
   0.20549
   0.20173
   0.19764
   0.19389
   0.18997
   0.18670
   0.18281
   0.17959
   0.17595
   0.17304
   0.16977
   0.16662
   0.16304
   0.16014
   0.15643
   0.15396
   0.14975
   0.14731
   0.14351
   0.14116
   0.13714
   0.13492
   0.13128
   0.12898
   0.12547
   0.12319
   0.11979
   0.11741
   0.11451
   0.11181
   0.10934
   0.10667
   0.10455
   0.10175
   0.09980
   0.09739
   0.09531
   0.09309
   0.09107
   0.08894
   0.08694
   0.08523
   0.08314
   0.08142
   0.07949
   0.07777
   0.07619
   0.07449
   0.07275
   0.07158
   0.06942
   0.06879
   0.06652
   0.06584
   0.06380
   0.06310
   0.06084
   0.06068
   0.05809
   0.05790
   0.05557
   0.05534
   0.05304
   0.05249
   0.05114
   0.04968
   0.04884
   0.04694
   0.04660
   0.04457
   0.04381
   0.04261
   0.04139
   0.04021
   0.03905
   0.03785
   0.03687
   0.03564
   0.03457
   0.03353
   0.03249
   0.03161
   0.03059
   0.02968
   0.02878
   0.02798
   0.02708
   0.02626
   0.02545
   0.02467
   0.02397
   0.02323
   0.02252
   0.02192
   0.02131
   0.02071
   0.02012
   0.01952
   0.01904
   0.01853
   0.01805
   0.01757
   0.01714
   0.01669
   0.01635
   0.01596
   0.01562
   0.01534
   0.01506
   0.01486
   0.01473
   0.01463
   0.01446
   0.01437
   0.01416
   0.01350
   0.01272
   0.70608
   0.01973
   0.04796
   0.02623
   0.04812
   0.02002
   0.05087
   0.01481
   0.05410
   0.01397
   0.05448
   0.01418
   0.05424
   0.01432
   0.05321
   0.01402
   0.05221
   0.01361
   0.05017
   0.01316
   0.05008
   0.01188
   0.04266
   0.01170
   0.04650
   0.02754
   0.02061
   0.01699
   0.02205
   0.01286
   0.02834
   0.00982
   0.03953
   0.04148
   0.01016
   0.04594
   0.00966
   0.02457
   0.00899
   0.03970
   0.01204
   0.04872
   0.03299
   0.03023
   0.00823
   0.04866
   0.01249
   0.02723
   0.00897
   0.04932
   0.01472
   0.02006
   0.02343
   0.01155
   0.04531
   0.00814
   0.02213
   0.01014
   0.04333
   0.01115
   0.04794
   0.01127
   0.03141
   0.00896
   0.05117
   0.00733
   0.04694
   0.00791
   0.04825
   0.00689
   0.04745
   0.00660
   0.04562
   0.00661
   0.04605
   0.00676
   0.02744
   0.00644
   0.04310
   0.00608
   0.04334
   0.00494
   0.01070
   0.00790
   0.02466
   0.00988
   0.03369
   0.00791
   0.03746
   0.00534
   0.03639
   0.00470
   0.02967
   0.00483
   0.03799
   0.04984
   0.00856
   0.03127
   0.00537
   0.03729
   0.01668
   0.01077
   0.01252
   0.00463
   0.03076
   0.00534
   0.03602
   0.00461
   0.01174
   0.00452
   0.00995
   0.00444
   0.02571
   0.00496
   0.03188
   0.00732
   0.01800
   0.00345
   0.03457
   0.00387
   0.02885
   0.00410
   0.01575
   0.04044
   0.01022
   0.00377
   0.01296
   0.00795
   0.02316
   0.00694
   0.00355
   0.02477
   0.36531
   0.00503
   0.12388
   0.00534
   0.00376
   0.00358
   0.00359
   0.00359
   0.00359
   0.00359
   0.00359
   0.00359
   0.00359
   0.00359
   0.00359
   0.00359
   0.00359
   0.00359
   0.00360
   0.00360
   0.00360
   0.00361
   0.00361
   0.00362
   0.00363
   0.00363
   0.00364
   0.00365
   0.00366
   0.00367
   0.00369
   0.00370
   0.00371
   0.00373
   0.00375
   0.00376
   0.00378
   0.00379
   0.00381
   0.00382
   0.00383
   0.00384
   0.00385
   0.00385
   0.00385
   0.00385
   0.00384
   0.00382
   0.00380
   0.00378
   0.00375
   0.00372
   0.00369
   0.00365
   0.00362
   0.00358
   0.00354
   0.00350
   0.00347
   0.00343
   0.00340
   0.00337
   0.00334
   0.00331
   0.00329
   0.00326
   0.00324
   0.00322
   0.00321
   0.00319
   0.00318
   0.00317
   0.00316
   0.00316
   0.00315
   0.00316
   0.00316
   0.00318
   0.00320
   0.00323
   0.00328
   0.00336
   0.00346
   0.00343
   0.00295
   0.00287
   0.00289
   0.00291
   0.00295
   0.00301
   0.00313
   0.00337
   0.00411
   0.01069
   0.55487
   0.49208
   0.29136
   0.21700
   0.19107
   0.17895
   0.17023
   0.16413
   0.15967
   0.15488
   0.15017
   0.10222
   0.09646
   0.09271
   0.09027
   0.08796
   0.08572
   0.08354
   0.08150
   0.07951
   0.07759
   0.07572
   0.07393
   0.07217
   0.07047
   0.06883
   0.06722
   0.06567
   0.06418
   0.06271
   0.06130
   0.05994
   0.05862
   0.05734
   0.05610
   0.05490
   0.05374
   0.05261
   0.05151
   0.05045
   0.04941
   0.04840
   0.04741
   0.04645
   0.04551
   0.04459
   0.04369
   0.04282
   0.04195
   0.04111
   0.04029
   0.03948
   0.03869
   0.03792
   0.03717
   0.03644
   0.03572
   0.03503
   0.03436
   0.03372
   0.03309
   0.03249
   0.03192
   0.03137
   0.03084
   0.03033
   0.02986
   0.02941
   0.02897
   0.02855
   0.02815
   0.02776
   0.02738
   0.02703
   0.02671
   0.02640
   0.02608
   0.02579
   0.02550
   0.02524
   0.02496
   0.02471
   0.02448
   0.02424
   0.02402
   0.02379
   0.02358
   0.02335
   0.02319
   0.02300
   0.02282
   0.02262
   0.02244
   0.02226
   0.02205
   0.02187
   0.02166
   0.02147
   0.02128
   0.02110
   0.02091
   0.02077
   0.02060
   0.02041
   0.02025
   0.02007
   0.01993
   0.01975
   0.01957
   0.01945
   0.01928
   0.01913
   0.01896
   0.01879
   0.01863
   0.01846
   0.01835
   0.01826
   0.01809
   0.01795
   0.01780
   0.01769
   0.01758
   0.01747
   0.01735
   0.01724
   0.01712
   0.01703
   0.01694
   0.01684
   0.01676
   0.01665
   0.01658
   0.01651
   0.01646
   0.01636
   0.01631
   0.01627
   0.01623
   0.01616
   0.01613
   0.01609
   0.01606
   0.01602
   0.01597
   0.01594
   0.01593
   0.01587
   0.01585
   0.01582
   0.01577
   0.01576
   0.01574
   0.01570
   0.01567
   0.01564
   0.01559
   0.01557
   0.01553
   0.01550
   0.01548
   0.01546
   0.01543
   0.01541
   0.01538
   0.01535
   0.01533
   0.01530
   0.01524
   0.01516
   0.01508
   0.01497
   0.01484
   0.01468
   0.01446
   0.01414
   0.01367
   0.01302
   0.01233
   0.01224
   0.01277
   0.01332
   0.01384
   0.01423
   0.01445
   0.01448
   0.01429
   0.01392
   0.01347
   0.01283
   0.01152
   0.01332
   0.01224
   0.01364
   0.01444
   0.01574
   0.01674
   0.01630
   0.01409
   0.01302
   0.00516
   0.01269
   0.00233
   0.00236
   0.00233
   0.00232
   0.00231
   0.00230
   0.00229
   0.00228
   0.00227
   0.00226
   0.00225
   0.00224
   0.00223
   0.00222
   0.00221
   0.00220
   0.00218
   0.00217
   0.00216
   0.00215
   0.00213
   0.00212
   0.00211
   0.00210
   0.00209
   0.00208
   0.00207
   0.00206
   0.00206
   0.00205
   0.00205
   0.00204
   0.00204
   0.00204
   0.00204
   0.00205
   0.00206
   0.00207
   0.00210
   0.00216
   0.00230
   0.00301
   0.00405
   0.00392
   2.25434
   0.15220
   0.09383
   0.08961
   0.08479
   0.08044
   0.07745
   0.07476
   0.07229
   0.07001
   0.06788
   0.06586
   0.06399
   0.06221
   0.06054
   0.05893
   0.05742
   0.05596
   0.05457
   0.05323
   0.05197
   0.05072
   0.04954
   0.04839
   0.04728
   0.04620
   0.04515
   0.04415
   0.04316
   0.04220
   0.04128
   0.04037
   0.03950
   0.03864
   0.03782
   0.03700
   0.03622
   0.03545
   0.03471
   0.03399
   0.03329
   0.03260
   0.03193
   0.03128
   0.03065
   0.03004
   0.02944
   0.02886
   0.02829
   0.02773
   0.02719
   0.02666
   0.02615
   0.02564
   0.02516
   0.02468
   0.02421
   0.02376
   0.02332
   0.02289
   0.02247
   0.02206
   0.02166
   0.02127
   0.02088
   0.02051
   0.02014
   0.01979
   0.01944
   0.01910
   0.01877
   0.01845
   0.01813
   0.01782
   0.01752
   0.01722
   0.01693
   0.01665
   0.01637
   0.01610
   0.01584
   0.01558
   0.01533
   0.01508
   0.01483
   0.01460
   0.01436
   0.01414
   0.01391
   0.01370
   0.01348
   0.01327
   0.01307
   0.01287
   0.01267
   0.01248
   0.01229
   0.01211
   0.01193
   0.01175
   0.01157
   0.01140
   0.01123
   0.01107
   0.01091
   0.01075
   0.01060
   0.01044
   0.01029
   0.01015
   0.01000
   0.00986
   0.00972
   0.00959
   0.00945
   0.00932
   0.00919
   0.00907
   0.00894
   0.00882
   0.00870
   0.00858
   0.00846
   0.00835
   0.00823
   0.00812
   0.00801
   0.00790
   0.00780
   0.00769
   0.00759
   0.00748
   0.00738
   0.00728
   0.00718
   0.00709
   0.00699
   0.00689
   0.00680
   0.00671
   0.00662
   0.00653
   0.00644
   0.00635
   0.00627
   0.00618
   0.00609
   0.00601
   0.00593
   0.00585
   0.00577
   0.00569
   0.00560
   0.00553
   0.00545
   0.00537
   0.00530
   0.00522
   0.00514
   0.00508
   0.00500
   0.00493
   0.00486
   0.00479
   0.00472
   0.00465
   0.00459
   0.00451
   0.00445
   0.00438
   0.00432
   0.00426
   0.00419
   0.00413
   0.00407
   0.00401
   0.00395
   0.00389
   0.00383
   0.00377
   0.00372
   0.00366
   0.00361
   0.00355
   0.00350
   0.00345
   0.00339
   0.00335
   0.00329
   0.00325
   0.00319
   0.00315
   0.00310
   0.00305
   0.00300
   0.00296
   0.00291
   0.00287
   0.00283
   0.00278
   0.00274
   0.00270
   0.00266
   0.00261
   0.00257
   0.00253
   0.00250
   0.00246
   0.00242
   0.00238
   0.00235
   0.00231
   0.00227
   0.00224
