   0.68075
   0.67588
   0.67221
   0.66470
   0.67958
   0.66004
   0.65286
   0.64536
   0.64140
   0.63880
   0.63501
   0.63654
   0.63545
   0.62630
   0.62211
   0.62693
   0.62015
   0.61345
   0.60599
   0.59750
   0.58091
   0.57925
   0.56987
   0.55870
   0.54908
   0.54018
   0.53073
   0.52187
   0.51184
   0.50310
   0.49575
   0.49385
   0.49106
   0.48852
   0.49011
   0.48880
   0.48052
   0.49527
   0.49128
   0.47509
   0.46660
   0.45832
   0.44555
   0.43262
   0.41719
   0.40496
   0.38532
   0.37092
   0.35159
   0.33160
   0.31724
   0.30183
   0.28931
   0.28016
   0.26941
   0.26172
   0.25560
   0.24974
   0.24555
   0.24048
   0.23651
   0.23305
   0.22565
   0.22748
   0.22467
   0.22285
   0.21703
   0.21331
   0.21041
   0.20679
   0.20161
   0.19305
   0.18745
   0.18235
   0.17569
   0.17151
   0.16652
   0.16099
   0.15575
   0.15232
   0.14668
   0.14456
   0.14088
   0.13864
   0.13619
   0.13055
   0.13215
   0.13181
   0.13307
   0.14014
   0.13845
   0.14498
   0.15242
   0.16192
   0.16336
   0.17762
   0.19000
   0.20094
   0.21392
   0.23071
   0.24733
   0.25383
   0.25316
   0.24327
   0.23641
   0.24174
   0.25518
   0.25831
   0.24409
   0.21126
   0.17266
   0.12395
   0.09078
   0.06766
   0.04173
   0.03267
   0.02699
   0.02480
   0.02675
   0.03430
   0.04722
   0.06873
   0.11107
   0.14179
   0.04246
   0.10949
   0.11953
   0.13164
   0.10451
   0.18353
   0.12478
   0.13974
   0.17432
   0.10087
   0.07566
   0.06502
   0.08378
   0.09153
   0.01803
   0.01780
   0.01666
   0.10602
   0.05117
   0.08426
   0.00981
   0.08503
   0.01507
   0.16849
   0.10169
   0.02626
   0.00901
   0.01074
   0.00781
   0.01595
   0.00505
   0.00666
   0.05274
   0.00645
   0.00717
   0.00413
   0.12123
   0.00388
   0.00371
   0.00715
   0.02717
   0.04302
   0.03844
   0.04048
   0.04156
   0.04202
   0.04202
   0.04318
   0.04328
   0.04176
   0.03099
   0.03049
   0.03114
   0.03024
   0.02691
   0.02987
   0.50328
   0.01400
   0.02637
   0.02416
   0.02506
   0.00588
   0.00404
   0.00460
   0.02065
   0.00404
   0.00265
   0.00191
   0.00222
   0.00382
   0.00180
   0.00140
   0.00168
   0.00123
   0.01504
   0.00864
   0.00700
   0.00543
   0.00449
   0.00418
   0.00677
   0.00271
   0.00525
   0.00204
   0.00178
   0.00141
   0.00119
   0.00127
   0.00105
   0.00122
   0.02005
   0.02007
   0.01643
   0.01337
   0.01819
   0.02120
   0.02150
   0.02127
   0.01968
   0.01574
   0.01190
   0.01246
   0.00729
   0.00551
   0.01866
   0.01754
   0.00270
   0.00383
   0.30797
   0.08746
   0.04119
   0.03022
   0.02552
   0.02355
   0.02233
   0.02105
   0.01935
   0.01764
   0.01617
   0.01513
   0.01431
   0.01364
   0.01305
   0.01238
   0.01163
   0.01081
   0.00999
   0.00929
   0.00869
   0.00816
   0.00767
   0.00722
   0.00696
   0.23774
   0.07114
   0.06675
   0.06490
   0.06094
   0.05530
   0.04912
   0.04223
   0.03595
   0.03024
   0.02579
   0.02366
   0.02114
   0.01877
   0.01618
   0.01366
   0.01142
   0.00944
   0.00782
   0.00665
   0.00590
   0.00543
   0.00509
   0.00481
   0.00455
   0.00431
   0.00409
   0.00388
   0.00369
   0.00350
   0.00333
   0.00316
   0.00300
   0.00284
   0.00268
   0.00254
   0.00239
   0.00223
   0.00207
   0.00194
   0.00182
   0.00171
   0.00160
   0.00151
   0.00141
   0.00131
   0.00122
   0.00114
   0.00106
   0.00099
   0.00092
   0.00086
   0.00080
   0.00075
   0.00066
   0.00061
   0.00221
   0.00163
   0.00123
   0.00112
   0.00105
   0.00100
   0.00099
   0.00099
   0.00098
   0.00096
   0.00092
   0.00087
   0.00083
   0.01966
   0.00946
   0.00676
   0.00511
   0.00393
   0.00306
   0.00236
   0.00168
   0.03960
   0.01592
   0.01017
   0.00797
   0.00596
   0.00432
   0.00371
   0.00288
   0.00241
   0.00211
   0.00186
   0.00166
   0.00151
   0.00140
   0.00123
   0.00112
   0.00105
   0.00092
   0.00323
   0.00204
   0.00181
   0.00162
   0.00146
   0.00131
   0.00120
   0.00112
   0.00103
   0.00096
   0.00088
   0.00082
   0.00076
   0.06012
   0.00466
   0.00353
   0.00285
   0.00238
   0.00203
   0.00176
   0.00154
   0.00137
   0.00124
   0.00113
   0.00103
   0.00094
   0.00086
   0.00080
   0.00074
   0.00756
   0.00362
   0.00255
   0.00188
   0.00154
   0.00133
   0.00117
   0.00104
   0.00094
   0.00084
   0.00076
   0.00070
   0.00064
   0.00059
   0.00056
   0.00052
   0.00049
   0.00046
   0.00043
   0.00041
   0.00086
   0.00036
   0.00034
   0.00033
   0.00032
   0.00030
   0.00031
   0.00029
   0.00028
   0.00027
   0.00026
   0.00025
   0.00025
   0.00024
   0.00024
   0.00023
   0.00023
   0.00023
   0.06406
   0.01420
   0.00979
   0.00720
   0.00573
   0.00448
   0.00350
   0.00281
   0.00232
   0.00198
   0.00172
   0.00155
   0.00142
   0.00129
   0.00118
   0.00116
   0.00110
   0.00103
   0.00096
   0.00090
   0.00084
   0.00076
   0.00063
   0.00059
   0.00057
   0.00054
   0.00053
   0.00053
   0.00053
   0.00048
   0.00058
   0.00351
   0.00789
   0.00475
   0.00351
   0.00270
   0.00220
   0.00185
   0.00159
   0.00131
   0.00115
   0.00098
   0.00089
   0.00080
   0.00073
   0.00066
   0.00060
   0.00056
   0.00052
   0.00049
   0.00044
   0.00043
   0.00039
   0.00037
   0.00037
   0.00033
   0.00032
   0.00030
   0.00030
   0.00026
   0.00026
   0.00025
   0.00023
   0.00022
   0.00021
   0.00020
   0.00019
   0.00015
   0.00015
   0.00014
   0.00025
   0.00024
   0.00022
   0.00018
   0.00014
   0.00012
   0.00013
   0.00013
   0.00013
   0.00013
   0.00014
