   0.70873
   0.72370
   0.72816
   0.72817
   0.72549
   0.72263
   0.71958
   0.71653
   0.71381
   0.71129
   0.70900
   0.70660
   0.70517
   0.70334
   0.70177
   0.70029
   0.69905
   0.69795
   0.69679
   0.69571
   0.69496
   0.69423
   0.69369
   0.69281
   0.69224
   0.69167
   0.69539
   0.69050
   0.69045
   0.69024
   0.69009
   0.69033
   0.69955
   0.70778
   0.70504
   0.71378
   0.72675
   0.73119
   0.72339
   0.72193
   0.72271
   0.72508
   0.72603
   0.73106
   0.73341
   0.73561
   0.73852
   0.73931
   0.74071
   0.74028
   0.74166
   0.73956
   0.73382
   0.72903
   0.72128
   0.71485
   0.70895
   0.69869
   0.68550
   0.68113
   0.66386
   0.65918
   0.65111
   0.63886
   0.62601
   0.59751
   0.58907
   0.57957
   0.54115
   0.53390
   0.53022
   0.52325
   0.51831
   0.51327
   0.50770
   0.50207
   0.49664
   0.49178
   0.48752
   0.48371
   0.47960
   0.47425
   0.46697
   0.45857
   0.45036
   0.44262
   0.43544
   0.42874
   0.42258
   0.41685
   0.41116
   0.40579
   0.39964
   0.39435
   0.38820
   0.38349
   0.37847
   0.37310
   0.36835
   0.36346
   0.35846
   0.35364
   0.34891
   0.34431
   0.33958
   0.33486
   0.33023
   0.32542
   0.32078
   0.31594
   0.31118
   0.30634
   0.30144
   0.29655
   0.29165
   0.28676
   0.28176
   0.27677
   0.27171
   0.26666
   0.26157
   0.25642
   0.25122
   0.24607
   0.24137
   0.23624
   0.23157
   0.22652
   0.22148
   0.21655
   0.21177
   0.20672
   0.20197
   0.19717
   0.19263
   0.18808
   0.18359
   0.17925
   0.17485
   0.17065
   0.16656
   0.16252
   0.15867
   0.15483
   0.15119
   0.14756
   0.14409
   0.14069
   0.13739
   0.13418
   0.13103
   0.12802
   0.12499
   0.12209
   0.11966
   0.11675
   0.11406
   0.11182
   0.10909
   0.10660
   0.10396
   0.10154
   0.09895
   0.09658
   0.09407
   0.09178
   0.08935
   0.08702
   0.08476
   0.08295
   0.08078
   0.07859
   0.07644
   0.07436
   0.07233
   0.07039
   0.06848
   0.06664
   0.06488
   0.06316
   0.06151
   0.05993
   0.05829
   0.05681
   0.05539
   0.05405
   0.05266
   0.05136
   0.05010
   0.04913
   0.04771
   0.04651
   0.04566
   0.04438
   0.04356
   0.04224
   0.04146
   0.04019
   0.03948
   0.03819
   0.03754
   0.03627
   0.03562
   0.03468
   0.03387
   0.03298
   0.03204
   0.03085
   0.02990
   0.02871
   0.02761
   0.02637
   0.02521
   0.02389
   0.02257
   0.02122
   0.01986
   0.01850
   0.01724
   0.01620
   0.01550
   0.01514
   0.01495
   0.01491
   0.01498
   0.01509
   0.01522
   0.01510
   0.01501
   0.01481
   0.01477
   0.01482
   0.01557
   0.01802
   0.02278
   0.01751
   0.01419
   0.01854
   0.02384
   0.02387
   0.01847
   0.02559
   0.02710
   0.02434
   0.02071
   0.01931
   0.00981
   0.01454
   0.01322
   1.67781
   0.01755
   0.02412
   0.02168
   0.02028
   0.01603
   0.01595
   0.01098
   0.01769
   0.04277
   0.02182
   0.02709
   0.19433
   0.01347
   0.01612
   0.02164
   0.01038
   0.01567
   0.01338
   0.01046
   0.01926
   0.36746
   0.01291
   0.01826
   0.01683
   0.00996
   0.01384
   0.01781
   0.01445
   0.23388
   0.02200
   0.00444
   0.01470
   0.01754
   0.01886
   0.00542
   0.10320
   0.01235
   0.01048
   0.01448
   0.01181
   0.01231
   0.01275
   0.01436
   0.01494
   0.01583
   0.01739
   0.01900
   0.02054
   0.02238
   0.02380
   0.01070
   0.01669
   0.02004
   0.02710
   0.01608
   0.02810
   0.00929
   0.02690
   0.01255
   0.01135
   0.01223
   0.00794
   0.01987
   0.01064
   0.00720
   0.01559
   0.00986
   0.00707
   0.01065
   0.00828
   0.00729
   0.00771
   0.00741
   0.00732
   0.00750
   0.00740
   0.00760
   0.00753
   0.00771
   0.00758
   0.00786
   0.00779
   0.00820
   0.00831
   0.00890
   0.00965
   0.00956
   0.00847
   0.00713
   0.00632
   0.00624
   0.00599
   0.00577
   0.00539
   0.00501
   0.00468
   0.00430
   0.00402
   0.00359
   0.00296
   0.00779
   0.00244
   2.27975
   0.02878
   0.00576
   0.01493
   0.00462
   0.01335
   0.00392
   0.01270
   0.00354
   0.01218
   0.00327
   0.01140
   0.00305
   0.01063
   0.00294
   0.01024
   0.01047
   0.00999
   0.00913
   0.00550
   0.00348
   0.00650
   0.00258
   0.00513
   0.00240
   0.00358
   0.00234
   0.00328
   0.00230
   0.00221
   0.00214
   0.00211
   0.00209
   0.00206
   0.00203
   0.00203
   0.00206
   0.00348
   0.00596
   0.01105
   0.00266
   0.00515
   0.00891
   0.00221
   0.00346
   0.00706
   0.00282
   0.00692
   0.00254
   0.00619
   0.00262
   0.00635
   0.00234
   0.00582
   0.00240
   0.00543
   0.00251
   0.00482
   0.00267
   0.00437
   0.00282
   0.00400
   0.00297
   0.00364
   0.00313
   0.00335
   0.00317
   0.00317
   0.00315
   0.00302
   0.00305
   0.00294
   0.00299
   0.00286
   0.00283
   0.00284
   0.00274
   0.00275
   0.00264
   0.00265
   0.00254
   0.00256
   0.00245
   0.00244
   0.00233
   0.00234
   0.00222
   0.00219
   0.00218
   0.00207
   0.00208
   0.00198
   0.00199
   0.00192
   0.00190
   0.00184
   0.00181
   0.00178
   0.00176
   0.00173
   0.00170
   0.00169
   0.00169
   0.00177
   0.07389
   0.01587
   0.01213
   0.00920
   0.00758
   0.00656
   0.00590
   0.00540
   0.00505
   0.00482
   0.00463
   0.00449
   0.00436
   0.00424
   0.00414
   0.00405
   0.00396
   0.00387
   0.00379
   0.00371
   0.00363
   0.00355
   0.00348
   0.00341
   0.00334
   0.00328
   0.00322
   0.00316
   0.00310
   0.00305
   0.00299
   0.00294
   0.00288
   0.00280
   0.00296
   1.10186
   0.02678
   0.01175
   0.00826
   0.00708
   0.00705
   0.00656
   0.00601
   0.00531
