   0.68514
   0.68331
   0.68262
   0.67957
   0.67858
   0.68161
   0.67668
   0.67410
   0.67251
   0.67114
   0.66998
   0.66918
   0.66836
   0.66769
   0.66692
   0.66630
   0.66577
   0.66530
   0.66473
   0.66427
   0.66387
   0.66342
   0.66312
   0.66273
   0.66237
   0.66213
   0.66188
   0.66148
   0.66122
   0.66098
   0.66076
   0.66099
   0.65723
   0.65994
   0.65884
   0.65853
   0.65780
   0.65730
   0.65725
   0.65518
   0.65430
   0.65214
   0.64986
   0.64716
   0.64404
   0.64070
   0.63682
   0.63300
   0.62868
   0.62419
   0.61960
   0.61294
   0.60784
   0.60259
   0.59716
   0.59093
   0.57794
   0.57127
   0.56483
   0.55849
   0.55226
   0.54624
   0.54049
   0.53501
   0.52971
   0.52448
   0.51912
   0.51342
   0.50720
   0.50059
   0.49372
   0.48679
   0.47989
   0.47329
   0.46706
   0.46107
   0.45547
   0.45017
   0.44514
   0.44032
   0.43575
   0.43135
   0.42713
   0.42304
   0.41906
   0.41520
   0.41142
   0.40772
   0.40408
   0.40050
   0.39696
   0.39345
   0.38997
   0.38653
   0.38311
   0.37971
   0.37635
   0.37300
   0.36970
   0.36639
   0.36310
   0.35985
   0.35664
   0.35345
   0.35031
   0.34720
   0.34414
   0.34114
   0.33818
   0.33528
   0.33247
   0.32970
   0.32700
   0.32435
   0.32181
   0.31931
   0.31688
   0.31449
   0.31213
   0.30979
   0.30749
   0.30520
   0.30292
   0.30067
   0.29841
   0.29619
   0.29397
   0.29176
   0.28955
   0.28733
   0.28508
   0.28282
   0.28054
   0.27821
   0.27582
   0.27334
   0.27074
   0.26807
   0.26528
   0.26228
   0.25905
   0.25557
   0.25184
   0.24779
   0.24348
   0.23886
   0.23400
   0.22881
   0.22329
   0.21757
   0.21166
   0.20558
   0.19941
   0.19317
   0.18698
   0.18085
   0.17486
   0.16902
   0.16339
   0.15800
   0.15288
   0.14802
   0.14341
   0.13909
   0.13504
   0.13122
   0.12765
   0.12427
   0.12108
   0.11803
   0.11513
   0.11234
   0.10965
   0.10702
   0.10446
   0.10194
   0.09947
   0.09701
   0.09454
   0.09210
   0.08964
   0.08719
   0.08471
   0.08222
   0.07970
   0.07717
   0.07462
   0.07205
   0.06950
   0.06694
   0.06440
   0.06187
   0.05938
   0.05691
   0.05451
   0.05214
   0.04982
   0.04758
   0.04540
   0.04330
   0.04128
   0.03934
   0.03749
   0.03574
   0.03408
   0.03253
   0.03108
   0.02975
   0.02853
   0.02742
   0.02643
   0.02555
   0.02477
   0.02408
   0.02348
   0.02294
   0.02245
   0.02201
   0.02160
   0.02122
   0.02087
   0.02056
   0.02030
   0.02012
   0.02000
   0.02002
   0.02005
   0.02019
   0.02056
   0.02087
   0.01155
   0.01436
   0.03383
   0.05335
   0.05924
   0.06189
   0.01569
   0.04392
   0.05241
   0.05159
   0.05034
   0.04785
   0.04511
   0.03693
   0.03258
   0.03408
   0.03196
   0.03416
   0.03282
   0.03682
   0.03836
   0.03924
   0.04086
   0.04824
   0.05051
   0.04132
   0.00356
   0.00348
   0.00344
   0.00346
   0.00354
   0.00373
   0.00387
   0.00413
   0.00435
   0.00464
   0.00485
   0.00494
   0.00491
   0.00491
   0.00498
   0.00489
   0.00424
   0.00419
   0.00349
   0.00254
   0.00285
   0.00243
   0.00192
   0.00179
   0.00195
   0.00325
   0.00357
   0.00221
   0.00213
   0.00211
   0.00212
   0.00195
   0.00203
   0.00198
   0.00203
   0.00222
   0.00228
   0.00208
   0.00179
   0.00157
   0.00157
   0.00157
   0.00146
   0.00121
   0.00126
   0.00225
   0.00222
   0.00212
   0.00200
   0.00185
   0.00180
   0.00171
   0.00105
   0.00159
   0.00102
   0.00142
   0.00211
   0.00128
   0.00120
   0.00111
   0.00107
   0.00102
   0.00098
   0.00096
   0.00094
   0.00095
   0.00104
   0.00277
   0.00086
   0.00092
   0.02214
   0.00084
   0.00082
   0.00078
   0.00074
   0.00094
   0.00087
   0.00082
   0.00077
   0.00073
   0.00070
   0.00067
   0.00066
   0.00089
   0.00057
   0.00062
   0.00108
   0.00106
   0.00107
   0.00109
   0.00111
   0.00112
   0.00110
   0.00106
   0.00100
   0.00091
   0.00084
   0.00081
   0.00078
   0.00072
   0.00067
   0.00062
   0.00058
   0.00055
   0.00051
   0.00049
   0.00047
   0.00047
   0.00047
   0.00049
   0.00054
   0.33036
   0.12694
   0.07165
   0.06868
   0.06794
   0.06731
   0.06509
   0.06313
   0.06031
   0.05733
   0.05444
   0.05157
   0.04888
   0.04626
   0.04406
   0.04204
   0.04014
   0.03852
   0.03697
   0.03550
   0.03412
   0.03280
   0.03156
   0.03038
   0.02922
   0.02812
   0.02706
   0.02604
   0.02505
   0.02411
   0.02320
   0.02233
   0.02146
   0.02067
   0.01992
   0.01920
   0.01853
   0.01790
   0.01727
   0.01667
   0.01612
   0.01557
   0.01505
   0.01453
   0.01405
   0.01357
   0.01310
   0.01265
   0.01221
   0.01179
   0.01135
   0.01093
   0.01050
   0.01007
   0.00962
   0.00914
   0.00865
   0.00815
   0.00768
   0.00715
   0.00660
   0.00605
   0.00550
   0.00498
   0.00455
   0.00424
   0.00408
   0.00404
   0.00437
   0.00497
   0.00367
   0.00308
   0.00360
   0.00409
   0.00318
   0.00330
   1.82610
   0.00347
   0.00312
   0.00316
   0.00321
   0.00323
   0.00320
   0.00311
   0.00299
   0.00285
   0.00268
   0.00252
   0.00239
   0.00218
   0.00211
   0.00210
   0.00203
   0.00190
   0.00527
   0.00256
   0.00235
   0.00230
   0.00216
   0.00205
   0.00195
   0.00177
   0.00206
   0.00174
   0.00279
   0.00159
   0.00171
   0.00146
   0.01310
   0.00175
   0.00171
   0.00162
   0.00155
   0.00147
   0.00136
   0.00128
   0.00122
   0.00117
   0.00114
   0.00110
   0.00105
   0.00119
   0.00101
   0.00099
   0.00150
   0.00110
   0.00122
   0.00101
   0.08059
   0.00207
   0.00202
   0.00200
   0.00198
   0.00198
   0.00199
   0.00200
   0.00200
   0.00199
   0.00195
   0.00189
   0.00182
   0.00175
   0.00168
   0.00162
   0.00154
   0.00146
   0.00143
   0.00140
   0.00137
   0.00134
   0.00132
   0.00130
   0.00128
   0.00126
   0.00124
   0.00122
   0.00121
   0.00122
   0.00125
   0.00127
   0.00138
   0.00137
   0.00155
   0.00157
   0.00156
   0.00154
   0.00155
   0.00153
   0.00119
   0.00088
   0.00085
   0.00094
   0.00111
   0.00114
   0.00115
   0.00116
   0.00116
   0.00115
   0.00114
   0.00113
   0.00112
   0.00112
   0.00113
   0.00115
   0.00116
   0.00116
   0.00115
   0.00112
   0.00108
   0.00104
   0.00100
   0.00096
   0.00082
   0.00080
   0.00078
   0.00077
   0.00076
   0.00075
   0.00073
   0.00072
   0.00071
   0.00069
   0.00068
   0.00067
   0.00066
   0.00066
   0.00066
   0.00067
   0.00069
   0.00067
   0.00072
   0.00079
   0.00089
   0.00077
   0.00073
   0.00073
   0.00079
   0.00082
   0.00080
   0.00068
   0.00043
   0.00041
   0.00044
   0.00043
   0.00043
   0.00044
   0.00044
   0.00045
   0.00046
   0.00047
   0.00049
   0.00050
   0.00051
   0.00053
   0.00054
   0.00054
   0.00055
   0.00055
   0.00054
   0.00054
   0.00053
   0.00053
   0.00054
   0.00056
   0.00057
   0.00058
   0.00058
   0.00057
   0.00055
   0.00053
   0.00051
   0.00049
   0.00037
   0.00036
   0.00037
   0.00036
   0.00035
   0.00034
   0.00034
   0.00033
   0.00032
   0.00032
   0.00031
   0.00031
   0.00030
   0.00030
   0.00029
   0.00030
   0.00030
   0.00031
   0.00032
   0.00027
   0.00027
   0.00027
   0.00027
   0.00028
   0.00028
   0.00028
   0.00029
   0.00029
   0.00030
   0.00031
   0.00032
   0.00032
   0.00033
   0.00034
   0.00035
   0.00035
   0.00035
   0.00035
   0.00035
   0.00035
   0.00034
   0.00034
   0.00035
   0.00035
   0.00036
   0.00037
   0.00037
   0.00036
   0.00036
   0.00034
   0.00033
   0.00029
   0.00024
   0.00028
   0.00023
   0.00026
   0.00023
   0.00023
   0.00022
   0.00021
   0.00021
   0.00021
   0.00020
   0.00020
   0.00019
   0.00019
   0.00019
   0.00018
   0.00018
   0.00018
   0.00020
   0.00018
   0.00017
   0.00018
   0.00593
   0.00104
   0.00095
   0.00088
   0.00083
   0.00078
   0.00073
   0.00069
   0.00066
   0.00062
   0.00059
   0.00056
   0.00054
   0.00051
   0.00049
   0.00047
   0.00046
   0.00045
   0.00043
   0.00043
   0.00042
   0.00041
   0.00039
   0.00038
   0.00037
   0.00036
   0.00035
   0.00034
   0.00033
   0.00032
   0.00030
   0.00029
   0.00029
   0.00028
   0.00028
   0.00027
   0.00027
   0.00027
   0.00027
   0.00027
   0.00026
   0.00025
   0.00015
   0.00015
   0.00014
   0.00014
   0.00014
   0.00013
   0.00013
   0.00012
   0.00012
   0.00012
   0.00011
   0.00011
   0.00011
   0.00010
   0.00010
   0.00010
   0.00010
   0.00009
   0.00009
   0.00017
   0.01026
   0.00736
   0.00564
   0.00473
   0.00405
   0.00352
   0.00305
   0.00268
   0.00236
   0.00208
   0.00193
   0.00178
   0.00167
   0.00159
   0.00152
   0.00145
   0.00138
   0.00133
   0.00128
   0.00123
   0.00119
   0.00115
   0.00113
   0.00112
   0.00110
   0.00109
   0.00108
   0.00108
   0.00107
   0.00105
   0.00103
   0.00101
   0.00099
   0.00098
   0.00097
   0.00096
   0.00095
   0.00093
   0.00092
   0.00092
   0.00093
   0.00097
   0.00103
   0.00111
   0.00118
   0.00122
   0.00121
   0.00120
   0.00235
   0.00375
   0.00260
   0.00423
   0.00290
   0.00363
   0.00321
   0.00324
   0.00326
   0.00322
   0.00318
   0.00312
   0.00304
   0.00294
   0.00286
   0.00277
   0.00266
   0.00254
   0.00237
   0.00212
   0.00170
   0.00109
   0.00069
   0.00165
   0.09947
   0.00039
   0.00038
   0.00039
   0.00040
   0.00041
   0.00042
   0.00044
   0.00046
   0.00047
   0.00049
   0.00051
   0.00052
   0.00054
   0.00055
   0.00055
   0.00055
   0.00054
   0.00053
   0.00052
   0.00050
   0.00049
   0.00048
   0.00047
   0.00046
   0.00044
   0.00042
   0.00040
   0.00037
   0.00033
   0.00031
   0.00030
   0.00029
   0.00029
   0.00028
   0.00028
   0.00027
   0.00027
   0.00026
   0.00026
   0.00026
   0.00025
   0.00025
   0.00024
   0.00024
   0.00024
   0.00023
   0.00023
   0.00023
   0.00022
   0.00022
   0.00021
   0.00021
   0.00021
   0.00021
   0.00021
   0.00021
   0.00020
   0.00056
   0.00027
   0.00018
   0.00018
   0.00018
   0.00019
   0.00019
   0.00020
   0.00021
   0.00022
   0.00022
   0.00023
   0.00024
   0.00025
   0.00026
   0.00027
   0.00027
   0.00028
   0.00028
   0.00027
   0.00027
   0.00026
   0.00026
   0.00026
   0.00026
   0.00025
   0.00025
   0.00024
   0.00023
   0.00022
   0.00020
   0.00018
   0.00017
   0.00017
   0.00016
   0.00016
   0.00015
   0.00015
   0.00014
   0.00014
   0.00014
   0.00014
   0.00014
   0.00013
   0.00013
   0.00013
   0.00013
   0.00013
   0.00012
   0.00012
   0.00012
   0.00012
   0.00011
   0.00011
   0.00011
   0.00011
   0.00011
   0.00011
   0.00011
   0.00010
   0.00011
   0.00010
   0.00010
   0.00010
   0.00010
   0.00010
   0.00010
   0.00010
   0.00010
   0.00010
   0.00010
   0.00010
   0.00010
   0.00010
   0.00010
   0.00010
   0.00010
   0.00011
   0.00011
   0.00011
   0.00011
   0.00011
   0.00012
   0.00012
   0.00012
   0.00013
   0.00013
   0.00014
   0.00015
   0.00015
   0.00016
   0.00017
   0.00018
   0.00018
   0.00019
   0.00019
   0.00019
   0.00018
   0.00018
   0.00018
   0.00018
   0.00018
   0.00018
   0.00018
   0.00018
   0.00017
   0.00016
   0.00015
   0.00014
   0.00012
   0.00012
   0.00011
   0.00011
   0.00011
   0.00010
