   0.70319
   0.73163
   0.72638
   0.72987
   0.73101
   0.72770
   0.72595
   0.72709
   0.72839
   0.72772
   0.72643
   0.72577
   0.72628
   0.72509
   0.72528
   0.72412
   0.72598
   0.72568
   0.72611
   0.72689
   0.72793
   0.72827
   0.72908
   0.72952
   0.73065
   0.73151
   0.73244
   0.73311
   0.73547
   0.73624
   0.73781
   0.73880
   0.73872
   0.73678
   0.72458
   0.71004
   0.70585
   0.69740
   0.69321
   0.69109
   0.68636
   0.68264
   0.68030
   0.68350
   0.68719
   0.69322
   0.70433
   0.71260
   0.72269
   0.73533
   0.75155
   0.77991
   0.79581
   0.80849
   0.83506
   0.84820
   0.85095
   0.87566
   0.88322
   0.89022
   0.91024
   0.91877
   0.92706
   0.93468
   0.94272
   0.94887
   0.95470
   0.96011
   0.96462
   0.96993
   0.97438
   0.97495
   0.97793
   0.98581
   0.98611
   0.99766
   1.01162
   1.01631
   1.01460
   1.01987
   1.02741
   1.04159
   1.05760
   1.07394
   1.08182
   1.07953
   1.07941
   1.07937
   1.07937
   1.08022
   1.08086
   1.07543
   1.07676
   1.07736
   1.07748
   1.07687
   1.07671
   1.07696
   1.07731
   1.07707
   1.07607
   1.07417
   1.07204
   1.06954
   1.06101
   1.05700
   1.05330
   1.04868
   1.04279
   1.03492
   1.02664
   1.01994
   1.01154
   1.00464
   0.99820
   0.99074
   0.98283
   0.97326
   0.96437
   0.95446
   0.94357
   0.93527
   0.92210
   0.90812
   0.89411
   0.87933
   0.86292
   0.84662
   0.83004
   0.81290
   0.79320
   0.77332
   0.75306
   0.73500
   0.71555
   0.69629
   0.67524
   0.65475
   0.63486
   0.61570
   0.59723
   0.57883
   0.55264
   0.51538
   0.47679
   0.43055
   0.40104
   0.35429
   0.32047
   0.28933
   0.25773
   0.23009
   0.21372
   0.20070
   0.18887
   0.17768
   0.16767
   0.15816
   0.14950
   0.14210
   0.13517
   0.12893
   0.12294
   0.11709
   0.11184
   0.10682
   0.10217
   0.09768
   0.09346
   0.08862
   0.08492
   0.08148
   0.07889
   0.07627
   0.07229
   0.06725
   0.06173
   0.05647
   0.05095
   0.04547
   0.03627
   0.01470
   0.01613
   0.00848
   0.01922
   0.02878
   0.01301
   0.00353
   0.01030
   0.01736
   0.01856
   0.01608
   0.01284
   0.01912
   0.00372
   0.19481
   0.06783
   0.06805
   0.01387
   0.07529
   0.16436
   0.32236
   0.00588
   0.00590
   0.02455
   0.02951
   0.00496
   0.00788
   0.00626
   0.04244
   0.00406
   0.02258
   0.00569
   0.03192
   0.04408
   0.08517
   0.00394
   0.01983
   0.05710
   0.07303
   0.10529
   0.12573
   0.08086
   0.00307
   0.00275
   0.02766
   0.07830
   0.03725
   0.00233
   0.00226
   0.00293
   0.00221
   0.00313
   0.00208
   0.00524
   0.00304
   0.00183
   0.00182
   0.00178
   0.00207
   0.00203
   0.00206
   0.00174
   0.00194
   0.00217
   0.03900
   0.00207
   0.00163
   0.00157
   0.00160
   0.00228
   0.00219
   0.00255
   0.00248
   0.00244
   0.00241
   0.00233
   0.00230
   0.00163
   0.00220
   0.00154
   0.00210
   0.00206
   0.00201
   0.00196
   0.00139
   0.00185
   0.00165
   0.00172
   0.00168
   0.00157
   0.00155
   0.00137
   0.00197
   0.00196
   0.00198
   0.00184
   0.00171
   0.00166
   0.00161
   0.00081
   0.00144
   0.00146
   0.00137
   0.00131
   0.00125
   0.00120
   0.00153
   0.00169
   0.00200
   0.00191
   0.00176
   0.00166
   0.00222
   0.00249
   0.00257
   0.00226
   0.00225
   0.00203
   0.00156
   0.00247
   0.00220
   0.00230
   0.00268
   0.00270
   0.00185
   0.08765
   0.00192
   0.00221
   0.00158
   0.00168
   0.00152
   0.00202
   0.00281
   0.00299
   0.00317
   0.00262
   0.00228
   0.00177
   0.00178
   0.00203
   0.00187
   0.00172
   0.00137
   0.00092
   0.00114
   0.00122
   0.00115
   0.00096
   0.00072
   0.00078
   2.32412
   0.72878
   0.69981
   0.71146
   0.71498
   0.71593
   0.71619
   0.71626
   0.71629
   0.71631
   0.71631
   0.71632
   0.71632
   0.71632
   0.71632
   0.71633
   0.71633
   0.71633
   0.71633
   0.71632
   0.71632
   0.71632
   0.71632
   0.71632
   0.71632
   0.71632
   0.71632
   0.71632
   0.71632
   0.71632
   0.71632
   0.71632
   0.71632
   0.71632
   0.71632
   0.71632
   0.71632
   0.71631
   0.71631
   0.71631
   0.71631
   0.71631
   0.71631
   0.71631
   0.71631
   0.71631
   0.71631
   0.71631
   0.71631
   0.71631
   0.71631
   0.71631
   0.71631
   0.71631
   0.71630
   0.71630
   0.71630
   0.71630
   0.71630
   0.71630
   0.71630
   0.71630
   0.71630
   0.71630
   0.71630
   0.71630
   0.71630
   0.71630
   0.71630
   0.71630
   0.71630
   0.71630
   0.71629
   0.71629
   0.71629
   0.71629
   0.71629
   0.71629
   0.71629
   0.71629
   0.71629
   0.71629
   0.71629
   0.71629
   0.71629
   0.71629
   0.71629
   0.71629
   0.71629
   0.71629
   0.71628
   0.71628
   0.71628
   0.71628
   0.71628
   0.71628
   0.71628
   0.71628
   0.71628
   0.71628
   0.71628
   0.71628
   0.71628
   0.71628
   0.71628
   0.71628
   0.71628
   0.71627
   0.71627
   0.71627
   0.71627
   0.71627
   0.71627
   0.71627
   0.71627
   0.71627
   0.71627
   0.71627
   0.71627
   0.71627
   0.71627
   0.71627
   0.71627
   0.71627
   0.71627
   0.71626
   0.71626
   0.71626
   0.71626
   0.71626
   0.71626
   0.71626
   0.71626
   0.71626
   0.71626
   0.71626
   0.71626
   0.71626
   0.71626
   0.71626
   0.71626
   0.71626
   0.71626
   0.71625
   0.71625
   0.71625
   0.71625
   0.71625
   0.71625
   0.71625
   0.71625
   0.71625
   0.71625
   0.71625
   0.71625
   0.71625
   0.71625
   0.71625
   0.71625
   0.71625
   0.71625
   0.71624
   0.71624
   0.71624
   0.71624
   0.71624
   0.71624
   0.71624
   0.71624
   0.71624
   0.71624
   0.71624
   0.71624
   0.71624
   0.71624
   0.71624
   0.71624
   0.71624
   0.71624
   0.71624
   0.71623
   0.71623
   0.71623
   0.71623
   0.71623
   0.71623
   0.71623
   0.71623
   0.71623
   0.71623
   0.71623
   0.71623
   0.71623
   0.71623
   0.71623
   0.71623
   0.71623
   0.71623
   0.71622
   0.71622
   0.71622
   0.71622
   0.71622
   0.71622
   0.71622
   0.71622
   0.71622
   0.71622
   0.71622
   0.71622
   0.71622
   0.71622
   0.71622
   0.71622
   0.71622
   0.71622
   0.71621
   0.71621
   0.71621
   0.71621
   0.71621
   0.71621
   0.71621
   0.71621
   0.71621
   0.71621
   0.71621
   0.71621
   0.71621
   0.71621
   0.71621
   0.71621
   0.71621
   0.71621
   0.71620
   0.71620
   0.71620
   0.71620
   0.71620
   0.71620
   0.71620
   0.71620
   0.71620
   0.71620
   0.71620
   0.71620
   0.71620
   0.71620
   0.71620
   0.71620
   0.71620
   0.71620
   0.71620
   0.71619
   0.71619
   0.71619
   0.71619
   0.71619
   0.71619
   0.71619
   0.71619
   0.71619
   0.71619
   0.71619
   0.71619
   0.71619
   0.71619
   0.71619
   0.71619
   0.71619
   0.71619
   0.71618
   0.71618
   0.71618
   0.71618
   0.71618
   0.71618
   0.71618
   0.71618
   0.71618
   0.71618
   0.71618
   0.71618
   0.71618
   0.71618
   0.71618
   0.71618
   0.71618
   0.71618
   0.71618
   0.71617
   0.71617
   0.71617
   0.71617
   0.71617
   0.71617
   0.71617
   0.71617
   0.71617
   0.71617
   0.71617
   0.71617
   0.71617
   0.71617
   0.71617
   0.71617
   0.71617
   0.71617
   0.71616
   0.71616
   0.71616
   0.71616
   0.71616
   0.71616
   0.71616
   0.71616
   0.71616
   0.71616
   0.71616
   0.71616
   0.71616
   0.71616
   0.71616
   0.71616
   0.71616
   0.71616
   0.71616
   0.71615
   0.71615
   0.71615
   0.71615
   0.71615
   0.71615
   0.71615
   0.71615
   0.71615
   0.71615
   0.71615
   0.71615
   0.71615
   0.71615
   0.71615
   0.71615
   0.71615
   0.71615
   0.71615
   0.71614
   0.71614
   0.71614
   0.71614
   0.71614
   0.71614
   0.71614
   0.71614
   0.71614
   0.71614
   0.71614
   0.71614
   0.71614
   0.71614
   0.71614
   0.71614
   0.71614
   0.71614
   0.71614
   0.71613
   0.71613
   0.71613
   0.71613
   0.71613
   0.71613
   0.71613
   0.71613
   0.71613
   0.71613
   0.71613
   0.71613
   0.71613
   0.71613
   0.71613
   0.71613
   0.71613
   0.71613
   0.71613
   0.71612
   0.71612
   0.71612
   0.71612
   0.71612
   0.71612
   0.71612
   0.71612
   0.71612
   0.71612
   0.71612
   0.71612
   0.71612
   0.71612
   0.71612
   0.71612
   0.71612
   0.71612
   0.71611
   0.71611
   0.71611
   0.71611
   0.71611
   0.71611
   0.71611
   0.71611
   0.71611
   0.71611
   0.71611
   0.71611
   0.71611
   0.71611
   0.71611
   0.71611
   0.71611
   0.71611
   0.71611
   0.71610
   0.71610
   0.71610
   0.71610
   0.71610
   0.71610
   0.71610
   0.71610
   0.71610
   0.71610
   0.71610
   0.71610
   0.71610
   0.71610
   0.71610
   0.71610
   0.71610
   0.71610
   0.71610
   0.71609
   0.71609
   0.71609
   0.71609
   0.71609
   0.71609
   0.71609
   0.71609
   0.71609
   0.71609
   0.71609
   0.71609
   0.71609
   0.71609
   0.71609
   0.71609
   0.71609
   0.71609
   0.71609
   0.71608
   0.71608
   0.71608
   0.71608
   0.71608
   0.71608
   0.71608
   0.71608
   0.71608
   0.71608
   0.71608
   0.71608
   0.71608
   0.71608
   0.71608
   0.71608
   0.71608
   0.71608
   0.71608
   0.71607
   0.71607
   0.71607
   0.71607
   0.71607
   0.71607
   0.71607
   0.71607
   0.71607
   0.71607
   0.71607
   0.71607
   0.71607
   0.71607
   0.71607
   0.71607
   0.71607
   0.71607
   0.71607
   0.71606
   0.71606
   0.71606
   0.71606
   0.71606
   0.71606
   0.71606
   0.71606
   0.71606
   0.71606
   0.71606
   0.71606
   0.71606
   0.71606
   0.71606
   0.71606
   0.71606
   0.71606
   0.71606
   0.71605
   0.71605
   0.71605
   0.71605
   0.71605
   0.71605
   0.71605
   0.71605
   0.71605
   0.71605
   0.71605
   0.71605
   0.71605
   0.71605
   0.71605
   0.71605
   0.71605
   0.71605
   0.71605
   0.71604
   0.71604
   0.71604
   0.71604
   0.71604
   0.71604
   0.71604
   0.71604
   0.71604
   0.71604
   0.71604
   0.71604
   0.71604
   0.71604
   0.71604
   0.71604
   0.71604
   0.71604
   0.71604
   0.71603
   0.71603
   0.71603
   0.71603
   0.71603
   0.71603
   0.71603
   0.71603
   0.71603
   0.71603
   0.71603
   0.71603
   0.71603
   0.71603
   0.71603
   0.71603
   0.71603
   0.71603
   0.71602
   0.71602
   0.71602
   0.71602
   0.71602
   0.71602
   0.71602
   0.71602
   0.71602
   0.71602
   0.71602
   0.71602
   0.71602
   0.71602
   0.71602
   0.71602
   0.71602
   0.71602
   0.71602
   0.71601
   0.71601
   0.71601
   0.71601
   0.71601
   0.71601
   0.71601
   0.71601
   0.71601
   0.71601
   0.71601
   0.71601
   0.71601
   0.71601
   0.71601
   0.71601
   0.71601
   0.71601
   0.71600
   0.71600
   0.71600
   0.71600
   0.71600
   0.71600
   0.71600
   0.71600
   0.71600
   0.71600
   0.71600
   0.71600
   0.71600
   0.71600
   0.71600
   0.71600
   0.71600
   0.71600
   0.71600
   0.71599
   0.71599
   0.71599
   0.71599
   0.71599
   0.71599
   0.71599
   0.71599
   0.71599
   0.71599
   0.71599
   0.71599
   0.71599
   0.71599
   0.71599
   0.71599
   0.71599
   0.71599
   0.71598
   0.71598
   0.71598
   0.71598
   0.71598
   0.71598
   0.71598
   0.71598
   0.71598
   0.71598
   0.71598
   0.71598
   0.71598
   0.71598
   0.71598
   0.71598
   0.71598
   0.71598
   0.71597
   0.71597
   0.71597
   0.71597
   0.71597
