   0.55079
   0.56508
   0.44921
   0.45744
   0.45849
   0.45896
   0.46105
   0.46089
   0.46107
   0.45993
   0.46061
   0.46085
   0.46186
   0.46119
   0.46016
   0.46126
   0.46157
   0.45912
   0.45995
   0.45990
   0.45852
   0.45767
   0.45744
   0.45528
   0.45403
   0.45440
   0.46422
   0.45737
   0.45795
   0.46185
   0.46756
   0.48172
   0.50329
   0.48073
   0.52232
   0.52273
   0.50000
   0.48378
   0.46187
   0.41072
   0.33079
   0.30771
   0.31018
   0.28574
   0.26018
   0.23853
   0.22038
   0.20492
   0.19189
   0.18087
   0.17174
   0.16390
   0.15711
   0.15146
   0.14678
   0.14272
   0.13921
   0.13631
   0.13376
   0.13158
   0.12978
   0.12883
   0.12753
   0.12634
   0.12518
   0.12426
   0.12361
   0.12289
   0.12234
   0.12192
   0.12102
   0.12029
   0.11963
   0.11901
   0.11812
   0.11729
   0.11674
   0.11601
   0.11523
   0.11456
   0.11365
   0.11268
   0.11220
   0.11089
   0.10968
   0.10849
   0.10714
   0.10572
   0.10420
   0.10270
   0.10118
   0.09976
   0.09822
   0.09644
   0.09501
   0.09336
   0.09200
   0.09082
   0.08918
   0.08797
   0.08655
   0.08542
   0.08377
   0.08257
   0.08103
   0.07895
   0.07774
   0.07594
   0.07377
   0.07188
   0.07032
   0.06839
   0.06636
   0.06417
   0.06184
   0.05978
   0.05777
   0.05581
   0.05336
   0.05177
   0.04977
   0.04811
   0.04657
   0.04503
   0.04352
   0.04235
   0.04128
   0.04036
   0.03989
   0.03936
   0.03923
   0.03945
   0.03899
   0.03830
   0.03678
   0.03373
   0.02952
   0.02920
   0.03257
   0.03268
   0.03374
   0.01269
   0.00186
   0.00227
   0.00329
   0.00132
   0.00106
   0.00184
   0.00092
   0.00218
   0.00058
   0.00051
   0.00036
   0.00036
   0.00027
   0.00070
   0.00019
   0.00021
   0.00050
   0.00019
   0.00014
   0.00020
   0.00026
   0.00023
   0.00091
   0.00966
   0.00096
   0.00048
   0.00014
   0.00031
   0.00005
   0.00044
   0.00028
   0.00010
   0.00021
   0.00753
   0.00100
   0.00009
   0.00017
   0.00013
   0.01021
   0.00005
   0.01329
   0.00785
   0.00600
   0.00473
   0.00375
   0.00303
   0.00253
   0.00223
   0.00209
   0.00175
   0.00142
   0.00314
   0.00543
   0.00558
   0.00072
   0.00048
   0.00062
   0.00078
   0.00082
   0.00076
   0.00076
   0.00076
   0.00052
   0.00069
   0.00073
   0.00388
   0.00063
   0.00048
   0.00039
   0.00048
   0.00037
   0.00590
   0.00409
   0.00304
   0.00209
   0.00227
   0.00204
   0.00144
   0.00104
   0.00102
   0.00166
   0.00095
   0.00071
   0.00896
   0.00056
   0.00134
   0.00044
   0.00030
   0.01294
   0.00030
   0.00000
   2.13366
   1.02473
   0.66852
   0.55918
   0.52285
   0.50997
   0.50539
   0.50376
   0.50319
   0.50298
   0.50291
   0.50288
   0.50288
   0.50287
   0.50287
   0.50287
   0.50287
   0.50287
   0.50287
   0.50287
   0.50288
   0.50288
   0.50288
   0.50288
   0.50288
   0.50288
   0.50288
   0.50288
   0.50288
   0.50288
   0.50288
   0.50288
   0.50288
   0.50288
   0.50288
   0.50288
   0.50288
   0.50288
   0.50288
   0.50289
   0.50289
   0.50289
   0.50289
   0.50289
   0.50289
   0.50289
   0.50289
   0.50289
   0.50289
   0.50289
   0.50289
   0.50289
   0.50289
   0.50289
   0.50289
   0.50289
   0.50289
   0.50289
   0.50290
   0.50290
   0.50290
   0.50290
   0.50290
   0.50290
   0.50290
   0.50290
   0.50290
   0.50290
   0.50290
   0.50290
   0.50290
   0.50290
   0.50290
   0.50290
   0.50290
   0.50290
   0.50291
   0.50291
   0.50291
   0.50291
   0.50291
   0.50291
   0.50291
   0.50291
   0.50291
   0.50291
   0.50291
   0.50291
   0.50291
   0.50291
   0.50291
   0.50291
   0.50291
   0.50291
   0.50291
   0.50292
   0.50292
   0.50292
   0.50292
   0.50292
   0.50292
   0.50292
   0.50292
   0.50292
   0.50292
   0.50292
   0.50292
   0.50292
   0.50292
   0.50292
   0.50292
   0.50292
   0.50292
   0.50292
   0.50293
   0.50293
   0.50293
   0.50293
   0.50293
   0.50293
   0.50293
   0.50293
   0.50293
   0.50293
   0.50293
   0.50293
   0.50293
   0.50293
   0.50293
   0.50293
   0.50293
   0.50293
   0.50293
   0.50294
   0.50294
   0.50294
   0.50294
   0.50294
   0.50294
   0.50294
   0.50294
   0.50294
   0.50294
   0.50294
   0.50294
   0.50294
   0.50294
   0.50294
   0.50294
   0.50294
   0.50294
   0.50294
   0.50295
   0.50295
   0.50295
   0.50295
   0.50295
   0.50295
   0.50295
   0.50295
   0.50295
   0.50295
   0.50295
   0.50295
   0.50295
   0.50295
   0.50295
   0.50295
   0.50295
   0.50295
   0.50296
   0.50296
   0.50296
   0.50296
   0.50296
   0.50296
   0.50296
   0.50296
   0.50296
   0.50296
   0.50296
   0.50296
   0.50296
   0.50296
   0.50296
   0.50296
   0.50296
   0.50296
   0.50297
   0.50297
   0.50297
   0.50297
   0.50297
   0.50297
   0.50297
   0.50297
   0.50297
   0.50297
   0.50297
   0.50297
   0.50297
   0.50297
   0.50297
   0.50297
   0.50297
   0.50297
   0.50297
   0.50298
   0.50298
   0.50298
   0.50298
   0.50298
   0.50298
   0.50298
   0.50298
   0.50298
   0.50298
   0.50298
   0.50298
   0.50298
   0.50298
   0.50298
   0.50298
   0.50298
   0.50298
   0.50299
   0.50299
   0.50299
   0.50299
   0.50299
   0.50299
   0.50299
   0.50299
   0.50299
   0.50299
   0.50299
   0.50299
   0.50299
   0.50299
   0.50299
   0.50299
   0.50299
   0.50299
   0.50300
   0.50300
   0.50300
   0.50300
   0.50300
   0.50300
   0.50300
   0.50300
   0.50300
   0.50300
   0.50300
   0.50300
   0.50300
   0.50300
   0.50300
   0.50300
   0.50300
   0.50300
   0.50300
   0.50301
   0.50301
   0.50301
   0.50301
   0.50301
   0.50301
   0.50301
   0.50301
   0.50301
   0.50301
   0.50301
   0.50301
   0.50301
   0.50301
   0.50301
   0.50301
   0.50301
   0.50301
   0.50302
   0.50302
   0.50302
   0.50302
   0.50302
   0.50302
   0.50302
   0.50302
   0.50302
   0.50302
   0.50302
   0.50302
   0.50302
   0.50302
   0.50302
   0.50302
   0.50302
   0.50302
   0.50303
   0.50303
   0.50303
   0.50303
   0.50303
   0.50303
   0.50303
   0.50303
   0.50303
   0.50303
   0.50303
   0.50303
   0.50303
   0.50303
   0.50303
   0.50303
   0.50303
   0.50303
   0.50303
   0.50304
   0.50304
   0.50304
   0.50304
   0.50304
   0.50304
   0.50304
   0.50304
   0.50304
   0.50304
   0.50304
   0.50304
   0.50304
   0.50304
   0.50304
   0.50304
   0.50304
   0.50304
   0.50305
   0.50305
   0.50305
   0.50305
   0.50305
   0.50305
   0.50305
   0.50305
   0.50305
   0.50305
   0.50305
   0.50305
   0.50305
   0.50305
   0.50305
   0.50305
   0.50305
   0.50305
   0.50305
   0.50306
   0.50306
   0.50306
   0.50306
   0.50306
   0.50306
   0.50306
   0.50306
   0.50306
   0.50306
   0.50306
   0.50306
   0.50306
   0.50306
   0.50306
   0.50306
   0.50306
   0.50306
   0.50307
   0.50307
   0.50307
   0.50307
   0.50307
   0.50307
   0.50307
   0.50307
   0.50307
   0.50307
   0.50307
   0.50307
   0.50307
   0.50307
   0.50307
   0.50307
   0.50307
   0.50307
   0.50308
   0.50308
   0.50308
   0.50308
   0.50308
   0.50308
   0.50308
   0.50308
   0.50308
   0.50308
   0.50308
   0.50308
   0.50308
   0.50308
   0.50308
   0.50308
   0.50308
   0.50308
   0.50309
   0.50309
   0.50309
   0.50309
   0.50309
   0.50309
   0.50309
   0.50309
   0.50309
   0.50309
   0.50309
   0.50309
   0.50309
   0.50309
   0.50309
   0.50309
   0.50309
   0.50309
   0.50310
   0.50310
   0.50310
   0.50310
   0.50310
   0.50310
   0.50310
   0.50310
   0.50310
   0.50310
   0.50310
   0.50310
   0.50310
   0.50310
   0.50310
   0.50310
   0.50310
   0.50310
   0.50310
   0.50311
   0.50311
   0.50311
   0.50311
   0.50311
   0.50311
   0.50311
   0.50311
   0.50311
   0.50311
   0.50311
   0.50311
   0.50311
   0.50311
   0.50311
   0.50311
   0.50311
   0.50311
   0.50312
   0.50312
   0.50312
   0.50312
   0.50312
   0.50312
   0.50312
   0.50312
   0.50312
   0.50312
   0.50312
   0.50312
   0.50312
   0.50312
   0.50312
   0.50312
   0.50312
   0.50312
   0.50313
   0.50313
   0.50313
   0.50313
   0.50313
   0.50313
   0.50313
   0.50313
   0.50313
   0.50313
   0.50313
   0.50313
   0.50313
   0.50313
   0.50313
   0.50313
   0.50313
   0.50313
   0.50314
   0.50314
   0.50314
   0.50314
   0.50314
   0.50314
   0.50314
   0.50314
   0.50314
   0.50314
   0.50314
   0.50314
   0.50314
   0.50314
   0.50314
   0.50314
   0.50314
   0.50314
   0.50315
   0.50315
   0.50315
   0.50315
   0.50315
   0.50315
   0.50315
   0.50315
   0.50315
   0.50315
   0.50315
   0.50315
   0.50315
   0.50315
   0.50315
   0.50315
   0.50315
   0.50316
   0.50316
   0.50316
   0.50316
   0.50316
   0.50316
   0.50316
   0.50316
   0.50316
   0.50316
   0.50316
   0.50316
   0.50316
   0.50316
   0.50316
   0.50316
   0.50316
   0.50317
   0.50317
   0.50317
   0.50317
   0.50317
   0.50317
   0.50317
   0.50317
   0.50317
   0.50317
   0.50317
   0.50317
   0.50317
   0.50317
   0.50317
   0.50317
   0.50318
   0.50318
   0.50318
   0.50318
   0.50318
   0.50318
   0.50318
   0.50318
   0.50318
   0.50318
   0.50318
   0.50318
   0.50318
   0.50318
   0.50318
   0.50318
   0.50319
   0.50319
   0.50319
   0.50319
   0.50319
   0.50319
   0.50319
   0.50319
   0.50319
   0.50319
   0.50319
   0.50319
   0.50319
   0.50319
   0.50319
   0.50319
   0.50319
   0.50320
   0.50320
   0.50320
   0.50320
   0.50320
   0.50320
   0.50320
   0.50320
   0.50320
   0.50320
   0.50320
   0.50320
   0.50320
   0.50320
   0.50320
   0.50320
   0.50321
   0.50321
   0.50321
   0.50321
   0.50321
   0.50321
   0.50321
   0.50321
   0.50321
   0.50321
   0.50321
   0.50321
   0.50321
   0.50321
   0.50321
   0.50321
   0.50322
   0.50322
   0.50322
   0.50322
   0.50322
   0.50322
   0.50322
   0.50322
   0.50322
   0.50322
   0.50322
   0.50322
   0.50322
   0.50322
   0.50322
   0.50322
   0.50322
   0.50323
   0.50323
   0.50323
   0.50323
   0.50323
   0.50323
   0.50323
   0.50323
   0.50323
   0.50323
   0.50323
   0.50323
   0.50323
   0.50323
   0.50323
   0.50323
   0.50324
   0.50324
   0.50324
   0.50324
   0.50324
   0.50324
   0.50324
   0.50324
   0.50324
   0.50324
   0.50324
   0.50324
   0.50324
   0.50324
   0.50324
   0.50325
   0.50325
   0.50325
   0.50325
   0.50325
   0.50325
   0.50325
   0.50325
   0.50325
   0.50325
   0.50325
   0.50325
   0.50325
   0.50325
   0.50326
   0.50326
   0.50326
   0.50326
   0.50326
   0.50326
   0.50326
   0.50326
   0.50326
   0.50326
   0.50326
   0.50326
   0.50326
   0.50326
   0.50327
   0.50327
   0.50327
   0.50327
   0.50327
   0.50327
   0.50327
   0.50327
   0.50327
   0.50327
   0.50327
   0.50327
   0.50327
   0.50328
   0.50328
   0.50328
   0.50328
   0.50328
   0.50328
   0.50328
   0.50328
   0.50328
   0.50328
   0.50328
   0.50328
   0.50329
   0.50329
   0.50329
   0.50329
   0.50329
   0.50329
   0.50329
   0.50329
   0.50329
   0.50329
   0.50330
   0.50330
   0.50330
   0.50330
   0.50330
   0.50330
   0.50330
   0.50330
   0.50329
   0.50331
   0.50332
   0.50333
   0.50333
   0.50333
   0.50333
   0.50333
   0.50333
   0.50333
   0.50333
   0.50333
   0.50333
   0.50333
   0.50333
   0.50333
