   0.62978
   0.62745
   0.62594
   0.62369
   0.62187
   0.62210
   0.61970
   0.61802
   0.61673
   0.61447
   0.61265
   0.61092
   0.60908
   0.60731
   0.60547
   0.60365
   0.60053
   0.59844
   0.59643
   0.59438
   0.59231
   0.59013
   0.58807
   0.58575
   0.58365
   0.58125
   0.57904
   0.57642
   0.57422
   0.57145
   0.56917
   0.56652
   0.56382
   0.56106
   0.55820
   0.55518
   0.55221
   0.54916
   0.54606
   0.54287
   0.53964
   0.53634
   0.53296
   0.52956
   0.52605
   0.52249
   0.51887
   0.51517
   0.51136
   0.50749
   0.50284
   0.49821
   0.49119
   0.48544
   0.48183
   0.47909
   0.47582
   0.47206
   0.46795
   0.46375
   0.45951
   0.45526
   0.45103
   0.44680
   0.44260
   0.43844
   0.43433
   0.43029
   0.42633
   0.42247
   0.41873
   0.41511
   0.41165
   0.40835
   0.40521
   0.40226
   0.39956
   0.39712
   0.39493
   0.39299
   0.39137
   0.38996
   0.38882
   0.38777
   0.38680
   0.38564
   0.38394
   0.38155
   0.37815
   0.37363
   0.36843
   0.36284
   0.35713
   0.35156
   0.34642
   0.34124
   0.33637
   0.33166
   0.32714
   0.32269
   0.31832
   0.31406
   0.30970
   0.30553
   0.30105
   0.29679
   0.29231
   0.28804
   0.28347
   0.27912
   0.27461
   0.27015
   0.26562
   0.26113
   0.25681
   0.25236
   0.24798
   0.24364
   0.23934
   0.23498
   0.23089
   0.22666
   0.22244
   0.21845
   0.21436
   0.21039
   0.20648
   0.20265
   0.19877
   0.19500
   0.19131
   0.18771
   0.18404
   0.18047
   0.17685
   0.17341
   0.16998
   0.16660
   0.16325
   0.16000
   0.15674
   0.15359
   0.15042
   0.14740
   0.14435
   0.14136
   0.13846
   0.13556
   0.13274
   0.13002
   0.12732
   0.12462
   0.12200
   0.11945
   0.11686
   0.11444
   0.11202
   0.10959
   0.10727
   0.10493
   0.10270
   0.10049
   0.09835
   0.09623
   0.09416
   0.09215
   0.09014
   0.08820
   0.08629
   0.08441
   0.08261
   0.08080
   0.07906
   0.07735
   0.07569
   0.07403
   0.07244
   0.07085
   0.06933
   0.06783
   0.06636
   0.06492
   0.06351
   0.06214
   0.06078
   0.05948
   0.05818
   0.05689
   0.05562
   0.05441
   0.05319
   0.05203
   0.05090
   0.04979
   0.04872
   0.04765
   0.04663
   0.04562
   0.04464
   0.04368
   0.04274
   0.04181
   0.04092
   0.04003
   0.03917
   0.03833
   0.03750
   0.03670
   0.03591
   0.03514
   0.03438
   0.03367
   0.03294
   0.03223
   0.03155
   0.03087
   0.03021
   0.02957
   0.02894
   0.02833
   0.02773
   0.02715
   0.02657
   0.02602
   0.02547
   0.02494
   0.02443
   0.02393
   0.02344
   0.02300
   0.02251
   0.02208
   0.02161
   0.02121
   0.02077
   0.02036
   0.01998
   0.01958
   0.01921
   0.01884
   0.01849
   0.01814
   0.01781
   0.01748
   0.01716
   0.01685
   0.01655
   0.01624
   0.01595
   0.01566
   0.01537
   0.01508
   0.01480
   0.01452
   0.01423
   0.01395
   0.01368
   0.01341
   0.01312
   0.01286
   0.01258
   0.01231
   0.01205
   0.01179
   0.01153
   0.01127
   0.01103
   0.01078
   0.01054
   0.01030
   0.01007
   0.00984
   0.00961
   0.00939
   0.00918
   0.00895
   0.00875
   0.00855
   0.00835
   0.00815
   0.00797
   0.00777
   0.00760
   0.00742
   0.00724
   0.00706
   0.00690
   0.00674
   0.00657
   0.00642
   0.00627
   0.00612
   0.00597
   0.00583
   0.00569
   0.00555
   0.00542
   0.00529
   0.00517
   0.00505
   0.00492
   0.00481
   0.00470
   0.00458
   0.00447
   0.00437
   0.00426
   0.00416
   0.00406
   0.00397
   0.00387
   0.00378
   0.00368
   0.00359
   0.00351
   0.00342
   0.00334
   0.00327
   0.00319
   0.00312
   0.00305
   0.00298
   0.00291
   0.00285
   0.00278
   0.00273
   0.00266
   0.00260
   0.00255
   0.00249
   0.00244
   0.00239
   0.00234
   0.00229
   0.00225
   0.00220
   0.00217
   0.00212
   0.00209
   0.00205
   0.00203
   0.00199
   0.00198
   0.00196
   0.00196
   0.00198
   0.00205
   0.00220
   0.00245
   0.00264
   0.00274
   0.00287
   0.00306
   0.00336
   0.00390
   0.00461
   0.00550
   0.00688
   0.00646
   0.00233
   0.00204
   0.00135
   0.00347
   0.00175
   0.00136
   0.00151
   0.00145
   0.00145
   0.00144
   0.00144
   0.00143
   0.00142
   0.00142
   0.00141
   0.00141
   0.00141
   0.00140
   0.00140
   0.00140
   0.00141
   0.00141
   0.00142
   0.00143
   0.00145
   0.00147
   0.00149
   0.00152
   0.00157
   0.00163
   0.00170
   0.00179
   0.00190
   0.00200
   0.00208
   0.00212
   0.00213
   0.00214
   0.00213
   0.00212
   0.00212
   0.00211
   0.00210
   0.00210
   0.00209
   0.00207
   0.00207
   0.00206
   0.00203
   0.00203
   0.00201
   0.00198
   0.00197
   0.00194
   0.00192
   0.00187
   0.00184
   0.00179
   0.00174
   0.00167
   0.00161
   0.00152
   0.00143
   0.00129
   0.00113
   0.00089
   0.00052
   0.00040
   0.00045
   0.00041
   0.00041
   0.00040
   0.00039
   0.00039
   0.00038
   0.00037
   0.00037
   0.00036
   0.00036
   0.00035
   0.00034
   0.00034
   0.00033
   0.00033
   0.00032
   0.00032
   0.00031
   0.00031
   0.00030
   0.00030
   0.00029
   0.00029
   0.00028
   0.00028
   0.00027
   0.00027
   0.00026
   0.00026
   0.00025
   0.00025
   0.00025
   0.00024
   0.00024
   0.00023
   0.00023
   0.00023
   0.00022
   0.00022
   0.00022
   0.00021
   0.00021
   0.00021
   0.00020
   0.00020
   0.00020
   0.00019
   0.00019
   0.00019
   0.00018
   0.00018
   0.00018
   0.00017
   0.00017
   0.00017
   0.00017
   0.00016
   0.00016
   0.00016
   0.00015
   0.00015
   0.00015
   0.00015
   0.00014
   0.00014
   0.00014
   0.00014
   0.00013
   0.00013
   0.00013
   0.00013
   0.00012
