   0.69944
   0.70230
   0.70166
   0.70080
   0.70005
   0.69948
   0.69832
   0.69782
   0.69717
   0.69606
   0.69555
   0.69487
   0.69367
   0.69316
   0.69243
   0.69106
   0.69067
   0.68956
   0.68829
   0.68805
   0.68645
   0.68547
   0.68372
   0.68265
   0.68165
   0.68053
   0.67930
   0.67817
   0.67706
   0.67577
   0.67468
   0.67367
   0.67215
   0.67118
   0.66999
   0.66859
   0.66741
   0.66643
   0.66616
   0.66455
   0.66347
   0.66281
   0.66180
   0.66101
   0.66030
   0.65972
   0.65935
   0.65904
   0.65890
   0.65922
   0.66293
   0.66755
   0.67639
   0.67847
   0.68017
   0.68343
   0.68660
   0.69203
   0.69786
   0.70444
   0.71305
   0.71964
   0.72668
   0.73080
   0.73307
   0.73538
   0.73498
   0.73662
   0.74060
   0.73997
   0.74090
   0.74183
   0.73855
   0.73944
   0.73664
   0.73212
   0.72837
   0.72462
   0.72011
   0.71508
   0.71067
   0.70529
   0.70134
   0.69647
   0.69125
   0.68543
   0.68194
   0.67653
   0.67216
   0.66693
   0.66057
   0.65587
   0.65148
   0.64618
   0.64112
   0.63429
   0.63042
   0.62501
   0.61901
   0.61095
   0.60939
   0.60030
   0.59778
   0.59218
   0.58551
   0.58055
   0.57340
   0.56780
   0.56120
   0.55479
   0.54905
   0.54499
   0.53531
   0.53257
   0.52485
   0.51953
   0.51355
   0.50616
   0.50031
   0.49439
   0.48805
   0.47885
   0.47563
   0.46869
   0.46013
   0.45651
   0.44879
   0.44452
   0.43817
   0.43306
   0.42796
   0.42308
   0.41874
   0.41430
   0.41042
   0.40645
   0.40313
   0.39991
   0.39688
   0.39390
   0.39099
   0.38847
   0.38604
   0.38357
   0.38219
   0.38004
   0.37853
   0.37736
   0.37617
   0.37480
   0.37366
   0.37302
   0.37238
   0.37139
   0.36974
   0.36961
   0.36881
   0.36837
   0.36795
   0.36618
   0.36331
   0.36200
   0.36178
   0.35822
   0.35635
   0.35549
   0.35021
   0.35055
   0.34880
   0.34556
   0.34374
   0.34134
   0.33880
   0.33723
   0.33291
   0.32742
   0.33110
   0.32303
   0.32387
   0.31988
   0.32076
   0.31614
   0.31160
   0.31041
   0.30846
   0.30725
   0.30134
   0.30235
   0.29686
   0.29665
   0.29292
   0.29040
   0.28780
   0.28479
   0.28217
   0.27955
   0.27728
   0.27433
   0.27173
   0.26885
   0.26691
   0.26421
   0.26217
   0.25798
   0.25645
   0.25352
   0.25030
   0.24828
   0.24606
   0.24295
   0.24040
   0.23624
   0.23494
   0.23203
   0.23032
   0.22784
   0.22376
   0.22148
   0.21978
   0.21757
   0.21832
   0.21301
   0.20999
   0.20813
   0.20462
   0.20108
   0.19833
   0.19596
   0.19309
   0.19201
   0.18987
   0.18724
   0.18442
   0.18192
   0.17954
   0.17699
   0.17242
   0.18187
   0.16624
   0.16616
   0.16606
   0.16371
   0.16129
   0.15876
   0.15627
   0.15374
   0.15118
   0.14871
   0.14684
   0.14455
   0.14194
   0.13976
   0.13741
   0.13509
   0.13316
   0.13077
   0.12871
   0.12646
   0.12428
   0.12196
   0.11982
   0.11782
   0.11699
   0.11455
   0.11257
   0.11053
   0.10847
   0.10638
   0.10447
   0.10248
   0.10032
   0.09894
   0.09732
   0.09492
   0.09336
   0.09161
   0.08965
   0.08822
   0.08642
   0.08477
   0.08299
   0.08145
   0.07989
   0.07844
   0.07687
   0.07535
   0.07388
   0.07244
   0.07167
   0.07017
   0.06859
   0.06709
   0.06610
   0.06424
   0.06296
   0.06171
   0.06142
   0.05976
   0.05846
   0.05719
   0.05579
   0.05357
   0.05320
   0.05052
   0.04917
   0.04694
   0.04549
   0.04311
   0.04195
   0.04198
   0.04415
   0.04855
   0.05504
   0.05904
   0.06441
   0.07182
   0.07188
   0.06967
   0.06523
   0.06209
   0.06018
   0.05905
   0.05809
   0.05737
   0.05666
   0.05588
   0.05507
   0.05430
   0.05354
   0.05263
   0.05184
   0.05103
   0.05011
   0.04931
   0.04838
   0.04757
   0.04673
   0.04583
   0.04496
   0.04414
   0.04321
   0.04238
   0.04161
   0.04065
   0.04020
   0.03921
   0.03813
   0.03738
   0.03655
   0.03574
   0.03497
   0.03430
   0.03342
   0.03279
   0.03201
   0.03127
   0.03054
   0.02991
   0.02918
   0.02855
   0.02786
   0.02719
   0.02657
   0.02593
   0.02532
   0.02470
   0.02414
   0.02367
   0.02314
   0.02257
   0.02203
   0.02162
   0.02108
   0.02059
   0.02019
   0.01981
   0.01932
   0.01892
   0.01864
   0.01826
   0.01795
   0.01747
   0.01720
   0.01681
   0.01652
   0.01613
   0.01586
   0.01556
   0.01526
   0.01493
   0.01470
   0.01435
   0.01416
   0.01380
   0.01362
   0.01330
   0.01310
   0.01279
   0.01253
   0.01268
   0.01208
   0.01209
   0.01162
   0.01162
   0.01117
   0.01135
   0.01063
   0.01092
   0.01018
   0.01071
   0.00970
   0.01046
   0.00926
   0.01029
   0.00890
   0.00980
   0.00862
   0.00938
   0.00835
   0.00896
   0.00808
   0.00853
   0.00782
   0.00817
   0.00757
   0.00779
   0.00732
   0.00745
   0.00710
   0.00711
   0.00683
   0.00683
   0.00663
   0.00653
   0.00639
   0.00629
   0.00616
   0.00605
   0.00596
   0.00582
   0.00577
   0.00563
   0.00551
   0.00543
   0.00536
   0.00526
   0.00526
   0.00702
   0.01456
   0.01052
   0.01977
   0.01290
   0.01239
   0.01312
   0.01222
   0.01343
   0.02332
   0.03972
   0.00957
   0.40523
   0.08626
   0.13564
   0.13145
   0.12493
   0.11891
   0.11408
   0.11098
   0.10910
   0.10681
   0.10249
   0.09970
   0.09733
   0.09547
   0.09363
   0.09233
   0.09223
   0.09067
   0.09140
   0.09230
   0.09078
   0.08787
   0.08688
   0.08453
   0.08643
   0.08384
   0.08637
   0.08172
   0.08502
   0.07854
   0.08490
   0.07466
   0.08570
   0.06904
   0.08659
   0.06345
   0.08666
   0.06293
   0.08798
   0.06615
   0.08497
