   0.69858
   0.69606
   0.69951
   0.69349
   0.70424
   0.70319
   0.71017
   0.72187
   0.72800
   0.73190
   0.73210
   0.73405
   0.73609
   0.73060
   0.73576
   0.73655
   0.73381
   0.73172
   0.73381
   0.73414
   0.73346
   0.73291
   0.73070
   0.72812
   0.72078
   0.71455
   0.71323
   0.71127
   0.70880
   0.70935
   0.70832
   0.70807
   0.70861
   0.70916
   0.71018
   0.71161
   0.71370
   0.71696
   0.72027
   0.72465
   0.72820
   0.73214
   0.73646
   0.74352
   0.75008
   0.75961
   0.76696
   0.77913
   0.78793
   0.79711
   0.80811
   0.81860
   0.82943
   0.83943
   0.85031
   0.85962
   0.86921
   0.87820
   0.88738
   0.89617
   0.90495
   0.91363
   0.92233
   0.93075
   0.94060
   0.94662
   0.95439
   0.96278
   0.96957
   0.97632
   0.98308
   0.98918
   0.99519
   1.00066
   1.00595
   1.01356
   1.01862
   1.02385
   1.02879
   1.03353
   1.03800
   1.04077
   1.04598
   1.04982
   1.05294
   1.05472
   1.05738
   1.05919
   1.06089
   1.06186
   1.06250
   1.06229
   1.05910
   1.05661
   1.05403
   1.05128
   1.04709
   1.04446
   1.03742
   1.03034
   1.02208
   1.01364
   1.00414
   0.99275
   0.98140
   0.96884
   0.95569
   0.94097
   0.92566
   0.90934
   0.89166
   0.87361
   0.85432
   0.83365
   0.81212
   0.79092
   0.76900
   0.74592
   0.72281
   0.69868
   0.67420
   0.65023
   0.62563
   0.60049
   0.57572
   0.55104
   0.52594
   0.50165
   0.47757
   0.45492
   0.43288
   0.41184
   0.39291
   0.37431
   0.35642
   0.33947
   0.32317
   0.30728
   0.29172
   0.27626
   0.26081
   0.24562
   0.23039
   0.21534
   0.20103
   0.18682
   0.17392
   0.16265
   0.15387
   0.14874
   0.14606
   0.14295
   0.13773
   0.13744
   0.13635
   0.13460
   0.13201
   0.12880
   0.12543
   0.12294
   0.12098
   0.12025
   0.11884
   0.11298
   0.10595
   0.09877
   0.09232
   0.08667
   0.08258
   0.08223
   0.07739
   0.07238
   0.06702
   0.06153
   0.05681
   0.05308
   0.02813
   0.00300
   0.00320
   0.00345
   0.00348
   0.00350
   0.00352
   0.00351
   0.00350
   0.00346
   0.00368
   0.02405
   0.00554
   0.02056
   0.01093
   0.00620
   0.01466
   0.01383
   0.01213
   0.01098
   0.01042
   0.01120
   0.01456
   0.02133
   0.00194
   0.01789
   0.00521
   0.00414
   0.00288
   0.01918
   0.02407
   0.56927
   0.00174
   0.19526
   0.00130
   0.00127
   0.07164
   0.19448
   0.00622
   0.00134
   0.00134
   0.00119
   0.07406
   0.00224
   0.00192
   0.00123
   0.00144
   0.00141
   0.00254
   0.00249
   0.84187
   0.00164
   0.00150
   0.00141
   0.60772
   0.00139
   0.54507
   1.52526
   0.00097
   0.00111
   0.20551
   0.00147
   0.00081
   0.00084
   0.00068
   0.00061
   0.00053
   0.00138
   0.00084
   1.09185
   0.00085
   0.00052
   0.00114
   2.31279
   0.00059
   0.00074
   0.00052
   0.00069
   0.00218
   0.00084
   0.00113
   0.00111
   0.00086
   0.00112
   0.00076
   0.00076
   0.00047
   0.00064
   0.00041
   0.00331
   0.00235
   0.00148
   0.00131
   0.00112
   0.00120
   0.00112
   0.00100
   0.00090
   0.00084
   0.00068
   0.00066
   0.00065
   0.00057
   0.00051
   0.00149
   0.00118
   0.00094
   0.00071
   0.69432
   0.70809
   0.71293
   0.71457
   0.71517
   0.71539
   0.71548
   0.71551
   0.71553
   0.71553
   0.71553
   0.71553
   0.71553
   0.71553
   0.71553
   0.71553
   0.71553
   0.71553
   0.71553
   0.71553
   0.71553
   0.71553
   0.71553
   0.71553
   0.71553
   0.71553
   0.71553
   0.71553
   0.71553
   0.71553
   0.71553
   0.71553
   0.71553
   0.71553
   0.71553
   0.71553
   0.71553
   0.71553
   0.71553
   0.71553
   0.71553
   0.71553
   0.71553
   0.71553
   0.71553
   0.71553
   0.71553
   0.71553
   0.71553
   0.71553
   0.71552
   0.71552
   0.71552
   0.71552
   0.71552
   0.71552
   0.71552
   0.71552
   0.71552
   0.71552
   0.71552
   0.71552
   0.71552
   0.71552
   0.71552
   0.71552
   0.71552
   0.71552
   0.71552
   0.71552
   0.71552
   0.71552
   0.71552
   0.71552
   0.71552
   0.71552
   0.71552
   0.71552
   0.71552
   0.71552
   0.71552
   0.71552
   0.71552
   0.71552
   0.71552
   0.71552
   0.71552
   0.71552
   0.71552
   0.71552
   0.71552
   0.71552
   0.71552
   0.71551
   0.71551
   0.71551
   0.71551
   0.71551
   0.71551
   0.71551
   0.71551
   0.71551
   0.71551
   0.71551
   0.71551
   0.71551
   0.71551
   0.71551
   0.71551
   0.71551
   0.71551
   0.71551
   0.71551
   0.71551
   0.71551
   0.71551
   0.71551
   0.71551
   0.71551
   0.71551
   0.71551
   0.71551
   0.71551
   0.71551
   0.71551
   0.71551
   0.71551
   0.71551
   0.71551
   0.71551
   0.71551
   0.71551
   0.71551
   0.71550
   0.71550
   0.71550
   0.71550
   0.71550
   0.71550
   0.71550
   0.71550
   0.71550
   0.71550
   0.71550
   0.71550
   0.71550
   0.71550
   0.71550
   0.71550
   0.71550
   0.71550
   0.71550
   0.71550
   0.71550
   0.71550
   0.71550
   0.71550
   0.71550
   0.71550
   0.71550
   0.71550
   0.71550
   0.71550
   0.71550
   0.71550
   0.71550
   0.71550
   0.71550
   0.71550
   0.71550
   0.71550
   0.71550
   0.71550
   0.71550
   0.71549
   0.71549
   0.71549
   0.71549
   0.71549
   0.71549
   0.71549
   0.71549
   0.71549
   0.71549
   0.71549
   0.71549
   0.71549
   0.71549
   0.71549
   0.71549
   0.71549
   0.71549
   0.71549
   0.71549
   0.71549
   0.71549
   0.71549
   0.71549
   0.71549
   0.71549
   0.71549
   0.71549
   0.71549
   0.71549
   0.71549
   0.71549
   0.71549
   0.71549
   0.71549
   0.71549
   0.71549
   0.71549
   0.71549
   0.71549
   0.71548
   0.71548
   0.71548
   0.71548
   0.71548
   0.71548
   0.71548
   0.71548
   0.71548
   0.71548
   0.71548
   0.71548
   0.71548
   0.71548
   0.71548
   0.71548
   0.71548
   0.71548
   0.71548
   0.71548
   0.71548
   0.71548
   0.71548
   0.71548
   0.71548
   0.71548
   0.71548
   0.71548
   0.71548
   0.71548
   0.71548
   0.71548
   0.71548
   0.71548
   0.71548
   0.71548
   0.71548
   0.71548
   0.71548
   0.71548
   0.71548
   0.71548
   0.71548
   0.71547
   0.71547
   0.71547
   0.71547
   0.71547
   0.71547
   0.71547
   0.71547
   0.71547
   0.71547
   0.71547
   0.71547
   0.71547
   0.71547
   0.71547
   0.71547
   0.71547
   0.71547
   0.71547
   0.71547
   0.71547
   0.71547
   0.71547
   0.71547
   0.71547
   0.71547
   0.71547
   0.71547
   0.71547
   0.71547
   0.71546
   0.71546
   0.71546
   0.71546
   0.71546
   0.71546
   0.71546
   0.71546
   0.71546
   0.71546
   0.71546
   0.71546
   0.71546
   0.71546
   0.71546
   0.71546
   0.71546
   0.71546
   0.71546
   0.71546
   0.71546
   0.71546
   0.71546
   0.71546
   0.71546
   0.71546
   0.71546
   0.71546
   0.71546
   0.71546
   0.71546
   0.71546
   0.71546
   0.71546
   0.71546
   0.71546
   0.71546
   0.71546
   0.71546
   0.71546
   0.71546
   0.71546
   0.71546
   0.71546
   0.71546
   0.71545
   0.71545
   0.71545
   0.71545
   0.71545
   0.71545
   0.71545
   0.71545
   0.71545
   0.71545
   0.71545
   0.71545
   0.71545
   0.71545
   0.71545
   0.71545
   0.71545
   0.71545
   0.71545
   0.71545
   0.71545
   0.71545
   0.71545
   0.71545
   0.71545
   0.71545
   0.71545
   0.71545
   0.71545
   0.71545
   0.71545
   0.71545
   0.71545
   0.71545
   0.71545
   0.71545
   0.71545
   0.71545
   0.71545
   0.71545
   0.71545
   0.71545
   0.71545
   0.71545
   0.71545
   0.71545
   0.71545
   0.71545
   0.71545
   0.71544
   0.71544
   0.71544
   0.71544
   0.71544
   0.71544
   0.71544
   0.71544
   0.71544
   0.71544
   0.71544
   0.71544
   0.71544
   0.71544
   0.71544
   0.71544
   0.71544
   0.71544
   0.71544
   0.71544
   0.71544
   0.71544
   0.71544
   0.71544
   0.71544
   0.71544
   0.71544
   0.71544
   0.71544
   0.71544
   0.71544
   0.71544
   0.71544
   0.71544
   0.71544
   0.71544
   0.71544
   0.71544
   0.71544
   0.71544
   0.71544
   0.71544
   0.71544
   0.71544
   0.71544
   0.71544
   0.71544
   0.71544
   0.71544
   0.71544
   0.71544
   0.71544
   0.71544
   0.71544
   0.71544
   0.71544
   0.71544
   0.71544
   0.71544
   0.71544
   0.71544
   0.71544
   0.71543
   0.71543
   0.71543
   0.71543
   0.71543
   0.71543
   0.71543
   0.71543
   0.71543
   0.71543
   0.71543
   0.71543
   0.71543
   0.71543
   0.71543
   0.71543
   0.71543
   0.71543
   0.71543
   0.71543
   0.71543
   0.71543
   0.71543
   0.71543
   0.71543
   0.71543
   0.71543
   0.71543
   0.71543
   0.71543
   0.71543
   0.71543
   0.71543
   0.71543
   0.71543
   0.71543
   0.71543
   0.71543
   0.71543
   0.71543
   0.71543
   0.71543
   0.71543
   0.71543
   0.71543
   0.71543
   0.71543
   0.71543
   0.71543
   0.71543
   0.71543
   0.71543
   0.71543
   0.71543
   0.71543
   0.71543
   0.71543
   0.71543
   0.71543
   0.71542
   0.71542
   0.71542
   0.71542
   0.71542
   0.71542
   0.71542
   0.71542
   0.71542
   0.71542
   0.71542
   0.71542
   0.71542
   0.71542
   0.71542
   0.71542
   0.71542
   0.71542
   0.71542
   0.71542
   0.71542
   0.71542
   0.71542
   0.71542
   0.71542
   0.71542
   0.71542
   0.71542
   0.71542
   0.71542
   0.71542
   0.71542
   0.71542
   0.71542
   0.71542
   0.71542
   0.71542
   0.71542
   0.71542
   0.71542
   0.71542
   0.71542
   0.71542
   0.71542
   0.71542
   0.71542
   0.71542
   0.71542
   0.71542
   0.71542
   0.71542
   0.71542
   0.71542
   0.71542
   0.71542
   0.71542
   0.71542
   0.71542
   0.71541
   0.71541
   0.71541
   0.71541
   0.71541
   0.71541
   0.71541
   0.71541
   0.71541
   0.71541
   0.71541
   0.71541
   0.71541
   0.71541
   0.71541
   0.71541
   0.71541
   0.71541
   0.71541
   0.71541
   0.71541
   0.71541
   0.71541
   0.71541
   0.71541
   0.71541
   0.71541
   0.71541
   0.71541
   0.71541
   0.71541
   0.71541
   0.71541
   0.71541
   0.71541
   0.71541
   0.71541
   0.71541
   0.71541
   0.71541
   0.71541
   0.71541
   0.71541
   0.71541
   0.71541
   0.71541
   0.71541
   0.71541
   0.71541
   0.71541
   0.71541
   0.71541
   0.71541
   0.71541
   0.71540
   0.71540
   0.71540
   0.71540
   0.71540
   0.71540
   0.71540
   0.71540
   0.71540
   0.71540
   0.71540
   0.71540
   0.71540
   0.71540
   0.71540
   0.71540
   0.71540
   0.71540
   0.71540
   0.71540
   0.71540
   0.71540
   0.71540
   0.71540
   0.71540
   0.71540
   0.71540
   0.71540
   0.71540
   0.71540
   0.71540
   0.71540
   0.71540
   0.71540
   0.71540
   0.71540
   0.71540
   0.71540
   0.71540
   0.71540
   0.71540
   0.71540
   0.71540
   0.71540
   0.71540
   0.71540
   0.71540
   0.71540
   0.71540
   0.71540
   0.71540
   0.71540
   0.71539
   0.71539
   0.71539
   0.71539
   0.71539
   0.71539
   0.71539
   0.71539
   0.71539
   0.71539
   0.71539
   0.71539
   0.71539
   0.71539
   0.71539
   0.71539
   0.71539
   0.71539
   0.71539
   0.71539
   0.71539
   0.71539
   0.71539
   0.71539
   0.71539
   0.71539
   0.71539
   0.71539
   0.71539
   0.71539
   0.71539
   0.71539
   0.71539
   0.71539
   0.71539
   0.71539
   0.71539
   0.71539
   0.71539
   0.71539
   0.71539
   0.71539
   0.71539
   0.71539
   0.71539
   0.71539
   0.71538
   0.71538
   0.71538
   0.71538
