   0.68522
   0.68328
   0.68460
   0.68221
   0.68324
   0.68247
   0.68158
   0.68138
   0.68109
   0.68072
   0.68040
   0.68008
   0.67974
   0.67940
   0.67907
   0.67871
   0.67836
   0.67799
   0.67759
   0.67719
   0.67675
   0.67630
   0.67586
   0.67540
   0.67494
   0.67445
   0.67398
   0.67346
   0.67295
   0.67241
   0.67187
   0.67132
   0.67076
   0.67016
   0.66956
   0.66901
   0.66831
   0.66770
   0.66705
   0.66638
   0.66572
   0.66502
   0.66420
   0.66284
   0.66213
   0.66149
   0.66076
   0.65998
   0.65918
   0.65833
   0.65753
   0.65664
   0.65584
   0.65496
   0.65295
   0.65194
   0.65071
   0.65093
   0.64881
   0.64787
   0.64705
   0.64628
   0.64541
   0.64442
   0.64338
   0.64226
   0.64116
   0.64003
   0.63888
   0.63773
   0.63657
   0.63543
   0.63431
   0.63320
   0.63209
   0.63100
   0.62990
   0.62885
   0.62786
   0.62679
   0.62601
   0.62552
   0.62499
   0.62443
   0.62405
   0.62382
   0.62376
   0.62388
   0.62421
   0.62463
   0.62540
   0.62610
   0.62656
   0.62699
   0.62719
   0.62663
   0.62530
   0.62316
   0.61995
   0.61615
   0.61204
   0.60775
   0.60337
   0.59895
   0.59468
   0.59018
   0.58595
   0.58157
   0.57731
   0.57297
   0.56869
   0.56430
   0.56013
   0.55570
   0.55150
   0.54726
   0.54293
   0.53886
   0.53476
   0.53072
   0.52679
   0.52290
   0.51898
   0.51516
   0.51142
   0.50774
   0.50410
   0.50052
   0.49701
   0.49355
   0.49019
   0.48689
   0.48356
   0.48025
   0.47699
   0.47374
   0.47056
   0.46743
   0.46428
   0.46120
   0.45806
   0.45489
   0.45195
   0.44901
   0.44619
   0.44322
   0.44028
   0.43744
   0.43467
   0.43195
   0.42920
   0.42652
   0.42392
   0.42129
   0.41879
   0.41628
   0.41378
   0.41136
   0.40895
   0.40657
   0.40423
   0.40196
   0.39967
   0.39742
   0.39528
   0.39310
   0.39100
   0.38899
   0.38707
   0.38508
   0.38317
   0.38131
   0.37951
   0.37776
   0.37611
   0.37440
   0.37276
   0.37121
   0.36958
   0.36803
   0.36648
   0.36523
   0.36380
   0.36226
   0.36074
   0.35913
   0.35740
   0.35569
   0.35393
   0.35204
   0.35014
   0.34818
   0.34612
   0.34402
   0.34184
   0.33959
   0.33733
   0.33497
   0.33262
   0.33019
   0.32771
   0.32528
   0.32286
   0.32040
   0.31794
   0.31545
   0.31297
   0.31052
   0.30805
   0.30557
   0.30311
   0.30064
   0.29820
   0.29573
   0.29327
   0.29084
   0.28839
   0.28598
   0.28354
   0.28113
   0.27873
   0.27630
   0.27391
   0.27154
   0.26915
   0.26678
   0.26440
   0.26206
   0.25970
   0.25737
   0.25505
   0.25272
   0.25043
   0.24808
   0.24580
   0.24352
   0.24124
   0.23901
   0.23669
   0.23445
   0.23221
   0.22996
   0.22780
   0.22555
   0.22336
   0.22116
   0.21903
   0.21681
   0.21467
   0.21252
   0.21041
   0.20825
   0.20615
   0.20405
   0.20198
   0.19987
   0.19780
   0.19574
   0.19372
   0.19165
   0.18965
   0.18762
   0.18564
   0.18362
   0.18166
   0.17968
   0.17775
   0.17577
   0.17384
   0.17194
   0.17000
   0.16811
   0.16622
   0.16436
   0.16247
   0.16063
   0.15879
   0.15693
   0.15512
   0.15331
   0.15153
   0.14972
   0.14795
   0.14619
   0.14441
   0.14269
   0.14095
   0.13925
   0.13751
   0.13582
   0.13415
   0.13246
   0.13081
   0.12917
   0.12752
   0.12590
   0.12428
   0.12270
   0.12109
   0.11952
   0.11796
   0.11639
   0.11486
   0.11333
   0.11180
   0.11029
   0.10882
   0.10732
   0.10585
   0.10440
   0.10295
   0.10153
   0.10010
   0.09870
   0.09730
   0.09590
   0.09456
   0.09319
   0.09185
   0.09052
   0.08921
   0.08789
   0.08661
   0.08532
   0.08406
   0.08280
   0.08156
   0.08035
   0.07913
   0.07793
   0.07675
   0.07558
   0.07442
   0.07328
   0.07216
   0.07104
   0.06994
   0.06885
   0.06778
   0.06672
   0.06568
   0.06464
   0.06362
   0.06263
   0.06163
   0.06066
   0.05970
   0.05875
   0.05782
   0.05690
   0.05600
   0.05510
   0.05423
   0.05336
   0.05251
   0.05168
   0.05086
   0.05004
   0.04925
   0.04847
   0.04769
   0.04694
   0.04620
   0.04547
   0.04476
   0.04406
   0.04337
   0.04269
   0.04202
   0.04137
   0.04073
   0.04011
   0.03949
   0.03889
   0.03829
   0.03771
   0.03714
   0.03659
   0.03604
   0.03550
   0.03498
   0.03446
   0.03396
   0.03346
   0.03297
   0.03250
   0.03203
   0.03157
   0.03113
   0.03069
   0.03026
   0.02984
   0.02943
   0.02902
   0.02863
   0.02824
   0.02786
   0.02749
   0.02712
   0.02677
   0.02640
   0.02606
   0.02573
   0.02541
   0.02509
   0.02477
   0.02447
   0.02416
   0.02387
   0.02358
   0.02330
   0.02302
   0.02275
   0.02249
   0.02223
   0.02198
   0.02173
   0.02149
   0.02125
   0.02102
   0.02079
   0.02057
   0.02036
   0.02014
   0.01994
   0.01973
   0.01954
   0.01934
   0.01915
   0.01896
   0.01878
   0.01860
   0.01842
   0.01824
   0.01807
   0.01790
   0.01773
   0.01756
   0.01739
   0.01721
   0.01705
   0.01687
   0.01670
   0.01653
   0.01635
   0.01618
   0.01600
   0.01582
   0.01563
   0.01545
   0.01526
   0.01507
   0.01487
   0.01468
   0.01448
   0.01427
   0.01407
   0.01387
   0.01366
   0.01346
   0.01325
   0.01305
   0.01284
   0.01264
   0.01244
   0.01224
   0.01204
   0.01184
   0.01165
   0.01146
   0.01127
   0.01109
   0.01091
   0.01073
   0.01056
   0.01039
   0.01023
   0.01007
   0.00991
   0.00975
   0.00960
   0.00946
   0.00931
   0.00917
   0.00903
   0.00890
   0.00876
   0.00864
   0.00851
   0.00838
   0.00826
   0.00814
   0.00803
   0.00791
   0.00780
   0.00769
   0.00758
   0.00747
   0.00737
   0.00727
