   0.68672
   0.70015
   0.69402
   0.69260
   0.69168
   0.69081
   0.68978
   0.69072
   0.68769
   0.68766
   0.68675
   0.68587
   0.68466
   0.68395
   0.68322
   0.68271
   0.68139
   0.67939
   0.67961
   0.67861
   0.67794
   0.67606
   0.67586
   0.67527
   0.67932
   0.67398
   0.67004
   0.67064
   0.66746
   0.67402
   0.66918
   0.66774
   0.66569
   0.66470
   0.66360
   0.66293
   0.71893
   0.69095
   0.67740
   0.68878
   0.67678
   0.67533
   0.67017
   0.68011
   0.66924
   0.66780
   0.67256
   0.67861
   0.69216
   0.69701
   0.70643
   0.75401
   0.76294
   0.75887
   0.76179
   0.76324
   0.76840
   0.76799
   0.78538
   0.77836
   0.77943
   0.77424
   0.77159
   0.76803
   0.76602
   0.76271
   0.75889
   0.75595
   0.75176
   0.74734
   0.74419
   0.74005
   0.73610
   0.73180
   0.72831
   0.72401
   0.71905
   0.71457
   0.70946
   0.70526
   0.69956
   0.69473
   0.69070
   0.68396
   0.67922
   0.67513
   0.66917
   0.66419
   0.65894
   0.65364
   0.64864
   0.64337
   0.63886
   0.63365
   0.62839
   0.62247
   0.61603
   0.61039
   0.60619
   0.60109
   0.59502
   0.58882
   0.58320
   0.57696
   0.57083
   0.56574
   0.55960
   0.55187
   0.54653
   0.53763
   0.53046
   0.52381
   0.51879
   0.51078
   0.50537
   0.49433
   0.49096
   0.48158
   0.47780
   0.46964
   0.46111
   0.45627
   0.44723
   0.44159
   0.43576
   0.42854
   0.42130
   0.41456
   0.40813
   0.40144
   0.39446
   0.38948
   0.38521
   0.38153
   0.37801
   0.37469
   0.37129
   0.36854
   0.36544
   0.36325
   0.36071
   0.35912
   0.35746
   0.35654
   0.35581
   0.35565
   0.35527
   0.35524
   0.35503
   0.35432
   0.35295
   0.35146
   0.34805
   0.34486
   0.34092
   0.33585
   0.32833
   0.32433
   0.31823
   0.31117
   0.30255
   0.29693
   0.28937
   0.28288
   0.27754
   0.27345
   0.26904
   0.26344
   0.26005
   0.25468
   0.25062
   0.24605
   0.23941
   0.23628
   0.23239
   0.22702
   0.22251
   0.21727
   0.21244
   0.20767
   0.20317
   0.19803
   0.19377
   0.19012
   0.18578
   0.18265
   0.17827
   0.17498
   0.17074
   0.16792
   0.16373
   0.16019
   0.15568
   0.15387
   0.14953
   0.14690
   0.14311
   0.14001
   0.13702
   0.13341
   0.13104
   0.12610
   0.12483
   0.11996
   0.11895
   0.11396
   0.11377
   0.10898
   0.10815
   0.10370
   0.10346
   0.09907
   0.09875
   0.09449
   0.09372
   0.09091
   0.08923
   0.08640
   0.08567
   0.08228
   0.08208
   0.07876
   0.07860
   0.07505
   0.07501
   0.07163
   0.07151
   0.06832
   0.06753
   0.06719
   0.06502
   0.06385
   0.06300
   0.06017
   0.05899
   0.05855
   0.05834
   0.05707
   0.05581
   0.05425
   0.05221
   0.05089
   0.04902
   0.04784
   0.04642
   0.04511
   0.04379
   0.04322
   0.04263
   0.04098
   0.03994
   0.03897
   0.03748
   0.03609
   0.03515
   0.03410
   0.03356
   0.03236
   0.03184
   0.03086
   0.03013
   0.02885
   0.02830
   0.02743
   0.02667
   0.02600
   0.02539
   0.02509
   0.02475
   0.02369
   0.02329
   0.02272
   0.02199
   0.02165
   0.02101
   0.02049
   0.02003
   0.01956
   0.01928
   0.01877
   0.01843
   0.01816
   0.01770
   0.01760
   0.01699
   0.01718
   0.01625
   0.01676
   0.01515
   0.01668
   0.05412
   0.04056
   0.05533
   0.04314
   0.01821
   0.03281
   0.01759
   0.06739
   0.02366
   0.03522
   0.01689
   0.07114
   0.05839
   0.03220
   0.01585
   0.07930
   0.03669
   0.04152
   0.01464
   0.09599
   0.22668
   0.01403
   0.04802
   0.03568
   0.01318
   0.04264
   0.01697
   0.07556
   0.15759
   0.05482
   0.01182
   0.10045
   0.03500
   0.01412
   0.08686
   0.03763
   0.01294
   0.09354
   0.01325
   0.07882
   0.02677
   0.01177
   0.05831
   0.04126
   0.00957
   0.09679
   0.01078
   0.09332
   0.01040
   0.09212
   0.01036
   0.08813
   0.01001
   0.08761
   0.00991
   0.08165
   0.00935
   0.08223
   0.00942
   0.07495
   0.00874
   0.07431
   0.00865
   0.07100
   0.00837
   0.06399
   0.00770
   0.06172
   0.00748
   0.05789
   0.00695
   0.04998
   0.00650
   0.02206
   0.12055
   0.00583
   0.00808
   0.02517
   0.01467
   0.05568
   0.07597
   0.00812
   0.07924
   0.00812
   0.08043
   0.00789
   0.07777
   0.00780
   0.07595
   0.00778
   0.07776
   0.00722
   0.07499
   0.00730
   0.07487
   0.00700
   0.07345
   0.00692
   0.07233
   0.00673
   0.07093
   0.00665
   0.06962
   0.00655
   0.06838
   0.00645
   0.06704
   0.00642
   0.06567
   0.00638
   0.06438
   0.00636
   0.06307
   0.00629
   0.06136
   0.00619
   0.05797
   0.00594
   0.05332
   0.00516
   0.05400
   0.00519
   0.05255
   0.00524
   0.03287
   0.00406
   0.00301
   2.88743
   0.06294
   0.05535
   0.01141
   0.01164
   0.01086
   0.00996
   0.00930
   0.00862
   0.00824
   0.00801
   0.00767
   0.00737
   0.00712
   0.00688
   0.00670
   0.00656
   0.00641
   0.00622
   0.00605
   0.00586
   0.00567
   0.00548
   0.00527
   0.00516
   0.00509
   0.00504
   0.00498
   0.00493
   0.00491
   0.00486
   0.00480
   0.00477
   0.00471
   0.00466
   0.00462
   0.00456
   0.00451
   0.00446
   0.00444
   0.00438
   0.00433
   0.00429
   0.00425
   0.00423
   0.00418
   0.00414
   0.00412
   0.00411
   0.00406
   0.00405
   0.00403
   0.00403
   0.00400
   0.00401
   0.00401
   0.00401
   0.00404
   0.00407
   0.00412
   0.00419
   0.00432
   0.00455
   0.00525
   0.01231
   0.06450
   0.00336
   0.04052
   0.00332
   0.02523
   0.00377
   0.02956
   0.00370
   0.02745
   0.00360
   0.02872
   0.00390
   0.02509
   0.00376
   0.02214
   0.00498
   0.01323
   0.42187
   0.02323
   0.00250
   0.00244
   0.00241
   0.00239
   0.00237
   0.00236
   0.00235
   0.00234
   0.00233
   0.00232
   0.00230
   0.00229
   0.00228
   0.00227
   0.00226
   0.00226
   0.00226
   0.00225
   0.00225
   0.00225
   0.00225
   0.00225
   0.00226
   0.00226
   0.00227
   0.00227
   0.00229
   0.00230
   0.00231
   0.00233
   0.00236
   0.00239
   0.00242
   0.00245
   0.00249
   0.00253
   0.00257
   0.00261
   0.00264
   0.00266
   0.00268
   0.00269
   0.00269
   0.00269
   0.00268
   0.00268
   0.00266
   0.00265
   0.00264
   0.00261
   0.00261
   0.00257
   0.00256
   0.00254
   0.00253
   0.00250
   0.00248
   0.00247
   0.00244
   0.00243
   0.00241
   0.00238
   0.00237
   0.00236
   0.00233
   0.00232
   0.00230
   0.00230
   0.00227
   0.00226
   0.00225
   0.00225
   0.00223
   0.00223
   0.00223
   0.00223
   0.00223
   0.00224
   0.00225
   0.00227
   0.00230
   0.00234
   0.00242
   0.00256
   0.00288
   0.00477
   0.53659
   0.24849
   0.13639
   0.08985
   0.07900
   0.06816
   0.06514
   0.06039
   0.05691
   0.05506
   0.05363
   0.05238
   0.05118
   0.05002
   0.04891
   0.04783
   0.04656
   0.04355
   0.04219
   0.04132
   0.04042
   0.03958
   0.03879
   0.03798
   0.03723
   0.03649
   0.03577
   0.03509
   0.03443
   0.03375
   0.03310
   0.03203
   0.03007
   0.02838
   0.02705
   0.02637
   0.02581
   0.02531
   0.02481
   0.02435
   0.02385
   0.02339
   0.02296
   0.02255
   0.02216
   0.02179
   0.02144
   0.02111
   0.02080
   0.02052
   0.02026
   0.02004
   0.01986
   0.01972
   0.01961
   0.01953
   0.01947
   0.01941
   0.01933
   0.01923
   0.01909
   0.01889
   0.01861
   0.01830
   0.01797
   0.01760
   0.01723
   0.01685
   0.01646
   0.01610
   0.01574
   0.01539
   0.01504
   0.01472
   0.01440
   0.01409
   0.01378
   0.01349
   0.01319
   0.01291
   0.01264
   0.01237
   0.01210
   0.01185
   0.01159
   0.01134
   0.01110
   0.01087
   0.01064
   0.01041
   0.01019
   0.00997
   0.00976
   0.00955
   0.00935
   0.00915
   0.00895
   0.00876
   0.00858
   0.00839
   0.00822
   0.00804
   0.00788
   0.00769
   0.00744
   0.00679
   0.00642
   0.00625
   0.00616
   0.00600
   0.00590
   0.00577
   0.00566
   0.00554
   0.00544
   0.00532
   0.00523
   0.00512
   0.00503
   0.00492
   0.00484
   0.00473
   0.00467
   0.00455
   0.00451
   0.00437
   0.00436
   0.00420
   0.00424
   0.00402
   0.00417
   0.00384
   0.00420
   0.00369
   0.00423
   0.00357
   0.00393
   0.00342
   0.00440
   0.00338
   0.00323
   0.00587
   0.00330
   0.00335
   0.00324
   0.00302
   0.00299
   0.00377
   0.00286
   0.00645
   0.00271
   0.00280
   0.00297
   0.00300
   0.00295
   0.00291
   0.00291
   0.00276
   0.00364
   0.00279
   0.00293
   0.00348
   0.01131
   0.00448
   0.00327
   0.00341
   0.00342
   0.00357
   0.00191
   2.20837
   0.02669
   0.34237
   0.00670
   0.00595
   0.00575
   0.00551
   0.00529
   0.00506
   0.00486
   0.00467
   0.00450
   0.00432
   0.00414
   0.00398
   0.00383
   0.00368
   0.00356
   0.00345
   0.00335
   0.00326
   0.00317
   0.00309
   0.00303
   0.00296
   0.00291
   0.00286
   0.00280
   0.00276
   0.00272
   0.00268
   0.00265
   0.00262
   0.00259
   0.00257
   0.00254
   0.00251
   0.00249
   0.00247
   0.00244
   0.00242
   0.00240
   0.00238
   0.00236
   0.00234
   0.00232
   0.00229
   0.00227
   0.00225
   0.00224
   0.00222
   0.00220
   0.00218
   0.00217
   0.00215
   0.00213
   0.00211
   0.00209
   0.00208
   0.00207
   0.00206
   0.00205
   0.00204
   0.00204
   0.00203
   0.00203
   0.00203
   0.00202
   0.00202
   0.00202
   0.00202
   0.00202
   0.00201
   0.00201
   0.00201
   0.00201
   0.00201
   0.00202
   0.00202
   0.00202
   0.00202
   0.00203
   0.00203
   0.00204
   0.00205
   0.00206
   0.00208
   0.00210
   0.00212
   0.00215
   0.00218
   0.00222
   0.00226
   0.00232
   0.00238
   0.00244
   0.00251
   0.00258
   0.00265
   0.00272
   0.00279
   0.00286
   0.00291
   0.00296
   0.00300
   0.00303
   0.00305
   0.00307
   0.00308
   0.00308
   0.00309
   0.00309
   0.00308
   0.00308
   0.00308
   0.00307
   0.00307
   0.00306
   0.00306
   0.00306
   0.00306
   0.00307
   0.00307
   0.00309
   0.00311
   0.00314
   0.00319
   0.00325
   0.00337
   0.00358
   0.00413
   0.00888
   6.29661
   0.04528
   0.06825
   0.02445
   0.01895
   0.01612
   0.01388
   0.01223
   0.01102
   0.00999
   0.00925
   0.00859
   0.00795
   0.00745
   0.00701
   0.00664
   0.00631
   0.00601
   0.00575
   0.00551
   0.00529
   0.00508
   0.00489
   0.00471
   0.00455
   0.00441
   0.00427
   0.00415
   0.00404
   0.00394
   0.00384
   0.00376
   0.00367
   0.00359
   0.00352
   0.00344
   0.00338
   0.00331
   0.00325
   0.00319
   0.00313
   0.00308
   0.00303
   0.00298
   0.00293
   0.00289
   0.00284
   0.00280
   0.00276
   0.00272
   0.00268
   0.00264
   0.00261
   0.00258
   0.00255
   0.00252
   0.00248
   0.00245
   0.00242
   0.00239
   0.00236
   0.00234
   0.00231
   0.00228
   0.00225
   0.00223
   0.00220
   0.00217
   0.00215
   0.00213
   0.00210
   0.00208
   0.00206
   0.00204
   0.00202
   0.00200
   0.00198
   0.00197
   0.00195
   0.00194
   0.00193
   0.00192
   0.00192
   0.00191
   0.00191
   0.00191
   0.00191
   0.00192
   0.00192
   0.00193
   0.00193
   0.00194
   0.00195
   0.00196
   0.00197
   0.00198
   0.00198
   0.00199
   0.00199
   0.00199
   0.00199
   0.00198
   0.00198
   0.00198
   0.00197
   0.00196
   0.00196
   0.00195
   0.00194
   0.00193
   0.00192
   0.00191
