   0.54385
   0.52021
   0.48003
   0.47520
   0.47205
   0.47069
   0.47087
   0.46940
   0.47197
   0.47026
   0.47222
   0.46701
   0.46577
   0.46636
   0.46771
   0.46958
   0.47207
   0.47554
   0.48028
   0.48655
   0.49207
   0.50064
   0.51340
   0.52561
   0.54474
   0.56305
   0.56934
   0.56753
   0.54565
   0.50847
   0.46094
   0.39082
   0.35283
   0.31939
   0.28774
   0.26193
   0.24415
   0.22799
   0.21864
   0.20845
   0.20205
   0.18903
   0.18546
   0.17743
   0.17555
   0.17875
   0.16956
   0.17053
   0.16531
   0.16538
   0.16486
   0.16536
   0.17083
   0.14633
   0.17576
   0.17863
   0.25276
   0.17458
   0.17647
   0.17359
   0.16693
   0.16352
   0.16566
   0.16340
   0.17719
   0.17768
   0.15965
   0.17368
   0.18287
   0.17247
   0.18810
   0.25191
   0.17829
   0.24377
   0.22744
   0.22603
   0.21693
   0.21064
   0.21144
   0.21139
   0.21674
   0.21514
   0.22492
   0.22567
   0.22604
   0.22618
   0.22760
   0.22608
   0.22759
   0.23027
   0.22865
   0.22468
   0.22109
   0.21825
   0.21493
   0.21110
   0.20870
   0.20528
   0.19915
   0.20214
   0.20125
   0.19374
   0.18403
   0.18290
   0.18040
   0.17471
   0.16807
   0.16053
   0.15698
   0.15322
   0.15316
   0.15516
   0.15226
   0.15101
   0.14746
   0.14714
   0.14460
   0.14558
   0.13850
   0.13495
   0.13484
   0.12791
   0.12548
   0.13718
   0.15222
   0.15429
   0.15694
   0.15553
   0.15348
   0.15206
   0.13129
   0.01984
   0.15194
   0.11401
   0.11357
   0.11008
   0.10305
   0.13013
   0.01955
   0.15775
   0.14861
   0.14443
   0.12813
   0.12108
   0.11238
   0.10610
   0.06216
   0.05780
   0.05156
   0.04618
   0.04324
   0.00159
   0.00281
   0.08033
   0.00788
   0.00402
   0.00511
   0.00940
   0.12382
   0.09969
   0.00435
   0.00647
   0.00470
   0.00558
   0.01048
   0.06325
   0.00518
   0.00955
   0.02266
   0.00670
   0.00419
   0.00386
   0.01331
   0.00973
   0.01542
   0.01295
   0.01289
   0.01463
   0.01169
   0.01566
   0.00540
   0.00999
   0.01672
   0.01426
   0.00498
   0.02911
   0.02424
   0.02023
   0.01781
   0.01587
   0.01442
   0.01328
   0.01243
   0.01193
   0.01086
   0.01001
   0.00915
   0.00850
   0.00867
   0.00828
   0.00770
   0.00701
   0.00532
   0.00652
   0.00566
   0.00488
   0.00382
   0.00263
   0.01583
   0.01055
   0.01634
   0.01574
   0.01046
   0.00509
   0.00384
   0.00338
   0.00251
   0.00298
   0.00152
   0.00200
   0.00214
   0.00167
   0.00136
   0.00718
   0.00158
   0.01610
   0.00130
   0.00135
   0.00138
   0.00130
   0.00087
   0.00139
   0.00133
   0.00121
   0.00110
   0.00103
   0.00095
   0.00077
   0.00055
   0.00064
   0.00026
   0.00069
   0.00047
   0.00034
   0.00020
   0.00028
   0.00032
   0.00032
   0.00181
   0.00051
   0.00137
   0.00050
   0.00238
   0.00226
   0.00071
   0.00186
   0.00092
   0.00079
   0.00081
   0.00267
   0.00065
   0.00053
   0.00191
   0.00053
   0.00039
   0.00228
   0.00058
   0.00485
   0.00500
   0.00125
   0.00247
   0.00161
   0.00154
   0.00049
   0.00155
   0.00479
   0.00415
   0.00276
   0.00041
   0.00429
   0.00186
   0.00139
   0.00305
   0.00032
   0.00397
   0.00222
   0.00146
   0.00126
   0.00114
   0.00099
   0.00193
   0.00163
   0.00227
   0.00011
   0.00191
   0.00180
   0.00194
   0.00010
   3.88219
   0.93645
   0.54507
   0.50209
   0.49688
   0.49621
   0.49610
   0.49607
   0.49606
   0.49606
   0.49606
   0.49606
   0.49606
   0.49607
   0.49607
   0.49607
   0.49607
   0.49607
   0.49607
   0.49607
   0.49607
   0.49607
   0.49608
   0.49608
   0.49608
   0.49608
   0.49608
   0.49608
   0.49608
   0.49608
   0.49609
   0.49609
   0.49609
   0.49609
   0.49609
   0.49609
   0.49609
   0.49609
   0.49610
   0.49610
   0.49610
   0.49610
   0.49610
   0.49610
   0.49610
   0.49610
   0.49610
   0.49611
   0.49611
   0.49611
   0.49611
   0.49611
   0.49611
   0.49611
   0.49611
   0.49612
   0.49612
   0.49612
   0.49612
   0.49612
   0.49612
   0.49612
   0.49612
   0.49612
   0.49613
   0.49613
   0.49613
   0.49613
   0.49613
   0.49613
   0.49613
   0.49613
   0.49614
   0.49614
   0.49614
   0.49614
   0.49614
   0.49614
   0.49614
   0.49614
   0.49615
   0.49615
   0.49615
   0.49615
   0.49615
   0.49615
   0.49615
   0.49615
   0.49615
   0.49616
   0.49616
   0.49616
   0.49616
   0.49616
   0.49616
   0.49616
   0.49616
   0.49617
   0.49617
   0.49617
   0.49617
   0.49617
   0.49617
   0.49617
   0.49617
   0.49618
   0.49618
   0.49618
   0.49618
   0.49618
   0.49618
   0.49618
   0.49618
   0.49619
   0.49619
   0.49619
   0.49619
   0.49619
   0.49619
   0.49619
   0.49619
   0.49619
   0.49620
   0.49620
   0.49620
   0.49620
   0.49620
   0.49620
   0.49620
   0.49620
   0.49621
   0.49621
   0.49621
   0.49621
   0.49621
   0.49621
   0.49621
   0.49621
   0.49621
   0.49622
   0.49622
   0.49622
   0.49622
   0.49622
   0.49622
   0.49622
   0.49622
   0.49623
   0.49623
   0.49623
   0.49623
   0.49623
   0.49623
   0.49623
   0.49623
   0.49624
   0.49624
   0.49624
   0.49624
   0.49624
   0.49624
   0.49624
   0.49624
   0.49625
   0.49625
   0.49625
   0.49625
   0.49625
   0.49625
   0.49625
   0.49625
   0.49626
   0.49626
   0.49626
   0.49626
   0.49626
   0.49626
   0.49626
   0.49626
   0.49626
   0.49627
   0.49627
   0.49627
   0.49627
   0.49627
   0.49627
   0.49627
   0.49627
   0.49628
   0.49628
   0.49628
   0.49628
   0.49628
   0.49628
   0.49628
   0.49628
   0.49629
   0.49629
   0.49629
   0.49629
   0.49629
   0.49629
