   0.55353
   0.45486
   0.49181
   0.45671
   0.45943
   0.45943
   0.46221
   0.46666
   0.46610
   0.46801
   0.46882
   0.46892
   0.47675
   0.46853
   0.46578
   0.46371
   0.46296
   0.46085
   0.45639
   0.45547
   0.45434
   0.45299
   0.44949
   0.44833
   0.44715
   0.44695
   0.44703
   0.44711
   0.44254
   0.44159
   0.45315
   0.46199
   0.45952
   0.51905
   0.51917
   0.52778
   0.52872
   0.52880
   0.52603
   0.51950
   0.50862
   0.49332
   0.47356
   0.44970
   0.42248
   0.39284
   0.36192
   0.33035
   0.29995
   0.27134
   0.24526
   0.22192
   0.20122
   0.18312
   0.16738
   0.15417
   0.14292
   0.13263
   0.12376
   0.11607
   0.10938
   0.10341
   0.09830
   0.09381
   0.08985
   0.08637
   0.08330
   0.08060
   0.07828
   0.07610
   0.07412
   0.07240
   0.07085
   0.06959
   0.06824
   0.06702
   0.06604
   0.06532
   0.06437
   0.06365
   0.06283
   0.06202
   0.06126
   0.06042
   0.05953
   0.05897
   0.05850
   0.05776
   0.05715
   0.05639
   0.05557
   0.05472
   0.05386
   0.05237
   0.05074
   0.04982
   0.04901
   0.04760
   0.04611
   0.04530
   0.04443
   0.04339
   0.04215
   0.04071
   0.03967
   0.03853
   0.03757
   0.03653
   0.03543
   0.03444
   0.03410
   0.03314
   0.03217
   0.03087
   0.02963
   0.02833
   0.02718
   0.02613
   0.02500
   0.02393
   0.02293
   0.02196
   0.02103
   0.02006
   0.01920
   0.01830
   0.01737
   0.01652
   0.01542
   0.01389
   0.01286
   0.01152
   0.01081
   0.01004
   0.00934
   0.00873
   0.00814
   0.00759
   0.00705
   0.00656
   0.00627
   0.00561
   0.00492
   0.00453
   0.00414
   0.00381
   0.00350
   0.00332
   0.00310
   0.00277
   0.00236
   0.00187
   0.00137
   0.00166
   0.00155
   0.00053
   0.00036
   0.00039
   0.00046
   0.00036
   0.00037
   0.00050
   0.00041
   0.00038
   0.00031
   0.00026
   0.00140
   0.00025
   0.00019
   0.00022
   0.00024
   0.00024
   0.00016
   0.00011
   0.00010
   0.00017
   0.00010
   0.00011
   0.00014
   0.00015
   0.00016
   0.00020
   0.00018
   0.00015
   0.00016
   0.00013
   0.00015
   0.00015
   0.00015
   0.00016
   0.00015
   0.00015
   0.00013
   0.00012
   0.00010
   0.00016
   0.00015
   0.00013
   0.00012
   0.00577
   0.00465
   0.00393
   0.00344
   0.00307
   0.00275
   0.00249
   0.00224
   0.00199
   0.00177
   0.00156
   0.00140
   0.00126
   0.00109
   0.00095
   0.00131
   0.00109
   0.00407
   0.00268
   0.00147
   0.00135
   0.00125
   0.00172
   0.00108
   0.00114
   0.00107
   0.00101
   0.00121
   0.00059
   0.00115
   0.00092
   0.00072
   0.00052
   0.00070
   0.00044
   0.00064
   0.00072
   0.00065
   0.00062
   0.00130
   0.00062
   0.00077
   0.00057
   0.00046
   0.00050
   0.00059
   0.00044
   0.00049
   0.00040
   0.00047
   0.00053
   0.00049
   0.00060
   0.00030
   0.00034
   0.00065
   0.00032
   0.00030
   0.00044
   0.00021
   0.00133
   0.00074
   0.00037
   0.05019
   0.03428
   0.03001
   0.02654
   0.02350
   0.02083
   0.01850
   0.01649
   0.01476
   0.01328
   0.01201
   0.01094
   0.01002
   0.00922
   0.00854
   0.00795
   0.00746
   0.00706
   0.00679
   0.00669
   0.00680
   0.00716
   0.00762
   0.00808
   0.00853
   0.00907
   0.00976
   0.00947
   0.00959
   0.00848
   0.00961
   0.00688
   0.00796
   0.00904
   0.00551
   0.00693
   0.00819
   0.00510
   0.00637
   0.00535
   0.00617
   0.00406
   0.00503
   0.00486
   0.00420
   0.00487
   0.00333
   0.00423
   0.00295
   0.00392
   0.00428
   0.00407
   0.00631
   0.00389
   0.00294
   0.00157
   0.00546
   0.00309
   0.00427
   0.00282
   0.00191
   0.00273
   0.01268
   0.00359
   0.00223
   0.00608
   0.00027
   0.00254
   0.00015
   0.00242
   0.00015
   0.00020
   0.00014
   0.00012
   0.00012
   0.00049
   0.00104
   0.00169
   0.00211
   0.00164
   0.00691
   0.00038
   0.00282
   0.00184
   0.00266
   0.00391
   0.00218
   0.00146
   0.00309
   0.00012
   0.00386
   0.00232
   0.00362
   0.00020
   0.00162
   0.00233
   0.00154
   0.00575
   0.00034
   0.00153
   0.00250
   0.01096
   0.00205
   0.00220
   0.00145
   0.00131
   0.00244
   0.00575
   0.00029
   0.00019
   0.00083
   0.00489
   0.00028
   0.00132
   0.00072
   0.00063
   0.00222
   0.00336
   0.00381
   0.00060
   0.00048
   0.00053
   0.00249
   0.00415
   0.00011
   0.00016
   0.00012
   0.00036
   0.00544
   0.00472
   0.00519
   0.00017
   0.00039
   0.00223
   0.00355
   0.00013
   0.00032
   0.00035
   0.00640
   0.00548
   0.00438
   0.00248
   0.00014
   0.00285
   0.00256
   0.00294
   0.00025
   0.00014
   0.00264
   0.00011
   0.00039
   0.00015
   0.00175
   0.00174
   0.00044
   0.00015
   0.00027
   0.00590
   0.00490
   0.00361
   0.00293
   0.00231
   0.00209
   0.00201
   0.00206
   0.00016
   0.00128
   0.00127
   0.00209
   0.00091
   0.00027
   0.00295
   0.00270
   0.00232
   0.00228
   0.00047
   0.00180
   0.00024
   0.00326
   0.00294
   0.00230
   0.00079
   0.00026
   0.00145
   0.00137
   0.00133
   0.00161
   0.00031
   0.00024
   0.00115
   0.00112
   0.00111
   0.00188
   0.00023
   0.00019
   0.23698
   0.15562
   0.15163
   0.12795
   0.10540
   0.09793
   0.08496
   0.07261
   0.05829
   0.05055
   0.07036
   0.12648
   0.09715
   0.02275
   0.01171
   0.03770
   0.01458
   0.00706
   0.00796
   0.03506
   0.03477
   0.02230
   0.01012
   0.02644
   0.11610
   0.26605
   0.38580
   0.44675
   0.47781
   0.49228
   0.49874
   0.50157
   0.50280
   0.50333
   0.50356
   0.50366
   0.50371
   0.50373
   0.50373
   0.50374
   0.50374
   0.50374
   0.50374
   0.50374
   0.50375
   0.50375
   0.50375
   0.50375
   0.50375
   0.50375
   0.50375
   0.50375
   0.50375
   0.50375
   0.50375
   0.50375
   0.50375
   0.50375
   0.50376
   0.50376
   0.50376
   0.50376
   0.50376
   0.50376
   0.50376
   0.50376
   0.50376
   0.50376
   0.50376
   0.50376
   0.50376
   0.50376
   0.50377
   0.50377
   0.50377
   0.50377
   0.50377
   0.50377
   0.50377
   0.50377
   0.50377
   0.50377
   0.50377
   0.50377
   0.50377
   0.50378
   0.50378
   0.50378
   0.50378
   0.50378
   0.50378
   0.50378
   0.50378
   0.50378
   0.50378
   0.50378
   0.50378
   0.50378
   0.50378
   0.50378
   0.50379
   0.50379
   0.50379
   0.50379
   0.50379
   0.50379
   0.50379
   0.50379
   0.50379
   0.50379
   0.50379
   0.50379
   0.50379
   0.50379
   0.50380
   0.50380
   0.50380
   0.50380
   0.50380
   0.50380
   0.50380
   0.50380
   0.50380
   0.50380
   0.50380
   0.50380
   0.50380
   0.50380
   0.50380
   0.50381
   0.50381
   0.50381
   0.50381
   0.50381
   0.50381
   0.50381
   0.50381
   0.50381
   0.50381
   0.50381
   0.50381
   0.50381
   0.50381
   0.50381
   0.50382
   0.50382
   0.50382
   0.50382
   0.50382
   0.50382
   0.50382
   0.50382
   0.50382
   0.50382
   0.50382
   0.50382
   0.50382
   0.50382
   0.50382
   0.50383
   0.50383
   0.50383
   0.50383
   0.50383
   0.50383
   0.50383
   0.50383
   0.50383
   0.50383
   0.50383
   0.50383
   0.50383
   0.50383
   0.50383
   0.50384
   0.50384
   0.50384
   0.50384
   0.50384
   0.50384
   0.50384
   0.50384
   0.50384
   0.50384
   0.50384
   0.50384
   0.50384
   0.50384
   0.50384
   0.50384
   0.50385
   0.50385
   0.50385
   0.50385
   0.50385
   0.50385
   0.50385
   0.50385
   0.50385
   0.50385
   0.50385
   0.50385
   0.50385
   0.50385
   0.50385
   0.50385
   0.50386
   0.50386
   0.50386
   0.50386
   0.50386
   0.50386
   0.50386
   0.50386
   0.50386
   0.50386
   0.50386
   0.50386
   0.50386
   0.50386
   0.50386
   0.50386
   0.50387
   0.50387
   0.50387
   0.50387
   0.50387
   0.50387
   0.50387
   0.50387
   0.50387
   0.50387
   0.50387
   0.50387
   0.50387
   0.50387
   0.50387
   0.50387
   0.50387
   0.50388
   0.50388
   0.50388
   0.50388
   0.50388
   0.50388
   0.50388
   0.50388
   0.50388
   0.50388
   0.50388
   0.50388
   0.50388
   0.50388
   0.50388
   0.50388
   0.50388
   0.50389
   0.50389
   0.50389
   0.50389
   0.50389
   0.50389
   0.50389
   0.50389
   0.50389
   0.50389
   0.50389
   0.50389
   0.50389
   0.50389
   0.50389
   0.50389
   0.50390
   0.50390
   0.50390
   0.50390
   0.50390
   0.50390
   0.50390
   0.50390
   0.50390
   0.50390
   0.50390
   0.50390
   0.50390
   0.50390
   0.50390
   0.50390
   0.50390
   0.50391
   0.50391
   0.50391
   0.50391
   0.50391
   0.50391
   0.50391
   0.50391
   0.50391
   0.50391
   0.50391
   0.50391
   0.50391
   0.50391
   0.50391
   0.50391
   0.50391
   0.50391
   0.50392
   0.50392
   0.50392
   0.50392
   0.50392
   0.50392
   0.50392
   0.50392
   0.50392
   0.50392
   0.50392
   0.50392
   0.50392
   0.50392
   0.50392
   0.50392
   0.50392
   0.50393
   0.50393
   0.50393
   0.50393
   0.50393
   0.50393
   0.50393
   0.50393
   0.50393
   0.50393
   0.50393
   0.50393
   0.50393
   0.50393
   0.50393
   0.50393
   0.50393
   0.50393
   0.50394
   0.50394
   0.50394
   0.50394
   0.50394
   0.50394
   0.50394
   0.50394
   0.50394
   0.50394
   0.50394
   0.50394
   0.50394
   0.50394
   0.50394
   0.50394
   0.50394
   0.50394
   0.50395
   0.50395
   0.50395
   0.50395
   0.50395
   0.50395
   0.50395
   0.50395
   0.50395
   0.50395
   0.50395
   0.50395
   0.50395
   0.50395
   0.50395
   0.50395
   0.50395
   0.50395
   0.50396
   0.50396
   0.50396
   0.50396
   0.50396
   0.50396
   0.50396
   0.50396
   0.50396
   0.50396
   0.50396
   0.50396
   0.50396
   0.50396
   0.50396
   0.50396
   0.50396
   0.50396
   0.50396
   0.50397
   0.50397
   0.50397
   0.50397
   0.50397
   0.50397
   0.50397
   0.50397
   0.50397
   0.50397
   0.50397
   0.50397
   0.50397
   0.50397
   0.50397
   0.50397
   0.50397
   0.50397
   0.50398
   0.50398
   0.50398
   0.50398
   0.50398
   0.50398
   0.50398
   0.50398
   0.50398
   0.50398
   0.50398
   0.50398
   0.50398
   0.50398
   0.50398
   0.50398
   0.50398
   0.50398
   0.50399
   0.50399
   0.50399
   0.50399
   0.50399
   0.50399
   0.50399
   0.50399
   0.50399
   0.50399
   0.50399
   0.50399
   0.50399
   0.50399
   0.50399
   0.50399
   0.50399
   0.50399
   0.50399
   0.50400
   0.50400
   0.50400
   0.50400
   0.50400
   0.50400
   0.50400
   0.50400
   0.50400
   0.50400
   0.50400
   0.50400
   0.50400
   0.50400
   0.50400
   0.50400
   0.50400
   0.50400
   0.50400
   0.50400
   0.50401
   0.50401
   0.50401
   0.50401
   0.50401
   0.50401
   0.50401
   0.50401
   0.50401
   0.50401
   0.50401
   0.50401
   0.50401
   0.50401
   0.50401
   0.50401
   0.50401
   0.50401
   0.50401
   0.50402
   0.50402
   0.50402
   0.50402
   0.50402
   0.50402
   0.50402
   0.50402
   0.50402
   0.50402
   0.50402
   0.50402
   0.50402
   0.50402
   0.50402
   0.50402
   0.50402
   0.50402
   0.50402
   0.50402
   0.50403
   0.50403
   0.50403
   0.50403
   0.50403
   0.50403
   0.50403
   0.50403
   0.50403
   0.50403
   0.50403
   0.50403
   0.50403
   0.50403
   0.50403
   0.50403
   0.50403
   0.50403
   0.50403
   0.50403
   0.50404
   0.50404
   0.50404
   0.50404
   0.50404
   0.50404
   0.50404
   0.50404
   0.50404
   0.50404
   0.50404
   0.50404
