   0.66252
   0.65963
   0.65689
   0.65351
   0.65525
   0.65341
   0.65214
   0.65222
   0.65149
   0.65251
   0.65162
   0.65105
   0.65040
   0.64946
   0.64896
   0.64854
   0.64788
   0.64672
   0.64597
   0.64541
   0.64429
   0.63194
   0.62818
   0.62672
   0.63279
   0.63779
   0.64061
   0.63947
   0.63343
   0.63124
   0.63583
   0.63453
   0.63449
   0.63368
   0.63218
   0.63184
   0.63068
   0.62947
   0.62452
   0.61527
   0.61005
   0.61040
   0.61113
   0.60868
   0.61162
   0.60601
   0.60993
   0.60631
   0.60850
   0.60630
   0.59905
   0.59482
   0.59615
   0.59267
   0.58472
   0.58841
   0.58129
   0.57991
   0.57484
   0.56842
   0.56251
   0.56057
   0.55503
   0.55053
   0.54632
   0.54267
   0.53823
   0.53368
   0.52916
   0.52536
   0.51805
   0.51349
   0.50948
   0.50504
   0.49976
   0.49500
   0.49015
   0.48533
   0.48050
   0.47576
   0.47070
   0.46593
   0.46114
   0.45671
   0.45163
   0.44697
   0.44218
   0.43769
   0.43286
   0.42836
   0.42367
   0.41939
   0.41489
   0.41038
   0.40634
   0.40184
   0.39810
   0.39362
   0.38984
   0.38575
   0.38222
   0.37837
   0.37541
   0.37181
   0.36871
   0.36584
   0.36307
   0.36017
   0.35773
   0.35554
   0.35330
   0.35151
   0.34974
   0.34840
   0.34673
   0.34527
   0.34371
   0.34185
   0.33940
   0.33639
   0.33222
   0.32744
   0.32195
   0.31615
   0.31038
   0.30472
   0.29908
   0.29382
   0.28872
   0.28379
   0.27883
   0.27423
   0.26968
   0.26455
   0.25977
   0.25572
   0.25104
   0.24657
   0.24199
   0.23745
   0.23321
   0.22864
   0.22422
   0.21984
   0.21545
   0.21103
   0.20663
   0.20230
   0.19807
   0.19391
   0.18976
   0.18552
   0.18185
   0.17754
   0.17356
   0.16998
   0.16612
   0.16231
   0.15873
   0.15518
   0.15163
   0.14823
   0.14487
   0.14143
   0.13829
   0.13513
   0.13208
   0.12895
   0.12607
   0.12307
   0.12026
   0.11752
   0.11501
   0.11226
   0.10987
   0.10729
   0.10480
   0.10247
   0.10010
   0.09778
   0.09550
   0.09341
   0.09111
   0.08906
   0.08695
   0.08503
   0.08302
   0.08112
   0.07926
   0.07743
   0.07568
   0.07396
   0.07227
   0.07063
   0.06903
   0.06749
   0.06594
   0.06449
   0.06304
   0.06167
   0.06027
   0.05897
   0.05764
   0.05642
   0.05512
   0.05395
   0.05276
   0.05161
   0.05044
   0.04937
   0.04826
   0.04723
   0.04619
   0.04520
   0.04420
   0.04325
   0.04229
   0.04138
   0.04047
   0.03962
   0.03876
   0.03794
   0.03713
   0.03632
   0.03556
   0.03479
   0.03405
   0.03333
   0.03262
   0.03193
   0.03126
   0.03059
   0.02995
   0.02932
   0.02870
   0.02810
   0.02752
   0.02694
   0.02638
   0.02583
   0.02521
   0.02467
   0.02415
   0.02364
   0.02315
   0.02267
   0.02220
   0.02174
   0.02129
   0.02085
   0.02044
   0.02002
   0.01962
   0.01921
   0.01883
   0.01843
   0.01806
   0.01769
   0.01733
   0.01697
   0.01663
   0.01627
   0.01595
   0.01560
   0.01528
   0.01495
   0.01463
   0.01432
   0.01400
   0.01369
   0.01339
   0.01309
   0.01280
   0.01250
   0.01222
   0.01193
   0.01166
   0.01139
   0.01112
   0.01085
   0.01060
   0.01035
   0.01009
   0.00985
   0.00961
   0.00938
   0.00915
   0.00893
   0.00872
   0.00851
   0.00830
   0.00810
   0.00790
   0.00772
   0.00753
   0.00734
   0.00717
   0.00699
   0.00682
   0.00666
   0.00650
   0.00634
   0.00618
   0.00603
   0.00589
   0.00575
   0.00561
   0.00547
   0.00534
   0.00521
   0.00508
   0.00496
   0.00484
   0.00472
   0.00461
   0.00450
   0.00439
   0.00428
   0.00418
   0.00407
   0.00398
   0.00388
   0.00378
   0.00369
   0.00360
   0.00352
   0.00343
   0.00335
   0.00326
   0.00318
   0.00311
   0.00303
   0.00296
   0.00289
   0.00282
   0.00275
   0.00268
   0.00262
   0.00255
   0.00249
   0.00243
   0.00237
   0.00232
   0.00226
   0.00221
   0.00215
   0.00210
   0.00205
   0.00201
   0.00196
   0.00191
   0.00187
   0.00183
   0.00178
   0.00174
   0.00170
   0.00166
   0.00163
   0.00159
   0.00155
   0.00152
   0.00149
   0.00145
   0.00142
   0.00139
   0.00136
   0.00133
   0.00131
   0.00128
   0.00125
   0.00122
   0.00120
   0.00118
   0.00115
   0.00113
   0.00111
   0.00110
   0.00109
   0.00108
   0.00110
   0.00115
   0.00135
   0.00147
   0.00108
   0.00135
   0.06343
   0.01377
   0.01197
   0.00114
   0.00127
   0.00147
   0.00154
   0.00156
   0.00157
   0.00157
   0.00156
   0.00156
   0.00154
   0.00153
   0.00151
   0.00149
   0.00146
   0.00144
   0.00141
   0.00138
   0.00135
   0.00132
   0.00129
   0.00126
   0.00123
   0.00120
   0.00117
   0.00114
   0.00111
   0.00108
   0.00105
   0.00103
   0.00101
   0.00098
   0.00096
   0.00094
   0.00092
   0.00090
   0.00089
   0.00087
   0.00085
   0.00084
   0.00082
   0.00081
   0.00079
   0.00078
   0.00077
   0.00076
   0.00074
   0.00073
   0.00072
   0.00071
   0.00070
   0.00069
   0.00068
   0.00067
   0.00066
   0.00065
   0.00064
   0.00063
   0.00062
   0.00062
   0.00061
   0.00060
   0.00059
   0.00058
   0.00057
   0.00057
   0.00056
   0.00055
   0.00054
   0.00054
   0.00053
   0.00052
   0.00052
   0.00051
   0.00050
   0.00050
   0.00049
   0.00048
   0.00048
   0.00047
   0.00047
   0.00046
   0.00045
   0.00045
   0.00044
   0.00044
   0.00043
   0.00043
   0.00042
   0.00042
   0.00041
   0.00041
   0.00040
   0.00040
   0.00039
   0.00039
   0.00038
   0.00038
   0.00037
   0.00037
   0.00036
   0.00036
   0.00035
   0.00035
   0.00034
   0.00034
   0.00033
   0.00033
   0.00032
   0.00032
   0.00031
   0.00031
   0.00030
   0.00030
   0.00029
   0.00029
   0.00028
   0.00027
   0.00027
   0.00026
   0.00026
   0.00025
   0.00024
   0.00024
   0.00023
   0.00023
   0.00022
   0.00022
   0.00021
   0.00021
   0.00020
   0.00020
   0.00019
   0.00019
   0.00018
   0.00018
   0.00018
   0.00017
   0.00017
   0.00016
   0.00016
   0.00016
   0.00015
   0.00015
   0.00015
   0.00014
   0.00014
   0.00014
   0.00013
   0.00013
   0.00013
   0.00013
   0.00012
   0.00012
   0.00012
   0.00011
   0.00011
   0.00011
   0.00011
   0.00010
   0.00010
   0.00010
   0.00010
   0.00010
   0.00009
   0.00009
   0.00009
   0.00009
   0.00009
   0.00008
   0.00008
   0.00008
   0.00008
   0.00008
   0.00008
   0.00007
   0.00007
   0.00007
   0.00007
   0.00007
   0.00007
   0.00006
   0.00006
   0.00006
   0.00006
   0.00006
   0.00006
   0.00006
   0.00006
   0.00005
   0.00005
   0.00005
   0.00005
   0.00005
   0.00005
   0.00005
   0.00005
   0.00005
   0.00005
   0.00004
   0.00004
   0.00004
   0.00004
   0.00004
   0.00004
   0.00004
   0.00004
   0.00004
   0.00004
   0.00004
   0.00004
   0.00003
   0.00003
   0.00003
   0.00003
   0.00003
   0.00003
   0.00003
   0.00003
   0.00003
   0.00003
   0.00003
   0.00003
   0.00003
   0.00003
   0.00003
   0.00003
   0.00003
   0.00003
   0.00002
   0.00002
   0.00002
   0.00002
   0.00002
   0.00002
   0.00002
   0.00002
   0.00002
   0.00002
   0.00002
   0.00002
   0.00002
   0.00002
   0.00002
   0.00002
   0.00002
   0.00002
   0.00002
   0.00002
   0.00002
   0.00002
   0.00002
   0.00002
   0.00002
   0.00002
   0.00002
   0.00002
   0.00001
   0.00001
   0.00001
   0.00001
   0.00001
   0.00001
   0.00001
   0.00001
   0.00001
   0.00001
   0.00001
   0.00001
   0.00001
   0.00001
   0.00001
   0.00001
   0.00001
   0.00001
   0.00001
   0.00001
   0.00001
   0.00001
   0.00001
   0.00001
   0.00001
   0.00001
   0.00001
   0.00001
   0.00001
   0.00001
   0.00001
   0.00001
   0.00001
   0.00001
   0.00001
   0.00001
   0.00001
   0.00001
   0.00001
   0.00001
   0.00001
   0.00001
   0.00001
   0.00001
   0.00001
   0.00001
   0.00001
   0.00001
   0.00001
   0.00001
   0.00001
   0.00001
   0.00001
   0.00001
   0.00001
   0.00001
   0.00001
   0.00001
   0.00001
   0.00001
   0.00001
   0.00001
   0.00001
   0.00001
   0.00001
   0.00001
   0.00001
   0.00001
   0.00001
   0.00001
   0.00001
   0.00001
   0.00001
   0.00001
   0.00001
   0.00001
   0.00001
   0.00001
   0.00001
   0.00001
   0.00001
   0.00001
   0.00000
   0.00000
   0.00000
   0.00000
   0.00000
   0.00000
   0.00000
   0.00000
   0.00000
   0.00000
   0.00000
   0.00000
   0.00000
   0.00000
   0.00000
   0.00000
   0.00000
   0.00000
   0.00000
   0.00000
   0.00000
   0.00000
   0.00000
   0.00000
   0.00000
   0.00000
   0.00000
   0.00000
   0.00000
   0.00000
   0.00000
   0.00000
   0.00000
   0.00000
   0.00000
   0.00000
   0.00000
   0.00000
   0.00000
   0.00000
   0.00000
   0.00000
   0.00000
   0.00000
   0.00000
   0.00000
   0.00000
   0.00000
   0.00000
   0.00000
   0.00000
   0.00000
   0.00000
   0.00000
   0.00000
   0.00000
   0.00000
   0.00000
   0.00000
   0.00000
   0.00000
   0.00000
   0.00000
   0.00000
   0.00000
   0.00000
   0.00000
   0.00000
   0.00000
   0.00000
   0.00000
   0.00000
   0.00000
   0.00000
   0.00000
   0.00000
   0.00000
   0.00000
   0.00000
   0.00000
   0.00000
   0.00000
   0.00000
   0.00000
   0.00000
   0.00000
   0.00000
   0.00000
   0.00000
   0.00000
   0.00000
   0.00000
   0.00000
   0.00000
   1.22156
   0.05337
   0.05187
   0.05768
   0.04488
   0.04051
   0.03565
   0.03313
   0.03000
   0.02886
   0.02828
   0.02773
   0.02717
   0.02665
   0.02617
   0.02576
   0.02532
   0.02487
   0.02438
   0.02390
   0.02343
   0.02299
   0.02232
   0.02121
   0.01979
   0.01924
   0.01888
   0.01858
   0.01829
   0.01802
   0.01777
   0.01751
   0.01725
   0.01699
   0.01676
   0.01652
   0.01627
   0.01603
   0.01579
   0.01555
   0.01531
   0.01508
   0.01485
   0.01462
   0.01439
   0.01417
   0.01394
   0.01372
   0.01350
   0.01328
   0.01305
   0.01284
   0.01263
   0.01242
   0.01220
   0.01200
   0.01181
   0.01160
   0.01141
   0.01122
   0.01103
   0.01085
   0.01066
   0.01048
   0.01030
   0.01013
   0.00995
   0.00979
   0.00962
   0.00946
   0.00930
   0.00914
   0.00899
   0.00884
   0.00869
   0.00854
   0.00838
   0.00825
   0.00811
   0.00797
   0.00784
   0.00771
   0.00757
   0.00745
   0.00732
   0.00720
   0.00708
   0.00696
   0.00684
   0.00673
   0.00662
   0.00651
   0.00640
   0.00629
   0.00619
   0.00608
   0.00599
   0.00589
   0.00579
   0.00570
   0.00560
   0.00551
   0.00542
   0.00533
   0.00525
   0.00516
   0.00508
   0.00499
   0.00491
   0.00483
   0.00476
   0.00468
   0.00461
   0.00453
   0.00446
   0.00439
   0.00432
   0.00425
   0.00418
   0.00412
   0.00405
   0.00399
   0.00393
   0.00386
   0.00381
   0.00375
   0.00369
   0.00363
   0.00357
   0.00352
   0.00346
   0.00341
   0.00336
   0.00331
   0.00326
   0.00321
   0.00316
   0.00311
   0.00306
   0.00302
   0.00297
   0.00293
   0.00289
   0.00284
   0.00280
   0.00276
   0.00272
   0.00268
   0.00264
   0.00260
   0.00257
   0.00253
   0.00249
   0.00246
   0.00242
   0.00239
   0.00236
   0.00232
   0.00229
   0.00226
   0.00223
   0.00220
   0.00217
   0.00214
   0.00211
   0.00208
   0.00205
   0.00203
   0.00200
   0.00197
   0.00195
   0.00192
   0.00190
   0.00187
   0.00185
   0.00183
   0.00181
   0.00178
   0.00176
   0.00174
