   0.75863
   0.79262
   0.82656
   0.82915
   0.82638
   0.82467
   0.82565
   0.77436
   0.82907
   0.81548
   0.80764
   0.79949
   0.79487
   0.79135
   0.78837
   0.78633
   0.78338
   0.78285
   0.78213
   0.78062
   0.77933
   0.77823
   0.77739
   0.77636
   0.77496
   0.77445
   0.77361
   0.77177
   0.76961
   0.76945
   0.76769
   0.76589
   0.76285
   0.71181
   0.72612
   0.73115
   0.73513
   0.73441
   0.73114
   0.72609
   0.72014
   0.68325
   0.67784
   0.68051
   0.67296
   0.66472
   0.65813
   0.65069
   0.64218
   0.63330
   0.62507
   0.61724
   0.61003
   0.60387
   0.59929
   0.59513
   0.59092
   0.58655
   0.58138
   0.57589
   0.56960
   0.56299
   0.53681
   0.53082
   0.52630
   0.52241
   0.51905
   0.51369
   0.50446
   0.49418
   0.48403
   0.47577
   0.46779
   0.46164
   0.45515
   0.44998
   0.44594
   0.44239
   0.43926
   0.43597
   0.43200
   0.42745
   0.42189
   0.41447
   0.39905
   0.38782
   0.37711
   0.36668
   0.35578
   0.34500
   0.33561
   0.32645
   0.31813
   0.31042
   0.30357
   0.29741
   0.29120
   0.28561
   0.28044
   0.27540
   0.27058
   0.26643
   0.26214
   0.25868
   0.25474
   0.25113
   0.24775
   0.24486
   0.24087
   0.23860
   0.23534
   0.23303
   0.22876
   0.22570
   0.22317
   0.22041
   0.21723
   0.21453
   0.21151
   0.20891
   0.20532
   0.20294
   0.20029
   0.19780
   0.19135
   0.19132
   0.18856
   0.18579
   0.18220
   0.17801
   0.17530
   0.16934
   0.16667
   0.16462
   0.16065
   0.15732
   0.15144
   0.14669
   0.14476
   0.14131
   0.13741
   0.13327
   0.12824
   0.12410
   0.12043
   0.11647
   0.11220
   0.10899
   0.10502
   0.10099
   0.09671
   0.09402
   0.09024
   0.08581
   0.08278
   0.08044
   0.07579
   0.07346
   0.07147
   0.06671
   0.06647
   0.06230
   0.06057
   0.05878
   0.05536
   0.05420
   0.05130
   0.04926
   0.04526
   0.04510
   0.04242
   0.04143
   0.03841
   0.03695
   0.03425
   0.03330
   0.03072
   0.03040
   0.02763
   0.02676
   0.02505
   0.02331
   0.02244
   0.02085
   0.02033
   0.01903
   0.01852
   0.01750
   0.01688
   0.01622
   0.01534
   0.01456
   0.01375
   0.01276
   0.01146
   0.01087
   0.01282
   0.00995
   0.00987
   0.01841
   0.03914
   0.01769
   0.01655
   0.01424
   0.09131
   0.01627
   0.03671
   0.17531
   0.15247
   0.32790
   0.04248
   0.42657
   0.00915
   0.01178
   0.65625
   0.00695
   0.00954
   0.00687
   0.00869
   0.00785
   0.00732
   0.00766
   0.00775
   0.00717
   0.00726
   0.00682
   0.00693
   0.00646
   0.00665
   0.00618
   0.00628
   0.00594
   0.00612
   0.00570
   0.00589
   0.00544
   0.00564
   0.00514
   0.00537
   0.00501
   0.00497
   0.00510
   0.00508
   0.00493
   0.00509
   0.28038
   0.00805
   0.00945
   0.00954
   0.00936
   0.00901
   0.00898
   0.00872
   0.00851
   0.00842
   0.00815
   0.00797
   0.00789
   0.00752
   0.00789
   0.00774
   0.00768
   0.00752
   0.00742
   0.00723
   0.00710
   0.00687
   0.00699
   0.00660
   0.00648
   0.00631
   0.00621
   0.00604
   0.00603
   0.00579
   0.00566
   0.00554
   0.00538
   0.00521
   0.00507
   0.00492
   0.00484
   0.00463
   0.00456
   0.00437
   0.00424
   0.00429
   0.00382
   0.00402
   0.00363
   0.00377
   0.00337
   0.00356
   0.00311
   0.00330
   0.00294
   0.00307
   0.00272
   0.00287
   0.00252
   0.00271
   0.00234
   0.00261
   0.00229
   0.00213
   0.00249
   0.00204
   0.00188
   0.00231
   0.00175
   0.00213
   0.00167
   0.00197
   0.00155
   0.00179
   0.00143
   0.00160
   0.00150
   0.00133
   0.00140
   0.00124
   0.00121
   0.00113
   0.00109
   0.00105
   0.00097
   0.00093
   0.00084
   0.00079
   0.00074
   0.00172
   0.00131
   0.00097
   0.00096
   0.00093
   0.00087
   0.00081
   0.00077
   0.00072
   0.00069
   0.00064
   0.00059
   0.00056
   0.00053
   0.00051
   0.00050
   0.00048
   0.00047
   0.00045
   0.00044
   0.00043
   0.00042
   0.00040
   0.00039
   0.00038
   0.00037
   0.00036
   0.00035
   0.00034
   0.00033
   0.00032
   0.00031
   0.00031
   0.00030
   0.00029
   0.00028
   0.00027
   0.00027
   0.00026
   0.00025
   0.00024
   0.00024
   0.00023
   0.00023
   0.00022
   0.00021
   0.00020
   0.00020
   0.00019
   0.00019
   0.00018
   0.00018
   0.00018
   0.00017
   0.00017
   0.00016
   0.00016
   0.00015
   0.00015
   0.00015
   0.00014
   0.00014
   0.00014
   0.00013
   0.00014
   0.00013
   0.00014
   0.00015
   0.00020
   0.09003
   0.42870
   0.34626
   0.31770
   0.30738
   0.29494
   0.28020
   0.27872
   0.26922
   0.26009
   0.25013
   0.24272
   0.23575
   0.22928
   0.22305
   0.21717
   0.21155
   0.20605
   0.20081
   0.19572
   0.19081
   0.18598
   0.18135
   0.17676
   0.17229
   0.16798
   0.16373
   0.15961
   0.15558
   0.15159
   0.14774
   0.14397
   0.14031
   0.13662
   0.13310
   0.12967
   0.11409
   0.10943
   0.10649
   0.10350
   0.10061
   0.09781
   0.09511
   0.09251
   0.09000
   0.08757
   0.08524
   0.08298
   0.08080
   0.07870
   0.07670
   0.07475
   0.07289
   0.07112
   0.06940
   0.06777
   0.06623
   0.06474
   0.06335
   0.06204
   0.06081
   0.05964
   0.05858
   0.05760
   0.05672
   0.05594
   0.05525
   0.05467
   0.05422
   0.05390
   0.05370
   0.05365
   0.05375
   0.05400
   0.05439
   0.05490
   0.05547
   0.05601
   0.05633
   0.05631
   0.05595
   0.05550
   0.05582
   0.05818
   0.06533
   0.08698
   0.07051
   0.07550
   0.06475
   0.03817
   0.03965
   0.03843
   0.03757
   0.03679
   0.03607
   0.03541
   0.03481
   0.03424
   0.03371
   0.03322
   0.03274
