   0.80379
   0.79749
   0.79519
   0.78944
   0.78759
   0.78381
   0.78054
   0.77708
   0.77379
   0.77063
   0.76711
   0.76516
   0.76192
   0.75903
   0.75688
   0.75505
   0.75786
   0.75552
   0.75371
   0.77508
   0.76434
   0.76280
   0.75993
   0.75784
   0.75703
   0.75652
   0.75664
   0.74426
   0.75564
   0.75754
   0.75346
   0.75695
   0.75505
   0.75350
   0.75169
   0.74969
   0.74674
   0.74293
   0.73898
   0.73411
   0.72843
   0.72194
   0.71438
   0.70657
   0.69736
   0.68958
   0.67921
   0.67174
   0.66221
   0.65447
   0.63789
   0.63660
   0.63028
   0.62478
   0.60699
   0.60094
   0.59381
   0.58478
   0.57564
   0.56764
   0.56016
   0.55351
   0.54792
   0.54235
   0.53553
   0.52786
   0.52013
   0.51255
   0.50527
   0.49824
   0.49151
   0.48531
   0.47957
   0.47434
   0.46991
   0.46564
   0.46081
   0.45603
   0.45170
   0.44734
   0.44324
   0.43834
   0.43320
   0.42775
   0.42202
   0.41580
   0.40931
   0.40325
   0.39589
   0.38849
   0.38091
   0.37337
   0.36599
   0.35876
   0.35172
   0.34480
   0.33806
   0.33161
   0.32529
   0.31927
   0.31336
   0.30767
   0.30208
   0.29672
   0.29153
   0.28650
   0.28160
   0.27680
   0.27216
   0.26764
   0.26323
   0.25893
   0.25474
   0.25064
   0.24665
   0.24270
   0.23883
   0.23503
   0.23127
   0.22758
   0.22391
   0.22036
   0.21722
   0.21367
   0.21033
   0.20724
   0.20380
   0.20037
   0.19694
   0.19338
   0.19098
   0.18833
   0.18493
   0.18149
   0.17868
   0.17537
   0.17144
   0.16971
   0.16634
   0.16304
   0.16029
   0.15869
   0.15497
   0.15226
   0.14946
   0.14627
   0.14355
   0.14142
   0.13886
   0.13619
   0.13415
   0.13174
   0.12896
   0.12767
   0.12577
   0.12374
   0.12181
   0.12001
   0.11834
   0.11671
   0.11540
   0.11381
   0.11267
   0.11116
   0.11029
   0.10923
   0.10866
   0.10783
   0.10726
   0.10696
   0.10645
   0.10645
   0.10621
   0.10640
   0.10623
   0.10647
   0.10611
   0.10629
   0.10613
   0.10632
   0.10570
   0.10511
   0.10348
   0.10237
   0.09990
   0.09701
   0.09381
   0.08900
   0.08504
   0.08005
   0.07619
   0.07270
   0.06849
   0.06673
   0.06218
   0.06037
   0.05575
   0.05444
   0.05161
   0.04966
   0.04766
   0.04603
   0.04438
   0.04289
   0.04154
   0.04013
   0.03920
   0.03824
   0.03752
   0.03716
   0.03737
   0.03995
   0.04453
   0.04761
   0.03361
   0.05037
   0.01385
   0.05859
   0.01656
   0.05015
   0.05867
   0.06076
   0.08020
   0.05023
   0.03750
   0.04986
   0.04815
   0.04844
   0.03646
   0.04383
   0.03614
   0.04353
   0.03431
   0.05178
   0.05384
   0.04019
   0.03405
   0.03247
   0.04355
   0.03802
   0.03610
   0.03364
   0.04509
   0.03711
   0.04850
   0.03145
   0.04240
   0.04512
   0.03381
   0.02273
   0.02446
   0.02097
   0.01999
   0.01912
   0.01836
   0.01792
   0.01781
   0.01830
   0.02004
   0.02171
   0.02137
   0.01187
   0.01936
   0.01858
   0.01428
   0.01749
   0.01490
   0.01572
   0.01440
   0.01385
   0.01298
   0.01206
   0.01110
   0.01014
   0.00932
   0.00872
   0.00848
   0.00879
   0.00883
   0.00803
   0.00712
   0.00599
   0.00452
   1.85832
   0.01343
   0.01878
   0.00544
   0.01052
   0.00489
   0.01140
   0.00431
   0.00809
   0.00378
   0.01211
   0.00358
   0.01265
   0.00398
   0.01100
   0.00332
   0.00492
   0.01068
   0.00352
   0.00365
   0.00387
   0.00394
   0.00354
   0.00395
   0.00298
   0.00294
   0.00293
   0.00297
   0.00307
   0.00335
   0.00282
   0.00305
   0.00262
   0.00279
   0.00255
   0.00253
   0.00248
   0.00244
   0.00241
   0.00238
   0.00235
   0.00233
   0.00232
   0.00231
   0.00229
   0.00225
   0.00222
   0.00219
   0.00216
   0.00213
   0.00213
   0.00209
   0.00200
   0.00199
   0.00195
   0.00202
   0.00667
   0.01245
   0.00196
   0.00423
   0.01167
   0.00201
   0.00437
   0.00403
   0.00309
   0.00316
   0.00251
   0.00288
   0.00237
   0.00286
   0.01118
   0.00532
   0.00165
   0.00389
   0.00162
   0.00376
   0.00159
   0.00361
   0.00156
   0.00353
   0.00153
   0.00356
   0.00149
   0.00370
   0.00145
   0.00396
   0.00142
   0.00432
   0.00141
   0.00475
   0.00141
   0.00520
   0.00160
   0.00537
   0.00183
   0.00137
   0.00524
   0.00122
   0.00120
   0.00602
   0.00242
   0.00421
   0.00581
   0.01354
   0.00210
   0.00248
   0.01319
   0.00925
   0.00420
   0.00163
   0.01017
   0.00142
   0.00157
   0.00274
   0.00156
   0.00445
   0.00112
   0.00309
   0.00185
   0.00270
   0.00133
   0.00202
   0.00253
   0.00469
   0.00103
   0.00304
   0.00126
   0.00548
   0.00156
   0.00575
   0.00314
   0.00431
   0.00100
   0.00218
   0.00138
   0.00412
   0.03136
   0.09758
   0.04102
   0.03362
   0.02850
   0.02369
   0.02225
   0.02072
   0.01922
   0.01804
   0.01708
   0.01634
   0.01568
   0.01515
   0.01462
   0.01415
   0.01373
   0.01332
   0.01294
   0.01257
   0.01217
   0.01157
   0.01088
   0.01032
   0.01003
   0.00977
   0.00953
   0.00929
   0.00905
   0.00849
   0.00766
   0.00690
   0.00651
   0.00624
   0.00595
   0.00556
   0.00525
   0.00509
   0.00496
   0.00483
   0.00472
   0.00462
   0.00452
   0.00442
   0.00433
   0.00423
   0.00414
   0.00404
   0.00394
   0.00384
   0.00374
   0.00364
   0.00355
   0.00345
   0.00336
   0.00327
   0.00319
   0.00310
   0.00302
   0.00295
   0.00287
   0.00280
   0.00273
   0.00266
   0.00259
   0.00253
   0.00246
   0.00240
   0.00234
   0.00227
   0.00221
   0.00215
   0.00209
   0.00203
   0.00201
   0.00192
   0.00182
   0.00178
   0.02393
   0.00306
   0.00183
   0.00254
   0.00178
   0.00195
   0.00175
   0.00176
   0.00173
   0.00172
   0.00173
   0.00175
   0.00179
   0.00183
   0.00188
   0.00194
   0.00200
   0.00208
   0.00216
   0.00226
   0.00237
   0.00249
   0.00261
   0.00272
   0.00284
   0.00295
   0.00307
   0.00321
   0.00335
   0.00354
   0.00374
   0.00399
   0.00427
   0.00452
   0.00460
   0.00449
   0.00441
   0.00427
   0.00420
   0.00400
   0.00401
   0.00380
   0.00377
   0.00362
   0.00330
   0.00320
   0.00289
   0.00273
   0.00252
   0.00235
   0.00241
   0.00266
   0.00215
   0.00240
   0.00200
   0.00216
   0.00188
   0.00199
   0.00178
   0.00183
   0.00170
   0.00170
   0.00163
   0.00161
   0.00156
   0.00153
   0.00150
   0.00147
   0.00145
   0.00142
   0.00140
   0.00138
   0.00135
   0.00132
   0.00129
   0.00126
   0.00122
   0.00119
   0.00115
   0.00111
   0.00107
   0.00103
   0.00100
   0.00099
   0.00095
   0.00094
   0.00087
   0.00092
   0.00077
   0.00073
   0.00068
   0.06537
   0.01066
   0.00600
   0.00888
   0.00567
   0.00710
   0.00410
   0.00345
   0.00244
   0.00180
   0.00178
   0.00166
   0.00161
   0.00155
   0.00155
   0.00156
   0.00159
   0.00175
   0.00251
   0.00322
   0.00175
   0.00393
   0.00077
   0.00204
   0.00171
   0.00227
   0.00133
   0.00258
   0.00068
   0.00303
   0.00078
   0.00348
   0.00767
   0.00084
   0.00138
   0.00070
   0.00140
   0.00191
   0.90799
   0.00456
   0.00340
   0.00269
   0.00219
   0.00187
   0.00166
   0.00150
   0.00137
   0.00128
   0.00121
   0.00114
   0.00109
   0.00107
   0.00104
   0.00103
   0.00102
   0.00103
   0.00104
   0.00105
   0.00106
   0.00107
   0.00107
   0.00109
   0.00110
   0.00112
   0.00116
   0.00122
   0.00138
   0.00200
   0.00285
   0.00108
   0.00300
   0.00077
   0.00298
   0.00055
   0.00253
   0.00054
   0.00274
   0.00310
   0.00075
   0.00115
   0.00061
   0.00113
   0.00055
   0.00097
   0.00056
   0.00066
   0.00057
   0.00058
   0.00058
   0.00060
   0.00066
   0.00133
   0.00269
   0.00085
   0.00142
   0.00070
   0.00116
   0.00083
   0.00397
   0.00146
   0.00386
   0.00091
   0.00070
   0.00227
   0.00197
   0.00234
   0.00223
   0.00241
   0.00206
   0.00257
   0.00145
   0.00266
   0.00112
   0.00270
   0.00122
   0.00251
   0.00145
   0.00231
   0.00178
   0.00202
   0.00161
   0.00194
   0.00175
   0.00166
   0.00165
   0.00162
   0.00157
   0.00150
   0.00142
   0.00134
   0.00127
   0.00121
   0.00115
   0.00109
   0.00104
   0.00099
   0.00094
   0.00090
   0.00085
   0.00081
   0.00077
   0.00074
   0.00070
   0.00066
   0.00063
   0.00060
   0.00057
   0.00054
   0.00051
   0.00048
   0.00045
   0.00043
   0.00040
   0.00038
   0.00035
   0.00033
   0.00031
   0.00029
   0.00028
   0.00026
   0.00024
   0.00023
   0.00022
   0.00021
   0.00019
   0.00019
   0.00018
   0.00017
   0.00016
   0.00016
   0.00015
   0.00014
   0.00014
   0.00013
   0.00013
   0.00012
   0.00012
   0.00012
   0.00011
   0.00011
   0.00010
   0.00010
   0.00010
   0.00009
   0.00009
   0.00009
   0.00008
   0.00008
   0.00008
   0.00008
   0.00007
   0.00007
   0.00007
   0.00007
   0.00006
   0.00006
   0.00006
   0.00006
   0.00006
   0.00005
   0.00005
   0.00005
   0.00005
   0.00005
   0.00005
   0.00004
   0.00004
   0.00004
   0.00004
   0.00004
   0.00004
   0.00004
   0.00003
   0.00003
   0.00003
   0.00003
   0.00003
   0.00003
   0.00003
   0.00003
   0.00003
   0.00003
   0.00003
   0.00002
   0.00002
   0.00002
   0.00002
   0.00002
   0.00002
   0.00002
   0.00002
   0.00002
   0.00002
   0.00002
   0.00002
   0.00002
   0.00002
   0.00002
   0.00001
   0.00001
   0.00001
   0.00001
   0.00001
   0.00001
   0.00001
   0.00001
   0.00001
   0.00001
   0.00001
   0.00001
   0.00001
   0.00001
   0.00001
   0.00001
   0.00001
   0.00001
   0.00001
   0.00001
   0.00001
   0.00001
   0.00001
   0.00001
   0.00001
   0.00001
   0.00001
   0.00001
   0.00001
   0.00001
   0.00001
   0.00001
   0.00001
   0.00001
   0.00001
   0.00001
   0.00000
   0.00000
   0.00000
   0.00000
   0.00000
   0.00000
   0.00000
   0.00000
   0.00000
   0.00000
   0.00000
   0.00000
   0.00000
   0.00000
   0.00000
   0.00000
   0.00000
   0.00000
   0.00000
   0.00000
   0.00000
   0.00000
  17.30294
   0.01352
   0.01150
   0.00941
   0.00841
   0.00816
   0.00776
   0.00758
   0.00728
   0.00670
   0.00642
   0.00636
   0.00613
   0.00610
   0.00585
   0.00573
   0.00556
   0.00540
   0.00529
   0.00513
   0.00501
   0.00485
   0.00473
   0.00459
   0.00448
   0.00435
   0.00424
   0.00413
   0.00402
   0.00393
   0.00383
   0.00374
   0.00362
   0.00353
   0.00345
   0.00334
   0.00328
   0.00319
   0.00313
   0.00304
   0.00298
   0.00290
   0.00283
   0.00276
   0.00269
   0.00262
   0.00256
   0.00250
   0.00244
   0.00238
   0.00232
   0.00226
   0.00221
   0.00216
   0.00211
   0.00206
   0.00201
   0.00196
   0.00191
   0.00186
   0.00180
   0.00175
   0.00169
   0.00163
   0.00157
   0.00152
   0.00147
   0.00142
   0.00137
   0.00133
   0.00128
   0.00124
   0.00120
   0.00116
   0.00113
   0.00109
   0.00105
   0.00102
   0.00098
   0.00095
   0.00092
   0.00089
   0.00087
   0.00084
   0.00082
   0.00079
   0.00077
   0.00075
   0.00073
   0.00071
   0.00069
   0.00067
   0.00066
   0.00064
   0.00063
   0.00062
   0.00060
   0.00059
   0.00058
   0.00057
   0.00056
   0.00055
   0.00054
   0.00053
   0.00052
   0.00051
   0.00050
   0.00049
   0.00048
   0.00047
   0.00047
   0.00046
   0.00045
   0.00044
   0.00043
   0.00043
