   0.70951
   0.70634
   0.70467
   0.70349
   0.70278
   0.70204
   0.70131
   0.70060
   0.69992
   0.69927
   0.69861
   0.69800
   0.69738
   0.69679
   0.69618
   0.69565
   0.69506
   0.69455
   0.69397
   0.69348
   0.69776
   0.70581
   0.68981
   0.70312
   0.69158
   0.69006
   0.68959
   0.68875
   0.68800
   0.68708
   0.68643
   0.68556
   0.68481
   0.68406
   0.68316
   0.68237
   0.68157
   0.68081
   0.68005
   0.67955
   0.67897
   0.67864
   0.67826
   0.67868
   0.67854
   0.67922
   0.67998
   0.68110
   0.68274
   0.68489
   0.68808
   0.69058
   0.69497
   0.69835
   0.73472
   0.73552
   0.72551
   0.72695
   0.72355
   0.71837
   0.71320
   0.70698
   0.69915
   0.69161
   0.68288
   0.67428
   0.66555
   0.65554
   0.64580
   0.63622
   0.62610
   0.61550
   0.60443
   0.59459
   0.58472
   0.57575
   0.56690
   0.55926
   0.55250
   0.54634
   0.54089
   0.53580
   0.53094
   0.52627
   0.52150
   0.51636
   0.51135
   0.50594
   0.50053
   0.49520
   0.48957
   0.48401
   0.47850
   0.47318
   0.46798
   0.46301
   0.45839
   0.45407
   0.45013
   0.44642
   0.44326
   0.44033
   0.43756
   0.43466
   0.43132
   0.42748
   0.42293
   0.41788
   0.41242
   0.40699
   0.40139
   0.39588
   0.39039
   0.38526
   0.38024
   0.37549
   0.37093
   0.36647
   0.36212
   0.35802
   0.35388
   0.34985
   0.34567
   0.34134
   0.33732
   0.33313
   0.32884
   0.32464
   0.32048
   0.31629
   0.31218
   0.30782
   0.30390
   0.29973
   0.29572
   0.29149
   0.28745
   0.28355
   0.27928
   0.27482
   0.27082
   0.26700
   0.26293
   0.25900
   0.25515
   0.25128
   0.24727
   0.24357
   0.23972
   0.23575
   0.23205
   0.22824
   0.22430
   0.22219
   0.21630
   0.21234
   0.20852
   0.20476
   0.20099
   0.19718
   0.19347
   0.18970
   0.18539
   0.18171
   0.17793
   0.17436
   0.17073
   0.16731
   0.16374
   0.16038
   0.15691
   0.15360
   0.15028
   0.14702
   0.14358
   0.14050
   0.13728
   0.13420
   0.13120
   0.12821
   0.12529
   0.12238
   0.11956
   0.11680
   0.11410
   0.11144
   0.10884
   0.10629
   0.10378
   0.10131
   0.09889
   0.09657
   0.09423
   0.09205
   0.08979
   0.08766
   0.08554
   0.08348
   0.08147
   0.07953
   0.07762
   0.07575
   0.07396
   0.07218
   0.07047
   0.06883
   0.06713
   0.06565
   0.06409
   0.06264
   0.06121
   0.05985
   0.05852
   0.05726
   0.05597
   0.05478
   0.05363
   0.05250
   0.05150
   0.05039
   0.04939
   0.04836
   0.04740
   0.04634
   0.04547
   0.04447
   0.04347
   0.04250
   0.04152
   0.04053
   0.03953
   0.03854
   0.03752
   0.03649
   0.03546
   0.03441
   0.03338
   0.03233
   0.03129
   0.03026
   0.02926
   0.02824
   0.02723
   0.02627
   0.02532
   0.02442
   0.02353
   0.02269
   0.02186
   0.02109
   0.02034
   0.01964
   0.01897
   0.01834
   0.01772
   0.01716
   0.01659
   0.01610
   0.01557
   0.01512
   0.01466
   0.01425
   0.01385
   0.01348
   0.01315
   0.01286
   0.01263
   0.01236
   0.01182
   0.01148
   0.01419
   0.01914
   0.17323
   0.01727
   0.02182
   0.02110
   0.02018
   0.01931
   0.01844
   0.01759
   0.01675
   0.01593
   0.01515
   0.01444
   0.01380
   0.01330
   0.01293
   0.01262
   0.01245
   0.01251
   0.01240
   0.01252
   0.01213
   0.01378
   0.01085
   0.00846
   0.00823
   0.00830
   0.01977
   0.02843
   0.02518
   0.02570
   0.02485
   0.02437
   0.02379
   0.02320
   0.02259
   0.02195
   0.02130
   0.02062
   0.01993
   0.01923
   0.01848
   0.01772
   0.01695
   0.01617
   0.01538
   0.01459
   0.01383
   0.01308
   0.01240
   0.01178
   0.01125
   0.01078
   0.01038
   0.01000
   0.00968
   0.00936
   0.00906
   0.00878
   0.00851
   0.00824
   0.00798
   0.00774
   0.00747
   0.00724
   0.00700
   0.00678
   0.00658
   0.00638
   0.00622
   0.00605
   0.00594
   0.00575
   0.00578
   0.00528
   0.00535
   0.05123
   0.16123
   0.00477
   0.00887
   0.00535
   0.00421
   0.00492
   0.00420
   0.00423
   0.00747
   0.01280
   0.00914
   0.01178
   0.01096
   0.01115
   0.01098
   0.01085
   0.01060
   0.01032
   0.01001
   0.00969
   0.00935
   0.00901
   0.00867
   0.00831
   0.00796
   0.00758
   0.00718
   0.00675
   0.00630
   0.00580
   0.00529
   0.00471
   0.00416
   0.00376
   0.00360
   0.00356
   0.00353
   0.00350
   0.00344
   0.00345
   0.00339
   0.00338
   0.00330
   0.00331
   0.00321
   0.00344
   0.00308
   0.00329
   0.00318
   0.00313
   0.00319
   0.00302
   0.00312
   0.00295
   0.00303
   0.00287
   0.00295
   0.00290
   0.00280
   0.00278
   0.00275
   0.00265
   0.00262
   0.00258
   0.00248
   0.00244
   0.00241
   0.00237
   0.00227
   0.00220
   0.00215
   0.00205
   0.00198
   0.00193
   0.00185
   0.00180
   0.00177
   0.00171
   0.00167
   0.00165
   0.00164
   0.00160
   0.00156
   0.00153
   0.00146
   0.00139
   0.00132
   0.00119
   0.00105
   0.00086
   0.00076
   0.00078
   0.00084
   0.00090
   0.00101
   0.00111
   0.00116
   0.00114
   0.00112
   0.00111
   0.00109
   0.00108
   0.00106
   0.00105
   0.00103
   0.00104
   0.00095
   0.00101
   0.00068
   0.00095
   0.00039
   0.00094
   0.00040
   0.00036
   0.00047
   0.00061
   0.00085
   0.00057
   0.00079
   0.00028
   0.00081
   0.00034
   0.00057
   0.00063
   0.00057
   0.00053
   0.00048
   0.00068
   0.00069
   0.00035
   0.00040
   0.00065
   0.00035
   0.00039
   0.00061
   0.00058
   0.00052
   0.00032
   0.00040
   0.00030
   0.00039
   0.00030
   0.00037
   0.00031
   0.00035
   0.00034
   0.00034
   0.00036
   0.00032
   0.00039
   0.00029
   0.00045
   0.00030
   0.00032
   0.00029
   0.00022
   0.00016
   0.00033
   0.00020
   0.00022
   0.00026
   0.00020
   0.00027
   0.00016
   0.00011
   0.06074
   0.02123
   0.01147
   0.01260
   0.01234
   0.01007
   0.00654
   0.00517
   0.00445
   0.00390
   0.00346
   0.00314
   0.00285
   0.00266
   0.00245
   0.00227
   0.00210
   0.00195
   0.00182
   0.00170
   0.00159
   0.00148
   0.00139
   0.00130
   0.00123
   0.00116
   0.00110
   0.00105
   0.00101
   0.00098
   0.00094
   0.00091
   0.00089
   0.00086
   0.00083
   0.00081
   0.00079
   0.00078
   0.00076
   0.00075
   0.00074
   0.00074
   0.00075
   0.00081
   0.00120
   0.00108
   0.00085
   0.00099
   0.00099
   0.00095
   0.00093
   0.00090
   0.00088
   0.00085
   0.00083
   0.00079
   0.00076
   0.00073
   0.00068
   0.00066
   0.00058
   0.00060
   0.00049
   0.00053
   0.00040
   0.00038
   0.00039
   0.00044
   0.00035
   0.00034
   0.00033
   0.00033
   0.00032
   0.00032
   0.00210
   0.03407
   0.00088
   0.00104
   0.00101
   0.00098
   0.00097
   0.00095
   0.00093
   0.00091
   0.00089
   0.00088
   0.00086
   0.00085
   0.00084
   0.00082
   0.00081
   0.00080
   0.00079
   0.00078
   0.00076
   0.00075
   0.00074
   0.00073
   0.00072
   0.00072
   0.00071
   0.00070
   0.00069
   0.00068
   0.00068
   0.00067
   0.00067
   0.00066
   0.00066
   0.00066
   0.00065
   0.00065
   0.00065
   0.00065
   0.00065
   0.00065
   0.00065
   0.00065
   0.00065
   0.00065
   0.00064
   0.00064
   0.00064
   0.00063
   0.00063
   0.00063
   0.00063
   0.00062
   0.00062
   0.00062
   0.00062
   0.00062
   0.00063
   0.00066
   0.00075
   0.00156
   0.00058
   0.00064
   0.00141
   0.00058
   0.00066
   0.00056
   0.00052
   0.00051
   0.00051
   0.00052
   0.00058
   0.00072
   0.00054
   0.00057
   0.00067
   0.00044
   0.00042
   0.00044
   0.00058
   0.00040
   0.00040
   0.00039
   0.00042
   0.00047
   0.00037
   0.00045
   0.00035
   0.00039
   0.00036
   0.00038
   0.00033
   0.00038
   0.00031
   0.00036
   0.00030
   0.00033
   0.00029
   0.00030
   0.00028
   0.00028
   0.00027
   0.00027
   0.00026
   0.00026
   0.00026
   0.00025
   0.00025
   0.00025
   0.00025
   0.00025
   0.00024
   0.00024
   0.00024
   0.00024
   0.00024
   0.00024
   0.00023
   0.00023
   0.00023
   0.00023
   0.00023
   0.00023
   0.00023
   0.00022
   0.00022
   0.00022
   0.00022
   0.00022
   0.00022
   0.00022
   0.00022
   0.00022
   0.00022
   0.00022
   0.00022
   0.00022
   0.00022
   0.00023
   0.00024
   0.00027
   0.00045
   0.00021
   0.00021
   0.00021
   0.00021
   0.00021
   0.00021
   0.00021
   0.00022
   0.00027
   0.00034
   0.00028
   0.00038
   0.00021
   0.00027
   0.00019
   0.00021
   0.00032
   0.00026
   0.00033
   0.00021
   0.00023
   0.00017
   0.00016
   0.00029
   0.00019
   0.00018
   0.00019
   0.00016
   0.00022
   0.00020
   0.00018
   0.00014
   0.00024
   0.00024
   0.00022
   0.00020
   0.00019
   0.00015
   0.00017
   0.00012
   0.00017
   0.00011
   0.00010
   0.00005
   0.00005
   0.00005
   0.00004
   0.00004
   0.00004
   0.00004
   0.00004
   0.00004
   0.00004
   0.00004
   0.00004
   0.00004
   0.00004
   0.00004
   0.00004
   0.00004
   0.00003
   0.00003
   0.00003
   0.00003
   0.00003
   0.00003
   0.00003
   0.00003
   0.00003
   0.00003
   0.00003
   0.00003
   0.00003
   0.00003
   0.00003
   0.00003
   0.00003
   0.00003
   0.00003
   0.00002
   0.00002
   0.00002
   0.00002
   0.00002
   0.00002
   0.00002
   0.00002
   0.00002
   0.00002
   0.00002
   0.00002
   0.00002
   0.00002
   0.00002
   0.00002
   0.00002
   0.00002
   0.00002
   0.00002
   0.00002
   0.00002
   0.00002
   0.00002
   0.00002
   0.00002
   0.00001
   0.00001
   0.00001
   0.00001
   0.00001
   0.00001
   0.00001
   0.00001
   0.00001
   0.00001
   0.00001
   0.00001
   0.00001
   0.00001
   0.00001
   0.00001
   0.00001
   0.00001
   0.00001
   0.00001
   0.00001
   0.00001
   0.00001
   0.00001
   0.00001
   0.00001
   0.00001
   0.00001
   0.00001
   0.00001
   0.00001
   0.00001
   0.00001
   0.00001
   0.00001
   0.00001
   0.00001
   0.00001
   0.00001
   0.00001
   0.00001
   0.00001
   0.00001
   0.00001
   0.00001
   0.00001
   0.00001
   0.00001
   0.00001
   0.00001
   0.00001
   0.00001
   0.00001
   0.00001
   0.00001
   0.00001
   0.00000
   0.00000
   0.00000
   0.00000
   0.00000
   0.00000
   0.00000
   0.00000
   0.00000
   0.00000
   0.00000
   0.00000
   0.00000
   0.00000
   0.00000
   0.00000
   0.00000
   0.00000
   0.00000
   0.00000
   0.00000
   0.00000
   0.00000
   0.00114
   0.04190
   0.02975
   0.02173
   0.01678
   0.01405
   0.01256
   0.01123
   0.01034
   0.00955
   0.00912
   0.00854
   0.00818
   0.00772
   0.00737
   0.00719
   0.00694
   0.00676
   0.00639
   0.00600
   0.00563
   0.00515
   0.00519
   0.00349
   0.00383
   0.00345
   0.00314
   0.00354
   0.00287
   0.00329
   0.00306
   0.00298
   0.00319
   0.00275
   0.00340
   0.00255
   0.00334
   0.00231
   0.00279
   0.00211
   0.00301
   0.00204
   0.00317
   0.00162
   0.00292
   0.00157
   0.00284
   0.00119
   0.00148
   0.00124
   0.00160
   0.00157
   0.00153
   0.00155
   0.00151
   0.00152
   0.00148
   0.00146
   0.00143
   0.00139
   0.00123
   0.00095
   0.00124
   0.00118
   0.00112
   0.00093
   0.00078
   0.00091
   0.00095
   0.00096
   0.00092
   0.00096
   0.00109
   0.00115
   0.00116
   0.00115
   0.00113
   0.00112
   0.00110
   0.00108
   0.00105
   0.00102
   0.00100
   0.00096
   0.00091
   0.00087
