   0.47720
   0.47828
   0.48216
   0.48664
   0.48849
   0.49049
   0.49195
   0.49331
   0.49396
   0.49412
   0.49406
   0.49463
   0.49438
   0.49340
   0.49282
   0.49149
   0.49133
   0.48866
   0.48827
   0.48892
   0.48484
   0.48376
   0.48218
   0.47982
   0.47666
   0.47212
   0.46915
   0.46282
   0.45831
   0.45172
   0.45611
   0.39819
   0.44858
   0.42515
   0.43440
   0.41132
   0.41634
   0.41051
   0.40265
   0.39235
   0.38276
   0.41213
   0.38751
   0.39087
   0.39601
   0.40480
   0.41507
   0.42865
   0.44436
   0.46076
   0.47720
   0.49259
   0.50611
   0.51743
   0.52654
   0.53126
   0.52883
   0.51649
   0.49916
   0.45309
   0.43909
   0.42777
   0.41966
   0.41439
   0.41048
   0.40641
   0.40116
   0.39454
   0.38712
   0.37833
   0.37026
   0.36110
   0.35153
   0.34180
   0.33210
   0.32268
   0.31308
   0.30367
   0.29442
   0.28520
   0.27630
   0.26752
   0.25817
   0.24966
   0.24136
   0.23316
   0.22523
   0.21754
   0.21012
   0.20218
   0.19494
   0.18778
   0.18088
   0.17406
   0.16729
   0.16067
   0.15426
   0.14806
   0.14195
   0.13621
   0.13035
   0.12486
   0.11970
   0.11452
   0.10961
   0.10489
   0.10037
   0.09608
   0.09194
   0.08804
   0.08437
   0.08084
   0.07758
   0.07446
   0.07156
   0.06880
   0.06617
   0.06372
   0.06129
   0.05915
   0.05718
   0.05527
   0.05354
   0.05190
   0.05033
   0.04882
   0.04747
   0.04641
   0.04516
   0.04397
   0.04284
   0.04171
   0.04067
   0.03964
   0.03863
   0.03765
   0.03665
   0.03567
   0.03469
   0.03369
   0.03269
   0.03166
   0.03061
   0.02954
   0.02845
   0.02735
   0.02622
   0.02508
   0.02392
   0.02276
   0.02158
   0.02040
   0.01923
   0.01805
   0.01690
   0.01576
   0.01464
   0.01357
   0.01252
   0.01152
   0.01057
   0.00967
   0.00883
   0.00804
   0.00731
   0.00664
   0.00602
   0.00546
   0.00495
   0.00450
   0.00410
   0.00374
   0.00342
   0.00314
   0.00289
   0.00267
   0.00247
   0.00229
   0.00213
   0.00199
   0.00185
   0.00171
   0.00158
   0.00144
   0.00131
   0.00118
   0.00105
   0.00094
   0.00083
   0.00073
   0.00065
   0.00058
   0.00053
   0.00047
   0.00040
   0.00038
   0.00036
   0.00034
   0.00032
   0.00030
   0.00028
   0.00026
   0.00025
   0.00023
   0.00021
   0.00020
   0.00018
   0.00017
   0.00016
   0.00014
   0.00023
   0.00083
   0.00075
   0.00075
   0.00074
   0.00072
   0.00070
   0.00067
   0.00063
   0.00060
   0.00057
   0.00053
   0.00050
   0.00046
   0.00043
   0.00039
   0.00035
   0.00032
   0.00028
   0.00024
   0.00020
   0.00006
   0.00008
   0.00009
   0.00013
   0.00013
   0.00012
   0.00010
   0.00008
   0.00005
   0.00007
   0.00006
   0.00005
   0.00005
   0.00004
   0.00003
   0.00004
   0.00003
   0.00003
   0.00002
   0.00003
   0.00003
   0.00003
   0.00008
   0.00002
   0.00002
   0.00002
   0.00002
   0.00001
   0.00002
   0.00002
   0.00002
   0.00002
   0.00002
   0.00000
   0.00002
   0.00003
   0.00001
   0.00002
   0.00007
   0.00001
   0.00001
   0.00001
   0.00001
   0.00002
   0.00002
   0.00002
   0.00002
   0.00002
   0.00002
   0.00002
   0.00003
   0.00003
   0.00003
   0.00003
   0.00002
   0.00002
   0.00002
   0.00002
   0.00002
   0.00002
   0.00002
   0.00002
   0.00002
   0.00000
   0.00002
   0.00002
   0.00002
   0.00004
   0.00002
   0.00002
   0.00002
   0.00002
   0.00002
   0.00002
   0.00001
   0.00001
   0.00001
   0.00001
   0.00001
   0.00001
   0.00001
   0.00001
   0.00001
   0.00001
   0.00001
   0.00001
   0.00001
   0.00002
   0.00001
   0.00001
   0.00001
   0.00001
   0.00001
   0.00001
   0.00001
   0.00001
   0.00001
   0.00001
   0.00001
   0.00000
   0.00001
   0.00001
   0.00000
   0.00001
   0.00001
   0.00000
   0.00000
   0.00001
   0.00001
   0.00001
   0.00001
   0.00001
   0.00001
   0.00001
   0.00002
   0.00000
   0.00000
   0.00001
   0.00000
   0.00001
   0.00001
   0.59133
   0.00006
   0.00004
   0.00002
   0.00002
   0.00001
   0.00001
   0.00001
   0.00001
   0.00001
   0.00001
   0.00001
   0.00001
   0.00001
   0.00001
   0.00001
   0.00001
   0.00001
   0.00001
   0.00001
   0.00000
   0.00000
   0.00000
   0.00000
   0.00000
   0.00000
   0.00000
   0.00000
   0.00000
   0.00000
   0.00000
   0.00000
   0.00000
   0.00000
   0.00000
   0.00000
   0.00000
   0.00000
   0.00000
   0.00000
   0.00000
   0.00000
   0.00000
   0.00000
   0.00000
   0.00000
   0.00000
   0.00000
   0.00000
   0.00000
   0.00000
   0.00000
   0.00000
   0.00000
   0.00000
   0.00000
   0.00000
   0.00000
   0.00000
   0.00000
   0.00000
   0.00000
   0.00000
   0.00000
   0.00000
   0.00000
   0.00000
   0.00000
   0.00000
   0.00000
   0.00000
   0.00004
   0.00002
   0.00002
   0.00001
   0.00001
   0.00001
   0.00001
   0.00001
   0.00001
   0.00001
   0.00001
   0.00001
   0.00001
   0.00001
   0.00001
   0.00001
   0.00001
   0.00001
   0.00001
   0.00001
   0.00001
   0.00001
   0.01122
   0.00005
   0.00004
   0.00002
   0.00002
   0.00001
   0.00001
   0.00001
   0.00001
   0.00001
   0.00001
   0.00001
   0.00001
   0.00001
   0.00001
   0.00001
   0.00001
   0.00001
   0.00001
   0.00001
   0.00001
   0.00001
   0.00001
   0.00001
   0.00001
   0.00001
   0.00000
   0.00000
   0.00000
   0.00000
   0.01074
   0.00001
   0.00001
   0.00001
   0.00001
   0.00000
   0.00000
   0.00000
   0.00000
   0.00000
   0.00000
   0.00000
   0.00000
   0.00000
   0.00000
   0.00000
   0.00000
   0.00000
   0.00000
   0.00000
   0.00000
   0.00000
   0.00000
   0.00000
   0.00001
   0.00000
   0.00000
   0.00000
   0.00000
   0.00000
   0.00000
   0.00000
   0.00000
   0.00000
   0.00001
   0.00001
   0.00001
   0.00001
   0.00001
   0.00001
   0.00001
   0.00000
   0.00000
   0.00000
   0.00000
   0.00000
   0.00000
   0.00000
   0.00000
   0.00000
   0.00000
   0.00000
   0.00000
   0.00000
   0.00000
   0.00000
   0.00000
   0.00000
   0.00000
   0.00000
   0.00000
   0.00000
   0.00000
   0.00000
   0.00000
   0.00000
   0.00000
   0.00000
   0.00000
   0.00000
   0.00000
   0.00000
   0.00000
   0.00000
   0.00000
   0.00000
   0.00000
   0.00000
   0.00000
   0.00000
   0.00000
   0.00000
   0.00000
   0.00000
   0.00000
   0.00000
   0.00000
   0.00000
   0.00000
   0.00000
   0.00000
   0.00000
   0.00000
   0.00000
   0.00000
   0.00000
   0.00000
   0.00000
   0.00000
   0.00000
   0.00000
   0.00000
   0.00000
   0.00000
   0.00000
   0.00000
   0.00000
   0.00000
   0.00000
   0.00000
   0.00000
   0.00000
   0.00000
   0.00000
   0.00000
   0.00000
   0.00000
   0.00018
   0.00018
   0.00018
   0.00017
   0.00016
   0.00016
   0.00018
   0.00021
   0.00024
   0.00025
   0.00025
   0.00026
   0.00025
   0.00025
   0.00025
   0.00027
   0.00033
   0.00054
   0.00075
   0.00072
   0.00056
   0.00041
   0.00035
   0.00031
   0.00028
   0.00023
   0.00024
   0.00021
   0.00020
   0.00019
   0.00018
   0.00017
   0.00015
   0.00016
   0.00015
   0.00011
   0.00008
   0.00003
   0.00000
   0.00002
   0.00002
   0.00002
   0.00002
   0.00002
   0.00002
   0.00002
   0.00003
   0.00003
   0.00003
   0.00003
   0.00003
   0.00003
   0.00002
   0.00002
   0.00002
   0.00002
   0.00002
   0.00003
   0.00002
   0.00015
   0.00009
   0.00000
   0.00001
   0.00001
   0.00001
   0.00001
   0.00001
   0.00001
   0.00001
   0.00001
   0.00001
   0.00001
   0.00001
   0.00001
   0.00001
   0.00001
   0.00001
   0.00001
   0.00001
   0.00001
   0.00001
   0.00001
   0.00001
   0.00001
   0.00001
   0.00001
   0.00001
   0.00001
   0.00000
   0.00000
   0.00000
   0.00000
   0.00000
   0.00000
   0.00000
   0.00000
   0.00000
   0.00000
   0.00000
   0.00000
   0.00000
   0.00000
   0.00000
   0.00000
   0.00000
   0.00000
   0.00000
   0.00000
   0.00000
   0.00000
   0.00000
   0.00000
   0.00000
   0.00000
   0.00000
   0.00000
   0.00000
   0.00000
   0.00000
   0.00000
   0.00000
   0.00000
   0.00000
   0.00000
   0.00000
   0.00000
   0.00000
   0.00000
   0.00000
   0.00000
   0.00000
   0.00000
   0.00000
   0.00000
   0.00000
   0.00000
   0.00000
   0.00000
   0.00000
   0.00000
   0.00000
   0.00000
   0.00000
   0.00000
   0.00000
   0.00000
   0.00000
   0.00000
   0.00000
   0.00000
   0.00000
   0.00000
   0.00000
   0.00000
   0.00000
   0.00000
   0.00000
   0.00000
   0.00000
   0.00000
   0.00000
   0.00000
   0.00000
   0.00000
   0.00000
   0.00000
   0.00000
   0.00000
   0.00000
   0.00000
   0.00000
   0.00000
   0.00000
   0.00000
   0.00000
   0.00000
   0.00000
   0.00000
   0.00000
   0.00000
   0.00000
   0.00000
   0.00000
   0.00000
   0.00000
   0.00000
   0.00000
   0.00000
   0.00000
   0.00000
   0.00000
   0.00000
   0.00000
   0.00000
   0.00000
   0.00000
   0.00000
   0.00000
   0.00000
   0.00000
   0.00000
   0.00000
   0.00000
   0.00000
   0.00000
   0.00000
   0.00000
   0.00000
   0.00000
   0.00000
   0.00000
   0.00000
   0.00000
   0.00000
   0.00000
   0.00000
   0.00000
   0.00000
   0.00000
   0.00000
   0.00000
   0.00000
   0.00000
   0.00000
   0.00000
   0.00000
   0.00000
   0.00000
   0.00000
   0.00000
   0.00000
   0.00000
   0.00000
   0.00000
   0.00000
   0.00000
   0.00000
   0.00000
   0.00000
   0.00000
   0.00000
   0.00000
   0.00000
   0.00000
   0.00000
   0.00000
   0.00000
   0.00000
   0.00000
   0.00000
   0.00000
   0.00000
   0.00000
   0.00000
   0.00000
   0.00000
   0.00000
   0.00000
   0.00000
   0.00000
   0.00000
   0.00000
   0.00000
   0.00000
   0.00000
   0.00000
   0.00000
   0.00000
   0.00000
   0.00000
   0.00000
   0.00000
   0.00000
   0.00000
   0.00000
   0.00000
   0.00000
   0.00000
   0.00000
   0.00000
   0.00000
   0.00000
   0.00000
   0.00000
   0.00000
   0.00000
   0.00000
   0.00000
   0.00000
   0.00000
   0.00000
   0.00002
   0.00000
   0.00000
   0.00000
   0.00000
   0.00000
   0.00000
   0.00000
   0.00000
   0.00000
   0.00000
   0.00000
   0.00000
   0.00000
   0.00000
   0.00000
   0.00000
   0.00000
   0.00000
   0.00000
   0.00000
   0.00000
   0.00000
   0.00000
   0.00000
   0.00000
   0.00000
   0.00000
   0.00000
   0.00000
   0.00000
   0.00000
   0.00000
   0.00000
   0.00000
   0.00000
   0.00000
   0.00000
   0.00000
   0.00000
   0.00000
   0.00000
   0.00000
   0.00000
   0.00000
   0.00000
   0.00000
   0.00000
   0.00000
   0.00000
   0.00000
   0.00000
   0.00000
   0.00000
   0.00000
   0.00000
   0.00000
   0.00000
   0.00000
   0.00000
   0.00000
   0.00000
   0.00000
   0.00000
   0.00000
   0.00000
   0.00000
   0.00000
   0.00000
   0.00000
   0.00000
   0.00000
   0.00000
   0.00000
   0.00000
   0.00000
   0.00000
   0.00000
   0.00000
   0.00000
   0.00000
   0.00000
   0.00000
   0.00000
   0.00000
   0.00000
   0.00000
   0.00000
   0.00000
   0.00000
   0.00000
   0.00000
   0.00000
   0.00000
   0.00000
   0.00000
   0.00000
   0.00000
   0.00000
   0.00000
   0.00000
   0.00000
   0.00000
   0.00000
   0.00000
   0.00000
   0.00000
   0.00000
   0.00000
   0.00000
   0.00000
   0.00000
   0.00000
   0.00000
   0.00000
   0.00000
   0.00000
