   0.65737
   0.65997
   0.65203
   0.65159
   0.65236
   0.65202
   0.65110
   0.65015
   0.64974
   0.64931
   0.64850
   0.64788
   0.64709
   0.64691
   0.64592
   0.64579
   0.64559
   0.64488
   0.64301
   0.64332
   0.64316
   0.64243
   0.64170
   0.64113
   0.64052
   0.63987
   0.63915
   0.63858
   0.63794
   0.63742
   0.63674
   0.63603
   0.63518
   0.63478
   0.63405
   0.63321
   0.63253
   0.63179
   0.63085
   0.63015
   0.62928
   0.62849
   0.62756
   0.62642
   0.62564
   0.62460
   0.62340
   0.62241
   0.62094
   0.61985
   0.61863
   0.61712
   0.61568
   0.61176
   0.61077
   0.60989
   0.60868
   0.60719
   0.60549
   0.60378
   0.60164
   0.59982
   0.59753
   0.59568
   0.59316
   0.59090
   0.58869
   0.58591
   0.58371
   0.58124
   0.57868
   0.57604
   0.57353
   0.57096
   0.56851
   0.56602
   0.56362
   0.56127
   0.55880
   0.55634
   0.55364
   0.55071
   0.54739
   0.54360
   0.53939
   0.53483
   0.52999
   0.52495
   0.51972
   0.51432
   0.50877
   0.50307
   0.49726
   0.49137
   0.48537
   0.47935
   0.47320
   0.46699
   0.46074
   0.45445
   0.44818
   0.44193
   0.43566
   0.42947
   0.42332
   0.41721
   0.41118
   0.40521
   0.39934
   0.39356
   0.38789
   0.38233
   0.37689
   0.37156
   0.36636
   0.36129
   0.35636
   0.35155
   0.34689
   0.34235
   0.33796
   0.33373
   0.32966
   0.32573
   0.32196
   0.31830
   0.31482
   0.31150
   0.30832
   0.30533
   0.30247
   0.29981
   0.29727
   0.29488
   0.29259
   0.29045
   0.28840
   0.28640
   0.28438
   0.28225
   0.27998
   0.27748
   0.27476
   0.27156
   0.26816
   0.26428
   0.26021
   0.25594
   0.25156
   0.24718
   0.24290
   0.23853
   0.23438
   0.23022
   0.22623
   0.22225
   0.21841
   0.21462
   0.21092
   0.20728
   0.20365
   0.20013
   0.19656
   0.19309
   0.18965
   0.18630
   0.18287
   0.17955
   0.17625
   0.17296
   0.16969
   0.16652
   0.16332
   0.16021
   0.15712
   0.15404
   0.15103
   0.14807
   0.14514
   0.14227
   0.13943
   0.13665
   0.13390
   0.13122
   0.12856
   0.12598
   0.12341
   0.12092
   0.11846
   0.11603
   0.11369
   0.11135
   0.10909
   0.10684
   0.10466
   0.10251
   0.10040
   0.09834
   0.09632
   0.09432
   0.09229
   0.09037
   0.08847
   0.08666
   0.08487
   0.08315
   0.08147
   0.07974
   0.07815
   0.07655
   0.07496
   0.07344
   0.07191
   0.07043
   0.06898
   0.06756
   0.06617
   0.06481
   0.06347
   0.06217
   0.06089
   0.05965
   0.05842
   0.05723
   0.05605
   0.05489
   0.05378
   0.05266
   0.05158
   0.05053
   0.04948
   0.04848
   0.04748
   0.04651
   0.04555
   0.04461
   0.04370
   0.04280
   0.04193
   0.04107
   0.04022
   0.03940
   0.03859
   0.03779
   0.03702
   0.03626
   0.03551
   0.03478
   0.03406
   0.03336
   0.03267
   0.03199
   0.03133
   0.03068
   0.03004
   0.02942
   0.02881
   0.02820
   0.02761
   0.02704
   0.02648
   0.02592
   0.02537
   0.02485
   0.02432
   0.02381
   0.02331
   0.02281
   0.02233
   0.02186
   0.02140
   0.02094
   0.02049
   0.02006
   0.01963
   0.01921
   0.01880
   0.01839
   0.01800
   0.01761
   0.01723
   0.01685
   0.01648
   0.01612
   0.01577
   0.01542
   0.01508
   0.01475
   0.01442
   0.01410
   0.01379
   0.01348
   0.01318
   0.01289
   0.01260
   0.01231
   0.01204
   0.01177
   0.01150
   0.01124
   0.01099
   0.01074
   0.01049
   0.01025
   0.01002
   0.00979
   0.00957
   0.00935
   0.00913
   0.00893
   0.00872
   0.00852
   0.00833
   0.00814
   0.00795
   0.00777
   0.00759
   0.00742
   0.00725
   0.00709
   0.00693
   0.00677
   0.00662
   0.00647
   0.00633
   0.00619
   0.00605
   0.00591
   0.00578
   0.00566
   0.00553
   0.00541
   0.00530
   0.00518
   0.00507
   0.00496
   0.00485
   0.00475
   0.00465
   0.00455
   0.00446
   0.00436
   0.00427
   0.00418
   0.00410
   0.00401
   0.00393
   0.00385
   0.00377
   0.00369
   0.00361
   0.00354
   0.00347
   0.00340
   0.00333
   0.00326
   0.00319
   0.00313
   0.00306
   0.00300
   0.00294
   0.00288
   0.00282
   0.00276
   0.00271
   0.00265
   0.00260
   0.00254
   0.00249
   0.00244
   0.00239
   0.00234
   0.00229
   0.00224
   0.00220
   0.00215
   0.00211
   0.00207
   0.00202
   0.00198
   0.00194
   0.00190
   0.00186
   0.00182
   0.00179
   0.00175
   0.00171
   0.00168
   0.00164
   0.00161
   0.00158
   0.00154
   0.00151
   0.00148
   0.00145
   0.00142
   0.00139
   0.00136
   0.00133
   0.00131
   0.00128
   0.00125
   0.00123
   0.00120
   0.00118
   0.00116
   0.00113
   0.00111
   0.00109
   0.00107
   0.00104
   0.00102
   0.00100
   0.00098
   0.00096
   0.00095
   0.00093
   0.00091
   0.00089
   0.00087
   0.00086
   0.00084
   0.00083
   0.00081
   0.00080
   0.00078
   0.00077
   0.00075
   0.00074
   0.00073
   0.00072
   0.00070
   0.00069
   0.00068
   0.00067
   0.00066
   0.00065
   0.00064
   0.00063
   0.00062
   0.00061
   0.00061
   0.00060
   0.00059
   0.00058
   0.00058
   0.00057
   0.00057
   0.00056
   0.00055
   0.00055
   0.00055
   0.00054
   0.00054
   0.00053
   0.00053
   0.00053
   0.00053
   0.00053
   0.00052
   0.00052
   0.00052
   0.00052
   0.00052
   0.00052
   0.00052
   0.00052
   0.00052
   0.00052
   0.00052
   0.00052
   0.00052
   0.00053
   0.00053
   0.00054
   0.00053
   0.00054
   0.00055
   0.00056
   0.00056
   0.00058
   0.00056
   0.00068
   0.00033
   0.00027
   0.00026
   0.00025
   0.00021
   0.00266
   0.00034
   0.00029
   0.00020
   0.01124
   0.00019
   0.00168
   0.00018
   0.00023
   0.00029
   0.00033
   0.00035
   0.00037
   0.00038
   0.00039
   0.00039
   0.00039
   0.00039
   0.00039
   0.00039
   0.00039
   0.00039
   0.00038
   0.00038
   0.00038
   0.00038
   0.00038
   0.00037
   0.00037
   0.00037
   0.00037
   0.00036
   0.00036
   0.00036
   0.00036
   0.00036
   0.00035
   0.00035
   0.00035
   0.00035
   0.00035
   0.00034
   0.00034
   0.00034
   0.00034
   0.00033
   0.00033
   0.00033
   0.00033
   0.00033
   0.00032
   0.00032
   0.00032
   0.00032
   0.00032
   0.00031
   0.00031
   0.00031
   0.00031
   0.00031
   0.00030
   0.00030
   0.00030
   0.00030
   0.00030
   0.00029
   0.00029
   0.00029
   0.00029
   0.00029
   0.00028
   0.00028
   0.00028
   0.00028
   0.00028
   0.00028
   0.00027
   0.00027
   0.00027
   0.00027
   0.00027
   0.00026
   0.00026
   0.00026
   0.00026
   0.00025
   0.00025
   0.00025
   0.00025
   0.00025
   0.00025
   0.00024
   0.00024
   0.00024
   0.00024
   0.00023
   0.00023
   0.00023
   0.00023
   0.00023
   0.00023
   0.00022
   0.00022
   0.00022
   0.00022
   0.00021
   0.00022
   0.00021
   0.00021
   0.00020
   0.00021
   0.00020
   0.00021
   0.00019
   0.00020
   0.00019
   0.00020
   0.00019
   0.00020
   0.00018
   0.00019
   0.00018
   0.00019
   0.00018
   0.00018
   0.00017
   0.00018
   0.00017
   0.00017
   0.00017
   0.00017
   0.00016
   0.00017
   0.00016
   0.00016
   0.00016
   0.00016
   0.00015
   0.00015
   0.00015
   0.00015
   0.00015
   0.00015
   0.00014
   0.00014
   0.00014
   0.00014
   0.00014
   0.00014
   0.00014
   0.00013
   0.00013
   0.00013
   0.00013
   0.00013
   0.00013
   0.00012
   0.00012
   0.00012
   0.00012
   0.00012
   0.00012
   0.00012
   0.00011
   0.00011
   0.00011
   0.00011
   0.00011
   0.00011
   0.00011
   0.00010
   0.00010
   0.00010
   0.00010
   0.00010
   0.00010
   0.00010
   0.00010
   0.00009
   0.00009
   0.00009
   0.00009
   0.00009
   0.00009
   0.00009
   0.00009
   0.00008
   0.00008
   0.00008
   0.00008
   0.00008
   0.00008
   0.00008
   0.00008
   0.00008
   0.00007
   0.00007
   0.00007
   0.00007
   0.00007
   0.00007
   0.00007
   0.00007
   0.00007
   0.00007
   0.00006
   0.00006
   0.00006
   0.00006
   0.00006
   0.00006
   0.00006
   0.00006
   0.00006
   0.00006
   0.00006
   0.00006
   0.00005
   0.00005
   0.00005
   0.00005
   0.00005
   0.00005
   0.00005
   0.00005
   0.00005
   0.00005
   0.00005
   0.00005
   0.00005
   0.00004
   0.00004
   0.00004
   0.00004
   0.00004
   0.00004
   0.00004
   0.00004
   0.00004
   0.00004
   0.00004
   0.00004
   0.00004
   0.00004
   0.00004
   0.00004
   0.00004
   0.00003
   0.00003
   0.00003
   0.00003
   0.00003
   0.00003
   0.00003
   0.00003
   0.00003
   0.00003
   0.00003
   0.00003
   0.00003
   0.00003
   0.00003
   0.00003
   0.00003
   0.00003
   0.00003
   0.00003
   0.00003
   0.00003
   0.00002
   0.00002
   0.00002
   0.00002
   0.00002
   0.00002
   0.00002
   0.00002
   0.00002
   0.00002
   0.00002
   0.00002
   0.00002
   0.00002
   0.00002
   0.00002
   0.00002
   0.00002
   0.00002
   0.00002
   0.00002
   0.00002
   0.00002
   0.00002
   0.00002
   0.00002
   0.00002
   0.00002
   0.00002
   0.00002
   0.00002
   0.00002
   0.00002
   0.00002
   0.00001
   0.00001
   0.00001
   0.00001
   0.00001
   0.00001
   0.00001
   0.00001
   0.00001
   0.00001
   0.00001
   0.00001
   0.00001
   0.00001
   0.00001
   0.00001
   0.00001
   0.00001
   0.00001
   0.00001
   0.00001
   0.00001
   0.00001
   0.00001
   0.00001
   0.00001
   0.00001
   0.00001
   0.00001
   0.00001
   0.00001
   0.00001
   0.00001
   0.00001
   0.00001
   0.00001
   0.00001
   0.00001
   0.00001
   0.00001
   0.00001
   0.00001
   0.00001
   0.00001
   0.00001
   0.00001
   0.00001
   0.00001
   0.00001
   0.00001
   0.00001
   0.00001
   0.00001
   0.00001
   0.00001
   0.00001
   0.00001
   0.00001
   0.00001
   0.00001
   0.00001
   0.00001
   0.00000
   0.00000
   0.00000
   0.00000
   0.00000
   0.00000
   0.00000
   0.00000
   0.00000
   0.00001
   0.00001
   0.00001
   0.00001
   0.00001
   0.00001
   0.00001
   0.00001
   0.00001
   0.00001
   0.00001
   0.00001
   0.00001
   0.00001
   0.00001
   0.00001
   0.00001
   0.00001
   0.00001
   0.00001
   0.00001
   0.00001
   0.00001
   0.00001
   0.00001
   0.00001
   0.00001
   0.00001
   0.00001
   0.00001
   0.00001
   0.00001
   0.00001
   0.00001
   0.00001
   0.00001
   0.00001
   0.00001
   0.00001
   0.00001
   0.00001
   0.00001
   0.00001
   0.00001
   0.00001
   0.00001
   0.00001
   0.00001
   0.00001
   0.00001
   0.00001
   0.00001
   0.00001
   0.00001
   0.00001
   0.00001
   0.00001
   0.00001
   0.00000
   0.00001
   0.00001
   0.00001
   0.00001
   0.00001
   0.00001
   0.00000
   0.00000
   0.00000
   0.00001
   0.00001
   0.00001
   0.00001
   0.00001
   0.00000
   0.00001
   0.00001
   0.00000
   0.00000
   0.00000
   0.00000
   0.00000
   0.00001
   0.46822
   0.35710
   0.24697
   0.16970
   0.11481
   0.08322
   0.07152
   0.06401
   0.05893
   0.05572
   0.05300
   0.05079
   0.04910
   0.04732
   0.04585
   0.04445
   0.04329
   0.04211
   0.04114
   0.04020
   0.03928
   0.03835
   0.03746
   0.03659
   0.03580
   0.03504
   0.03428
   0.03356
   0.03283
   0.03217
   0.03149
   0.03085
   0.03025
   0.02964
   0.02904
   0.02849
   0.02792
   0.02741
   0.02689
   0.02637
   0.02588
   0.02540
   0.02493
   0.02448
   0.02401
   0.02357
   0.02313
   0.02270
   0.02228
   0.02186
   0.02145
   0.02107
   0.02067
   0.02028
   0.01990
   0.01952
