   0.73257
   0.73220
   0.73301
   0.73321
   0.73210
   0.73384
   0.73568
   0.73502
   0.73542
   0.73966
   0.73915
   0.74025
   0.73894
   0.73828
   0.73786
   0.73731
   0.73759
   0.73603
   0.73514
   0.73563
   0.72914
   0.73257
   0.72763
   0.72910
   0.72738
   0.72569
   0.71176
   0.71224
   0.71381
   0.70847
   0.69705
   0.69600
   0.69402
   0.69164
   0.68905
   0.68675
   0.68483
   0.68277
   0.68121
   0.67999
   0.67825
   0.67720
   0.67987
   0.68242
   0.68308
   0.68147
   0.68479
   0.68284
   0.68347
   0.68357
   0.68514
   0.68466
   0.68417
   0.68248
   0.65780
   0.63579
   0.62230
   0.61141
   0.60288
   0.59440
   0.58630
   0.57871
   0.57060
   0.56237
   0.55445
   0.54735
   0.53856
   0.53043
   0.52280
   0.51452
   0.50645
   0.49828
   0.49024
   0.48215
   0.47448
   0.46696
   0.45943
   0.45141
   0.44404
   0.43684
   0.42983
   0.42287
   0.41551
   0.40784
   0.40040
   0.39329
   0.38609
   0.37848
   0.37156
   0.36370
   0.35653
   0.34903
   0.34135
   0.33371
   0.32566
   0.31713
   0.30896
   0.30078
   0.29254
   0.28427
   0.27606
   0.26794
   0.25986
   0.25182
   0.24382
   0.23604
   0.22812
   0.22034
   0.21288
   0.20562
   0.19855
   0.19179
   0.18559
   0.17871
   0.17209
   0.16577
   0.15948
   0.15335
   0.14732
   0.14161
   0.13610
   0.13082
   0.12579
   0.12098
   0.11655
   0.11212
   0.10776
   0.10423
   0.10063
   0.09623
   0.09289
   0.08992
   0.08684
   0.08382
   0.08085
   0.07776
   0.07530
   0.07294
   0.07534
   0.06794
   0.07060
   0.06758
   0.06473
   0.06159
   0.05845
   0.05555
   0.05264
   0.05028
   0.04834
   0.04671
   0.04540
   0.04438
   0.04400
   0.04503
   0.04688
   0.05112
   0.04683
   0.04924
   0.04970
   0.04977
   0.04716
   0.04117
   0.03904
   0.03746
   0.03610
   0.03497
   0.03414
   0.03214
   0.03060
   0.02927
   0.02828
   0.02909
   0.03008
   0.02609
   0.02538
   0.02260
   0.02560
   0.01941
   0.02272
   0.01933
   0.01978
   0.01860
   0.01733
   0.01595
   0.01316
   0.01315
   0.01239
   0.05711
   0.07098
   0.01028
   0.01865
   0.01762
   0.06174
   0.08588
   0.01449
   0.01129
   0.01042
   0.02178
   0.01266
   0.00779
   0.01275
   0.00708
   0.00735
   0.01275
   0.00646
   0.01832
   0.00608
   0.04423
   0.01495
   0.00881
   0.00544
   0.00529
   0.00709
   0.00717
   0.00515
   0.01173
   0.00453
   0.00577
   0.00448
   0.01018
   0.00998
   0.74607
   0.10684
   0.07556
   0.06700
   0.06151
   0.05685
   0.05283
   0.04907
   0.04562
   0.04243
   0.03948
   0.03673
   0.03421
   0.03189
   0.02981
   0.02801
   0.02681
   0.02546
   0.02339
   0.02272
   0.02104
   0.02029
   0.01909
   0.02063
   0.01659
   0.01917
   0.01531
   0.02257
   0.01512
   0.01612
   0.01340
   0.01321
   0.01490
   0.02408
   0.04611
   0.01235
   0.01230
   0.01155
   0.01141
   0.01154
   0.01084
   0.01051
   0.01036
   0.00662
   3.42070
   0.02215
   0.01832
   0.01270
   0.00908
   0.00690
   0.07168
   0.00719
   0.00575
   0.00553
   0.05421
   0.00578
   0.00832
   0.01193
   0.01198
   0.00951
   0.00708
   0.00513
   0.00413
   0.00471
   0.04798
   0.02515
   0.01919
   0.02573
   0.02362
   0.01494
   0.01003
   0.00669
   0.00528
   0.04151
   0.00439
   0.00972
   0.00886
   0.00726
   0.00536
   0.00392
   0.00374
   0.00355
   0.00533
   0.00493
   0.00456
   0.00420
   0.00393
   0.00412
   0.00555
   0.00732
   0.00762
   0.00689
   0.00578
   0.00428
   0.00322
   0.69393
   0.00320
   0.00307
   0.00302
   0.00327
   0.00435
   0.00634
   0.00753
   0.00730
   0.00629
   0.00385
   0.00254
   0.14505
   0.00243
   0.00236
   0.00234
   0.00241
   0.00276
   0.00383
   0.00544
   0.00634
   0.00625
   0.00533
   0.00230
   0.00260
   0.43265
   0.00170
   0.00206
   0.00273
   0.00333
   0.00344
   0.00314
   0.00158
   0.00141
   0.00152
   0.00223
   0.00206
   0.00186
   0.00171
   0.00159
   0.00151
   0.00145
   0.00141
   0.00142
   0.00164
   0.00218
   0.00278
   0.00307
   0.00305
   0.00209
   0.00122
   0.03838
   0.00122
   0.00116
   0.00113
   0.00122
   0.00153
   0.00194
   0.00215
   0.00219
   0.00140
   0.00102
   0.09975
   0.00159
   0.00153
   0.00144
   0.00134
   0.00125
   0.00117
   0.00110
   0.00103
   0.00097
   0.00096
   0.00113
   0.00144
   0.00168
   0.00183
   0.00112
   0.00085
   0.00452
   0.00154
   0.00156
   0.00155
   0.00153
   0.00148
   0.00141
   0.00132
   0.00124
   0.00116
   0.00110
   0.00104
   0.00100
   0.00097
   0.00101
   0.00121
   0.00147
   0.00164
   0.00173
   0.00147
   0.00097
   0.00076
   0.12114
   0.02439
   0.02345
   0.02323
   0.02055
   0.01596
   0.01454
   0.22003
   0.05704
   0.03562
   0.03808
   0.04529
   0.08757
   0.10608
   0.09435
   0.07742
   0.07242
   0.06920
   0.05771
   0.04964
   0.04287
   0.06582
   0.04549
   0.03446
   0.01116
   0.01080
   0.01114
   0.01599
   0.06533
   0.01545
   0.02703
   0.01380
   0.02203
   0.05508
   0.03661
   0.02262
   0.02045
   0.01583
   0.01222
   0.01087
   0.00859
   0.00723
   0.00522
   0.00496
   0.00475
   0.00457
   0.00442
   0.00435
   0.00432
   0.00430
   0.00426
   0.00419
   0.00406
   0.00440
   0.00378
   0.00392
   0.00430
   0.00341
   0.00335
   0.00334
   0.00333
   0.00329
   0.00328
   0.00318
   0.00328
   0.00567
   0.00509
   0.00475
   0.00441
   0.00408
   0.00381
   0.00360
   0.00343
   0.00331
   0.00321
   0.00315
   0.00314
   0.00315
   0.00313
   0.00313
   0.01375
   0.01343
   0.01308
   0.01286
   0.01264
   0.01252
   0.01216
   0.01202
   0.01172
   0.01156
   0.01170
   0.01150
   0.01129
   0.01104
   0.01087
   0.01087
   0.01067
   0.01046
   0.01022
   0.01003
   0.01016
   0.00963
   0.00946
   0.00949
   0.00948
   0.01131
   0.00975
   0.03629
   0.03310
   0.02989
   0.02684
   0.02438
   0.02219
   0.02041
   0.02448
   0.02204
   0.02006
   0.01853
   0.01716
   0.01585
   0.01466
   0.01439
   0.01403
   0.01280
   0.01193
   0.01164
   0.01098
   0.01065
   0.01006
   0.01154
   0.00875
   0.00745
   0.00712
   0.00741
   0.00628
   0.00423
   0.00760
   0.00461
   0.00531
   0.00314
   0.00665
   0.00252
   0.00233
   0.00217
   0.00204
   0.00192
   0.00179
   0.00160
   0.00145
   0.00136
   0.00131
   0.00130
   0.00134
   0.00133
   0.00134
   0.00135
   0.00160
   0.00143
   0.00129
   0.00121
   0.00117
   0.00115
   0.00115
   0.00130
   0.00256
   0.00248
   0.00236
   0.00222
   0.00207
   0.00191
   0.00178
   0.00167
   0.00158
   0.00149
   0.00138
   0.00124
   0.00112
   0.00106
   0.00103
   0.00100
   0.00101
   0.00232
   0.00206
   0.00202
   0.00195
   0.00185
   0.00174
   0.00162
   0.00151
   0.00142
   0.00135
   0.00128
   0.00121
   0.00111
   0.00099
   0.00092
   0.00088
   0.00086
   0.00085
   0.00088
   0.00156
   0.00143
   0.00134
   0.00125
   0.00118
   0.00112
   0.00107
   0.00102
   0.00095
   0.00087
   0.00080
   0.00076
   0.00074
   0.00073
   0.00072
   0.00076
   0.00079
   0.00133
   0.00134
   0.00132
   0.00129
   0.00124
   0.00118
   0.00111
   0.00105
   0.00098
   0.00093
   0.00089
   0.00086
   0.00081
   0.00075
   0.00069
   0.00065
   0.00063
   0.00062
   0.00061
   0.00063
   0.00174
   0.00104
   0.00106
   0.00107
   0.00107
   0.00106
   0.00103
   0.00099
   0.00094
   0.00088
   0.00083
   0.00079
   0.00075
   0.00073
   0.00070
   0.00066
   0.00061
   0.00056
   0.00054
   0.00053
   0.00053
   0.00054
   0.00053
   0.00110
   0.00090
   0.00089
   0.00087
   0.00083
   0.00079
   0.00074
   0.00070
   0.00066
   0.00063
   0.00061
   0.00059
   0.00056
   0.00052
   0.00048
   0.00047
   0.00046
   0.00046
   0.00047
   0.00043
   0.00170
   0.00067
   0.00069
   0.00071
   0.00072
   0.00073
   0.00073
   0.00073
   0.00071
   0.00068
   0.00065
   0.00062
   0.00058
   0.00055
   0.00053
   0.00051
   0.00050
   0.00047
   0.00044
   0.00041
   0.00040
   0.00039
   0.00039
   0.00040
   0.00042
   0.00058
   0.00053
   0.00055
   0.00056
   0.00058
   0.00059
   0.00059
   0.00059
   0.00058
   0.00057
   0.00054
   0.00052
   0.00049
   0.00046
   0.00044
   0.00043
   0.00042
   0.00040
   0.00038
   0.00036
   0.00034
   0.00033
   0.00033
   0.00032
   0.00035
   0.00031
   0.00050
   0.00042
   0.00043
   0.00044
   0.00045
   0.00047
   0.00048
   0.00050
   0.00051
   0.00053
   0.00053
   0.00054
   0.00054
   0.00053
   0.00051
   0.00049
   0.00046
   0.00044
   0.00041
   0.00040
   0.00038
   0.00037
   0.00036
   0.00034
   0.00032
   0.00030
   0.00030
   0.00029
   0.00029
   0.00032
   0.00028
   0.00041
   0.00037
   0.00038
   0.00039
   0.00040
   0.00041
   0.00043
   0.00044
   0.00045
   0.00047
   0.00048
   0.00048
   0.00048
   0.00047
   0.00046
   0.00044
   0.00042
   0.00039
   0.00037
   0.00035
   0.00034
   0.00033
   0.00032
   0.00030
   0.00028
   0.00027
   0.00026
   0.00025
   0.00025
   0.00027
   0.00030
   0.00123
   0.00096
   0.00092
   0.00088
   0.00084
   0.00080
   0.00076
   0.00073
   0.00071
   0.00070
   0.00071
   0.00070
   0.00070
   0.00067
   0.00064
   0.00060
   0.00055
   0.00051
   0.00047
   0.00044
   0.00041
   0.00038
   0.00036
   0.00034
   0.00031
   0.00029
   0.00026
   0.00025
   0.00024
   0.00024
   0.00026
   0.00027
   0.00029
   0.00028
   0.00026
   0.00025
   0.00025
   0.00024
   0.00023
   0.00021
   0.00020
   0.00019
   0.00019
   0.00019
   0.00020
   0.00023
   0.00018
   0.74158
   0.72535
   0.72053
   0.71829
   0.71658
   0.71615
   0.71584
   0.71563
   0.71547
   0.71536
   0.71527
   0.71521
   0.71516
   0.71513
   0.71510
   0.71508
   0.71507
   0.71506
   0.71505
   0.71505
   0.71504
   0.71504
   0.71504
   0.71504
   0.71504
   0.71504
   0.71503
   0.71503
   0.71503
   0.71503
   0.71503
   0.71503
   0.71503
   0.71503
   0.71503
   0.71503
   0.71503
   0.71503
   0.71503
   0.71503
   0.71503
   0.71503
   0.71503
   0.71503
   0.71503
   0.71503
   0.71503
   0.71503
   0.71503
   0.71503
   0.71503
   0.71503
   0.71503
   0.71503
   0.71503
   0.71503
   0.71503
   0.71503
   0.71503
   0.71503
   0.71503
   0.71503
   0.71503
   0.71503
   0.71503
   0.71503
   0.71503
   0.71503
   0.71503
   0.71504
   0.71504
   0.71504
   0.71504
   0.71504
   0.71504
   0.71504
   0.71504
   0.71504
   0.71504
   0.71504
   0.71504
   0.71504
   0.71504
   0.71504
   0.71504
   0.71504
   0.71504
   0.71504
   0.71504
   0.71504
   0.71504
   0.71504
   0.71504
   0.71504
   0.71504
   0.71504
   0.71504
   0.71504
   0.71504
   0.71504
   0.71504
   0.71504
   0.71504
   0.71504
   0.71504
   0.71504
   0.71504
   0.71504
   0.71504
   0.71504
   0.71504
   0.71504
   0.71504
   0.71504
   0.71504
   0.71504
   0.71504
   0.71504
   0.71504
   0.71504
   0.71504
   0.71504
   0.71504
   0.71504
   0.71504
   0.71504
   0.71504
   0.71504
   0.71504
   0.71504
   0.71504
   0.71504
   0.71504
   0.71504
   0.71504
   0.71504
   0.71504
   0.71504
   0.71504
   0.71504
   0.71504
   0.71504
   0.71504
