   0.68673
   0.68485
   0.68509
   0.68479
   0.68486
   0.68457
   0.68429
   0.68418
   0.68424
   0.68411
   0.68378
   0.68356
   0.68337
   0.68345
   0.68305
   0.68283
   0.68258
   0.68238
   0.68218
   0.68197
   0.68176
   0.68156
   0.68134
   0.68112
   0.68089
   0.68065
   0.68039
   0.68016
   0.67990
   0.67965
   0.67937
   0.67912
   0.67888
   0.67861
   0.67825
   0.67796
   0.67769
   0.67739
   0.67707
   0.67682
   0.67647
   0.67619
   0.67589
   0.67559
   0.67542
   0.67514
   0.67486
   0.67453
   0.67431
   0.67416
   0.67400
   0.67391
   0.67390
   0.67392
   0.67401
   0.67412
   0.67431
   0.67457
   0.67479
   0.67506
   0.67516
   0.67535
   0.67544
   0.67456
   0.67324
   0.67082
   0.66976
   0.66806
   0.66560
   0.66312
   0.66044
   0.65799
   0.65526
   0.65261
   0.65008
   0.64745
   0.64496
   0.64243
   0.64000
   0.63748
   0.63523
   0.63313
   0.63115
   0.62930
   0.62768
   0.62612
   0.62474
   0.62361
   0.62263
   0.62214
   0.62172
   0.62162
   0.62242
   0.62363
   0.62550
   0.62804
   0.63161
   0.63516
   0.63949
   0.64488
   0.64984
   0.65360
   0.65686
   0.65901
   0.65964
   0.65934
   0.65818
   0.65653
   0.65491
   0.65314
   0.65109
   0.64901
   0.64665
   0.64404
   0.64127
   0.63833
   0.63510
   0.63139
   0.62813
   0.62450
   0.62090
   0.61731
   0.61457
   0.61060
   0.60673
   0.60311
   0.59934
   0.59598
   0.59206
   0.58843
   0.58472
   0.58106
   0.57749
   0.57388
   0.57019
   0.56671
   0.56311
   0.55965
   0.55635
   0.55296
   0.54955
   0.54617
   0.54287
   0.53961
   0.53628
   0.53338
   0.53072
   0.52676
   0.52402
   0.52102
   0.51811
   0.51424
   0.51145
   0.50880
   0.50576
   0.50242
   0.49976
   0.49649
   0.49380
   0.49077
   0.48788
   0.48488
   0.48217
   0.47935
   0.47642
   0.47364
   0.47077
   0.46774
   0.46499
   0.46232
   0.45944
   0.45671
   0.45406
   0.45121
   0.44844
   0.44570
   0.44290
   0.44023
   0.43747
   0.43470
   0.43202
   0.42925
   0.42661
   0.42384
   0.42104
   0.41835
   0.41564
   0.41293
   0.41024
   0.40756
   0.40488
   0.40226
   0.39929
   0.39681
   0.39413
   0.39151
   0.38869
   0.38596
   0.38333
   0.38067
   0.37787
   0.37519
   0.37250
   0.36979
   0.36712
   0.36438
   0.36156
   0.35851
   0.35560
   0.35285
   0.35004
   0.34713
   0.34430
   0.34197
   0.33892
   0.33608
   0.33333
   0.33057
   0.32770
   0.32494
   0.32211
   0.31932
   0.31647
   0.31351
   0.31068
   0.30781
   0.30497
   0.30211
   0.29921
   0.29634
   0.29325
   0.29079
   0.28731
   0.28497
   0.28159
   0.27910
   0.27557
   0.27284
   0.27044
   0.26683
   0.26450
   0.26085
   0.25783
   0.25488
   0.25198
   0.24897
   0.24629
   0.24319
   0.23961
   0.23643
   0.23243
   0.22912
   0.22628
   0.22353
   0.22073
   0.21802
   0.21550
   0.21296
   0.21048
   0.20806
   0.20573
   0.20344
   0.20123
   0.19908
   0.19699
   0.19487
   0.19289
   0.19099
   0.18907
   0.18718
   0.18527
   0.18356
   0.18186
   0.18010
   0.17841
   0.17673
   0.17512
   0.17353
   0.17200
   0.17051
   0.16908
   0.16766
   0.16631
   0.16500
   0.16376
   0.16254
   0.16062
   0.15940
   0.15833
   0.15725
   0.15622
   0.15554
   0.15447
   0.15335
   0.15255
   0.15142
   0.15068
   0.14937
   0.14872
   0.14739
   0.14670
   0.14540
   0.14480
   0.14318
   0.14337
   0.14212
   0.14120
   0.13921
   0.13820
   0.13620
   0.13514
   0.13306
   0.13195
   0.13036
   0.12894
   0.12742
   0.12609
   0.12447
   0.12278
   0.12120
   0.11983
   0.11842
   0.11697
   0.11539
   0.11384
   0.11233
   0.11084
   0.10933
   0.10785
   0.10635
   0.10492
   0.10348
   0.10207
   0.10071
   0.09932
   0.09794
   0.09655
   0.09521
   0.09389
   0.09255
   0.09126
   0.09001
   0.08868
   0.08748
   0.08618
   0.08492
   0.08369
   0.08251
   0.08129
   0.08015
   0.07894
   0.07781
   0.07665
   0.07559
   0.07443
   0.07333
   0.07223
   0.07113
   0.07008
   0.06905
   0.06801
   0.06698
   0.06595
   0.06493
   0.06392
   0.06292
   0.06193
   0.06094
   0.05994
   0.05893
   0.05793
   0.05693
   0.05593
   0.05491
   0.05390
   0.05285
   0.05184
   0.05079
   0.04974
   0.04870
   0.04766
   0.04662
   0.04558
   0.04457
   0.04354
   0.04255
   0.04155
   0.04063
   0.03973
   0.03888
   0.03808
   0.03732
   0.03660
   0.03593
   0.03532
   0.03475
   0.03423
   0.03375
   0.03329
   0.03285
   0.03248
   0.03211
   0.03176
   0.03145
   0.03115
   0.03087
   0.03060
   0.03034
   0.03008
   0.02983
   0.02959
   0.02934
   0.02909
   0.02883
   0.02857
   0.02830
   0.02802
   0.02775
   0.02746
   0.02716
   0.02685
   0.02654
   0.02621
   0.02589
   0.02555
   0.02522
   0.02488
   0.02454
   0.02422
   0.02390
   0.02356
   0.02321
   0.02290
   0.02255
   0.02224
   0.02191
   0.02161
   0.02128
   0.02099
   0.02067
   0.02039
   0.02010
   0.01981
   0.01953
   0.01925
   0.01898
   0.01871
   0.01844
   0.01818
   0.01793
   0.01768
   0.01743
   0.01718
   0.01694
   0.01671
   0.01647
   0.01624
   0.01601
   0.01579
   0.01556
   0.01535
   0.01514
   0.01493
   0.01472
   0.01451
   0.01432
   0.01412
   0.01394
   0.01375
   0.01359
   0.01341
   0.01325
   0.01311
   0.01295
   0.01286
   0.01271
   0.01266
   0.01257
   0.01254
   0.01255
   0.01261
   0.01276
   0.01302
   0.01348
   0.01430
   0.01567
   0.01794
   0.02048
   0.02167
   0.02105
   0.01908
   0.01474
   0.00980
   0.01268
   0.02641
   0.02335
   0.01766
   0.01416
   0.01405
   0.01384
