   0.69320
   0.69334
   0.69354
   0.69381
   0.69413
   0.69450
   0.69490
   0.69534
   0.69580
   0.69628
   0.69678
   0.69729
   0.69781
   0.69833
   0.69886
   0.69938
   0.69991
   0.70042
   0.70094
   0.70144
   0.70194
   0.70242
   0.70290
   0.70336
   0.70382
   0.70426
   0.70469
   0.70510
   0.70550
   0.70589
   0.70627
   0.70664
   0.70699
   0.70733
   0.70765
   0.70797
   0.70827
   0.70856
   0.70884
   0.70911
   0.70937
   0.70962
   0.70986
   0.71008
   0.71030
   0.71051
   0.71071
   0.71091
   0.71109
   0.71127
   0.71143
   0.71160
   0.71175
   0.71190
   0.71204
   0.71217
   0.71230
   0.71243
   0.71254
   0.71266
   0.71276
   0.71287
   0.71296
   0.71306
   0.71315
   0.71323
   0.71331
   0.71339
   0.71347
   0.71354
   0.71360
   0.71367
   0.71373
   0.71379
   0.71385
   0.71390
   0.71395
   0.71400
   0.71404
   0.71409
   0.71413
   0.71417
   0.71421
   0.71425
   0.71428
   0.71431
   0.71434
   0.71437
   0.71440
   0.71443
   0.71446
   0.71448
   0.71451
   0.71453
   0.71455
   0.71457
   0.71459
   0.71461
   0.71463
   0.71464
   0.71466
   0.71468
   0.71469
   0.71470
   0.71472
   0.71473
   0.71474
   0.71475
   0.71476
   0.71477
   0.71478
   0.71479
   0.71480
   0.71481
   0.71482
   0.71483
   0.71484
   0.71484
   0.71485
   0.71486
   0.71486
   0.71487
   0.71487
   0.71488
   0.71488
   0.71489
   0.71489
   0.71490
   0.71490
   0.71491
   0.71491
   0.71491
   0.71492
   0.71492
   0.71492
   0.71493
   0.71493
   0.71493
   0.71493
   0.71494
   0.71494
   0.71494
   0.71494
   0.71495
   0.71495
   0.71495
   0.71495
   0.71495
   0.71495
   0.71496
   0.71496
   0.71496
   0.71496
   0.71496
   0.71496
   0.71496
   0.71496
   0.71497
   0.71497
   0.71497
   0.71497
   0.71497
   0.71497
   0.71497
   0.71497
   0.71497
   0.71497
   0.71497
   0.71497
   0.71497
   0.71498
   0.71498
   0.71498
   0.71498
   0.71498
   0.71498
   0.71498
   0.71498
   0.71498
   0.71498
   0.71498
   0.71498
   0.71498
   0.71498
   0.71498
   0.71498
   0.71498
   0.71498
   0.71498
   0.71498
   0.71498
   0.71498
   0.71498
   0.71498
   0.71498
   0.71498
   0.71498
   0.71498
   0.71498
   0.71498
   0.71498
   0.71498
   0.71498
   0.71498
   0.71498
   0.71498
   0.71498
   0.71498
   0.71498
   0.71498
   0.71498
   0.71498
   0.71498
   0.71498
   0.71498
   0.71498
   0.71498
   0.71498
   0.71499
   0.71499
   0.71499
   0.71499
   0.71499
   0.71499
   0.71499
   0.71499
   0.71499
   0.71499
   0.71499
   0.71499
   0.71499
   0.71499
   0.71499
   0.71499
   0.71499
   0.71499
   0.71499
   0.71499
   0.71499
   0.71499
   0.71499
   0.71499
   0.71499
   0.71499
   0.71499
   0.71499
   0.71499
   0.71499
   0.71499
   0.71499
   0.71499
   0.71499
   0.71499
   0.71499
   0.71499
   0.71499
   0.71499
   0.71499
   0.71499
   0.71499
   0.71499
   0.71499
   0.71499
   0.71499
   0.71499
   0.71499
   0.71499
   0.71499
   0.71499
   0.71499
   0.71499
   0.71499
   0.71499
   0.71499
   0.71499
   0.71499
   0.71499
   0.71499
   0.71499
   0.71499
   0.71499
   0.71499
   0.71499
   0.71499
   0.71499
   0.71499
   0.71499
   0.71499
   0.71499
   0.71499
   0.71499
   0.71499
   0.71499
   0.71499
   0.71499
   0.71499
   0.71499
   0.71499
   0.71499
   0.71499
   0.71499
   0.71499
   0.71499
   0.71499
   0.71499
   0.71499
   0.71499
   0.71499
   0.71499
   0.71499
   0.71499
   0.71499
   0.71499
   0.71499
   0.71499
   0.71499
   0.71499
   0.71499
   0.71499
   0.71499
   0.71499
   0.71499
   0.71499
   0.71499
   0.71499
   0.71499
   0.71499
   0.71499
   0.71499
   0.71499
   0.71499
   0.71499
   0.71499
   0.71499
   0.71499
   0.71499
   0.71499
   0.71499
   0.71499
   0.71499
   0.71499
   0.71499
   0.71499
   0.71499
   0.71499
   0.71499
   0.71499
   0.71499
   0.71499
   0.71499
   0.71499
   0.71499
   0.71499
   0.71499
   0.71499
   0.71499
   0.71499
   0.71499
   0.71499
   0.71499
   0.71499
   0.71499
   0.71499
   0.71499
   0.71499
   0.71499
   0.71499
   0.71499
   0.71499
   0.71499
   0.71499
   0.71499
   0.71499
   0.71499
   0.71499
   0.71499
   0.71499
   0.71499
   0.71499
   0.71499
   0.71499
   0.71499
   0.71499
   0.71499
   0.71499
   0.71499
   0.71499
   0.71499
   0.71499
   0.71499
   0.71499
   0.71499
   0.71499
   0.71499
   0.71499
   0.71499
   0.71499
   0.71499
   0.71499
   0.71499
   0.71499
   0.71499
   0.71499
   0.71499
   0.71499
   0.71499
   0.71499
   0.71499
   0.71499
   0.71499
   0.71499
   0.71499
   0.71499
   0.71499
   0.71499
   0.71499
   0.71499
   0.71499
   0.71499
   0.71499
   0.71499
   0.71499
   0.71499
   0.71499
   0.71499
   0.71499
   0.71499
   0.71499
   0.71499
   0.71499
   0.71499
   0.71499
   0.71499
   0.71499
   0.71499
   0.71499
   0.71499
   0.71499
   0.71499
   0.71499
   0.71499
   0.71499
   0.71499
   0.71499
   0.71499
   0.71499
   0.71499
   0.71499
   0.71499
   0.71499
   0.71499
   0.71499
   0.71499
   0.71499
   0.71499
   0.71499
   0.71499
   0.71499
   0.71499
   0.71499
   0.71499
   0.71499
   0.71499
   0.71499
   0.71499
   0.71499
   0.71499
   0.71499
   0.71499
   0.71499
   0.71499
   0.71499
   0.71499
   0.71499
   0.71499
   0.71499
   0.71499
   0.71499
   0.71499
   0.71499
   0.71499
   0.71499
   0.71499
   0.71499
   0.71499
   0.71499
   0.71499
   0.71499
   0.71499
   0.71499
   0.71499
   0.71499
   0.71499
   0.71499
   0.71499
   0.71499
   0.71499
   0.71499
   0.71499
   0.71499
