   0.65005
   0.62646
   0.62159
   0.61978
   0.61781
   0.61458
   0.61216
   0.61030
   0.60841
   0.60597
   0.60370
   0.60159
   0.59923
   0.59704
   0.59480
   0.59235
   0.58931
   0.58794
   0.58441
   0.58324
   0.58023
   0.57628
   0.57370
   0.57049
   0.56657
   0.56604
   0.56132
   0.55848
   0.55548
   0.55216
   0.54920
   0.54588
   0.54243
   0.53895
   0.53552
   0.53202
   0.52807
   0.52443
   0.52063
   0.51685
   0.51293
   0.50909
   0.50495
   0.50097
   0.49672
   0.49271
   0.48851
   0.48424
   0.47965
   0.47575
   0.47088
   0.46654
   0.46267
   0.45792
   0.45322
   0.44852
   0.44383
   0.43972
   0.43566
   0.43083
   0.42712
   0.42256
   0.41876
   0.41475
   0.41095
   0.40796
   0.40529
   0.40274
   0.39840
   0.39543
   0.39354
   0.39306
   0.39169
   0.39917
   0.42001
   0.39277
   0.38845
   0.38512
   0.37467
   0.36660
   0.35974
   0.35289
   0.34675
   0.34081
   0.33483
   0.32928
   0.32354
   0.31738
   0.31330
   0.30672
   0.29976
   0.29418
   0.28780
   0.28207
   0.27544
   0.26994
   0.26424
   0.25831
   0.25251
   0.24685
   0.24148
   0.23591
   0.23090
   0.22551
   0.22046
   0.21546
   0.21064
   0.20547
   0.20085
   0.19592
   0.19149
   0.18695
   0.18295
   0.17867
   0.17431
   0.17002
   0.16597
   0.16217
   0.15846
   0.15444
   0.15070
   0.14695
   0.14344
   0.14005
   0.13672
   0.13347
   0.13012
   0.12710
   0.12382
   0.12080
   0.11798
   0.11512
   0.11255
   0.10938
   0.10697
   0.10429
   0.10188
   0.09941
   0.09699
   0.09462
   0.09228
   0.09019
   0.08800
   0.08596
   0.08361
   0.08197
   0.07977
   0.07804
   0.07599
   0.07415
   0.07259
   0.07063
   0.06917
   0.06734
   0.06588
   0.06408
   0.06285
   0.06149
   0.06011
   0.05843
   0.05728
   0.05592
   0.05467
   0.05340
   0.05211
   0.05084
   0.04968
   0.04859
   0.04740
   0.04621
   0.04523
   0.04426
   0.04320
   0.04200
   0.04151
   0.04026
   0.03947
   0.03843
   0.03766
   0.03665
   0.03620
   0.03507
   0.03449
   0.03367
   0.03304
   0.03217
   0.03160
   0.03088
   0.03037
   0.02951
   0.02840
   0.02750
   0.02713
   0.02643
   0.02599
   0.02517
   0.02481
   0.02402
   0.02365
   0.02299
   0.02268
   0.02203
   0.02153
   0.02089
   0.02041
   0.01987
   0.01937
   0.01873
   0.01822
   0.01778
   0.01720
   0.01661
   0.01630
   0.01581
   0.01517
   0.01483
   0.01439
   0.01402
   0.01347
   0.01319
   0.01275
   0.01237
   0.01202
   0.01168
   0.01128
   0.01109
   0.01059
   0.01035
   0.01011
   0.00989
   0.00956
   0.00930
   0.00918
   0.00891
   0.00863
   0.00846
   0.00832
   0.00820
   0.00820
   0.00800
   0.00795
   0.00788
   0.00775
   0.00759
   0.00748
   0.00726
   0.00706
   0.00685
   0.00659
   0.00629
   0.00596
   0.00564
   0.00533
   0.00508
   0.00488
   0.00475
   0.00459
   0.00451
   0.00442
   0.00440
   0.00442
   0.00444
   0.00455
   0.00473
   0.00480
   0.00491
   0.00473
   0.00440
   0.00387
   0.00316
   0.00287
   0.00302
   0.00297
   0.00300
   0.00291
   0.00284
   0.00271
   0.00268
   0.00254
   0.00246
   0.00234
   0.00228
   0.00215
   0.00209
   0.00200
   0.00195
   0.00187
   0.00182
   0.00180
   0.00174
   0.00171
   0.00172
   0.00173
   0.00177
   0.00183
   0.00187
   0.00183
   0.00183
   0.00179
   0.00179
   0.00175
   0.00174
   0.00170
   0.00175
   0.00172
   0.00171
   0.00177
   0.00167
   0.00180
   0.00171
   0.00185
   0.00186
   0.00186
   0.00154
   0.00083
   0.00126
   0.00156
   0.00085
   0.00128
   0.00109
   0.00073
   0.00072
   0.00071
   0.00070
   0.00067
   0.00068
   0.00065
   0.00064
   0.00062
   0.00062
   0.00061
   0.00059
   0.00059
   0.00057
   0.00056
   0.00055
   0.00054
   0.00054
   0.00052
   0.00052
   0.00050
   0.00050
   0.00048
   0.00048
   0.00047
   0.00047
   0.00045
   0.00044
   0.00043
   0.00042
   0.00041
   0.00041
   0.00040
   0.00040
   0.00040
   0.00040
   0.00039
   0.00039
   0.00039
   0.00038
   0.00038
   0.00037
   0.00037
   0.00036
   0.00036
   0.00035
   0.00035
   0.00034
   0.00034
   0.00033
   0.00033
   0.00033
   0.00032
   0.00031
   0.00031
   0.00031
   0.00030
   0.00030
   0.00029
   0.00029
   0.00030
   0.00031
   0.00033
   0.00034
   0.00034
   0.00032
   0.00033
   0.00033
   0.00031
   0.00031
   0.00030
   0.00030
   0.00032
   0.00030
   0.00028
   0.00029
   0.00028
   0.00027
   0.00027
   0.00027
   0.00027
   0.00027
   0.00027
   0.00028
   0.00027
   0.00029
   0.00028
   0.00026
   0.00027
   0.00028
   0.00027
   0.00031
   0.00030
   0.00033
   0.00034
   0.00052
   0.00013
   0.00075
   0.00020
   0.00043
   4.37790
   0.46894
   0.21658
   0.15581
   0.14836
   0.13224
   0.13020
   0.10658
   0.10166
   0.09839
   0.09402
   0.09100
   0.08800
   0.08536
   0.08298
   0.08079
   0.07884
   0.07709
   0.07554
   0.07411
   0.07279
   0.07161
   0.07051
   0.06939
   0.06837
   0.06726
   0.06588
   0.06596
   0.06712
   0.06612
   0.06429
   0.06230
   0.06048
   0.05871
   0.05703
   0.05542
   0.05389
   0.05242
   0.05100
   0.04963
   0.04831
   0.04703
   0.04578
   0.04460
   0.04339
   0.04226
   0.04116
   0.04010
   0.03907
   0.03807
   0.03710
   0.03616
   0.03521
   0.03425
   0.03332
   0.03117
   0.03255
   0.03287
   0.03222
   0.03108
   0.02967
   0.02794
   0.02658
   0.02587
   0.02478
   0.02347
   0.02211
   0.02084
   0.01969
   0.01872
   0.01792
   0.01731
   0.01682
   0.01642
   0.01608
   0.01578
   0.01549
   0.01522
   0.01495
   0.01468
