   0.76599
   0.75364
   0.76294
   0.76821
   0.77993
   0.78786
   0.79253
   0.79387
   0.77295
   0.78854
   0.81302
   0.80232
   0.80160
   0.79786
   0.79537
   0.79231
   0.79031
   0.78695
   0.78653
   0.77733
   0.77749
   0.78076
   0.77573
   0.77383
   0.77099
   0.76823
   0.76781
   0.76130
   0.71605
   0.70211
   0.71565
   0.71757
   0.71952
   0.71660
   0.70086
   0.71175
   0.70698
   0.69949
   0.69218
   0.68402
   0.67527
   0.66513
   0.64902
   0.62656
   0.62253
   0.61745
   0.61199
   0.60655
   0.60159
   0.59747
   0.59280
   0.58906
   0.58482
   0.57981
   0.57522
   0.56938
   0.56010
   0.55424
   0.54879
   0.54152
   0.53547
   0.52513
   0.51899
   0.51310
   0.50726
   0.50220
   0.50210
   0.49465
   0.48439
   0.47146
   0.46249
   0.45470
   0.44823
   0.44298
   0.43815
   0.43362
   0.42950
   0.42599
   0.42273
   0.41973
   0.41700
   0.41445
   0.41162
   0.40862
   0.40599
   0.40296
   0.40053
   0.39747
   0.39446
   0.39071
   0.38778
   0.38408
   0.38080
   0.37701
   0.37414
   0.36899
   0.36548
   0.36112
   0.35662
   0.35201
   0.34774
   0.34263
   0.33978
   0.33286
   0.32764
   0.32109
   0.31482
   0.30748
   0.30118
   0.29245
   0.28665
   0.27749
   0.27085
   0.26303
   0.25525
   0.24776
   0.24003
   0.23250
   0.22479
   0.21757
   0.21026
   0.20364
   0.19674
   0.19040
   0.18366
   0.17799
   0.17257
   0.16735
   0.16238
   0.15766
   0.15317
   0.14882
   0.14471
   0.14066
   0.13682
   0.13307
   0.12948
   0.12596
   0.12252
   0.11915
   0.11589
   0.11259
   0.10939
   0.10626
   0.10314
   0.10009
   0.09715
   0.09425
   0.09123
   0.08832
   0.08542
   0.08283
   0.08007
   0.07731
   0.07480
   0.07213
   0.06975
   0.06698
   0.06445
   0.06195
   0.05943
   0.05752
   0.05517
   0.05312
   0.05096
   0.04900
   0.04715
   0.04513
   0.04330
   0.04157
   0.03991
   0.03827
   0.03675
   0.03528
   0.03392
   0.03244
   0.03136
   0.02992
   0.02875
   0.02759
   0.02654
   0.02568
   0.02451
   0.02365
   0.02271
   0.02181
   0.02084
   0.02004
   0.01921
   0.01858
   0.01771
   0.01704
   0.01657
   0.01596
   0.01551
   0.01501
   0.01468
   0.01439
   0.01407
   0.01390
   0.01383
   0.01386
   0.01410
   0.01402
   0.01363
   0.01361
   0.01097
   0.01791
   0.00913
   0.03877
   0.01838
   0.02363
   0.01252
   0.10806
   4.62883
   0.06140
   0.03281
   0.03275
   0.02127
   0.61623
   0.63043
   0.49120
   0.55321
   0.64399
   0.58223
   0.45688
   0.01823
   0.01450
   0.01292
   0.01213
   0.01182
   0.01204
   0.01148
   0.01027
   0.73518
   0.01450
   0.01764
   0.00946
   0.00903
   0.00856
   0.61249
   0.01089
   0.87227
   0.00971
   0.09265
   0.68962
   0.55351
   0.01439
   0.01212
   0.01338
   0.01032
   0.01222
   0.00907
   0.01087
   0.00917
   0.00920
   0.00847
   0.00802
   0.00750
   0.00730
   0.00681
   0.00646
   0.00612
   0.00583
   0.00555
   0.00538
   0.00534
   0.00538
   0.00533
   0.00528
   0.00520
   0.00511
   0.00502
   0.00491
   0.00423
   0.13750
   0.00590
   0.00688
   0.00687
   0.00613
   0.00624
   0.00604
   0.00594
   0.00581
   0.00571
   0.00561
   0.00549
   0.00540
   0.00531
   0.00520
   0.00509
   0.00499
   0.00491
   0.00480
   0.00470
   0.00461
   0.00452
   0.00441
   0.00432
   0.00423
   0.00415
   0.00405
   0.00395
   0.00382
   0.00371
   0.00363
   0.00355
   0.00347
   0.00340
   0.00332
   0.00326
   0.00319
   0.00312
   0.00306
   0.00300
   0.00293
   0.00287
   0.00281
   0.00276
   0.00271
   0.00266
   0.00261
   0.00257
   0.00254
   0.00252
   0.00253
   0.00254
   0.00289
   0.00270
   0.00169
   0.00198
   0.00202
   2.29063
   0.01998
   0.01242
   0.00724
   0.00946
   0.00806
   0.00877
   0.00870
   0.00988
   0.00982
   0.00987
   0.01047
   0.01054
   0.01026
   0.00996
   0.01001
   0.00979
   0.00960
   0.00933
   0.00899
   0.00866
   0.00743
   0.00607
   0.00511
   0.01562
   0.00682
   0.00467
   0.00712
   0.00467
   0.00469
   0.00434
   0.00377
   0.00324
   0.00283
   0.00277
   0.00248
   0.00143
   0.00286
   0.05511
   0.13018
   0.06442
   0.07004
   0.03897
   0.03286
   0.03894
   0.03880
   0.03568
   0.03567
   0.03461
   0.03385
   0.03297
   0.03206
   0.03162
   0.03229
   0.03160
   0.03002
   0.03112
   0.03042
   0.03042
   0.02897
   0.03009
   0.02818
   0.02844
   0.02501
   0.02965
   0.02233
   0.02735
   0.02282
   0.02666
   0.02065
   0.02503
   0.02224
   0.02469
   0.02481
   0.02475
   0.02416
   0.02425
   0.02334
   0.02256
   0.02201
   0.02248
   0.02147
   0.02099
   0.02007
   0.02063
   0.01891
   0.01872
   0.01817
   0.01667
   0.01645
   0.01673
   0.01609
   0.01556
   0.01785
   0.01344
   0.01322
   0.01350
   0.01315
   0.01328
   0.01331
   0.01288
   0.01218
   0.01265
   0.01170
   0.01046
   0.00728
   0.49251
   0.03123
   0.03359
   0.02316
   0.01990
   0.01948
   0.01642
   0.01881
   0.01653
   0.01941
   0.01901
   0.01899
   0.02295
   0.01980
   0.02982
   0.02110
   0.03393
   0.02124
   0.02231
   0.01541
   0.01444
   0.01544
   0.00497
   0.00546
   0.00529
   0.00526
   0.00520
   0.00508
   0.00506
   0.00482
   0.00500
   0.00417
   0.00550
   0.00444
   0.01339
   0.01268
   0.01296
   0.00951
   0.01289
   0.00770
   0.01288
   0.00571
   0.01301
   0.00370
   0.00871
   0.01348
   0.00494
   0.00930
   0.01362
   0.00894
   0.01197
   0.01039
   0.01011
   0.00917
   0.00881
   0.00811
   0.00692
   0.00453
   0.00686
   0.00369
   0.15019
   0.63347
   0.00762
   0.00247
   0.02351
   0.09078
   0.01557
   0.05321
   0.09443
   0.01469
   0.01425
   0.00491
   0.01360
   0.04279
   0.09708
   0.03193
   0.00164
   0.00160
   0.00155
   0.00326
   0.09910
   0.01074
   0.00666
   0.00201
   0.01326
   0.04276
   0.02969
   0.00166
   0.00161
   0.00140
   0.00131
   0.00128
   0.00126
   0.00124
   0.00126
   0.00476
   0.01165
   0.09408
   0.00192
   0.02514
   0.00145
   0.00102
   0.00103
   0.00099
   0.00099
   0.00396
   0.02964
   0.05179
   0.00126
   0.00416
   0.10400
   0.08965
   0.00090
   0.00129
   0.00098
   0.00087
   0.00083
   0.00082
   0.00080
   0.00079
   0.00079
   0.00078
   0.00077
   0.00073
   0.00073
   0.00241
   0.04131
   0.00158
   0.78658
   0.00324
   0.00099
   0.00087
   0.00076
   0.00077
   0.00074
   0.00073
   0.00071
   0.00069
   0.00067
   0.00064
   0.00062
   0.00061
   0.00059
   0.00058
   0.00057
   0.00056
   0.00055
   0.00054
   0.00052
   0.00051
   0.00050
   0.00050
   0.00049
   0.00055
   0.00050
   0.00165
   0.00819
   0.00502
   0.00063
   0.00303
   0.06510
   0.00080
   0.00059
   0.00066
   0.00053
   0.00071
   0.00053
   0.00072
   0.00056
   0.00065
   0.00051
   0.00074
   0.00058
   0.00061
   0.00049
   0.00073
   0.00045
   0.00069
   0.00042
   0.00058
   0.00047
   0.00063
   0.00144
   0.00178
   0.00041
   0.00038
   0.00040
   0.00037
   0.00038
   0.00036
   0.00037
   0.00036
   0.00036
   0.00036
   0.00036
   0.00038
   0.00061
   1.79412
   0.00269
   0.00224
   0.00243
   0.00194
   0.00175
   0.00154
   0.00149
   0.00137
   0.00133
   0.00119
   0.00123
   0.00113
   0.00106
   0.00099
   0.00091
   0.00090
   0.00085
   0.00083
   0.00083
   0.00077
   0.00079
   0.00069
   0.00074
   0.00059
   0.00070
   0.00055
   0.00071
   0.00050
   0.00069
   0.00043
   0.00065
   0.00039
   0.00061
   0.00036
   0.00056
   0.00035
   0.00052
   0.00034
   0.00049
   0.00033
   0.00047
   0.00031
   0.00044
   0.00029
   0.00043
   0.00028
   0.00043
   0.00025
   0.00040
   0.00026
   0.00038
   0.00026
   0.00036
   0.00026
   0.00033
   0.00027
   0.00028
   0.00026
   0.00027
   0.00025
   0.00026
   0.00025
   0.00025
   0.00026
   0.00027
   0.00029
   0.00027
   0.00031
   0.00014
   0.00022
   0.00032
   0.00299
   0.00189
   0.00125
   0.00112
   0.00103
   0.00094
   0.00086
   0.00080
   0.00075
   0.00072
   0.00071
   0.00072
   0.00071
   0.00069
   0.00065
   0.00061
   0.00058
   0.00055
   0.00053
   0.00050
   0.00048
   0.00046
   0.00044
   0.00042
   0.00039
   0.00038
   0.00036
   0.00034
   0.00032
   0.00030
   0.00027
   0.00024
   0.00025
   0.00026
   0.00026
   0.00025
   0.00025
   0.00024
   0.00024
   0.00024
   0.00024
   0.00023
   0.00023
   0.00023
   0.00023
   0.00023
   0.00023
   0.00023
   0.00023
   0.00023
   0.00022
   0.00022
   0.00022
   0.00022
   0.00022
   0.00022
   0.00021
   0.00021
   0.00021
   0.00021
   0.00021
   0.00020
   0.00020
   0.00020
   0.00020
   0.00020
   0.00019
   0.00020
   0.00020
   0.00020
   0.00020
   0.00020
   0.00021
   0.00021
   0.00022
   0.00020
   0.00020
   0.00018
   0.00018
   0.00016
   0.00017
   0.00013
   0.00016
   0.00011
   0.00017
   0.00009
   0.00016
   0.00008
   0.00015
   0.00007
   0.00014
   0.00007
   0.00013
   0.00006
   0.00013
   0.00007
   0.00012
   0.73619
   0.01491
   0.00373
   0.00319
   0.00263
   0.00227
   0.00207
   0.00191
   0.00179
   0.00170
   0.00161
   0.00155
   0.00150
   0.00145
   0.00140
   0.00135
   0.00130
   0.00125
   0.00120
   0.00116
   0.00112
   0.00107
   0.00103
   0.00099
   0.00095
   0.00092
   0.00088
   0.00085
   0.00082
   0.00079
   0.00076
   0.00073
   0.00070
   0.00067
   0.00065
   0.00062
   0.00059
   0.00057
   0.00054
   0.00051
   0.00049
   0.00046
   0.00043
   0.00041
   0.00039
   0.00037
   0.00036
   0.00034
   0.00033
   0.00032
   0.00031
   0.00030
   0.00029
   0.00028
   0.00028
   0.00027
   0.00026
   0.00026
   0.00025
   0.00024
   0.00024
   0.00023
   0.00022
   0.00022
   0.00021
   0.00021
   0.00020
   0.00020
   0.00020
   0.00019
   0.00019
   0.00018
   0.00018
   0.00018
   0.00017
   0.00017
   0.00017
   0.00016
   0.00016
   0.00016
   0.00015
   0.00015
   0.00015
   0.00015
   0.00015
   0.00014
   0.00014
   0.00014
   0.00014
   0.00014
   0.00014
   0.00013
   0.00013
   0.00013
   0.00013
   0.00013
   0.00012
   0.00012
   0.00012
   0.00011
   0.00011
   0.00010
   0.00010
   0.00010
   0.00009
   0.00009
   0.00008
   0.00008
   0.00008
   0.00007
   0.00007
   0.00007
   0.00007
   0.00006
   0.00007
   0.00008
   0.00006
   0.00014
   0.00007
   0.00022
   0.05760
   0.03288
   0.02952
   0.02824
   0.01425
   0.01491
   0.00602
   0.00536
   0.00519
   0.00475
   0.00458
   0.00436
   0.00406
   0.00379
   0.00359
   0.00359
   0.00330
   0.00321
   0.00309
   0.00301
   0.00220
   0.00220
   0.00185
   0.01297
   0.00206
   0.02066
   0.00356
   0.02473
   0.00603
   0.02044
   0.00522
   0.02045
   0.00468
   0.02035
   0.00427
   0.01941
   0.00384
   0.01831
   0.00343
   0.01701
   0.00304
   0.01549
   0.00263
   0.01380
   0.00217
   0.01170
   0.00171
   0.00905
   0.00614
   0.00218
   0.01234
   0.00146
   0.00706
   0.20899
   0.00170
   0.00131
   0.00128
   0.00125
   0.00124
   0.00123
   0.00122
   0.00122
   0.00123
   0.00124
   0.00126
   0.00129
   0.00131
   0.00134
   0.00138
   0.00139
   0.00140
   0.00140
   0.00140
   0.00138
   0.00137
   0.00136
