   0.68884
   0.70955
   0.70727
   0.70305
   0.70232
   0.70134
   0.69935
   0.69882
   0.70052
   0.69584
   0.69383
   0.69288
   0.69158
   0.68974
   0.68846
   0.68689
   0.68521
   0.68359
   0.68195
   0.67996
   0.67833
   0.67585
   0.67527
   0.67338
   0.67119
   0.66911
   0.66707
   0.66478
   0.66282
   0.66044
   0.65832
   0.65493
   0.65046
   0.64815
   0.64592
   0.64345
   0.64101
   0.63803
   0.63574
   0.63305
   0.62966
   0.62700
   0.62440
   0.62138
   0.61862
   0.61552
   0.61270
   0.60974
   0.60678
   0.60376
   0.60091
   0.59780
   0.59495
   0.59181
   0.58896
   0.58552
   0.58221
   0.57917
   0.57582
   0.57275
   0.56971
   0.56660
   0.56369
   0.56055
   0.55758
   0.55455
   0.55162
   0.54863
   0.54573
   0.54274
   0.53971
   0.53694
   0.53409
   0.53124
   0.52809
   0.52548
   0.52254
   0.51973
   0.51694
   0.51423
   0.51150
   0.50890
   0.50638
   0.50368
   0.50111
   0.49844
   0.49582
   0.49350
   0.49083
   0.48876
   0.48633
   0.48416
   0.48164
   0.47924
   0.47742
   0.47502
   0.47347
   0.47242
   0.47086
   0.47088
   0.47032
   0.46940
   0.46876
   0.46723
   0.46719
   0.46674
   0.46720
   0.46790
   0.46828
   0.46992
   0.47059
   0.47063
   0.47060
   0.47135
   0.47151
   0.47132
   0.47028
   0.46905
   0.46733
   0.46541
   0.46319
   0.46083
   0.45826
   0.45638
   0.45422
   0.45094
   0.44801
   0.44498
   0.44365
   0.44117
   0.43761
   0.43576
   0.43321
   0.43037
   0.42846
   0.42489
   0.42326
   0.42039
   0.41777
   0.41508
   0.41302
   0.41010
   0.40810
   0.40463
   0.40349
   0.39899
   0.39751
   0.39343
   0.39193
   0.38774
   0.38621
   0.38263
   0.38073
   0.37683
   0.37484
   0.37127
   0.36925
   0.36578
   0.36367
   0.36001
   0.35790
   0.35463
   0.35221
   0.34865
   0.34655
   0.34395
   0.34077
   0.33874
   0.33491
   0.33344
   0.32918
   0.32772
   0.32391
   0.32234
   0.31842
   0.31604
   0.31295
   0.31153
   0.30774
   0.30494
   0.30213
   0.30104
   0.29612
   0.29513
   0.29120
   0.28983
   0.28613
   0.28427
   0.28122
   0.27926
   0.27653
   0.27322
   0.27147
   0.26891
   0.26663
   0.26329
   0.26060
   0.25881
   0.25604
   0.25278
   0.25042
   0.24917
   0.24495
   0.24478
   0.23987
   0.23917
   0.23614
   0.23302
   0.23274
   0.22817
   0.22592
   0.22397
   0.22127
   0.21882
   0.21593
   0.21483
   0.21187
   0.20972
   0.20504
   0.20453
   0.20280
   0.19920
   0.19790
   0.19544
   0.19280
   0.19611
   0.19462
   0.19120
   0.18712
   0.18283
   0.17945
   0.17700
   0.17389
   0.17133
   0.16882
   0.16544
   0.16360
   0.16033
   0.15849
   0.15618
   0.15403
   0.15121
   0.14931
   0.14666
   0.14461
   0.14203
   0.13972
   0.13739
   0.13563
   0.13288
   0.13067
   0.12884
   0.12664
   0.12454
   0.12208
   0.11978
   0.11774
   0.11554
   0.11331
   0.11130
   0.10912
   0.10720
   0.10511
   0.10330
   0.10098
   0.09863
   0.09691
   0.09458
   0.09264
   0.09033
   0.08848
   0.08620
   0.08435
   0.08183
   0.07976
   0.07753
   0.07583
   0.07340
   0.07162
   0.06923
   0.06762
   0.06550
   0.06387
   0.06168
   0.06012
   0.05801
   0.05650
   0.05453
   0.05316
   0.05127
   0.05001
   0.04843
   0.04705
   0.04578
   0.04455
   0.04340
   0.04238
   0.04131
   0.04046
   0.03954
   0.03873
   0.03799
   0.03737
   0.03665
   0.03602
   0.03540
   0.03489
   0.03426
   0.03379
   0.03324
   0.03275
   0.03222
   0.03182
   0.03126
   0.03085
   0.03036
   0.02994
   0.02945
   0.02908
   0.02857
   0.02818
   0.02775
   0.02736
   0.02693
   0.02654
   0.02611
   0.02575
   0.02534
   0.02499
   0.02460
   0.02423
   0.02384
   0.02351
   0.02312
   0.02280
   0.02242
   0.02212
   0.02175
   0.02142
   0.02109
   0.02077
   0.02047
   0.02013
   0.01986
   0.01951
   0.01925
   0.01892
   0.01864
   0.01835
   0.01808
   0.01780
   0.01753
   0.01727
   0.01699
   0.01673
   0.01648
   0.01624
   0.01598
   0.01574
   0.01551
   0.01527
   0.01503
   0.01480
   0.01458
   0.01436
   0.01414
   0.01393
   0.01371
   0.01351
   0.01331
   0.01310
   0.01291
   0.01271
   0.01252
   0.01233
   0.01216
   0.01197
   0.01179
   0.01162
   0.01144
   0.01128
   0.01110
   0.01093
   0.01078
   0.01061
   0.01047
   0.01030
   0.01015
   0.01000
   0.00986
   0.00971
   0.00957
   0.00942
   0.00930
   0.00915
   0.00903
   0.00888
   0.00877
   0.00862
   0.00853
   0.00837
   0.00829
   0.00813
   0.00807
   0.00790
   0.00787
   0.00768
   0.00770
   0.00749
   0.00759
   0.00736
   0.00755
   0.00728
   0.00739
   0.00711
   0.00723
   0.00698
   0.00697
   0.00674
   0.00696
   0.00679
   0.00617
   0.00634
   0.00705
   0.00704
   0.04367
   0.00566
   0.00723
   0.02271
   0.68415
   0.75913
   0.21436
   0.06800
   0.06318
   0.06428
   0.05586
   0.05317
   0.05215
   0.05007
   0.04834
   0.04744
   0.04662
   0.04583
   0.04512
   0.04436
   0.04309
   0.04118
   0.04020
   0.03964
   0.03904
   0.03847
   0.03790
   0.03735
   0.03682
   0.03629
   0.03578
   0.03526
   0.03478
   0.03431
   0.03384
   0.03338
   0.03293
   0.03250
   0.03207
   0.03165
   0.03126
   0.03086
   0.03047
   0.03011
   0.02974
   0.02938
   0.02904
   0.02871
   0.02838
   0.02806
   0.02774
   0.02742
   0.02712
   0.02682
   0.02652
   0.02622
   0.02591
   0.02561
   0.02532
   0.02502
   0.02474
   0.02444
   0.02416
   0.02387
   0.02357
   0.02329
   0.02299
   0.02270
   0.02242
   0.02212
   0.02185
   0.02156
   0.02128
   0.02100
   0.02073
