   0.68438
   0.69057
   0.70438
   0.71155
   0.72301
   0.72935
   0.72364
   0.72770
   0.73728
   0.73937
   0.73204
   0.73532
   0.73818
   0.73675
   0.73667
   0.73479
   0.73431
   0.73679
   0.73491
   0.73320
   0.73327
   0.73078
   0.72882
   0.72345
   0.72554
   0.72470
   0.72173
   0.72116
   0.72055
   0.72479
   0.72581
   0.72824
   0.73104
   0.73416
   0.73791
   0.74177
   0.74579
   0.75039
   0.75409
   0.75859
   0.76221
   0.76801
   0.77374
   0.78032
   0.78827
   0.79683
   0.80598
   0.81609
   0.82683
   0.83820
   0.85042
   0.86157
   0.87332
   0.88464
   0.89631
   0.90775
   0.91952
   0.92954
   0.93964
   0.94921
   0.95865
   0.96817
   0.97763
   0.98636
   0.99507
   1.00429
   1.01264
   1.02062
   1.02870
   1.03596
   1.04383
   1.05151
   1.05842
   1.06548
   1.07225
   1.07834
   1.08421
   1.08958
   1.09395
   1.09744
   1.10059
   1.10245
   1.10312
   1.10212
   1.09906
   1.09485
   1.08822
   1.07998
   1.06853
   1.05533
   1.03921
   1.01978
   0.99780
   0.97338
   0.94611
   0.91599
   0.88417
   0.84996
   0.81408
   0.77695
   0.73830
   0.69965
   0.65922
   0.62037
   0.58213
   0.54404
   0.50446
   0.46715
   0.43247
   0.40033
   0.36820
   0.33936
   0.31271
   0.28963
   0.26884
   0.25361
   0.23860
   0.23321
   0.22392
   0.21898
   0.22537
   0.23813
   0.24325
   0.26975
   0.27823
   0.28652
   0.29087
   0.29324
   0.29168
   0.28352
   0.27231
   0.26494
   0.27288
   0.30598
   0.35143
   0.35744
   0.20009
   0.11620
   0.09571
   0.08612
   0.08262
   0.08405
   0.09223
   0.03105
   0.03667
   0.03652
   0.03288
   0.02177
   0.19348
   0.02810
   0.02466
   0.01523
   0.01187
   0.00961
   0.00848
   0.00827
   0.00864
   0.01311
   0.00748
   0.00813
   0.00653
   0.06825
   0.00953
   0.00551
   0.00650
   0.00409
   0.06364
   0.25143
   0.00394
   0.04522
   0.04556
   0.00974
   0.28177
   0.00238
   0.02084
   0.00225
   0.25375
   0.00257
   0.03237
   0.01453
   0.01976
   0.00994
   0.07308
   0.75822
   0.00123
   0.00607
   0.63043
   0.00333
   0.00161
   0.00146
   0.00530
   0.04826
   0.00428
   0.01442
   0.00508
   0.00562
   0.00216
   0.00402
   0.01454
   0.00432
   0.00234
   0.00758
   0.00591
   0.00609
   0.00282
   0.00277
   0.06042
   0.00711
   0.00604
   0.00526
   0.00486
   0.00449
   0.00428
   0.01781
   0.00646
   0.00308
   0.04026
   0.00269
   0.00251
   0.03649
   0.00656
   0.00236
   0.00218
   0.00198
   0.00936
   0.00267
   0.00422
   0.00610
   0.13241
   0.13944
   0.18023
   0.21521
   0.28578
   0.51048
   0.23911
   0.14475
   0.23278
   0.21481
   0.17528
   0.42873
   0.31738
   0.21193
   0.32355
   0.32474
   0.25955
   0.10994
   0.14447
   0.25288
   0.00950
   0.08052
   0.09688
   0.03170
   0.03504
   0.10279
   0.06284
   0.05918
   0.01194
   0.08562
   0.04420
   0.03466
   0.00285
   0.00236
   0.00261
   0.00204
   0.00430
   0.00214
   0.00193
   0.00273
   0.00481
   0.00444
   0.00342
   0.00405
   0.00188
   0.00748
   0.00416
   0.00207
   0.00509
   0.00603
   0.00335
   0.00551
   1.41635
   0.00426
   0.00439
   0.00305
   0.00167
   0.01641
   0.00344
   0.00608
   0.00602
   0.01546
   0.00339
   0.00510
   0.01286
   0.01413
   0.00503
   0.09540
   0.01574
   0.00219
   0.00827
   0.01224
   0.01397
   0.00345
   0.01398
   0.00155
   0.00720
   0.01178
   0.01275
   0.00293
   0.01555
   0.01258
   0.01310
   0.00262
   0.00881
   0.01821
   0.01417
   0.00136
   0.00521
   0.00178
   0.01596
   0.01359
   0.01415
   0.00665
   0.10956
   0.01269
   0.01068
   0.00823
   0.00984
   0.01074
   0.00519
   0.00807
   0.01021
   0.01096
   0.00162
   0.00324
   0.00563
   0.00707
   0.00130
   0.00152
   0.00180
   0.00244
   0.00424
   0.00555
   0.00249
   0.03702
   0.00166
   0.00325
   0.00482
   0.00258
   0.00272
   0.00250
   0.00279
   0.00364
   0.00779
   0.00665
   0.00413
   0.00293
   0.00249
   0.00258
   0.00563
   0.00461
   0.00360
   0.00325
   0.00318
   0.77013
   0.00170
   0.00182
   0.00233
   0.22198
   0.04885
   0.03556
   0.00119
   0.00135
   0.00180
   0.00251
   0.02764
   0.00407
   0.00087
   0.00094
   0.00122
   0.00166
   0.03437
   0.00096
   0.00094
   0.00104
   0.00141
   1.18064
   0.00417
   0.00263
   0.00188
   0.00158
   0.00203
   0.00247
   0.00429
   0.00265
   0.00188
   0.00158
   0.00133
   0.00233
   0.72189
   0.19623
   0.11255
   0.07169
   0.05265
   0.04136
   0.03437
   0.03017
   0.02753
   0.02560
   0.02298
   0.02235
   0.01887
   0.01920
   0.01645
   0.01527
   0.01456
   0.01349
   0.01204
   0.01074
   0.00984
   0.00913
   0.00853
   0.00798
   0.00748
   0.00686
   0.00637
   0.00644
   0.00803
   0.00595
   0.00821
   0.00741
   0.00636
   0.00694
   0.00640
   0.00686
   0.00727
   0.00644
   0.00608
   0.00650
   0.00588
   0.00597
   0.00554
   0.00538
   0.00551
   0.00508
   0.00511
   0.00389
   0.00463
   0.00464
   0.00270
   0.00331
   0.00396
   0.00422
   0.00384
   0.00299
   0.00286
   0.00241
   0.00346
   0.00273
   0.00230
   0.00303
   0.00277
   0.00254
   0.00245
   0.00241
   0.00118
   0.00219
   0.00184
   0.00224
   0.00227
   0.00179
   1.56688
   0.81672
   0.69578
   0.69826
   0.70776
   0.71260
   0.71446
   0.71521
   0.71551
   0.71563
   0.71568
   0.71570
   0.71571
   0.71571
   0.71571
   0.71572
   0.71572
   0.71572
   0.71572
   0.71572
   0.71572
   0.71572
   0.71572
   0.71572
   0.71572
   0.71572
   0.71572
   0.71571
   0.71571
   0.71571
