   0.82239
   0.71108
   0.68904
   0.69043
   0.68879
   0.68809
   0.68726
   0.68642
   0.68561
   0.68478
   0.68393
   0.68310
   0.68228
   0.68143
   0.68057
   0.67966
   0.67878
   0.67789
   0.67696
   0.67607
   0.67507
   0.67417
   0.67317
   0.67218
   0.67661
   0.67070
   0.74121
   0.74685
   0.71388
   0.68176
   0.66705
   0.66174
   0.65940
   0.65863
   0.65780
   0.65648
   0.65542
   0.65426
   0.65330
   0.65227
   0.65142
   0.65030
   0.64929
   0.64832
   0.64744
   0.64662
   0.64591
   0.64509
   0.64447
   0.64384
   0.64342
   0.64299
   0.64277
   0.64298
   0.64293
   0.64348
   0.64366
   0.64493
   0.64591
   0.64724
   0.64946
   0.65245
   0.65538
   0.65930
   0.66368
   0.66920
   0.67343
   0.68144
   0.68788
   0.69427
   0.69997
   0.70415
   0.70740
   0.70899
   0.70989
   0.71044
   0.71113
   0.71174
   0.71237
   0.71311
   0.71258
   0.71191
   0.71027
   0.70817
   0.70550
   0.70192
   0.69829
   0.69459
   0.69092
   0.68592
   0.68229
   0.67010
   0.67438
   0.66346
   0.65945
   0.65453
   0.65078
   0.64283
   0.63870
   0.63364
   0.62526
   0.62440
   0.62122
   0.61457
   0.61089
   0.60392
   0.59891
   0.59457
   0.58851
   0.58267
   0.56742
   0.57086
   0.56957
   0.56138
   0.55634
   0.55073
   0.54214
   0.53691
   0.53162
   0.52299
   0.51789
   0.51267
   0.50462
   0.50083
   0.49468
   0.48571
   0.48208
   0.47360
   0.46950
   0.46039
   0.45631
   0.44816
   0.44405
   0.43524
   0.43076
   0.42222
   0.41692
   0.41150
   0.40651
   0.40210
   0.39763
   0.39413
   0.39015
   0.38721
   0.38364
   0.38095
   0.37833
   0.37599
   0.37329
   0.37176
   0.36972
   0.36868
   0.36757
   0.36685
   0.36624
   0.36629
   0.36602
   0.36589
   0.36597
   0.36580
   0.36461
   0.36426
   0.36286
   0.36211
   0.36087
   0.35893
   0.35781
   0.35507
   0.35297
   0.35137
   0.34890
   0.34686
   0.34468
   0.34173
   0.33969
   0.33656
   0.33434
   0.33226
   0.32857
   0.32687
   0.32435
   0.32156
   0.31957
   0.31734
   0.31371
   0.31112
   0.30848
   0.30548
   0.30290
   0.30029
   0.29813
   0.29530
   0.29334
   0.28990
   0.28797
   0.28511
   0.28203
   0.27901
   0.27835
   0.27516
   0.27358
   0.26998
   0.26819
   0.26455
   0.26178
   0.25746
   0.25499
   0.25274
   0.25017
   0.24936
   0.24732
   0.24473
   0.24277
   0.24073
   0.23975
   0.23637
   0.23510
   0.23297
   0.23125
   0.22984
   0.22699
   0.22594
   0.22516
   0.22209
   0.21989
   0.21643
   0.21282
   0.20993
   0.20553
   0.20454
   0.20207
   0.19827
   0.19538
   0.19070
   0.18861
   0.18635
   0.18323
   0.18036
   0.17657
   0.17220
   0.16774
   0.16631
   0.16335
   0.15909
   0.15592
   0.15351
   0.15011
   0.14967
   0.14494
   0.14239
   0.13980
   0.13715
   0.13355
   0.13219
   0.12975
   0.12670
   0.12377
   0.12375
   0.11935
   0.11825
   0.11555
   0.11469
   0.11073
   0.10819
   0.10692
   0.10428
   0.10313
   0.10093
   0.09934
   0.09731
   0.09513
   0.09336
   0.09081
   0.08951
   0.08560
   0.08611
   0.08309
   0.07998
   0.08010
   0.07704
   0.07515
   0.07362
   0.07331
   0.06931
   0.06866
   0.06592
   0.06510
   0.06395
   0.06158
   0.05911
   0.05983
   0.05793
   0.05706
   0.05505
   0.05378
   0.05226
   0.05066
   0.04805
   0.04653
   0.04505
   0.04550
   0.04272
   0.04317
   0.04162
   0.03947
   0.03870
   0.03745
   0.03753
   0.03640
   0.03609
   0.03525
   0.03463
   0.03365
   0.03283
   0.03246
   0.03201
   0.03214
   0.03161
   0.03147
   0.03163
   0.03179
   0.03192
   0.03136
   0.03536
   0.03548
   0.04207
   0.04434
   0.05073
   0.05588
   0.07114
   0.09060
   0.03278
   0.03247
   0.03252
   0.03247
   0.03336
   0.03269
   0.03329
   0.03243
   0.03385
   0.03258
   0.03332
   0.03261
   0.03421
   0.03214
   0.03360
   0.03324
   0.03325
   0.03280
   0.03367
   0.03385
   0.03349
   0.03349
   0.03290
   0.03234
   0.03268
   0.03198
   0.03161
   0.03152
   0.03128
   0.03025
   0.02976
   0.02898
   0.02887
   0.02764
   0.02720
   0.02558
   0.02496
   0.02307
   0.02220
   0.02129
   0.02080
   0.02017
   0.01978
   0.01922
   0.01876
   0.01836
   0.01804
   0.01747
   0.01719
   0.01687
   0.01687
   0.01640
   0.01641
   0.01599
   0.01576
   0.01547
   0.01521
   0.01471
   0.01437
   0.01419
   0.01405
   0.01374
   0.01328
   0.01320
   0.01293
   0.01268
   0.01252
   0.01224
   0.01208
   0.01165
   0.01157
   0.01138
   0.01112
   0.01090
   0.01077
   0.01046
   0.01038
   0.01022
   0.01010
   0.00985
   0.00972
   0.00952
   0.00906
   0.01002
   0.00871
   0.00921
   0.00797
   0.00866
   0.00814
   0.00888
   0.00778
   0.00878
   0.00764
   0.00773
   0.01842
   0.32326
   0.01543
   0.08187
   0.05758
   0.05689
   0.05429
   0.05398
   0.05151
   0.05157
   0.04913
   0.04888
   0.04704
   0.04626
   0.04490
   0.04393
   0.04282
   0.04173
   0.04073
   0.03975
   0.03878
   0.03789
   0.03699
   0.03615
   0.03532
   0.03451
   0.03366
   0.03291
   0.03219
   0.03154
   0.03085
   0.03018
   0.02954
   0.02889
   0.02835
   0.02782
   0.02730
   0.02682
   0.02616
   0.02565
   0.02518
   0.02471
   0.02426
   0.02383
   0.02342
   0.02302
   0.02269
   0.02228
   0.02191
   0.02157
   0.02124
   0.02091
   0.02058
   0.02025
   0.01995
   0.01966
   0.01938
   0.01954
   0.01893
   0.01851
   0.01832
   0.01847
   0.01782
   0.01752
   0.01733
   0.01709
   0.01720
   0.01656
   0.01643
   0.01619
   0.01627
   0.01567
   0.01564
   0.01531
   0.01544
   0.01481
   0.01492
   0.01469
   0.01436
   0.01427
   0.01419
   0.01377
   0.01381
   0.01358
   0.01337
   0.01324
   0.01312
   0.01282
   0.01282
   0.01259
   0.01243
   0.01230
   0.01220
   0.01195
   0.01187
   0.01171
   0.01161
   0.01145
   0.01123
   0.01117
   0.01095
   0.01094
   0.01073
   0.01073
   0.01030
   0.01052
   0.01018
   0.01032
   0.00998
   0.01009
   0.00981
   0.00987
   0.00963
   0.00950
   0.00947
   0.00939
   0.00915
   0.00915
   0.00907
   0.00890
   0.00884
   0.00880
   0.00859
   0.00857
   0.00851
   0.00836
   0.00830
   0.00827
   0.00809
   0.00802
   0.00799
   0.00788
   0.00777
   0.00771
   0.00762
   0.00755
   0.00746
   0.00738
   0.00731
   0.00725
   0.00719
   0.00707
   0.00700
   0.00696
   0.00689
   0.00682
   0.00675
   0.00668
   0.00659
   0.00659
   0.00650
   0.00636
   0.00628
   0.00633
   0.00625
   0.00615
   0.00619
   0.00608
   0.00597
   0.00589
   0.00604
   0.00581
   0.00578
   0.00567
   0.00593
   0.00558
   0.00570
   0.00537
   0.00565
   0.00550
   0.00556
   0.00520
   0.00564
   0.00476
   0.00600
   0.00528
   0.00507
   0.00553
   0.00438
   0.00580
   0.00494
   0.00537
   0.00431
   0.00561
   0.00514
   0.00484
   0.00537
   0.00467
   0.00519
   0.00468
   0.00507
   0.00483
   0.00491
   0.00481
   0.00490
   0.00474
   0.00480
   0.00445
   0.00465
   0.00385
   0.00443
   0.00247
   0.00039
   0.00471
   0.02052
   0.00691
   0.00626
   0.00495
   0.00367
   0.00288
   0.00241
   0.00213
   0.00190
   0.00172
   0.00158
   0.00147
   0.00139
   0.00132
   0.00126
   0.00120
   0.00115
   0.00111
   0.00108
   0.00104
   0.00101
   0.00098
   0.00095
   0.00092
   0.00089
   0.00086
   0.00084
   0.00082
   0.00080
   0.00078
   0.00076
   0.00075
   0.00073
   0.00072
   0.00070
   0.00069
   0.00068
   0.00067
   0.00066
   0.00065
   0.00064
   0.00064
   0.00063
   0.00062
   0.00062
   0.00061
   0.00061
   0.00060
   0.00060
   0.00060
   0.00059
   0.00059
   0.00058
   0.00058
   0.00058
   0.00057
   0.00057
   0.00057
   0.00056
   0.00056
   0.00056
   0.00056
   0.00055
   0.00055
   0.00055
   0.00055
   0.00054
   0.00054
   0.00054
   0.00053
   0.00053
   0.00053
   0.00052
   0.00052
   0.00051
   0.00051
   0.00050
   0.00050
   0.00049
   0.00049
   0.00048
   0.00047
   0.00047
   0.00046
   0.00045
   0.00045
   0.00044
   0.00044
   0.00043
   0.00043
   0.00042
   0.00042
   0.00041
   0.00041
   0.00040
   0.00040
   0.00040
   0.00039
   0.00039
   0.00039
   0.00038
   0.00038
   0.00038
   0.00038
   0.00037
   0.00037
   0.00037
   0.00037
   0.00037
   0.00037
   0.00036
   0.00037
   0.00037
   0.00048
   4.31938
   0.00079
   0.00107
   0.00085
   0.00082
   0.00080
   0.00078
   0.00075
   0.00073
   0.00072
   0.00070
   0.00069
   0.00068
   0.00067
   0.00066
   0.00065
   0.00064
   0.00064
   0.00063
   0.00062
   0.00061
   0.00060
   0.00059
   0.00059
   0.00058
   0.00057
   0.00056
   0.00055
   0.00054
   0.00054
   0.00053
   0.00052
   0.00052
   0.00051
   0.00050
   0.00050
   0.00049
   0.00048
   0.00048
   0.00047
   0.00047
   0.00046
   0.00046
   0.00045
   0.00045
   0.00045
   0.00044
   0.00044
   0.00044
   0.00043
   0.00043
   0.00043
   0.00042
   0.00042
   0.00042
   0.00042
   0.00041
   0.00041
   0.00041
   0.00041
   0.00040
   0.00040
   0.00040
   0.00040
   0.00040
   0.00039
   0.00039
   0.00039
   0.00039
   0.00039
   0.00039
   0.00039
   0.00038
   0.00038
   0.00038
   0.00038
   0.00038
   0.00038
   0.00038
   0.00038
   0.00038
   0.00038
   0.00037
   0.00037
   0.00037
   0.00037
   0.00037
   0.00037
   0.00037
   0.00037
   0.00037
   0.00037
   0.00037
   0.00037
   0.00037
   0.00037
   0.00037
   0.00037
   0.00037
   0.00036
   0.00036
   0.00036
   0.00036
   0.00035
   0.00035
   0.00034
   0.00034
   0.00033
   0.00033
   0.00032
   0.00032
   0.00032
   0.00031
   0.00031
   0.00031
   0.00030
   0.00030
   0.00030
   0.00030
   0.00030
   0.00030
   0.00029
   0.00029
   0.00029
   0.00029
   0.00029
   0.00029
   0.00029
   0.00029
   0.00029
   0.00029
   0.00029
   0.00029
   0.00029
   0.00030
   0.00030
   0.00031
   0.00035
   0.00247
   0.00223
   0.01341
   0.78814
   0.46755
   0.16559
   0.14537
   0.13302
   0.13033
   0.12681
   0.12364
   0.12072
   0.11808
   0.11532
   0.11267
   0.11022
   0.10793
   0.10563
   0.10349
   0.10144
   0.09945
   0.09754
   0.09575
   0.09398
   0.09231
   0.09070
   0.08913
   0.08762
   0.08612
   0.08467
   0.08328
   0.08192
   0.08055
   0.07919
   0.07788
   0.07651
   0.07523
   0.07393
   0.07268
   0.07146
   0.07028
   0.06911
   0.06800
   0.06687
   0.06584
   0.06473
   0.06370
   0.06274
   0.06172
   0.06074
   0.05985
   0.05892
   0.05800
   0.05716
   0.05632
   0.05555
   0.05471
   0.05404
   0.05321
   0.05248
   0.05184
   0.05110
   0.05029
   0.04955
   0.04886
   0.04830
   0.04768
   0.04712
   0.04652
   0.04599
   0.04540
   0.04479
   0.04421
   0.04347
   0.04276
   0.04190
   0.04105
   0.04009
   0.03900
   0.03781
   0.03648
   0.03502
   0.03354
   0.03203
   0.03051
   0.02903
   0.02770
   0.02643
   0.02527
   0.02425
   0.02331
   0.02246
   0.02172
   0.02106
   0.02049
   0.01998
   0.01954
   0.01917
   0.01884
   0.01857
   0.01833
   0.01811
   0.01791
   0.01769
   0.01742
   0.01710
   0.01673
   0.01633
   0.01593
   0.01558
   0.01526
   0.01496
   0.01469
   0.01442
   0.01416
   0.01392
   0.01367
   0.01344
   0.01321
