   0.67902
   0.68188
   0.67509
   0.68295
   0.67521
   0.67866
   0.67729
   0.67873
   0.67105
   0.66806
   0.66365
   0.66958
   0.66447
   0.66262
   0.66360
   0.66480
   0.67098
   0.66720
   0.66802
   0.66827
   0.66271
   0.67419
   0.66480
   0.66508
   0.66210
   0.66338
   0.66489
   0.66265
   0.66611
   0.66643
   0.66653
   0.66437
   0.66534
   0.66391
   0.66343
   0.66329
   0.66348
   0.66303
   0.66289
   0.66275
   0.66120
   0.66133
   0.66087
   0.66152
   0.66259
   0.66206
   0.66031
   0.65732
   0.65509
   0.65224
   0.64757
   0.64354
   0.63853
   0.63003
   0.62127
   0.61079
   0.60275
   0.59707
   0.59199
   0.58638
   0.58016
   0.57490
   0.56953
   0.56410
   0.55860
   0.55310
   0.54764
   0.54225
   0.53700
   0.53188
   0.52691
   0.52208
   0.51736
   0.51277
   0.50825
   0.50382
   0.49942
   0.49504
   0.49069
   0.48638
   0.48212
   0.47788
   0.47367
   0.46952
   0.46544
   0.46143
   0.45750
   0.45365
   0.44987
   0.44617
   0.44254
   0.43899
   0.43551
   0.43209
   0.42873
   0.42544
   0.42221
   0.41903
   0.41590
   0.41282
   0.40978
   0.40679
   0.40384
   0.40092
   0.39804
   0.39520
   0.39238
   0.38961
   0.38685
   0.38413
   0.38144
   0.37877
   0.37613
   0.37351
   0.37092
   0.36834
   0.36579
   0.36324
   0.36064
   0.35813
   0.35563
   0.35313
   0.35065
   0.34818
   0.34571
   0.34325
   0.34080
   0.33835
   0.33589
   0.33345
   0.33100
   0.32856
   0.32610
   0.32371
   0.32130
   0.31889
   0.31644
   0.31395
   0.31148
   0.30900
   0.30651
   0.30414
   0.30164
   0.29911
   0.29658
   0.29405
   0.29150
   0.28894
   0.28637
   0.28378
   0.28119
   0.27860
   0.27599
   0.27337
   0.27075
   0.26811
   0.26547
   0.26285
   0.26023
   0.25761
   0.25500
   0.25239
   0.24980
   0.24721
   0.24464
   0.24209
   0.23956
   0.23705
   0.23456
   0.23211
   0.22969
   0.22729
   0.22493
   0.22259
   0.22029
   0.21802
   0.21578
   0.21356
   0.21136
   0.20918
   0.20700
   0.20484
   0.20267
   0.20050
   0.19833
   0.19614
   0.19395
   0.19175
   0.18954
   0.18731
   0.18507
   0.18282
   0.18055
   0.17828
   0.17601
   0.17375
   0.17148
   0.16922
   0.16697
   0.16473
   0.16251
   0.16031
   0.15811
   0.15594
   0.15379
   0.15167
   0.14957
   0.14750
   0.14546
   0.14344
   0.14145
   0.13949
   0.13755
   0.13564
   0.13377
   0.13190
   0.13006
   0.12825
   0.12645
   0.12467
   0.12290
   0.12113
   0.11935
   0.11760
   0.11587
   0.11412
   0.11237
   0.11065
   0.10894
   0.10722
   0.10547
   0.10376
   0.10204
   0.10034
   0.09865
   0.09695
   0.09527
   0.09353
   0.09181
   0.09011
   0.08840
   0.08671
   0.08497
   0.08322
   0.08165
   0.08010
   0.07832
   0.07655
   0.07482
   0.07312
   0.07148
   0.06996
   0.06822
   0.06666
   0.06493
   0.06331
   0.06169
   0.06014
   0.05862
   0.05715
   0.05577
   0.05440
   0.05301
   0.05169
   0.05044
   0.04910
   0.04794
   0.04702
   0.04634
   0.04590
   0.04564
   0.04557
   0.04565
   0.04582
   0.04604
   0.04631
   0.04648
   0.04650
   0.04630
   0.04580
   0.04492
   0.04364
   0.04196
   0.03995
   0.03767
   0.03529
   0.03300
   0.03098
   0.02935
   0.02807
   0.02666
   0.02486
   0.02520
   0.03181
   0.03147
   0.03434
   0.04001
   0.04613
   0.04663
   0.05072
   0.06741
   0.06939
   0.05756
   0.06083
   0.06112
   0.06695
   0.06698
   0.06602
   0.06755
   0.07345
   0.07655
   0.07293
   0.06907
   0.06211
   0.03055
   0.02414
   0.04609
   0.04211
   0.04334
   0.03834
   0.03635
   0.03481
   0.03360
   0.03286
   0.03240
   0.03268
   0.03354
   0.03464
   0.03549
   0.03588
   0.03588
   0.03542
   0.03417
   0.03221
   0.03298
   0.03197
   0.04426
   0.03949
   0.03402
   0.04390
   0.00663
   0.03388
   0.02856
   0.02000
   0.09964
   0.03162
   0.02632
   0.00756
   0.00585
   0.00542
   0.00606
   0.00842
   0.00854
   0.00826
   0.00792
   0.00747
   0.00683
   0.00643
   0.00634
   0.00669
   0.00705
   0.00689
   0.00701
   0.01309
   0.03110
   0.00800
   0.00723
   0.00691
   0.04835
   0.07058
   0.00421
   0.05708
   0.04509
   0.00440
   0.00470
   0.00427
   0.00411
   0.00397
   0.00382
   0.00361
   0.00343
   0.00331
   0.00324
   0.00319
   0.00314
   0.00310
   0.00306
   0.00966
   0.01528
   0.00285
   0.01221
   0.00277
   0.00443
   0.00843
   0.00744
   0.00640
   0.00608
   0.00599
   0.00423
   0.00814
   0.00763
   0.00356
   0.00286
   0.00638
   0.00247
   0.00455
   0.00241
   0.00359
   0.00240
   0.00248
   0.00234
   0.00226
   0.00221
   0.00217
   0.00214
   0.00211
   0.00208
   0.00205
   0.00204
   0.00205
   0.00206
   0.00208
   0.00211
   0.00216
   0.00230
   0.00220
   0.00232
   0.00704
   0.00715
   0.00784
   0.00834
   0.00868
   0.00899
   0.00949
   0.01014
   0.01059
   0.01049
   0.00964
   0.00800
   0.00591
   0.00479
   0.00414
   0.00393
   0.30234
   0.00450
   0.00515
   0.00565
   0.00611
   0.00647
   0.00674
   0.00705
   0.00750
   0.00807
   0.00850
   0.00852
   0.00795
   0.00684
   0.00545
   0.00435
   0.00360
   0.00308
   0.00289
   0.00287
   0.00255
   0.00157
   0.00151
   0.00142
   0.00139
   0.00139
   0.00138
   0.00158
   0.00836
   0.00736
   0.00759
   0.00716
   0.00620
   0.00501
   0.00404
   0.00338
   0.00287
   0.00246
   0.00221
   0.00210
   0.00136
   0.00138
   0.00121
   0.00118
   0.00114
   0.00112
   0.00110
   0.00117
   0.00108
   0.00107
   0.00105
   0.00103
   0.00101
   0.00099
   0.00098
   0.00096
   0.00095
   0.00094
   0.00094
   0.00093
   0.00096
   0.00114
   0.00118
   0.00102
   0.00126
   0.00125
   0.00130
   0.00151
   0.00121
   0.00132
   0.00144
   0.00158
   0.00176
   0.00196
   0.00221
   0.00248
   0.00280
   0.00312
   0.00342
   0.00364
   0.00378
   0.00393
   0.00421
   0.00466
   0.00504
   0.00517
   0.00498
   0.00438
   0.00295
   0.00218
   0.00192
   0.00176
   0.00165
   0.00156
   0.00147
   0.00138
   0.00310
   0.00171
   0.00154
   0.00141
   0.00130
   0.00119
   0.00114
   0.00108
   0.00098
   0.00074
   0.00055
   0.00053
   0.00060
   0.00056
   0.00051
   0.00051
   0.42260
   0.01468
   0.01400
   0.01319
   0.01261
   0.01217
   0.01181
   0.01151
   0.01127
   0.01108
   0.01092
   0.01079
   0.01069
   0.01062
   0.01056
   0.01052
   0.01049
   0.01048
   0.01048
   0.01047
   0.01047
   0.01047
   0.01046
   0.01045
   0.01044
   0.01042
   0.01039
   0.01035
   0.01031
   0.01025
   0.01019
   0.01012
   0.01004
   0.00995
   0.00985
   0.00975
   0.00965
   0.00954
   0.00942
   0.00930
   0.00918
   0.00905
   0.00893
   0.00880
   0.00867
   0.00854
   0.00840
   0.00827
   0.00814
   0.00801
   0.00787
   0.00774
   0.00760
   0.00747
   0.00734
   0.00720
   0.00707
   0.00693
   0.00680
   0.00666
   0.00653
   0.00639
   0.00626
   0.00612
   0.00599
   0.00585
   0.00571
   0.00558
   0.00544
   0.00530
   0.00517
   0.00503
   0.00489
   0.00475
   0.00460
   0.00444
   0.00426
   0.00408
   0.00474
   0.00370
   0.06347
   0.00260
   0.00253
   0.00248
   0.00243
   0.00238
   0.00234
   0.00230
   0.00229
   0.00229
   0.00227
   0.00224
   0.00218
   0.00207
   0.00195
   0.00195
   0.00196
   0.00226
   0.00193
   0.00185
   0.00194
   0.00215
   0.00193
   0.00188
   0.00190
   0.00188
   0.00177
   0.01097
   0.00210
   0.00192
   0.00182
   0.00178
   0.00178
   0.00178
   0.00168
   0.00165
   0.00164
   0.00167
   0.00164
   0.00171
   0.00224
   0.00155
   0.00154
   0.00160
   0.00321
   0.00150
   0.00146
   0.00145
   0.00144
   0.00142
   0.00140
   0.00138
   0.00136
   0.00136
   0.00886
   0.00131
   0.00131
   0.00136
   0.00128
   0.00145
   0.00125
   0.00121
   0.00146
   0.00120
   0.00126
   0.00117
   0.04023
   0.00127
   0.00121
   0.00118
   0.00114
   0.00109
   0.00105
   0.00102
   0.00099
   0.00097
   0.00095
   0.00094
   0.00093
   0.00092
   0.00090
   0.00089
   0.00087
   0.00085
   0.00083
   0.00082
   0.00082
   0.00085
   0.00078
   0.00078
   0.01053
   0.00077
   0.00077
   0.00074
   0.00072
   0.00070
   0.00068
   0.00067
   0.00066
   0.00065
   0.00064
   0.00063
   0.00061
   0.00060
   0.00059
   0.00058
   0.00058
   0.00058
   0.00055
   0.00056
   0.00065
   0.00146
   0.55856
   0.00044
   0.00045
   0.00046
   0.00047
   0.00048
   0.00050
   0.00053
   0.00058
   0.00061
   0.00063
   0.00063
   0.00062
   0.00060
   0.00057
   0.00054
   0.00053
   0.00056
   0.00054
   0.00053
   0.00051
   0.00049
   0.00047
   0.00045
   0.00043
   0.00041
   0.00039
   0.00038
   0.00037
   0.00036
   0.00035
   0.00034
   0.00034
   0.00033
   0.00032
   0.00032
   0.00031
   0.00031
   0.00031
   0.00031
   0.00030
   0.00029
   0.00029
   0.00030
   0.00031
   0.00032
   0.03034
   0.00026
   0.00025
   0.00025
   0.00025
   0.00025
   0.00025
   0.00025
   0.00026
   0.00026
   0.00026
   0.00026
   0.00027
   0.00027
   0.00028
   0.00029
   0.00033
   0.00036
   0.00038
   0.00039
   0.00039
   0.00038
   0.00037
   0.00035
   0.00033
   0.00032
   0.00031
   0.00032
   0.00031
   0.00030
   0.00029
   0.00028
   0.00027
   0.00025
   0.00024
   0.00023
   0.00022
   0.00022
   0.00021
   0.00020
   0.00020
   0.00020
   0.00019
   0.00019
   0.00019
   0.00018
   0.00018
   0.00018
   0.00018
   0.00018
   0.00017
   0.00019
   0.00019
   0.00020
   0.00019
   0.00017
   0.00015
   0.00015
   0.03599
   0.00014
   0.00014
   0.00014
   0.00014
   0.00014
   0.00014
   0.00014
   0.00014
   0.00014
   0.00014
   0.00014
   0.00014
   0.00015
   0.00016
   0.00020
   0.00022
   0.00022
   0.00022
   0.00022
   0.00021
   0.00020
   0.00020
   0.00019
   0.00018
   0.00017
   0.00017
   0.00017
   0.00016
   0.00016
   0.00015
   0.00014
   0.00014
   0.00013
   0.00012
   0.00012
   0.00011
   0.00011
   0.00011
   0.00011
   0.00011
   0.00010
   0.00010
   0.00010
   0.00010
   0.00010
   0.00009
   0.00010
   0.00010
   0.00009
   0.00009
   0.00009
   0.00018
   0.00008
   0.00008
   0.00009
   0.00009
   0.00010
   0.00014
   0.00014
   0.00014
   0.00014
   0.00013
   0.00013
   0.00012
   0.00011
   0.00011
   0.00010
   0.00010
   0.00010
   0.00009
   0.00009
   0.00009
   0.00008
   0.00008
   0.00008
   0.00007
   0.00007
   0.00007
   0.00007
   0.00007
   0.00007
   0.00006
   0.00006
   0.00006
   0.00006
   0.00006
   0.00006
   0.00006
   0.00006
   0.00006
   0.00005
   0.00005
   0.00005
   0.00005
   0.00005
   0.12362
   0.00007
   0.00007
   0.00006
   0.00006
   0.00006
   0.00006
   0.00006
   0.00006
   0.00006
   0.00005
   0.00005
   0.00005
   0.00005
   0.00005
   0.00005
   0.00005
   0.00005
   0.00005
   0.00005
   0.00005
   0.00005
   0.00005
   0.00005
   0.00005
   0.00005
   0.00005
   0.00005
   0.00005
   0.00006
   0.00008
   0.00008
   0.00008
   0.00007
   0.00007
   0.00007
   0.00006
   0.00006
   0.00006
   0.00006
   0.00005
   0.00005
   0.00005
   0.00005
   0.00005
   0.00005
   0.00004
   0.00004
   0.00004
   0.00004
   0.00004
   0.00004
   0.00004
