   0.66670
   0.67147
   0.66901
   0.66770
   0.66663
   0.66582
   0.66510
   0.66449
   0.66398
   0.66340
   0.66299
   0.66267
   0.66232
   0.66199
   0.66207
   0.66136
   0.66110
   0.66080
   0.66058
   0.66034
   0.66012
   0.65980
   0.65960
   0.65934
   0.65912
   0.65890
   0.65880
   0.65839
   0.65879
   0.65871
   0.65744
   0.65788
   0.65712
   0.65792
   0.65687
   0.65634
   0.65598
   0.65619
   0.65632
   0.65638
   0.65511
   0.65615
   0.65455
   0.65456
   0.65379
   0.65034
   0.65036
   0.64762
   0.64411
   0.63997
   0.63513
   0.62975
   0.62400
   0.60929
   0.61127
   0.60528
   0.59510
   0.58305
   0.57698
   0.56649
   0.55691
   0.54791
   0.53957
   0.53172
   0.52366
   0.51466
   0.50452
   0.49366
   0.48316
   0.47414
   0.46477
   0.45614
   0.44820
   0.44095
   0.43421
   0.42790
   0.42204
   0.41652
   0.41128
   0.40627
   0.40148
   0.39683
   0.39233
   0.38794
   0.38366
   0.37947
   0.37536
   0.37132
   0.36735
   0.36348
   0.35921
   0.35539
   0.35166
   0.34800
   0.34441
   0.34090
   0.33748
   0.33413
   0.33088
   0.32772
   0.32464
   0.32166
   0.31875
   0.31591
   0.31314
   0.31044
   0.30777
   0.30516
   0.30260
   0.30007
   0.29757
   0.29514
   0.29270
   0.29034
   0.28800
   0.28574
   0.28349
   0.28131
   0.27920
   0.27706
   0.27494
   0.27281
   0.27060
   0.26835
   0.26594
   0.26341
   0.26069
   0.25772
   0.25448
   0.25095
   0.24707
   0.24285
   0.23826
   0.23331
   0.22800
   0.22234
   0.21636
   0.21014
   0.20370
   0.19713
   0.19047
   0.18380
   0.17717
   0.17063
   0.16427
   0.15811
   0.15220
   0.14658
   0.14123
   0.13618
   0.13145
   0.12700
   0.12282
   0.11891
   0.11524
   0.11178
   0.10850
   0.10539
   0.10242
   0.09956
   0.09681
   0.09414
   0.09154
   0.08901
   0.08652
   0.08408
   0.08167
   0.07930
   0.07695
   0.07463
   0.07233
   0.07005
   0.06779
   0.06554
   0.06332
   0.06113
   0.05898
   0.05686
   0.05480
   0.05281
   0.05089
   0.04905
   0.04730
   0.04566
   0.04411
   0.04268
   0.04136
   0.04016
   0.03908
   0.03812
   0.03728
   0.03657
   0.03597
   0.03550
   0.03513
   0.03483
   0.03459
   0.03436
   0.03410
   0.03375
   0.03326
   0.03261
   0.03182
   0.03095
   0.03002
   0.02922
   0.02862
   0.02828
   0.02461
   0.01379
   0.01784
   0.03118
   0.04629
   0.04447
   0.04269
   0.04077
   0.03860
   0.03620
   0.03366
   0.03117
   0.02911
   0.02921
   0.02626
   0.00861
   0.02237
   0.02205
   0.02081
   0.01930
   0.01784
   0.01712
   0.01691
   0.01594
   0.01489
   0.01411
   0.01348
   0.01244
   0.01107
   0.00974
   0.00855
   0.00768
   0.00709
   0.00643
   0.00580
   0.00488
   0.00373
   0.00252
   0.00628
   0.25589
   0.00881
   0.00263
   0.00648
   0.00437
   0.00762
   0.00720
   0.00661
   0.00618
   0.00565
   0.00212
   0.00285
   0.00341
   0.00310
   0.00200
   0.00208
   0.00559
   0.00188
   0.00264
   0.00266
   0.00285
   0.00375
   0.00274
   0.00266
   0.00249
   0.00224
   0.00223
   0.01082
   0.00299
   0.00276
   0.00260
   0.00243
   0.00208
   0.00203
   0.00184
   0.00195
   0.00493
   0.00186
   0.00167
   0.65963
   0.00387
   0.00309
   0.00305
   0.00311
   0.00305
   0.00292
   0.00275
   0.00256
   0.00237
   0.00220
   0.00204
   0.00190
   0.00174
   0.00162
   0.00144
   0.00136
   0.00130
   0.00254
   0.00115
   0.00109
   0.00114
   0.00104
   0.00138
   0.00155
   0.00298
   0.00204
   0.00213
   0.00210
   0.00203
   0.00193
   0.00181
   0.00168
   0.00156
   0.00147
   0.00139
   0.00133
   0.00122
   0.00113
   0.00105
   0.00099
   0.00095
   0.00094
   0.00102
   0.00142
   0.16839
   0.09226
   0.08922
   0.08551
   0.08040
   0.07403
   0.06944
   0.06459
   0.06031
   0.05645
   0.05307
   0.05004
   0.04726
   0.04481
   0.04253
   0.04044
   0.03840
   0.03654
   0.03476
   0.03310
   0.03149
   0.02997
   0.02852
   0.02715
   0.02582
   0.02456
   0.02336
   0.02221
   0.02112
   0.02008
   0.01908
   0.01814
   0.01724
   0.01638
   0.01556
   0.01478
   0.01404
   0.01334
   0.01267
   0.01204
   0.01144
   0.01087
   0.01033
   0.00982
   0.00934
   0.00889
   0.00846
   0.00806
   0.00767
   0.00730
   0.00696
   0.00665
   0.00634
   0.00607
   0.00580
   0.00556
   0.00533
   0.00511
   0.00491
   0.00473
   0.00456
   0.00440
   0.00426
   0.00413
   0.00401
   0.00391
   0.00385
   0.00383
   0.00384
   0.00375
   0.00360
   0.00349
   0.00241
   0.00367
   0.00242
   0.00262
   0.00169
   0.02402
   0.01725
   0.01583
   0.01521
   0.01598
   0.02096
   0.02200
   0.02441
   0.02639
   0.02402
   0.02336
   0.02364
   0.02213
   0.02127
   0.02036
   0.01912
   0.01831
   0.01781
   0.01685
   0.01643
   0.01599
   0.01562
   0.01525
   0.01477
   0.01438
   0.01386
   0.01343
   0.01296
   0.01246
   0.01202
   0.01148
   0.01113
   0.01065
   0.01029
   0.00993
   0.00959
   0.00926
   0.00895
   0.00866
   0.00843
   0.00821
   0.00801
   0.00787
   0.00781
   0.00778
   0.00794
   0.00830
   0.00894
   0.00973
   0.01003
   0.00983
   0.00898
   0.00810
   0.00725
   0.00649
   0.00584
   0.00531
   0.00487
   0.00447
   0.00416
   0.00384
   0.00357
   0.00332
   0.00308
   0.00286
   0.00265
   0.00249
   0.00234
   0.00218
   0.00204
   0.00190
   0.00180
   0.00167
   0.00159
   0.00148
   0.00137
   0.00128
   0.00118
   0.00107
   0.00095
   0.00083
   0.00076
   0.00070
   0.00066
   0.00064
   0.00066
   0.00086
   0.00088
   0.00088
   0.00087
   0.00085
   0.00083
   0.00080
   0.00078
   0.00078
   0.00078
   0.00079
   0.00080
   0.00082
   0.00084
   0.00087
   0.00088
   0.00089
   0.00088
   0.00088
   0.00088
   0.00088
   0.00089
   0.00096
   0.00096
   0.00097
   0.00096
   0.00087
   0.00072
   0.00087
   0.00089
   0.00086
   0.00084
   0.00082
   0.00081
   0.00081
   0.00082
   0.00083
   0.00085
   0.00087
   0.00089
   0.00089
   0.00089
   0.00088
   0.00086
   0.00084
   0.00082
   0.00080
   0.00079
   0.00076
   0.00068
   0.00065
   0.00063
   0.00061
   0.00061
   0.00061
   0.00062
   0.00064
   0.00067
   0.00073
   0.00085
   0.00070
   0.00073
   0.00088
   0.00061
   0.00051
   0.00052
   0.00053
   0.00054
   0.00055
   0.00056
   0.00057
   0.00059
   0.00060
   0.00061
   0.00061
   0.00061
   0.00061
   0.00060
   0.00058
   0.00057
   0.00055
   0.00054
   0.00054
   0.00054
   0.00055
   0.00056
   0.00057
   0.00058
   0.00059
   0.00059
   0.00058
   0.00057
   0.00055
   0.00055
   0.00054
   0.00053
   0.00051
   0.00046
   0.00044
   0.00043
   0.00041
   0.00041
   0.00040
   0.00041
   0.00042
   0.00044
   0.00047
   0.00054
   0.00063
   0.00054
   0.00053
   0.00038
   0.00038
   0.00038
   0.00038
   0.00038
   0.00038
   0.00038
   0.00038
   0.00039
   0.00040
   0.00041
   0.00042
   0.00043
   0.00044
   0.00044
   0.00045
   0.00044
   0.00044
   0.00043
   0.00042
   0.00041
   0.00040
   0.00039
   0.00039
   0.00040
   0.00040
   0.00041
   0.00042
   0.00043
   0.00043
   0.00043
   0.00042
   0.00040
   0.00040
   0.00039
   0.00039
   0.00037
   0.00035
   0.00033
   0.00031
   0.00030
   0.00029
   0.00028
   0.00029
   0.00030
   0.00032
   0.00035
   0.00040
   0.00049
   0.31415
   0.00023
   0.00023
   0.00023
   0.00024
   0.00025
   0.00025
   0.00026
   0.00026
   0.00027
   0.00027
   0.00027
   0.00027
   0.00026
   0.00026
   0.00025
   0.00024
   0.00023
   0.00023
   0.00023
   0.00023
   0.00023
   0.00024
   0.00024
   0.00024
   0.00024
   0.00024
   0.00023
   0.00023
   0.00022
   0.00022
   0.00022
   0.00021
   0.00020
   0.00019
   0.00018
   0.00017
   0.00017
   0.00016
   0.00016
   0.00017
   0.00018
   0.00020
   0.00023
   0.00027
   0.00035
   0.00018
   0.00013
   0.00014
   0.00014
   0.00014
   0.00014
   0.00015
   0.00015
   0.00016
   0.00016
   0.00017
   0.00017
   0.00017
   0.00017
   0.00017
   0.00017
   0.00017
   0.00016
   0.00016
   0.00015
   0.00015
   0.00015
   0.00015
   0.00015
   0.00015
   0.00015
   0.00016
   0.00016
   0.00016
   0.00015
   0.00015
   0.00015
   0.00015
   0.00015
   0.00014
   0.00014
   0.00013
   0.00012
   0.00012
   0.00011
   0.00011
   0.00011
   0.00011
   0.00012
   0.00013
   0.00015
   0.00017
   0.00022
   0.01397
   0.00684
   0.00483
   0.00381
   0.00322
   0.00280
   0.00245
   0.00222
   0.00200
   0.00183
   0.00170
   0.00161
   0.00153
   0.00146
   0.00138
   0.00130
   0.00123
   0.00118
   0.00114
   0.00111
   0.00107
   0.00102
   0.00098
   0.00096
   0.00096
   0.00098
   0.00103
   0.00110
   0.00121
   0.00136
   0.00135
   0.00104
   0.00171
   0.00139
   0.00138
   0.00137
   0.00136
   0.00134
   0.00132
   0.00130
   0.00130
   0.00129
   0.00130
   0.00130
   0.00129
   0.00127
   0.00125
   0.00121
   0.00117
   0.00114
   0.00110
   0.00107
   0.00104
   0.00102
   0.00100
   0.00097
   0.00093
   0.00092
   0.00091
   0.00092
   0.00095
   0.00100
   0.00107
   0.00117
   0.00129
   0.00124
   0.00087
   0.00102
   0.00109
   0.00088
   0.00097
   0.00097
   0.00097
   0.00096
   0.00095
   0.00094
   0.00093
   0.00092
   0.00092
   0.00092
   0.00092
   0.00093
   0.00092
   0.00092
   0.00090
   0.00087
   0.00084
   0.00072
   0.00057
   0.00049
   0.00049
   0.00048
   0.00047
   0.00045
   0.00043
   0.00042
   0.00040
   0.00038
   0.00037
   0.00036
   0.00035
   0.00033
   0.00031
   0.00029
   0.00028
   0.00028
   0.00027
   0.00027
   0.00028
   0.00029
   0.00031
   0.00034
   0.00038
   0.00042
   0.00026
   0.00025
   0.00025
   0.00025
   0.00025
   0.00025
   0.00025
   0.00025
   0.00025
   0.00025
   0.00026
   0.00026
   0.00026
   0.00026
   0.00026
   0.00027
   0.00027
   0.00028
   0.00028
   0.00029
   0.00030
   0.00030
   0.00031
   0.00031
   0.00031
   0.00030
   0.00030
   0.00030
   0.00029
   0.00029
   0.00029
   0.00029
   0.00029
   0.00029
   0.00030
   0.00030
   0.00029
   0.00029
   0.00028
   0.00027
   0.00026
   0.00025
   0.00024
   0.00024
   0.00023
   0.00021
   0.00020
   0.00019
   0.00019
   0.00019
   0.00019
   0.00020
   0.00021
   0.00023
   0.00026
   0.00029
   0.00025
   0.00014
   0.00014
   0.00014
   0.00014
   0.00014
   0.00014
   0.00014
   0.00014
   0.00015
   0.00015
   0.00015
   0.00015
   0.00015
   0.00015
   0.00015
   0.00016
   0.00016
   0.00016
   0.00017
   0.00017
   0.00017
   0.00018
   0.00019
   0.00019
   0.00020
   0.00020
   0.00021
   0.00021
   0.00021
   0.00022
   0.00022
   0.00022
   0.00021
   0.00021
   0.00021
   0.00021
   0.00020
   0.00020
   0.00021
   0.00021
   0.00021
   0.00021
   0.00021
   0.00021
   0.00021
   0.00020
   0.00019
   0.00019
   0.00018
   0.00018
   0.00018
   0.00015
   0.00015
   0.00014
   0.00014
   0.00014
   0.00014
   0.00014
   0.00015
   0.00016
   0.00018
   0.00020
   0.00022
   0.00019
   0.08228
   0.02794
   0.01463
   0.00927
   0.00643
   0.00469
   0.00361
   0.00289
   0.00240
   0.00204
   0.00180
   0.00159
   0.00145
   0.00133
   0.00123
   0.00115
   0.00107
