   0.71755
   0.71712
   0.70994
   0.71417
   0.71693
   0.71646
   0.71517
   0.72149
   0.72774
   0.72173
   0.71973
   0.71865
   0.71788
   0.71310
   0.71322
   0.71512
   0.70899
   0.71029
   0.71072
   0.71480
   0.71181
   0.71456
   0.71809
   0.71778
   0.71801
   0.71848
   0.71862
   0.72004
   0.72154
   0.72213
   0.72214
   0.72156
   0.72150
   0.72041
   0.71889
   0.71687
   0.71451
   0.71195
   0.70942
   0.70677
   0.70405
   0.70125
   0.69790
   0.69472
   0.69055
   0.68347
   0.67833
   0.67130
   0.66301
   0.65462
   0.64452
   0.63478
   0.62388
   0.61246
   0.60106
   0.58969
   0.57867
   0.56720
   0.55601
   0.54468
   0.53382
   0.52256
   0.51370
   0.50130
   0.48914
   0.51058
   0.47972
   0.46626
   0.45283
   0.47616
   0.46567
   0.45410
   0.44286
   0.43195
   0.42193
   0.41162
   0.40015
   0.38811
   0.37777
   0.36582
   0.35355
   0.33988
   0.32590
   0.31076
   0.29958
   0.28115
   0.26303
   0.24281
   0.22378
   0.20630
   0.19235
   0.17887
   0.16176
   0.18697
   0.13443
   0.12925
   0.12227
   0.11869
   0.11188
   0.10464
   0.12117
   0.14184
   0.40419
   0.34472
   0.37216
   0.34156
   0.10298
   0.30017
   0.12747
   0.11911
   0.11718
   0.11955
   0.11285
   0.11888
   0.10844
   0.10560
   0.10230
   0.13110
   0.34300
   0.20379
   0.14181
   0.10965
   0.10026
   0.07368
   0.04255
   0.03948
   0.03879
   0.03863
   0.03937
   0.03835
   0.04012
   0.03657
   0.04480
   0.04112
   0.08804
   0.03265
   0.08299
   0.04377
   0.08959
   0.01912
   0.04565
   0.01461
   0.01367
   0.01298
   0.01252
   0.14827
   0.00988
   0.00939
   0.07653
   0.01579
   0.04990
   0.05467
   0.04642
   0.03580
   0.02608
   0.05333
   0.01329
   0.03320
   0.05528
   0.03886
   0.04025
   0.04038
   0.02397
   0.04302
   0.01876
   0.04003
   0.04143
   0.08660
   0.03289
   0.02162
   0.02110
   0.43751
   0.07360
   0.01697
   0.04518
   0.02685
   0.01134
   0.01790
   0.03537
   0.50015
   0.01428
   0.01048
   0.01064
   0.01781
   0.01193
   0.01501
   0.01016
   0.01046
   0.01067
   0.01135
   0.00936
   0.00840
   0.00792
   0.01844
   0.04934
   0.04113
   0.70037
   0.03580
   0.60622
   0.03238
   0.02202
   0.01384
   0.03491
   0.09041
   0.05185
   0.03832
   0.01771
   0.21181
   0.05657
   0.05729
   0.04589
   0.01545
   0.01464
   0.02299
   0.01420
   0.03877
   0.11804
   0.09800
   0.10688
   0.07617
   0.03093
   0.02379
   0.07346
   0.03997
   0.06898
   0.09753
   0.08447
   0.07423
   0.01691
   0.05574
   0.06010
   0.04853
   0.02669
   0.03087
   0.07771
   0.01943
   0.05593
   0.04387
   0.04127
   0.03489
   0.01564
   0.02481
   0.04441
   0.03165
   0.02543
   0.02367
   0.00535
   0.10985
   0.01371
   0.01284
   0.01124
   0.01038
   0.00842
   0.00727
   0.00473
   0.12991
   0.01001
   0.00966
   0.01006
   0.01048
   0.01092
   0.01223
   0.01325
   0.00441
   0.00903
   0.01818
   0.00296
   0.01364
   0.00247
   0.00430
   0.00608
   0.01535
   0.01439
   0.00815
   0.01105
   0.00389
   0.00678
   0.01023
   0.00485
   0.00204
   0.00189
   0.00175
   0.00184
   0.00146
   0.00232
   0.00570
   0.00648
   0.00138
   0.00563
   0.00385
   0.00298
   0.00255
   0.00244
   0.00402
   0.00348
   0.00617
   0.00308
   0.00754
   0.00147
   0.70607
   0.71402
   0.71531
   0.71555
   0.71558
   0.71556
   0.71554
   0.71553
   0.71552
   0.71551
   0.71550
   0.71550
   0.71550
   0.71549
   0.71549
   0.71549
   0.71549
   0.71549
   0.71549
   0.71549
   0.71549
   0.71549
   0.71549
   0.71549
   0.71549
   0.71549
   0.71549
   0.71549
   0.71549
   0.71549
   0.71549
   0.71549
   0.71549
   0.71549
   0.71549
   0.71549
   0.71549
   0.71549
   0.71549
   0.71549
   0.71549
   0.71548
   0.71548
   0.71548
   0.71548
   0.71548
   0.71548
   0.71548
   0.71548
   0.71548
   0.71548
   0.71548
   0.71548
   0.71548
   0.71548
   0.71548
   0.71548
   0.71548
   0.71548
   0.71548
   0.71548
   0.71548
   0.71548
   0.71548
   0.71548
   0.71548
   0.71548
   0.71548
   0.71548
   0.71548
   0.71548
   0.71548
   0.71548
   0.71548
   0.71548
   0.71548
   0.71548
   0.71548
   0.71548
   0.71548
   0.71548
   0.71548
   0.71548
   0.71548
   0.71548
   0.71548
   0.71548
   0.71548
   0.71548
   0.71548
   0.71548
   0.71548
   0.71548
   0.71548
   0.71548
   0.71548
   0.71548
   0.71548
   0.71548
   0.71548
   0.71548
   0.71548
   0.71547
   0.71547
   0.71547
   0.71547
   0.71547
   0.71547
   0.71547
   0.71547
   0.71547
   0.71547
   0.71547
   0.71547
   0.71547
   0.71547
   0.71547
   0.71547
   0.71547
   0.71547
   0.71547
   0.71547
   0.71547
   0.71547
   0.71547
   0.71547
   0.71547
   0.71547
   0.71547
   0.71547
   0.71547
   0.71547
   0.71547
   0.71547
   0.71547
   0.71547
   0.71547
   0.71547
   0.71547
   0.71547
   0.71547
   0.71547
   0.71547
   0.71547
   0.71547
   0.71547
   0.71547
   0.71547
   0.71547
   0.71547
   0.71547
   0.71547
   0.71547
   0.71547
   0.71547
   0.71547
   0.71546
   0.71546
   0.71546
   0.71546
   0.71546
   0.71546
   0.71546
   0.71546
   0.71546
   0.71546
   0.71546
   0.71546
   0.71546
   0.71546
   0.71546
   0.71546
   0.71546
   0.71546
   0.71546
   0.71546
   0.71546
   0.71546
   0.71546
   0.71546
   0.71546
   0.71546
   0.71546
   0.71546
   0.71546
   0.71546
   0.71546
   0.71546
   0.71546
   0.71546
   0.71546
   0.71546
   0.71546
   0.71546
   0.71546
   0.71546
   0.71546
   0.71546
   0.71546
   0.71546
   0.71546
