   0.69886
   0.69940
   0.70377
   0.70254
   0.70721
   0.71003
   0.71125
   0.71505
   0.71679
   0.71211
   0.72136
   0.74304
   0.74013
   0.73821
   0.73653
   0.73716
   0.74081
   0.74305
   0.74345
   0.74333
   0.74394
   0.74285
   0.74630
   0.74663
   0.74740
   0.75067
   0.74875
   0.74958
   0.74990
   0.74902
   0.74976
   0.74314
   0.74187
   0.74254
   0.74177
   0.73850
   0.73165
   0.72964
   0.72385
   0.68999
   0.68835
   0.68700
   0.68545
   0.68423
   0.68332
   0.68260
   0.68147
   0.67990
   0.67886
   0.67893
   0.67986
   0.68108
   0.68186
   0.68194
   0.68133
   0.68030
   0.67894
   0.67740
   0.67557
   0.67327
   0.67064
   0.66752
   0.66376
   0.65987
   0.65508
   0.65081
   0.64543
   0.63923
   0.63220
   0.62575
   0.61903
   0.61199
   0.60475
   0.59722
   0.58946
   0.58153
   0.57339
   0.56505
   0.55657
   0.54794
   0.53920
   0.53064
   0.52130
   0.51220
   0.50296
   0.49364
   0.48420
   0.47482
   0.46515
   0.45554
   0.44589
   0.43631
   0.42682
   0.41751
   0.40856
   0.39977
   0.39146
   0.38354
   0.37618
   0.36912
   0.36222
   0.35547
   0.34880
   0.34170
   0.33417
   0.32598
   0.31690
   0.30694
   0.29608
   0.28444
   0.27218
   0.25960
   0.24680
   0.23393
   0.22118
   0.20855
   0.19611
   0.18398
   0.17222
   0.16087
   0.15005
   0.13990
   0.13065
   0.12252
   0.11577
   0.11075
   0.10790
   0.10770
   0.11072
   0.11703
   0.12598
   0.13650
   0.14375
   0.14188
   0.12421
   0.10028
   0.07896
   0.05914
   0.05274
   0.05064
   0.05307
   0.05248
   0.05227
   0.05169
   0.04705
   0.03701
   0.03347
   0.03174
   0.03021
   0.02897
   0.02795
   0.02708
   0.02610
   0.02455
   0.02256
   0.02164
   0.04416
   0.02091
   0.01841
   0.02061
   0.01661
   0.01540
   0.01473
   0.01381
   0.02621
   0.02145
   0.01714
   0.01821
   0.02792
   0.01957
   0.00911
   0.00987
   0.01307
   0.05043
   0.05292
   0.04121
   0.03757
   0.05918
   0.05676
   0.02120
   0.09514
   0.01610
   0.02023
   0.04722
   0.01945
   0.01198
   0.01066
   0.04374
   0.01029
   0.01550
   0.12076
   0.00993
   0.00752
   0.00764
   0.03454
   0.00711
   0.00674
   0.00630
   0.00600
   0.00676
   0.00586
   0.00548
   0.00517
   0.00504
   0.03344
   0.01060
   0.00756
   0.00621
   0.00508
   0.00419
   0.00396
   0.00486
   0.05084
   0.03317
   0.01864
   0.03737
   0.07012
   0.01591
   0.01459
   0.01110
   0.03950
   0.03019
   0.02681
   0.02829
   0.01243
   0.01012
   0.00636
   0.00834
   0.00853
   0.00936
   0.01741
   0.01489
   0.00593
   0.00866
   0.00670
   0.00561
   0.00511
   0.00482
   0.00430
   0.00398
   0.00354
   0.00316
   0.00297
   0.01417
   0.00614
   0.00558
   0.00532
   0.00524
   0.00596
   0.00714
   0.00613
   0.00464
   0.00808
   0.00694
   0.00584
   0.00507
   0.00470
   0.00446
   0.00428
   0.00412
   0.00412
   0.00472
   0.00383
   0.00362
   0.00339
   0.00338
   0.00441
   0.00371
   0.00301
   0.00285
   0.00292
   0.00347
   0.00313
   0.00250
   0.00327
   0.00342
   0.00346
   0.00298
   0.00233
   0.00203
   0.00193
   0.00185
   0.00182
   0.02624
   0.00255
   0.00243
   0.00221
   0.00184
   0.00153
   0.00139
   0.00134
   0.00131
   0.00131
   0.00120
   0.07679
   0.00661
   0.00545
   0.00533
   0.00554
   0.00506
   0.00436
   0.00360
   0.00440
   0.00725
   0.00698
   0.00311
   0.00347
   0.00518
   0.00489
   0.00457
   0.00302
   0.00668
   0.00252
   0.00246
   0.00234
   0.00219
   0.00213
   0.00229
   0.00264
   0.00298
   0.00319
   0.00316
   0.00273
   0.00203
   0.00299
   0.75498
   0.00173
   0.00169
   0.00167
   0.00165
   0.00161
   0.00153
   0.00147
   0.00156
   0.00188
   0.00229
   0.00276
   0.00314
   0.00294
   0.00223
   0.00108
   0.00135
   0.00274
   0.00137
   0.00131
   0.00127
   0.00124
   0.00123
   0.00122
   0.00118
   0.00112
   0.00113
   0.00139
   0.00173
   0.00219
   0.00280
   0.00313
   0.00264
   0.00193
   0.00133
   0.00130
   0.01305
   0.00701
   0.00540
   0.00449
   0.00433
   0.00582
   0.00840
   0.01030
   0.00783
   0.03134
   0.00295
   0.00276
   0.00639
   0.00334
   0.00421
   0.00221
   0.00213
   0.00244
   0.00232
   0.00210
   0.00190
   0.00191
   0.00222
   0.00286
   0.00339
   0.00293
   0.00185
   0.00241
   0.00230
   0.00223
   0.00220
   0.00218
   0.00210
   0.00193
   0.00171
   0.00156
   0.00162
   0.00193
   0.00249
   0.00284
   0.00225
   0.17234
   0.00160
   0.00155
   0.00152
   0.00150
   0.00144
   0.00132
   0.00117
   0.00108
   0.00113
   0.00137
   0.00191
   0.00225
   0.00174
   0.00354
   0.80984
   0.00265
   0.00234
   0.00221
   0.00240
   0.00311
   0.00386
   0.00431
   0.00378
   0.00303
   0.00184
   0.00203
   0.00222
   0.02632
   0.01869
   0.01507
   0.01284
   0.01083
   0.00921
   0.00893
   0.01039
   0.01125
   0.01142
   0.01105
   0.01022
   0.01053
   0.00991
   0.00883
   0.00797
   0.00729
   0.00678
   0.00619
   0.00569
   0.00522
   0.00474
   0.00608
   0.00223
   0.00204
   0.00461
   0.00307
   0.00296
   0.00287
   0.00280
   0.00269
   0.00253
   0.00231
   0.00215
   0.00217
   0.00229
   0.00245
   0.00239
   0.00211
   0.00192
   0.00263
   0.00177
   0.00559
   0.00451
   0.00364
   0.00328
   0.00298
   0.00281
   0.00267
   0.00249
   0.00227
   0.00194
   0.00166
   0.00156
   0.00162
   0.00174
   0.00167
   0.00146
   0.00130
   0.00735
   0.00211
   0.00207
   0.00200
   0.00191
   0.00181
   0.00173
   0.00165
   0.00159
   0.00153
   0.00144
