   0.68735
   0.68700
   0.68725
   0.68666
   0.68670
   0.68631
   0.68617
   0.68595
   0.68561
   0.68539
   0.68519
   0.68494
   0.68471
   0.68446
   0.68422
   0.68397
   0.68372
   0.68347
   0.68321
   0.68294
   0.68267
   0.68239
   0.68211
   0.68183
   0.68153
   0.68123
   0.68092
   0.68062
   0.68027
   0.67996
   0.67961
   0.67927
   0.67890
   0.67854
   0.67817
   0.67777
   0.67740
   0.67696
   0.67656
   0.67614
   0.67567
   0.67525
   0.67477
   0.67431
   0.67381
   0.67332
   0.67280
   0.67230
   0.67175
   0.67120
   0.67066
   0.67008
   0.66950
   0.66891
   0.66831
   0.66769
   0.66707
   0.66642
   0.66578
   0.66511
   0.66444
   0.66376
   0.66305
   0.66236
   0.66164
   0.66088
   0.66017
   0.65938
   0.65863
   0.65781
   0.65705
   0.65621
   0.65542
   0.65460
   0.65373
   0.65285
   0.65193
   0.65111
   0.65018
   0.64922
   0.64821
   0.64744
   0.64631
   0.64535
   0.64437
   0.64337
   0.64237
   0.64136
   0.64034
   0.63932
   0.63830
   0.63729
   0.63628
   0.63529
   0.63430
   0.63335
   0.63242
   0.63153
   0.63068
   0.62986
   0.62913
   0.62844
   0.62789
   0.62734
   0.62690
   0.62662
   0.62633
   0.62636
   0.62646
   0.62680
   0.62721
   0.62774
   0.62834
   0.62895
   0.62953
   0.62994
   0.63003
   0.62964
   0.62868
   0.62700
   0.62467
   0.62197
   0.61883
   0.61543
   0.61190
   0.60840
   0.60486
   0.60117
   0.59769
   0.59422
   0.59072
   0.58724
   0.58375
   0.58033
   0.57687
   0.57347
   0.57002
   0.56662
   0.56315
   0.55976
   0.55630
   0.55294
   0.54952
   0.54620
   0.54294
   0.53958
   0.53640
   0.53319
   0.52989
   0.52673
   0.52344
   0.52029
   0.51721
   0.51414
   0.51111
   0.50813
   0.50517
   0.50223
   0.49931
   0.49646
   0.49365
   0.49086
   0.48813
   0.48537
   0.48263
   0.47992
   0.47726
   0.47460
   0.47196
   0.46940
   0.46681
   0.46424
   0.46167
   0.45922
   0.45683
   0.45437
   0.45191
   0.44953
   0.44717
   0.44481
   0.44252
   0.44024
   0.43799
   0.43578
   0.43361
   0.43145
   0.42929
   0.42722
   0.42508
   0.42307
   0.42104
   0.41908
   0.41708
   0.41518
   0.41329
   0.41139
   0.40958
   0.40772
   0.40599
   0.40422
   0.40249
   0.40077
   0.39909
   0.39743
   0.39573
   0.39415
   0.39244
   0.39083
   0.38911
   0.38748
   0.38572
   0.38398
   0.38210
   0.38023
   0.37839
   0.37652
   0.37459
   0.37260
   0.37055
   0.36843
   0.36631
   0.36409
   0.36190
   0.35964
   0.35726
   0.35501
   0.35266
   0.35032
   0.34794
   0.34558
   0.34317
   0.34082
   0.33837
   0.33599
   0.33352
   0.33117
   0.32868
   0.32632
   0.32384
   0.32139
   0.31925
   0.31659
   0.31428
   0.31181
   0.30959
   0.30707
   0.30482
   0.30230
   0.30010
   0.29757
   0.29535
   0.29292
   0.29071
   0.28830
   0.28601
   0.28371
   0.28134
   0.27905
   0.27672
   0.27446
   0.27215
   0.26988
   0.26761
   0.26535
   0.26309
   0.26086
   0.25863
   0.25641
   0.25420
   0.25203
   0.24977
   0.24767
   0.24542
   0.24326
   0.24109
   0.23904
   0.23675
   0.23481
   0.23257
   0.23047
   0.22833
   0.22634
   0.22413
   0.22214
   0.21999
   0.21802
   0.21587
   0.21394
   0.21180
   0.20991
   0.20778
   0.20589
   0.20389
   0.20195
   0.19998
   0.19793
   0.19609
   0.19415
   0.19221
   0.19032
   0.18842
   0.18649
   0.18465
   0.18274
   0.18091
   0.17905
   0.17722
   0.17537
   0.17362
   0.17167
   0.17005
   0.16812
   0.16640
   0.16464
   0.16289
   0.16117
   0.15944
   0.15774
   0.15607
   0.15435
   0.15270
   0.15105
   0.14939
   0.14775
   0.14607
   0.14451
   0.14285
   0.14127
   0.13970
   0.13811
   0.13653
   0.13503
   0.13344
   0.13192
   0.13041
   0.12889
   0.12741
   0.12591
   0.12447
   0.12300
   0.12157
   0.12013
   0.11871
   0.11730
   0.11580
   0.11452
   0.11310
   0.11167
   0.11042
   0.10895
   0.10775
   0.10650
   0.10504
   0.10383
   0.10247
   0.10127
   0.09992
   0.09879
   0.09739
   0.09632
   0.09497
   0.09386
   0.09258
   0.09148
   0.09022
   0.08917
   0.08775
   0.08697
   0.08549
   0.08474
   0.08331
   0.08252
   0.08108
   0.08046
   0.07922
   0.07816
   0.07717
   0.07612
   0.07509
   0.07414
   0.07311
   0.07219
   0.07117
   0.07026
   0.06934
   0.06836
   0.06747
   0.06657
   0.06566
   0.06479
   0.06393
   0.06307
   0.06219
   0.06136
   0.06055
   0.05970
   0.05892
   0.05812
   0.05733
   0.05657
   0.05565
   0.05514
   0.05430
   0.05357
   0.05286
   0.05215
   0.05145
   0.05076
   0.05008
   0.04939
   0.04856
   0.04820
   0.04733
   0.04683
   0.04622
   0.04545
   0.04502
   0.04429
   0.04383
   0.04314
   0.04268
   0.04201
   0.04157
   0.04094
   0.04048
   0.03986
   0.03949
   0.03882
   0.03843
   0.03784
   0.03746
   0.03689
   0.03651
   0.03599
   0.03550
   0.03515
   0.03465
   0.03421
   0.03380
   0.03338
   0.03297
   0.03256
   0.03216
   0.03176
   0.03137
   0.03099
   0.03061
   0.03024
   0.02977
   0.02956
   0.02908
   0.02880
   0.02843
   0.02811
   0.02768
   0.02743
   0.02703
   0.02678
   0.02638
   0.02617
   0.02578
   0.02552
   0.02514
   0.02493
   0.02457
   0.02434
   0.02399
   0.02377
   0.02343
   0.02321
   0.02287
   0.02266
   0.02234
   0.02214
   0.02191
   0.02162
   0.02128
   0.02111
   0.02082
   0.02061
   0.02034
   0.02013
   0.01983
   0.01964
   0.01945
   0.01920
   0.01894
   0.01866
   0.01849
   0.01825
   0.01806
   0.01781
   0.01762
   0.01743
   0.01722
   0.01700
   0.01673
   0.01658
   0.01635
   0.01619
