   0.68244
   0.67939
   0.67554
   0.67235
   0.67156
   0.67352
   0.67024
   0.66739
   0.66849
   0.66586
   0.66447
   0.66491
   0.66566
   0.66335
   0.66216
   0.66139
   0.66159
   0.66866
   0.66439
   0.66321
   0.66291
   0.66166
   0.66047
   0.66077
   0.66187
   0.66465
   0.65988
   0.65852
   0.66212
   0.66205
   0.66144
   0.65932
   0.65925
   0.65809
   0.65531
   0.65083
   0.65118
   0.64840
   0.64530
   0.63598
   0.63774
   0.62688
   0.62111
   0.61786
   0.61300
   0.60769
   0.60161
   0.59583
   0.58979
   0.58395
   0.57844
   0.57297
   0.56713
   0.56066
   0.55379
   0.54691
   0.54033
   0.53418
   0.52843
   0.52267
   0.51735
   0.51045
   0.50276
   0.49452
   0.48620
   0.47794
   0.46999
   0.46249
   0.45538
   0.44760
   0.44130
   0.43530
   0.42965
   0.42428
   0.41913
   0.41418
   0.40947
   0.40482
   0.40030
   0.39590
   0.39157
   0.38732
   0.38315
   0.37902
   0.37497
   0.37093
   0.36696
   0.36301
   0.35907
   0.35517
   0.35130
   0.34746
   0.34366
   0.33989
   0.33618
   0.33250
   0.32886
   0.32526
   0.32170
   0.31825
   0.31479
   0.31141
   0.30811
   0.30482
   0.30160
   0.29842
   0.29529
   0.29217
   0.28911
   0.28616
   0.28321
   0.28035
   0.27769
   0.27483
   0.27200
   0.26922
   0.26651
   0.26383
   0.26129
   0.25877
   0.25619
   0.25369
   0.25126
   0.24897
   0.24659
   0.24423
   0.24197
   0.23956
   0.23849
   0.23654
   0.23411
   0.23146
   0.22850
   0.22559
   0.22203
   0.21847
   0.21476
   0.21057
   0.20628
   0.20161
   0.19684
   0.19372
   0.18859
   0.18314
   0.17761
   0.17575
   0.16996
   0.16422
   0.15848
   0.15363
   0.14795
   0.14250
   0.13896
   0.13362
   0.12852
   0.12362
   0.11886
   0.11433
   0.11005
   0.10679
   0.10300
   0.09955
   0.09646
   0.09375
   0.09062
   0.08765
   0.08483
   0.08249
   0.08000
   0.07761
   0.07534
   0.07313
   0.07105
   0.06905
   0.06715
   0.06532
   0.06357
   0.06191
   0.06031
   0.05879
   0.05737
   0.05600
   0.05472
   0.05353
   0.05242
   0.05141
   0.05049
   0.04964
   0.04888
   0.04817
   0.04749
   0.04682
   0.04611
   0.04532
   0.04439
   0.04326
   0.04192
   0.04037
   0.03861
   0.03670
   0.03471
   0.03270
   0.03072
   0.02883
   0.02705
   0.02542
   0.02394
   0.02259
   0.02139
   0.02031
   0.01934
   0.01846
   0.01768
   0.01696
   0.01628
   0.01563
   0.01490
   0.01385
   0.01710
   0.02184
   0.01819
   0.01780
   0.00926
   0.00901
   0.01221
   0.02441
   0.01232
   0.02596
   0.01162
   0.02023
   0.01132
   0.01412
   0.01089
   0.00466
   0.01285
   0.01101
   0.00922
   0.00475
   0.01932
   0.01705
   0.01681
   0.01693
   0.01737
   0.01830
   0.01947
   0.02102
   0.03055
   0.02390
   0.02488
   0.02103
   0.00639
   0.01732
   0.02153
   0.01014
   0.00757
   0.01101
   0.01039
   0.00989
   0.00938
   0.00869
   0.03878
   0.00085
   0.00142
   0.00091
   0.00159
   0.00102
   0.00092
   0.00086
   0.00088
   0.00110
   0.00103
   0.00106
   0.00097
   0.00096
   0.00091
   0.00085
   0.00083
   0.00081
   0.00080
   0.00078
   0.00076
   0.00075
   0.00174
   0.00182
   0.00086
   0.00069
   0.00079
   0.00068
   0.00075
   0.00067
   0.00074
   0.00065
   0.00076
   0.00081
   0.00057
   0.02481
   0.01470
   0.01561
   0.01479
   0.01473
   0.01064
   0.00971
   0.00480
   0.00410
   0.00420
   0.00414
   0.00398
   0.00436
   0.00332
   0.00977
   0.00812
   0.00421
   0.00287
   0.00816
   0.00718
   0.00282
   0.00661
   0.00239
   0.00231
   0.00228
   0.00227
   0.00213
   0.00205
   0.00195
   0.00187
   0.00178
   0.00172
   0.00163
   0.00157
   0.00150
   0.00144
   0.00137
   0.00131
   0.00125
   0.00120
   0.00114
   0.00109
   0.00105
   0.00100
   0.00095
   0.00091
   0.00087
   0.00083
   0.00080
   0.00076
   0.00073
   0.00069
   0.00066
   0.00063
   0.00060
   0.00058
   0.00055
   0.00053
   0.00052
   0.00051
   0.00049
   0.00053
   0.01130
   0.00653
   0.00472
   0.00352
   0.00293
   0.00274
   0.00255
   0.00241
   0.00227
   0.00211
   0.00194
   0.00180
   0.00170
   0.00162
   0.00155
   0.00152
   0.00451
   0.00155
   0.00141
   0.00134
   0.00129
   0.01521
   0.00229
   0.00186
   0.00174
   0.00187
   0.00204
   0.00151
   0.00164
   0.00154
   0.00151
   0.00146
   0.00140
   0.00180
   0.00154
   0.00122
   0.00136
   0.00146
   0.00101
   0.00124
   0.00121
   0.00110
   0.00110
   0.00062
   0.00062
   0.00063
   0.00116
   0.00061
   0.00067
   0.00079
   0.00082
   0.00080
   0.00078
   0.00075
   0.00047
   0.00045
   0.00057
   0.00041
   0.00115
   0.00061
   0.00041
   0.00050
   0.00046
   0.00024
   0.49516
   0.00028
   0.00029
   0.00032
   0.00036
   0.00038
   0.00040
   0.00046
   0.00047
   0.00050
   0.00051
   0.00042
   0.00026
   0.00036
   0.00044
   0.00042
   0.00044
   0.00044
   0.00035
   0.00035
   0.00030
   0.00030
   0.00019
   0.00026
   0.00024
   0.00019
   0.00019
   0.00016
   0.00016
   0.00016
   0.00016
   0.00018
   0.00021
   0.00023
   0.00024
   0.00024
   0.00024
   0.00022
   0.00020
   0.00018
   0.00016
   0.00015
   0.00014
   0.00013
   0.00012
   0.00011
   0.00010
   0.00010
   0.00009
   0.00009
   0.00008
   0.00008
   0.39708
   0.00053
   0.00047
   0.00042
   0.00038
   0.00034
   0.00031
   0.00028
   0.00025
   0.00023
   0.00021
   0.00020
   0.00019
   0.00019
   0.00019
   0.00021
   0.00023
   0.00022
   0.00022
   0.00022
   0.00021
   0.00019
   0.00018
   0.00016
   0.00015
   0.00014
   0.00012
