   0.70807
   0.70315
   0.70301
   0.70251
   0.70175
   0.70021
   0.69914
   0.69837
   0.69699
   0.69572
   0.69432
   0.69346
   0.69251
   0.69129
   0.68949
   0.68845
   0.68916
   0.69405
   0.69769
   0.69675
   0.69545
   0.69421
   0.69257
   0.69130
   0.69016
   0.68855
   0.68774
   0.68777
   0.68733
   0.68669
   0.68586
   0.68732
   0.68714
   0.68827
   0.68837
   0.68924
   0.68936
   0.69024
   0.69078
   0.69196
   0.68765
   0.68797
   0.68649
   0.68305
   0.68180
   0.68085
   0.68089
   0.67440
   0.67583
   0.67426
   0.67175
   0.67007
   0.66812
   0.66637
   0.66541
   0.66407
   0.66254
   0.66117
   0.66026
   0.65924
   0.65801
   0.65682
   0.65625
   0.65504
   0.65482
   0.65403
   0.65430
   0.65396
   0.65475
   0.65533
   0.65665
   0.65883
   0.66177
   0.66440
   0.66945
   0.67477
   0.68308
   0.68926
   0.69860
   0.70295
   0.72283
   0.72565
   0.72307
   0.72785
   0.72813
   0.72839
   0.72738
   0.72495
   0.72206
   0.72105
   0.71610
   0.71488
   0.71053
   0.70614
   0.70087
   0.69716
   0.69179
   0.68797
   0.68454
   0.67972
   0.67459
   0.67096
   0.66627
   0.66226
   0.65750
   0.65295
   0.64804
   0.64376
   0.63875
   0.63420
   0.62927
   0.62487
   0.62017
   0.61563
   0.61083
   0.60558
   0.60104
   0.59553
   0.59156
   0.58682
   0.58129
   0.57592
   0.57217
   0.56739
   0.56226
   0.55738
   0.55306
   0.54829
   0.54325
   0.53909
   0.53428
   0.52934
   0.52516
   0.51995
   0.51392
   0.50907
   0.50323
   0.49869
   0.49364
   0.48899
   0.48291
   0.47882
   0.47318
   0.46725
   0.46287
   0.45702
   0.45178
   0.44577
   0.44070
   0.43536
   0.43001
   0.42464
   0.41953
   0.41472
   0.40892
   0.40419
   0.39953
   0.39485
   0.39025
   0.38605
   0.38199
   0.37921
   0.37326
   0.37119
   0.36720
   0.36387
   0.36086
   0.35853
   0.35432
   0.35184
   0.34911
   0.34658
   0.34531
   0.34111
   0.33786
   0.33830
   0.33439
   0.33223
   0.33016
   0.32836
   0.32651
   0.32472
   0.32289
   0.32136
   0.31975
   0.31792
   0.31632
   0.31473
   0.31310
   0.31137
   0.30959
   0.30784
   0.30593
   0.30392
   0.30195
   0.29980
   0.29764
   0.29529
   0.29303
   0.29076
   0.28844
   0.28599
   0.28360
   0.28114
   0.27866
   0.27623
   0.27380
   0.27136
   0.26901
   0.26660
   0.26413
   0.26171
   0.25928
   0.25655
   0.25423
   0.25172
   0.24916
   0.24676
   0.24428
   0.24189
   0.23942
   0.23693
   0.23472
   0.23218
   0.22977
   0.22737
   0.22428
   0.22168
   0.21929
   0.21694
   0.21503
   0.21236
   0.21004
   0.20780
   0.20586
   0.20378
   0.20166
   0.19945
   0.19724
   0.19456
   0.19155
   0.18937
   0.18718
   0.18515
   0.18269
   0.18028
   0.17789
   0.17586
   0.17374
   0.17175
   0.16969
   0.16737
   0.16458
   0.16237
   0.15993
   0.15781
   0.15576
   0.15377
   0.15194
   0.14973
   0.14747
   0.14543
   0.14320
   0.14081
   0.13879
   0.13662
   0.13487
   0.13302
   0.13111
   0.12925
   0.12803
   0.12598
   0.12405
   0.12226
   0.12050
   0.11812
   0.11602
   0.11412
   0.11189
   0.11013
   0.10842
   0.10671
   0.10511
   0.10327
   0.10103
   0.09933
   0.09762
   0.09594
   0.09424
   0.09257
   0.09085
   0.08930
   0.08761
   0.08592
   0.08438
   0.08273
   0.08108
   0.07952
   0.07790
   0.07628
   0.07472
   0.07310
   0.07151
   0.06996
   0.06838
   0.06682
   0.06527
   0.06370
   0.06218
   0.06062
   0.05910
   0.05763
   0.05612
   0.05461
   0.05313
   0.05167
   0.05022
   0.04881
   0.04741
   0.04605
   0.04473
   0.04346
   0.04227
   0.04115
   0.04011
   0.03919
   0.03840
   0.03774
   0.03721
   0.03688
   0.03675
   0.03694
   0.03766
   0.03919
   0.04220
   0.04747
   0.05557
   0.06161
   0.05499
   0.04742
   0.04664
   0.04614
   0.04542
   0.04472
   0.04402
   0.04332
   0.04262
   0.04192
   0.04121
   0.04049
   0.03980
   0.03909
   0.03839
   0.03770
   0.03699
   0.03630
   0.03560
   0.03492
   0.03425
   0.03357
   0.03288
   0.03223
   0.03156
   0.03091
   0.03024
   0.02960
   0.02898
   0.02835
   0.02771
   0.02711
   0.02650
   0.02590
   0.02530
   0.02473
   0.02417
   0.02361
   0.02305
   0.02252
   0.02199
   0.02146
   0.02096
   0.02047
   0.01998
   0.01949
   0.01904
   0.01859
   0.01814
   0.01771
   0.01730
   0.01689
   0.01649
   0.01611
   0.01574
   0.01538
   0.01502
   0.01469
   0.01436
   0.01404
   0.01373
   0.01343
   0.01314
   0.01286
   0.01259
   0.01233
   0.01207
   0.01183
   0.01158
   0.01136
   0.01113
   0.01092
   0.01070
   0.01050
   0.01030
   0.01011
   0.00992
   0.00973
   0.00955
   0.00938
   0.00921
   0.00905
   0.00888
   0.00873
   0.00857
   0.00842
   0.00828
   0.00813
   0.00799
   0.00786
   0.00772
   0.00759
   0.00746
   0.00734
   0.00721
   0.00709
   0.00697
   0.00686
   0.00674
   0.00663
   0.00652
   0.00641
   0.00630
   0.00620
   0.00609
   0.00600
   0.00589
   0.00580
   0.00570
   0.00562
   0.00551
   0.00544
   0.00533
   0.00526
   0.00515
   0.00510
   0.00497
   0.00494
   0.00480
   0.00479
   0.00462
   0.00464
   0.00444
   0.00448
   0.00427
   0.00430
   0.00412
   0.00412
   0.00399
   0.00396
   0.00387
   0.00381
   0.00375
   0.00367
   0.00364
   0.00353
   0.00354
   0.00340
   0.00344
   0.00327
   0.00334
   0.00315
   0.00326
   0.00304
   0.00317
   0.00293
   0.00310
   0.00283
   0.00302
   0.00274
   0.00295
   0.00265
   0.00289
   0.00258
   0.00281
   0.00252
   0.00274
   0.00247
   0.00265
   0.00243
   0.00254
   0.00239
   0.00241
   0.00232
   0.00229
   0.00223
   0.00217
   0.00212
   0.00206
   0.00200
   0.00194
   0.00188
   0.00181
   0.00175
   0.00168
   0.00162
   0.00155
   0.00149
   0.00143
   0.00137
   0.00133
   0.00132
   0.00137
   0.00139
   0.00140
   8.78094
   0.90741
   0.48024
   0.26548
   0.17550
   0.14932
   0.13433
   0.12063
   0.11380
   0.10775
   0.10416
   0.10200
   0.09975
   0.09776
   0.09585
   0.09345
   0.09085
   0.08800
   0.08596
   0.08433
   0.08163
   0.07858
   0.07580
   0.07424
   0.07337
   0.07249
   0.07159
   0.07070
   0.06982
   0.06906
   0.06824
   0.06761
   0.06688
   0.06630
   0.06559
   0.06506
   0.06438
   0.06386
   0.06335
   0.06260
   0.06210
   0.06152
   0.06078
   0.06020
   0.05955
   0.05886
   0.05802
   0.05737
   0.05668
   0.05595
   0.05504
   0.05432
   0.05356
   0.05279
   0.05186
   0.05113
   0.05039
   0.04962
   0.04885
   0.04792
   0.04719
   0.04644
   0.04566
   0.04488
   0.04410
   0.04320
   0.04248
   0.04175
   0.04100
   0.04025
   0.03952
   0.03879
   0.03807
   0.03721
   0.03654
   0.03587
   0.03521
   0.03454
   0.03388
   0.03323
   0.03258
   0.03196
   0.03133
   0.03060
   0.03004
   0.02948
   0.02893
   0.02838
   0.02784
   0.02730
   0.02678
   0.02627
   0.02577
   0.02527
   0.02479
   0.02423
   0.02381
   0.02338
   0.02294
   0.02251
   0.02208
   0.02166
   0.02125
   0.02085
   0.02046
   0.02008
   0.01971
   0.01934
   0.01898
   0.01858
   0.01827
   0.01794
   0.01761
   0.01728
   0.01696
   0.01665
   0.01634
   0.01604
   0.01574
   0.01545
   0.01517
   0.01489
   0.01462
   0.01435
   0.01407
   0.01383
   0.01358
   0.01333
   0.01308
   0.01285
   0.01261
   0.01238
   0.01216
   0.01194
   0.01172
   0.01151
   0.01130
   0.01109
   0.01089
   0.01069
   0.01050
   0.01031
   0.01012
   0.00994
   0.00976
   0.00959
   0.00942
   0.00925
   0.00908
   0.00892
   0.00877
   0.00861
   0.00846
   0.00831
   0.00817
   0.00801
   0.00788
   0.00774
   0.00760
   0.00747
   0.00734
   0.00721
   0.00708
   0.00696
   0.00685
   0.00672
   0.00661
   0.00649
   0.00638
   0.00627
   0.00617
   0.00606
   0.00596
   0.00586
   0.00576
   0.00567
   0.00557
   0.00548
   0.00540
   0.00530
   0.00523
   0.00514
   0.00507
   0.00500
   0.00492
   0.00486
   0.00480
   0.00476
   0.00469
   0.00468
   0.00460
   0.00467
   0.00448
   0.00500
   0.00408
   0.01180
   0.00422
   0.00798
   0.00422
   0.00448
   0.01424
   0.00401
   0.00887
   3.38539
   0.02490
   0.00372
   0.00370
   0.00359
   0.00372
   0.00379
   0.00384
   0.00389
   0.00395
   0.00400
   0.00405
   0.00411
   0.00416
   0.00421
   0.00426
   0.00431
   0.00435
   0.00440
   0.00444
   0.00449
   0.00453
   0.00457
   0.00461
   0.00465
   0.00469
   0.00473
   0.00476
   0.00480
   0.00483
   0.00487
   0.00491
   0.00494
   0.00498
   0.00502
   0.00507
   0.00511
   0.00516
   0.00519
   0.00526
   0.00532
   0.00541
   0.00548
   0.00560
   0.00573
   0.00589
   0.00613
   0.00649
   0.00716
   0.00883
   0.01633
   0.01649
   0.18112
   0.03365
   0.02217
   0.01559
   0.01363
   0.01218
   0.01095
   0.00991
   0.00902
   0.00822
   0.00746
   0.00682
   0.00623
   0.00576
   0.00537
   0.00501
   0.00475
   0.00453
   0.00435
   0.00419
   0.00406
   0.00394
   0.00383
   0.00373
   0.00364
   0.00356
   0.00347
   0.00339
   0.00332
   0.00325
   0.00318
   0.00312
   0.00306
   0.00301
   0.00296
   0.00291
   0.00287
   0.00282
   0.00278
   0.00275
   0.00271
   0.00268
   0.00265
   0.00262
   0.00260
   0.00258
   0.00255
   0.00253
   0.00252
   0.00250
   0.00248
   0.00247
   0.00245
   0.00244
   0.00243
   0.00242
   0.00242
   0.00242
   0.00241
   0.00241
   0.00241
   0.00242
   0.00242
   0.00243
   0.00243
   0.00245
   0.00246
   0.00247
   0.00249
   0.00251
   0.00253
   0.00254
   0.00253
   0.00249
   0.00241
   0.00229
   0.00218
   0.00208
   0.00201
   0.00194
   0.00188
   0.00183
   0.00179
   0.00175
   0.00171
   0.00168
   0.00166
   0.00164
   0.00163
   0.00161
   0.00160
   0.00160
   0.00159
   0.00159
   0.00159
   0.00159
   0.00159
   0.00159
   0.00160
   0.00160
   0.00160
   0.00161
   0.00162
   0.00162
   0.00163
   0.00164
   0.00164
   0.00165
   0.00166
   0.00166
   0.00167
   0.00168
   0.00169
   0.00169
   0.00170
   0.00171
   0.00172
   0.00173
   0.00174
   0.00175
   0.00177
   0.00178
   0.00180
   0.00181
   0.00183
   0.00185
   0.00187
   0.00190
   0.00194
   0.00198
   0.00202
   0.00209
   0.00218
   0.00231
   0.00254
   0.00305
   0.00449
   0.00145
   0.00532
   1.49842
   0.01988
   0.00333
   0.00301
   0.00240
   0.00219
   0.00215
   0.00217
   0.00219
   0.00222
   0.00224
   0.00227
   0.00229
   0.00231
   0.00233
   0.00235
   0.00236
   0.00237
   0.00238
   0.00238
   0.00238
   0.00238
   0.00237
   0.00235
   0.00234
   0.00231
   0.00229
   0.00226
   0.00222
   0.00219
   0.00215
   0.00211
   0.00207
   0.00204
   0.00200
   0.00196
   0.00192
   0.00188
   0.00185
   0.00181
   0.00178
   0.00175
   0.00171
   0.00168
   0.00166
   0.00163
   0.00160
   0.00158
   0.00155
   0.00153
   0.00150
   0.00148
   0.00146
   0.00144
   0.00142
   0.00140
   0.00139
   0.00137
   0.00136
   0.00134
   0.00133
   0.00131
   0.00130
   0.00129
   0.00127
   0.00126
   0.00125
   0.00124
   0.00124
   0.00123
   0.00122
   0.00121
   0.00120
   0.00120
   0.00119
   0.00118
   0.00118
   0.00117
   0.00117
   0.00117
   0.00116
   0.00116
   0.00116
