   0.70588
   0.68480
   0.68378
   0.68321
   0.68194
   0.68127
   0.68147
   0.68020
   0.68029
   0.67904
   0.67903
   0.67841
   0.67894
   0.67850
   0.67796
   0.67770
   0.67720
   0.67653
   0.67604
   0.67546
   0.67493
   0.67439
   0.67387
   0.67332
   0.67276
   0.67221
   0.67165
   0.67109
   0.67050
   0.66993
   0.66926
   0.66843
   0.66776
   0.66713
   0.66649
   0.66586
   0.66523
   0.66454
   0.66385
   0.66479
   0.66803
   0.66659
   0.66414
   0.66285
   0.66146
   0.66035
   0.65938
   0.65856
   0.65779
   0.65694
   0.65609
   0.65536
   0.65464
   0.65373
   0.65288
   0.65206
   0.65155
   0.65069
   0.65057
   0.64979
   0.64922
   0.64846
   0.64911
   0.64934
   0.64809
   0.65011
   0.65051
   0.65107
   0.65129
   0.65184
   0.65234
   0.65281
   0.65376
   0.65440
   0.65517
   0.65550
   0.65553
   0.65521
   0.65400
   0.65236
   0.64962
   0.64663
   0.64327
   0.63970
   0.63621
   0.63264
   0.62906
   0.62541
   0.62178
   0.61829
   0.61453
   0.61091
   0.60712
   0.59935
   0.59585
   0.59335
   0.58898
   0.58509
   0.58175
   0.57808
   0.57430
   0.57074
   0.56713
   0.56367
   0.56027
   0.55693
   0.55360
   0.54980
   0.54600
   0.54210
   0.53846
   0.53514
   0.53238
   0.52930
   0.52626
   0.52370
   0.52063
   0.51804
   0.51505
   0.51245
   0.50967
   0.50735
   0.50454
   0.50235
   0.49974
   0.49760
   0.49505
   0.49296
   0.49076
   0.48877
   0.48684
   0.48489
   0.48290
   0.48114
   0.47959
   0.47785
   0.47636
   0.47527
   0.47393
   0.47281
   0.47155
   0.47086
   0.46976
   0.46926
   0.46845
   0.46775
   0.46683
   0.46608
   0.46566
   0.46480
   0.46408
   0.46332
   0.46222
   0.46125
   0.45934
   0.45809
   0.45584
   0.45331
   0.45094
   0.44818
   0.44567
   0.44251
   0.43983
   0.43706
   0.43432
   0.43085
   0.42921
   0.42540
   0.42327
   0.42038
   0.41787
   0.41454
   0.41222
   0.40835
   0.40627
   0.40278
   0.40069
   0.39737
   0.39560
   0.39209
   0.38984
   0.38667
   0.38418
   0.38100
   0.37900
   0.37522
   0.37370
   0.37038
   0.36820
   0.36547
   0.36301
   0.36034
   0.35745
   0.35467
   0.35224
   0.34900
   0.34696
   0.34417
   0.34167
   0.33923
   0.33627
   0.33350
   0.33102
   0.32879
   0.32553
   0.32266
   0.32038
   0.31777
   0.31490
   0.31282
   0.30940
   0.30786
   0.30395
   0.30252
   0.29866
   0.29773
   0.29417
   0.29263
   0.28898
   0.28705
   0.28404
   0.28268
   0.27857
   0.27678
   0.27454
   0.27251
   0.27019
   0.26719
   0.26592
   0.26332
   0.26066
   0.25853
   0.25610
   0.25377
   0.25103
   0.24921
   0.24665
   0.24497
   0.24186
   0.24033
   0.23727
   0.23519
   0.23300
   0.23194
   0.22811
   0.22661
   0.22406
   0.22251
   0.21940
   0.21761
   0.21602
   0.21281
   0.21147
   0.20783
   0.20764
   0.20396
   0.20217
   0.19967
   0.19838
   0.19536
   0.19393
   0.19130
   0.18951
   0.18720
   0.18563
   0.18275
   0.18156
   0.17858
   0.17724
   0.17559
   0.17357
   0.17036
   0.16973
   0.16648
   0.16541
   0.16271
   0.16149
   0.15892
   0.15732
   0.15510
   0.15368
   0.15117
   0.14986
   0.14797
   0.14628
   0.14371
   0.14192
   0.13987
   0.13871
   0.13645
   0.13383
   0.13296
   0.13132
   0.12877
   0.12671
   0.12553
   0.12409
   0.12205
   0.12045
   0.11928
   0.11758
   0.11544
   0.11326
   0.11178
   0.11019
   0.10869
   0.10712
   0.10562
   0.10395
   0.10244
   0.10064
   0.09951
   0.09766
   0.09716
   0.09475
   0.09332
   0.09178
   0.08985
   0.08836
   0.08789
   0.08680
   0.08512
   0.08377
   0.08235
   0.08066
   0.07924
   0.07823
   0.07664
   0.07576
   0.07413
   0.07344
   0.07283
   0.07083
   0.06995
   0.06875
   0.06623
   0.06526
   0.06469
   0.06412
   0.06314
   0.06055
   0.05962
   0.05901
   0.05854
   0.05633
   0.05594
   0.05492
   0.05385
   0.05254
   0.05136
   0.05071
   0.04961
   0.04888
   0.04784
   0.04716
   0.04693
   0.04515
   0.04448
   0.04401
   0.04308
   0.04219
   0.04163
   0.04084
   0.04005
   0.03964
   0.03884
   0.03841
   0.03775
   0.03733
   0.03671
   0.03636
   0.03576
   0.03539
   0.03484
   0.03451
   0.03397
   0.03371
   0.03327
   0.03306
   0.03299
   0.03206
   0.03197
   0.03159
   0.03124
   0.03108
   0.03106
   0.03095
   0.03071
   0.03085
   0.03071
   0.03061
   0.03080
   0.03087
   0.03100
   0.03091
   0.03125
   0.03139
   0.03186
   0.03238
   0.03263
   0.03355
   0.03377
   0.03458
   0.03506
   0.03600
   0.03671
   0.03842
   0.03866
   0.04053
   0.04244
   0.04386
   0.04563
   0.04755
   0.05010
   0.05170
   0.05428
   0.05553
   0.05947
   0.06187
   0.06264
   0.06637
   0.06810
   0.06877
   0.07059
   0.07324
   0.07204
   0.07801
   0.06943
   0.04796
   0.01302
   0.01281
   0.01270
   0.01247
   0.01235
   0.01219
   0.01213
   0.01197
   0.01191
   0.01175
   0.01170
   0.01153
   0.01148
   0.01132
   0.01127
   0.01110
   0.01109
   0.01090
   0.01088
   0.01074
   0.01062
   0.01050
   0.01047
   0.01032
   0.01026
   0.01009
   0.01009
   0.00994
   0.00985
   0.00972
   0.00969
   0.00952
   0.00952
   0.00939
   0.00930
   0.00917
   0.00918
   0.00902
   0.00893
   0.00886
   0.00877
   0.00869
   0.00861
   0.00850
   0.00848
   0.00836
   0.00828
   0.00821
   0.00808
   0.00806
   0.00795
   0.00787
   0.00781
   0.00772
   0.00765
   0.00755
   0.00747
   0.00741
   0.00730
   0.00729
   0.00717
   0.00710
   0.00706
   0.00697
   0.00687
   0.00685
   0.00675
   0.00668
   0.00661
   0.00653
   0.00651
   0.00640
   0.00634
   0.00626
   0.00620
   0.00617
   0.00606
   0.00602
   0.00595
   0.00585
   0.00587
   0.00575
   0.00571
   0.00561
   0.00560
   0.00549
   0.00549
   0.00538
   0.00531
   0.00530
   0.00522
   0.00515
   0.00511
   0.00505
   0.00497
   0.00496
   0.00487
   0.00482
   0.00479
   0.00472
   0.00465
   0.00463
   0.00457
   0.00449
   0.00446
   0.00439
   0.00440
   0.00431
   0.00428
   0.00421
   0.00416
   0.00415
   0.00407
   0.00406
   0.00396
   0.00398
   0.00390
   0.00386
   0.00381
   0.00376
   0.00373
   0.00370
   0.00365
   0.00361
   0.00355
   0.00352
   0.00348
   0.00345
   0.00339
   0.00337
   0.00333
   0.00329
   0.00325
   0.00321
   0.00317
   0.00313
   0.00313
   0.00305
   0.00303
   0.00303
   0.00297
   0.00297
   0.00291
   0.00290
   0.00284
   0.00285
   0.00277
   0.00276
   0.00272
   0.00269
   0.00265
   0.00264
   0.00261
   0.00259
   0.00255
   0.00253
   0.00250
   0.00248
   0.00243
   0.00242
   0.00239
   0.00238
   0.00232
   0.00231
   0.00228
   0.00227
   0.00222
   0.00221
   0.00218
   0.00217
   0.00214
   0.00212
   0.00208
   0.00207
   0.00203
   0.00202
   0.00199
   0.00196
   0.00195
   0.00193
   0.00192
   0.00189
   0.00187
   0.00185
   0.00184
   0.00181
   0.00178
   0.00177
   0.00175
   0.00173
   0.00171
   0.00169
   0.00167
   0.00166
   0.00164
   0.00161
   0.00161
   0.00158
   0.00157
   0.00154
   0.00154
   0.00150
   0.00150
   0.00148
   0.00147
   0.00145
   0.00144
   0.00143
   0.00141
   0.00139
   0.00138
   0.00136
   0.00135
   0.00134
   0.00131
   0.00130
   0.00128
   0.00127
   0.00125
   0.00124
   0.00121
   0.00122
   0.00120
   0.00119
   0.00118
   0.00117
   0.00115
   0.00115
   0.00112
   0.00111
   0.00110
   0.00109
   0.00108
   0.00107
   0.00105
   0.00104
   0.00103
   0.00102
   0.00101
   0.00100
   0.00099
   0.00097
   0.00096
   0.00095
   0.00094
   0.00093
   0.00092
   0.00093
   0.00090
   0.00090
   0.00088
   0.00088
   0.00087
   0.00085
   0.00084
   0.00084
   0.00083
   0.00081
   0.00081
   0.00081
   0.00079
   0.00079
   0.00078
   0.00078
   0.00076
   0.00075
   0.00074
   0.00074
   0.00072
   0.00073
   0.00072
   0.00071
   0.00069
   0.00070
   0.00069
   0.00068
   0.00066
   0.00067
   0.00065
   0.00065
   0.00064
   0.00064
   0.00062
   0.00062
   0.00061
   0.00061
   0.00060
   0.00060
   0.00059
   0.00058
   0.00057
   0.00057
   0.00057
   0.00056
   0.00055
   0.00055
   0.00053
   0.00053
   0.00053
   0.00052
   0.00052
   0.00051
   0.00051
   0.00050
   0.00050
   0.00049
   0.00049
   0.00048
   0.00048
   0.00047
   0.00046
   0.00046
   0.00045
   0.00046
   0.00044
   0.00044
   0.00043
   0.00043
   0.00042
   0.00043
   0.00042
   0.00041
   0.00041
   0.00040
   0.00040
   0.00040
   0.00039
   0.00039
   0.00039
   0.00038
   0.00037
   0.00038
   0.00037
   0.00037
   0.00036
   0.00036
   0.00035
   0.00035
   0.00034
   0.00035
   0.00033
   0.00034
   0.00033
   0.00033
   0.00032
   0.00032
   0.00032
   0.00032
   0.00031
   0.00031
   0.00030
   0.00031
   0.00030
   0.00030
   0.00030
   0.00029
   0.00029
   0.00028
   0.00028
   0.00028
   0.00028
   0.00027
   0.00027
   0.00027
   0.00027
   0.00027
   0.00025
   0.00026
   0.00025
   0.00025
   0.00024
   0.00025
   0.00024
   0.00024
   0.00023
   0.00024
   0.00023
   0.00024
   0.00023
   0.00023
   0.00022
   0.00023
   0.00022
   0.00023
   0.00021
   0.00022
   0.00021
   0.00021
   0.00020
   0.00021
   0.00020
   0.00020
   0.00020
   0.00020
   0.00019
   0.00019
   0.00019
   0.00019
   0.00019
   0.00019
   0.00019
   0.00019
   0.00018
   0.00018
   0.00018
   0.00018
   0.00017
   0.00017
   0.00017
   0.00017
   0.00017
   0.00017
   0.00016
   0.00016
   0.00016
   0.00016
   0.00016
   0.00016
   0.00015
   0.00015
   0.00015
   0.00015
   0.00014
   0.00015
   0.00015
   0.00014
   0.00015
   0.00014
   0.00014
   0.00014
   0.00014
   0.00013
   0.00013
   0.00013
   0.00013
   0.00013
   0.00013
   0.00013
   0.00013
   0.00012
   0.00012
   0.00013
   0.00012
   0.00012
   0.00012
   0.00012
   0.00012
   0.00012
   0.00011
   0.00011
   0.00011
   0.00011
   0.00011
   0.00011
   0.00011
   0.00011
   0.00011
   0.00011
   0.00011
   0.00011
   0.00010
   0.00010
   0.00010
   0.00010
   0.00010
   0.00010
   0.00009
   0.00009
   0.00010
   0.00009
   0.00010
   0.00009
   0.00009
   0.00009
   0.00009
   0.00009
   0.00009
   0.00009
   0.00009
   0.00009
   0.00009
   0.00009
   0.00008
   0.00008
   0.00008
   0.00008
   0.00008
   0.00008
   0.00008
   0.00008
   0.00008
   0.00008
   0.00008
   0.00008
   0.00007
   0.00007
   0.00007
   0.00007
   0.00007
   0.00007
   0.00007
   0.00007
   0.00007
   0.00007
   0.00007
   0.00007
   0.00007
   0.00007
   0.00007
   0.00006
   0.00006
   0.00007
   0.00006
   0.00006
   0.00006
   0.00006
   0.00006
   0.00006
   0.00006
   0.00006
   0.00006
   0.00006
   0.00006
   0.00006
   0.00006
   0.00006
   0.00006
   0.00006
   0.00006
   0.00006
   0.00005
   0.00005
   0.00005
   0.00005
   0.00005
   0.00005
   0.00005
   0.00005
   0.00005
   0.00005
   0.00005
   0.00005
   0.00005
   0.00005
   0.00005
   0.00005
   0.00005
   0.00005
   0.00005
   0.00005
   0.00005
   0.00005
   0.00005
   0.00005
   0.00005
   0.00004
   0.00004
   0.00004
   0.00004
   0.00004
   0.00004
   0.00004
   0.00004
   0.00004
   0.00004
   0.00004
   0.00004
   0.00004
   0.00004
   0.00004
   0.00004
