   0.70139
   0.70006
   0.70054
   0.69998
   0.69940
   0.69877
   0.69812
   0.69747
   0.69693
   0.69653
   0.69593
   0.69552
   0.69495
   0.69455
   0.69415
   0.69398
   0.69561
   0.69345
   0.69277
   0.69246
   0.69281
   0.69226
   0.69198
   0.69176
   0.69166
   0.69280
   0.69109
   0.69184
   0.69156
   0.69092
   0.69069
   0.69049
   0.68994
   0.70393
   0.69526
   0.69136
   0.69212
   0.69086
   0.69011
   0.68986
   0.68963
   0.68947
   0.69062
   0.69068
   0.69131
   0.69233
   0.69413
   0.69645
   0.69919
   0.70218
   0.73942
   0.74377
   0.73463
   0.72308
   0.72597
   0.72693
   0.72548
   0.72105
   0.71933
   0.69676
   0.69183
   0.68518
   0.67699
   0.66779
   0.65870
   0.64828
   0.63870
   0.62942
   0.62111
   0.61323
   0.60660
   0.60028
   0.59476
   0.58911
   0.58329
   0.57724
   0.57090
   0.56429
   0.55767
   0.55119
   0.54509
   0.53947
   0.53446
   0.53002
   0.52598
   0.52209
   0.51812
   0.51392
   0.50953
   0.50502
   0.50047
   0.49598
   0.49157
   0.48726
   0.48303
   0.47884
   0.47469
   0.47053
   0.46634
   0.46220
   0.45803
   0.45387
   0.44971
   0.44558
   0.44146
   0.43736
   0.43329
   0.42924
   0.42520
   0.42121
   0.41724
   0.41329
   0.40938
   0.40549
   0.40162
   0.39779
   0.39400
   0.39024
   0.38649
   0.38277
   0.37907
   0.37534
   0.37168
   0.36807
   0.36448
   0.36092
   0.35738
   0.35387
   0.35039
   0.34693
   0.34350
   0.34009
   0.33670
   0.33334
   0.33000
   0.32667
   0.32338
   0.32010
   0.31684
   0.31361
   0.31039
   0.30718
   0.30400
   0.30083
   0.29766
   0.29452
   0.29138
   0.28826
   0.28516
   0.28207
   0.27900
   0.27594
   0.27291
   0.26991
   0.26693
   0.26399
   0.26108
   0.25821
   0.25538
   0.25259
   0.24986
   0.24724
   0.24461
   0.24203
   0.23950
   0.23702
   0.23458
   0.23219
   0.22984
   0.22753
   0.22526
   0.22302
   0.22084
   0.21866
   0.21654
   0.21441
   0.21233
   0.21026
   0.20820
   0.20617
   0.20415
   0.20211
   0.20010
   0.19809
   0.19606
   0.19403
   0.19200
   0.18997
   0.18790
   0.18584
   0.18376
   0.18166
   0.17952
   0.17740
   0.17523
   0.17303
   0.17081
   0.16855
   0.16627
   0.16396
   0.16161
   0.15923
   0.15682
   0.15437
   0.15190
   0.14940
   0.14685
   0.14428
   0.14166
   0.13903
   0.13636
   0.13367
   0.13092
   0.12818
   0.12541
   0.12263
   0.11983
   0.11699
   0.11416
   0.11132
   0.10848
   0.10564
   0.10280
   0.09998
   0.09716
   0.09437
   0.09159
   0.08884
   0.08613
   0.08346
   0.08082
   0.07822
   0.07567
   0.07317
   0.07073
   0.06834
   0.06603
   0.06375
   0.06157
   0.05942
   0.05734
   0.05535
   0.05341
   0.05154
   0.04974
   0.04799
   0.04632
   0.04472
   0.04316
   0.04168
   0.04027
   0.03890
   0.03759
   0.03635
   0.03516
   0.03402
   0.03293
   0.03190
   0.03091
   0.02997
   0.02907
   0.02822
   0.02741
   0.02664
   0.02590
   0.02520
   0.02453
   0.02390
   0.02329
   0.02271
   0.02215
   0.02161
   0.02110
   0.02060
   0.02011
   0.01962
   0.01915
   0.01868
   0.01822
   0.01776
   0.01731
   0.01687
   0.01644
   0.01602
   0.01561
   0.01523
   0.01486
   0.01446
   0.01358
   0.01218
   0.01342
   0.01607
   0.01016
   0.01028
   0.01199
   0.01584
   0.02043
   0.02174
   0.02126
   0.02072
   0.02022
   0.01975
   0.01927
   0.01872
   0.01802
   0.01718
   0.01625
   0.01531
   0.01443
   0.01362
   0.01290
   0.01223
   0.01166
   0.01111
   0.01066
   0.01020
   0.00987
   0.00947
   0.00922
   0.00888
   0.00867
   0.00842
   0.00822
   0.00804
   0.00787
   0.00773
   0.00759
   0.00747
   0.00736
   0.00724
   0.00712
   0.00699
   0.00686
   0.00670
   0.00656
   0.00640
   0.00624
   0.00609
   0.00593
   0.00578
   0.00563
   0.00549
   0.00534
   0.00520
   0.00505
   0.00490
   0.00476
   0.00461
   0.00446
   0.00432
   0.00418
   0.00403
   0.00390
   0.00377
   0.00365
   0.00354
   0.00344
   0.00336
   0.00327
   0.00319
   0.00311
   0.00303
   0.00295
   0.00288
   0.00280
   0.00273
   0.00267
   0.00259
   0.00253
   0.00246
   0.00240
   0.00234
   0.00228
   0.00222
   0.00216
   0.00211
   0.00205
   0.00200
   0.00195
   0.00190
   0.00185
   0.00181
   0.00176
   0.00171
   0.00167
   0.00163
   0.00159
   0.00154
   0.00151
   0.00146
   0.00143
   0.00139
   0.00135
   0.00132
   0.00128
   0.00124
   0.00121
   0.00117
   0.00113
   0.00106
   2.11134
   0.00261
   0.00202
   0.00220
   0.00230
   0.00241
   0.00252
   0.00264
   0.00275
   0.00285
   0.00294
   0.00302
   0.00309
   0.00315
   0.00320
   0.00324
   0.00327
   0.00329
   0.00330
   0.00330
   0.00328
   0.00324
   0.00316
   0.00304
   0.00280
   0.00215
   0.00136
   0.00136
   0.00135
   0.00148
   0.00252
   0.00140
   0.00148
   0.13818
   0.01274
   0.00339
   0.00220
   0.00224
   0.00235
   0.00246
   0.00257
   0.00268
   0.00278
   0.00287
   0.00295
   0.00302
   0.00308
   0.00314
   0.00318
   0.00322
   0.00325
   0.00327
   0.00327
   0.00323
   0.00315
   0.00302
   0.00281
   0.00224
   0.00120
   0.00142
   0.00588
   0.00122
   0.00144
   0.00138
   0.00193
   0.00154
   0.00142
   0.00160
   0.00112
   0.08232
   0.00564
   0.00111
   0.00302
   0.00303
   0.00302
   0.00297
   0.00288
   0.00275
   0.00249
   0.00117
   0.00103
   0.00104
   0.00103
   0.00169
   0.00608
   0.00167
   0.00131
   0.00233
   0.00096
   0.00147
   0.00095
   0.00114
   0.01090
   0.00302
   0.00204
   0.00215
   0.00096
   0.95944
   0.00244
   0.00100
