   0.69587
   0.69046
   0.68732
   0.68449
   0.68378
   0.68330
   0.68285
   0.68245
   0.68189
   0.68121
   0.68049
   0.67976
   0.67905
   0.67835
   0.67762
   0.67692
   0.67620
   0.67549
   0.67478
   0.67408
   0.67336
   0.67268
   0.67204
   0.67135
   0.67077
   0.67008
   0.66944
   0.66884
   0.66818
   0.66761
   0.66694
   0.66637
   0.66571
   0.66512
   0.66445
   0.66393
   0.66323
   0.66267
   0.66213
   0.66148
   0.66087
   0.66029
   0.65962
   0.65890
   0.65865
   0.65793
   0.65734
   0.65679
   0.65634
   0.65571
   0.65539
   0.65488
   0.65445
   0.65429
   0.65370
   0.65292
   0.65274
   0.65328
   0.65337
   0.65289
   0.65352
   0.65315
   0.65289
   0.65275
   0.65275
   0.65288
   0.65300
   0.65318
   0.65503
   0.65621
   0.65682
   0.65731
   0.65790
   0.65743
   0.65807
   0.65820
   0.65770
   0.65881
   0.65852
   0.65750
   0.65615
   0.65439
   0.65255
   0.65018
   0.64776
   0.64519
   0.64243
   0.63971
   0.63694
   0.63406
   0.63117
   0.62836
   0.62544
   0.62253
   0.61958
   0.61674
   0.61365
   0.61077
   0.60766
   0.60471
   0.60156
   0.59852
   0.59534
   0.59232
   0.58908
   0.58601
   0.58285
   0.57976
   0.57666
   0.57346
   0.57042
   0.56725
   0.56430
   0.56116
   0.55826
   0.55527
   0.55232
   0.54941
   0.54665
   0.54380
   0.54091
   0.53813
   0.53540
   0.53268
   0.53001
   0.52723
   0.52475
   0.52212
   0.51957
   0.51701
   0.51462
   0.51215
   0.50977
   0.50754
   0.50526
   0.50296
   0.50078
   0.49885
   0.49678
   0.49474
   0.49336
   0.49176
   0.48982
   0.48861
   0.48744
   0.48594
   0.48472
   0.48401
   0.48322
   0.48296
   0.48281
   0.48267
   0.48286
   0.48299
   0.48326
   0.48321
   0.48359
   0.48372
   0.48345
   0.48283
   0.48148
   0.47999
   0.47766
   0.47512
   0.47191
   0.46885
   0.46581
   0.46241
   0.45933
   0.45619
   0.45278
   0.45019
   0.44669
   0.44362
   0.44089
   0.43767
   0.43459
   0.43193
   0.42881
   0.42574
   0.42271
   0.41921
   0.41713
   0.41303
   0.41095
   0.40771
   0.40494
   0.40190
   0.39906
   0.39525
   0.39317
   0.38914
   0.38723
   0.38305
   0.38103
   0.37698
   0.37481
   0.37137
   0.36842
   0.36509
   0.36254
   0.35862
   0.35634
   0.35277
   0.35056
   0.34686
   0.34406
   0.34131
   0.33783
   0.33625
   0.33156
   0.33003
   0.32636
   0.32398
   0.32054
   0.31796
   0.31486
   0.31196
   0.30885
   0.30677
   0.30291
   0.30132
   0.29736
   0.29526
   0.29179
   0.29010
   0.28734
   0.28445
   0.28149
   0.27849
   0.27521
   0.27398
   0.27118
   0.26791
   0.26562
   0.26303
   0.26032
   0.25809
   0.25463
   0.25223
   0.24969
   0.24687
   0.24451
   0.24208
   0.23946
   0.23724
   0.23386
   0.23266
   0.22919
   0.22705
   0.22433
   0.22104
   0.22232
   0.22036
   0.21552
   0.21276
   0.21022
   0.20746
   0.20500
   0.20212
   0.19968
   0.19750
   0.19461
   0.19222
   0.19011
   0.18779
   0.18539
   0.18254
   0.18071
   0.17825
   0.17580
   0.17351
   0.17148
   0.16902
   0.16694
   0.16451
   0.16220
   0.16007
   0.15786
   0.15554
   0.15328
   0.15121
   0.14912
   0.14721
   0.14504
   0.14316
   0.14110
   0.13875
   0.13668
   0.13448
   0.13260
   0.13108
   0.12901
   0.12666
   0.12408
   0.12204
   0.12026
   0.11804
   0.11622
   0.11431
   0.11230
   0.11034
   0.10857
   0.10652
   0.10477
   0.10283
   0.10118
   0.09930
   0.09732
   0.09600
   0.09397
   0.09249
   0.09069
   0.08941
   0.08764
   0.08563
   0.08425
   0.08233
   0.08090
   0.07894
   0.07772
   0.07620
   0.07479
   0.07323
   0.07183
   0.07041
   0.06899
   0.06752
   0.06580
   0.06456
   0.06347
   0.06160
   0.06075
   0.05969
   0.05802
   0.05701
   0.05627
   0.05466
   0.05333
   0.05252
   0.05200
   0.05072
   0.04992
   0.04888
   0.04817
   0.04712
   0.04592
   0.04506
   0.04442
   0.04368
   0.04283
   0.04197
   0.04134
   0.04082
   0.03982
   0.03922
   0.03862
   0.03803
   0.03739
   0.03687
   0.03622
   0.03575
   0.03515
   0.03475
   0.03440
   0.03391
   0.03353
   0.03312
   0.03277
   0.03226
   0.03184
   0.03156
   0.03125
   0.03102
   0.03078
   0.03058
   0.03035
   0.03012
   0.02987
   0.02948
   0.02955
   0.02935
   0.02924
   0.02920
   0.02892
   0.02892
   0.02911
   0.02881
   0.02880
   0.02917
   0.02891
   0.02911
   0.02953
   0.02926
   0.02960
   0.03025
   0.02990
   0.03066
   0.03077
   0.03139
   0.03156
   0.03235
   0.03234
   0.03345
   0.03403
   0.03472
   0.03556
   0.03633
   0.03743
   0.03828
   0.03937
   0.04081
   0.04176
   0.04319
   0.04465
   0.04637
   0.04761
   0.04883
   0.04984
   0.05028
   0.04901
   0.04756
   0.04599
   0.04501
   0.04316
   0.04226
   0.04021
   0.03845
   0.03481
   0.03039
   0.02258
   0.00927
   0.00902
   0.00875
   0.00889
   0.00865
   0.00864
   0.00852
   0.00846
   0.00837
   0.00829
   0.00822
   0.00813
   0.00806
   0.00799
   0.00790
   0.00783
   0.00775
   0.00769
   0.00761
   0.00754
   0.00746
   0.00739
   0.00731
   0.00725
   0.00717
   0.00710
   0.00704
   0.00696
   0.00690
   0.00683
   0.00676
   0.00670
   0.00662
   0.00656
   0.00651
   0.00643
   0.00637
   0.00630
   0.00625
   0.00617
   0.00613
   0.00605
   0.00600
   0.00593
   0.00588
   0.00581
   0.00577
   0.00569
   0.00565
   0.00558
   0.00554
   0.00546
   0.00543
   0.00535
   0.00531
   0.00525
   0.00520
   0.00514
   0.00510
   0.00503
   0.00500
   0.00493
   0.00490
   0.00483
   0.00480
   0.00473
   0.00469
   0.00464
   0.00459
