   0.66990
   0.66954
   0.66920
   0.66888
   0.66857
   0.66828
   0.66801
   0.66774
   0.66750
   0.66726
   0.66704
   0.66683
   0.66663
   0.66644
   0.66626
   0.66609
   0.66593
   0.66578
   0.66563
   0.66550
   0.66537
   0.66524
   0.66512
   0.66501
   0.66490
   0.66480
   0.66470
   0.66461
   0.66452
   0.66444
   0.66436
   0.66428
   0.66421
   0.66414
   0.66408
   0.66401
   0.66395
   0.66390
   0.66384
   0.66379
   0.66374
   0.66369
   0.66365
   0.66360
   0.66356
   0.66352
   0.66349
   0.66345
   0.66341
   0.66338
   0.66335
   0.66332
   0.66329
   0.66326
   0.66323
   0.66321
   0.66318
   0.66316
   0.66314
   0.66312
   0.66310
   0.66308
   0.66306
   0.66304
   0.66302
   0.66300
   0.66299
   0.66297
   0.66296
   0.66294
   0.66293
   0.66291
   0.66290
   0.66289
   0.66288
   0.66287
   0.66285
   0.66284
   0.66283
   0.66282
   0.66281
   0.66281
   0.66280
   0.66279
   0.66278
   0.66277
   0.66277
   0.66276
   0.66275
   0.66274
   0.66274
   0.66273
   0.66273
   0.66272
   0.66271
   0.66271
   0.66270
   0.66270
   0.66269
   0.66269
   0.66268
   0.66268
   0.66268
   0.66267
   0.66267
   0.66266
   0.66266
   0.66266
   0.66265
   0.66265
   0.66265
   0.66264
   0.66264
   0.66264
   0.66264
   0.66263
   0.66263
   0.66263
   0.66263
   0.66262
   0.66262
   0.66262
   0.66262
   0.66262
   0.66261
   0.66261
   0.66261
   0.66261
   0.66261
   0.66261
   0.66260
   0.66260
   0.66260
   0.66260
   0.66260
   0.66260
   0.66260
   0.66259
   0.66259
   0.66259
   0.66259
   0.66259
   0.66259
   0.66259
   0.66259
   0.66259
   0.66259
   0.66259
   0.66258
   0.66258
   0.66258
   0.66258
   0.66258
   0.66258
   0.66258
   0.66258
   0.66258
   0.66258
   0.66258
   0.66258
   0.66258
   0.66258
   0.66258
   0.66257
   0.66257
   0.66257
   0.66257
   0.66257
   0.66257
   0.66257
   0.66257
   0.66257
   0.66257
   0.66257
   0.66257
   0.66257
   0.66257
   0.66257
   0.66257
   0.66257
   0.66257
   0.66257
   0.66257
   0.66257
   0.66257
   0.66257
   0.66257
   0.66257
   0.66257
   0.66257
   0.66257
   0.66257
   0.66257
   0.66257
   0.66257
   0.66257
   0.66257
   0.66257
   0.66257
   0.66256
   0.66256
   0.66256
   0.66256
   0.66256
   0.66256
   0.66256
   0.66256
   0.66256
   0.66256
   0.66256
   0.66256
   0.66256
   0.66256
   0.66256
   0.66256
   0.66256
   0.66256
   0.66256
   0.66256
   0.66256
   0.66256
   0.66256
   0.66256
   0.66256
   0.66256
   0.66256
   0.66256
   0.66256
   0.66256
   0.66256
   0.66256
   0.66256
   0.66256
   0.66256
   0.66256
   0.66256
   0.66256
   0.66256
   0.66256
   0.66256
   0.66256
   0.66256
   0.66256
   0.66256
   0.66256
   0.66256
   0.66256
   0.66256
   0.66256
   0.66256
   0.66256
   0.66256
   0.66256
   0.66256
   0.66256
   0.66256
   0.66256
   0.66256
   0.66256
   0.66256
   0.66256
   0.66256
   0.66256
   0.66256
   0.66256
   0.66256
   0.66256
   0.66256
   0.66256
   0.66256
   0.66256
   0.66256
   0.66256
   0.66256
   0.66256
   0.66256
   0.66256
   0.66256
   0.66256
   0.66256
   0.66256
   0.66256
   0.66256
   0.66256
   0.66256
   0.66256
   0.66256
   0.66256
   0.66256
   0.66256
   0.66256
   0.66256
   0.66256
   0.66256
   0.66256
   0.66256
   0.66256
   0.66256
   0.66256
   0.66256
   0.66256
   0.66256
   0.66256
   0.66256
   0.66256
   0.66256
   0.66256
   0.66256
   0.66256
   0.66256
   0.66256
   0.66256
   0.66256
   0.66256
   0.66256
   0.66256
   0.66256
   0.66256
   0.66256
   0.66256
   0.66256
   0.66256
   0.66256
   0.66256
   0.66256
   0.66256
   0.66256
   0.66256
   0.66256
   0.66256
   0.66256
   0.66256
   0.66256
   0.66256
   0.66256
   0.66256
   0.66256
   0.66256
   0.66256
   0.66256
   0.66256
   0.66256
   0.66256
   0.66256
   0.66256
   0.66256
   0.66256
   0.66256
   0.66256
   0.66256
   0.66256
   0.66256
   0.66256
   0.66256
   0.66256
   0.66256
   0.66256
   0.66256
   0.66256
   0.66256
   0.66256
   0.66256
   0.66256
   0.66256
   0.66256
   0.66256
   0.66256
   0.66256
   0.66256
   0.66256
   0.66256
   0.66256
   0.66256
   0.66256
   0.66256
   0.66256
   0.66256
   0.66256
   0.66256
   0.66256
   0.66256
   0.66256
   0.66256
   0.66256
   0.66256
   0.66256
   0.66256
   0.66256
   0.66256
   0.66256
   0.66256
   0.66256
   0.66256
   0.66256
   0.66256
   0.66256
   0.66256
   0.66256
   0.66256
   0.66256
   0.66256
   0.66256
   0.66256
   0.66256
   0.66256
   0.66256
   0.66256
   0.66256
   0.66256
   0.66256
   0.66256
   0.66256
   0.66256
   0.66256
   0.66256
   0.66256
   0.66256
   0.66256
   0.66256
   0.66256
   0.66256
   0.66256
   0.66256
   0.66256
   0.66256
   0.66256
   0.66256
   0.66256
   0.66256
   0.66256
   0.66256
   0.66256
   0.66256
   0.66256
   0.66256
   0.66256
   0.66256
   0.66256
   0.66256
   0.66256
   0.66256
   0.66256
   0.66256
   0.66256
   0.66256
   0.66256
   0.66256
   0.66256
   0.66256
   0.66256
   0.66256
   0.66256
   0.66256
   0.66256
   0.66256
   0.66256
   0.66256
   0.66256
   0.66256
   0.66256
   0.66256
   0.66256
   0.66256
   0.66256
   0.66256
   0.66256
   0.66256
   0.66256
   0.66256
   0.66256
   0.66256
   0.66256
   0.66256
   0.66256
   0.66256
   0.66256
   0.66256
   0.66256
   0.66256
   0.66256
   0.66256
   0.66256
   0.66256
   0.66256
   0.66256
   0.66256
   0.66256
   0.66256
   0.66256
   0.66256
   0.66256
   0.66256
   0.66256
   0.66256
   0.66256
   0.66256
   0.66256
   0.66256
   0.66256
   0.66256
