   0.70811
   0.70574
   0.70553
   0.70483
   0.70330
   0.70265
   0.70248
   0.70234
   0.70089
   0.70067
   0.70032
   0.69967
   0.70175
   0.69740
   0.70151
   0.69404
   0.70112
   0.69989
   0.69687
   0.70141
   0.69566
   0.69502
   0.69418
   0.69347
   0.69261
   0.69306
   0.69106
   0.69050
   0.69321
   0.69073
   0.68933
   0.68820
   0.68737
   0.68678
   0.68632
   0.68599
   0.68580
   0.68581
   0.68607
   0.68672
   0.68765
   0.68930
   0.69091
   0.69293
   0.69660
   0.69968
   0.70363
   0.70810
   0.71360
   0.71857
   0.72369
   0.72783
   0.73115
   0.73247
   0.73966
   0.73747
   0.73319
   0.72939
   0.72480
   0.71098
   0.69104
   0.69909
   0.69061
   0.68268
   0.67203
   0.65853
   0.62558
   0.61414
   0.60460
   0.59544
   0.58660
   0.57824
   0.57075
   0.56426
   0.55817
   0.55302
   0.54778
   0.54263
   0.53704
   0.53134
   0.52548
   0.51926
   0.51278
   0.50629
   0.49945
   0.49264
   0.48583
   0.47904
   0.47225
   0.46556
   0.45914
   0.45281
   0.44670
   0.44096
   0.43561
   0.43067
   0.42609
   0.42172
   0.41743
   0.41301
   0.40836
   0.40349
   0.39843
   0.39325
   0.38805
   0.38283
   0.37774
   0.37277
   0.36797
   0.36328
   0.35877
   0.35428
   0.34994
   0.34569
   0.34154
   0.33750
   0.33345
   0.32935
   0.32523
   0.32114
   0.31701
   0.31290
   0.30876
   0.30466
   0.30060
   0.29656
   0.29258
   0.28866
   0.28467
   0.28080
   0.27694
   0.27311
   0.26930
   0.26559
   0.26194
   0.25811
   0.25456
   0.25100
   0.24739
   0.24383
   0.24036
   0.23687
   0.23340
   0.22948
   0.22609
   0.22262
   0.21924
   0.21584
   0.21241
   0.20910
   0.20582
   0.20255
   0.19930
   0.19566
   0.19255
   0.18930
   0.18605
   0.18288
   0.17973
   0.17657
   0.17348
   0.17041
   0.16730
   0.16422
   0.16119
   0.15820
   0.15521
   0.15223
   0.14927
   0.14635
   0.14349
   0.14078
   0.13799
   0.13519
   0.13244
   0.12967
   0.12698
   0.12432
   0.12168
   0.11904
   0.11646
   0.11390
   0.11143
   0.10897
   0.10656
   0.10421
   0.10185
   0.09953
   0.09724
   0.09489
   0.09265
   0.09050
   0.08827
   0.08608
   0.08403
   0.08205
   0.08011
   0.07821
   0.07637
   0.07458
   0.07284
   0.07114
   0.06949
   0.06807
   0.06652
   0.06526
   0.06380
   0.06242
   0.06108
   0.05978
   0.05851
   0.05728
   0.05609
   0.05493
   0.05379
   0.05269
   0.05160
   0.05053
   0.04948
   0.04843
   0.04739
   0.04636
   0.04533
   0.04430
   0.04327
   0.04224
   0.04121
   0.04018
   0.03915
   0.03812
   0.03710
   0.03609
   0.03510
   0.03412
   0.03316
   0.03222
   0.03130
   0.03040
   0.02953
   0.02869
   0.02786
   0.02705
   0.02627
   0.02550
   0.02475
   0.02401
   0.02328
   0.02256
   0.02186
   0.02116
   0.02048
   0.01981
   0.01915
   0.01850
   0.01788
   0.01727
   0.01667
   0.01609
   0.01554
   0.01500
   0.01449
   0.01399
   0.01352
   0.01307
   0.01264
   0.01223
   0.01185
   0.01148
   0.01113
   0.01079
   0.01047
   0.01017
   0.00987
   0.00959
   0.00931
   0.00904
   0.00878
   0.00853
   0.00829
   0.00805
   0.00782
   0.00758
   0.00735
   0.00715
   0.00710
   0.00679
   0.00665
   0.04862
   0.00611
   0.78935
   0.01708
   0.04390
   0.01992
   0.04102
   0.01869
   0.03850
   0.01889
   0.03616
   0.01946
   0.03393
   0.02008
   0.03192
   0.02051
   0.03011
   0.02076
   0.02844
   0.02095
   0.02690
   0.02118
   0.02547
   0.02145
   0.02422
   0.02173
   0.02312
   0.02179
   0.02204
   0.02137
   0.02100
   0.02051
   0.02002
   0.01952
   0.01901
   0.01849
   0.01797
   0.01745
   0.01693
   0.01643
   0.01595
   0.01549
   0.01505
   0.01463
   0.01423
   0.01385
   0.01348
   0.01313
   0.01278
   0.01245
   0.01212
   0.01180
   0.01148
   0.01117
   0.01086
   0.01057
   0.01027
   0.00998
   0.00970
   0.00942
   0.00915
   0.00889
   0.00864
   0.00839
   0.00815
   0.00791
   0.00769
   0.00747
   0.00727
   0.00708
   0.00690
   0.00672
   0.00656
   0.00642
   0.00629
   0.00617
   0.00608
   0.00601
   0.00597
   0.00597
   0.00604
   0.00623
   0.00641
   0.00675
   2.33011
   0.01135
   0.00550
   0.00572
   0.00560
   0.00542
   0.00515
   0.00492
   0.00481
   0.00418
   0.00426
   0.00435
   0.00446
   0.00475
   0.00602
   0.00372
   0.00698
   0.03659
   0.02837
   0.00197
   0.00760
   0.00196
   0.01745
   0.00431
   0.00182
   0.00413
   0.00141
   0.01025
   0.01030
   0.00922
   0.00596
   0.00668
   0.00339
   0.03255
   0.01281
   0.00230
   0.00142
   0.00365
   0.01583
   0.01061
   0.01015
   0.00977
   0.01018
   0.00969
   0.00818
   0.00287
   0.00371
   0.02598
   0.00625
   0.00635
   0.00247
   0.00328
   0.00756
   0.00303
   0.00358
   0.02388
   0.00197
   0.00279
   0.00092
   0.00170
   0.00193
   0.00480
   0.00933
   0.00088
   0.01382
   0.00092
   0.01048
   0.00099
   0.00119
   0.00205
   0.00560
   0.00137
   0.00264
   0.01118
   0.00490
   0.00150
   0.00600
   0.00301
   0.00218
   0.00068
   0.00194
   0.00174
   0.00096
   0.00091
   0.00092
   0.00093
   0.00094
   0.00097
   0.00107
   0.00179
   0.01346
   0.00138
   0.00062
   0.00059
   0.00649
   0.00091
   0.00110
   0.00063
   0.00061
   0.00122
   0.00073
   0.00051
   0.00266
   0.00052
   0.00175
   0.00198
   0.00166
   0.00062
   0.00108
   0.00098
   0.00127
   1.03261
   0.00769
   0.00126
   0.00114
   0.00108
   0.00103
   0.00099
   0.00096
   0.00093
   0.00091
   0.00090
   0.00088
   0.00087
   0.00086
   0.00086
   0.00085
   0.00085
   0.00085
