   0.65381
   0.62329
   0.62167
   0.61950
   0.61971
   0.61415
   0.61279
   0.61082
   0.60870
   0.60630
   0.60482
   0.60277
   0.60055
   0.59845
   0.59614
   0.59397
   0.59159
   0.58932
   0.58674
   0.58435
   0.58192
   0.57922
   0.57666
   0.57404
   0.57121
   0.56840
   0.56551
   0.56264
   0.55959
   0.55660
   0.55340
   0.55029
   0.54689
   0.54371
   0.53916
   0.53109
   0.53038
   0.52742
   0.52316
   0.51905
   0.51492
   0.51096
   0.50701
   0.49664
   0.49631
   0.49437
   0.48957
   0.48492
   0.48076
   0.47655
   0.47222
   0.46790
   0.46353
   0.45881
   0.45461
   0.45009
   0.44584
   0.44152
   0.43742
   0.43320
   0.42917
   0.42534
   0.42154
   0.41800
   0.41465
   0.41149
   0.40877
   0.40800
   0.40612
   0.40511
   0.40386
   0.40260
   0.40141
   0.40008
   0.39675
   0.39295
   0.38659
   0.37976
   0.37289
   0.36634
   0.35999
   0.35445
   0.34814
   0.34391
   0.33862
   0.33368
   0.32854
   0.32371
   0.31865
   0.31325
   0.30847
   0.30271
   0.29734
   0.28780
   0.28544
   0.28128
   0.27540
   0.26911
   0.26395
   0.25827
   0.25342
   0.24802
   0.24373
   0.23803
   0.23381
   0.22849
   0.22410
   0.21937
   0.21539
   0.21046
   0.20605
   0.20224
   0.19772
   0.19356
   0.18928
   0.18536
   0.18159
   0.17694
   0.17425
   0.16920
   0.16698
   0.16222
   0.15919
   0.15500
   0.15264
   0.14816
   0.14598
   0.14167
   0.13954
   0.13552
   0.13328
   0.12986
   0.12791
   0.12385
   0.12219
   0.11845
   0.11664
   0.11357
   0.11081
   0.10813
   0.10615
   0.10315
   0.10106
   0.09848
   0.09706
   0.09435
   0.09215
   0.09070
   0.08823
   0.08695
   0.08476
   0.08246
   0.08137
   0.07908
   0.07723
   0.07572
   0.07371
   0.07251
   0.07087
   0.06895
   0.06765
   0.06592
   0.06510
   0.06339
   0.06183
   0.06033
   0.05953
   0.05846
   0.05708
   0.05563
   0.05458
   0.05340
   0.05227
   0.05103
   0.04984
   0.04879
   0.04771
   0.04684
   0.04586
   0.04517
   0.04400
   0.04323
   0.04231
   0.04135
   0.04061
   0.03970
   0.03880
   0.03794
   0.03725
   0.03643
   0.03569
   0.03489
   0.03418
   0.03342
   0.03267
   0.03196
   0.03141
   0.03070
   0.03004
   0.02942
   0.02890
   0.02792
   0.02749
   0.02703
   0.02645
   0.02578
   0.02539
   0.02491
   0.02409
   0.02380
   0.02339
   0.02285
   0.02231
   0.02194
   0.02155
   0.02108
   0.02063
   0.02023
   0.01979
   0.01937
   0.01898
   0.01858
   0.01822
   0.01785
   0.01741
   0.01710
   0.01665
   0.01628
   0.01588
   0.01549
   0.01512
   0.01476
   0.01442
   0.01404
   0.01371
   0.01335
   0.01300
   0.01268
   0.01235
   0.01203
   0.01174
   0.01143
   0.01113
   0.01085
   0.01056
   0.01029
   0.01000
   0.00979
   0.00954
   0.00926
   0.00901
   0.00877
   0.00856
   0.00832
   0.00812
   0.00790
   0.00770
   0.00749
   0.00729
   0.00711
   0.00692
   0.00675
   0.00657
   0.00639
   0.00623
   0.00606
   0.00591
   0.00575
   0.00560
   0.00546
   0.00533
   0.00519
   0.00506
   0.00494
   0.00482
   0.00469
   0.00457
   0.00447
   0.00435
   0.00426
   0.00414
   0.00406
   0.00395
   0.00388
   0.00378
   0.00371
   0.00360
   0.00349
   0.00340
   0.00331
   0.00326
   0.00321
   0.00315
   0.00311
   0.00306
   0.00296
   0.00294
   0.00288
   0.00289
   0.00287
   0.00281
   0.00282
   0.00270
   0.00281
   0.00269
   0.00283
   0.00269
   0.00271
   0.00278
   0.00277
   0.00276
   0.00268
   0.00278
   0.00265
   0.00271
   0.00263
   0.00258
   0.00261
   0.00250
   0.00255
   0.00264
   0.00248
   0.00261
   0.00236
   0.00160
   0.00148
   0.00122
   0.00113
   0.00112
   0.00108
   0.00107
   0.00105
   0.00103
   0.00102
   0.00101
   0.00100
   0.00099
   0.00098
   0.00095
   0.00095
   0.00093
   0.00092
   0.00091
   0.00091
   0.00090
   0.00089
   0.00088
   0.00088
   0.00087
   0.00087
   0.00086
   0.00086
   0.00086
   0.00086
   0.00086
   0.00087
   0.00086
   0.00089
   0.00090
   0.00099
   0.00116
   0.00125
   0.00106
   0.00111
   0.00116
   0.00114
   0.00108
   0.00111
   0.00107
   0.00109
   0.00105
   0.00104
   0.00102
   0.00095
   0.00094
   0.00082
   0.00074
   0.00078
   0.00073
   0.00077
   0.00064
   0.00079
   0.00049
   0.00098
   0.00070
   0.00040
   0.00038
   0.00131
   0.00605
   0.00103
   0.00083
   0.00727
   0.00035
   0.00317
   0.00046
   0.01781
   0.00069
   0.00143
   0.00841
   0.02191
   0.00198
   0.02900
   0.00107
   0.00043
   0.02439
   0.00033
   0.04503
   0.00091
   0.04411
   0.00028
   0.00032
   0.00031
   0.00025
   0.00026
   0.00025
   0.00025
   0.00025
   0.00025
   0.00025
   0.00024
   0.00024
   0.00024
   0.00024
   0.00024
   0.00024
   0.00023
   0.00023
   0.00023
   0.00023
   0.00023
   0.00023
   0.00023
   0.00022
   0.00022
   0.00022
   0.00022
   0.00022
   0.00022
   0.00021
   0.00021
   0.00021
   0.00021
   0.00021
   0.00021
   0.00020
   0.00020
   0.00020
   0.00020
   0.00020
   0.00020
   0.00020
   0.00019
   0.00019
   0.00019
   0.00019
   0.00019
   0.00019
   0.00018
   0.00018
   0.00018
   0.00018
   0.00018
   0.00018
   0.00017
   0.00017
   0.00017
   0.00017
   0.00017
   0.00017
   0.00016
   0.00016
   0.00016
   0.00016
   0.00016
   0.00015
   0.00015
   0.00015
   0.00015
   0.00015
   0.00014
   0.00014
   0.00014
   0.00014
   0.00014
   0.00013
   0.00013
   0.00013
   0.00013
   0.00013
   0.00013
   0.00012
   0.00012
   0.00012
   0.00012
   0.00012
   0.00011
   0.00011
   0.00011
   0.00011
   0.00011
   0.00011
   0.00011
   0.00010
   0.00010
   0.00010
   0.00010
   0.00010
   0.00010
   0.00009
   0.00009
   0.00009
   0.00009
   0.00009
   0.00009
   0.00009
   0.00009
   0.00008
   0.00008
   0.00008
   0.00008
   0.00008
   0.00008
   0.00008
   0.00008
   0.00007
   0.00007
   0.00007
   0.00007
   0.00007
   0.00007
   0.00007
   0.00007
   0.00007
   0.00006
   0.00006
   0.00006
   0.00006
   0.00006
   0.00006
   0.00006
   0.00006
   0.00006
   0.00006
   0.00006
   0.00005
   0.00005
   0.00005
   0.00005
   0.00005
   0.00005
   0.00005
   0.00005
   0.00005
   0.00005
   0.00005
   0.00005
   0.00004
   0.00004
   0.00004
   0.00004
   0.00004
   0.00004
   0.00004
   0.00004
   0.00004
   0.00004
   0.00004
   0.00004
   0.00004
   0.00004
   0.00003
   0.00003
   0.00003
   0.00003
   0.00003
   0.00003
   0.00003
   0.00003
   0.00003
   0.00003
   0.00003
   0.00003
   0.00003
   0.00003
   0.00003
   0.00003
   0.00003
   0.00003
   0.00003
   0.00002
   0.00002
   0.00002
   0.00002
   0.00002
   0.00002
   0.00002
   0.00002
   0.00002
   0.00002
   0.00002
   0.00002
   0.00002
   0.00002
   0.00002
   0.00002
   0.00002
   0.00002
   0.00002
   0.00002
   0.00002
   0.00002
   0.00002
   0.00002
   0.00002
   0.00002
   0.00002
   0.00002
   0.00001
   0.00001
   0.00001
   0.00001
   0.00001
   0.00001
   0.00001
   0.00001
   0.00001
   0.00001
   0.00001
   0.00001
   0.00001
   0.00001
   0.00001
   0.00001
   0.00001
   0.00001
   0.00001
   0.00001
   0.00001
   0.00001
   0.00001
   0.00001
   0.00001
   0.00001
   0.00001
   0.00001
   0.00001
   0.00001
   0.00001
   0.00001
   0.00001
   0.00001
   0.00001
   0.00001
   0.00001
   0.00001
   0.00001
   0.00001
   0.00001
   0.00001
   0.00001
   0.00001
   0.00001
   0.00001
   0.00001
   0.00001
   0.00001
   0.00001
   0.00001
   0.00001
   0.00001
   0.00001
   0.00001
   0.00001
   0.00001
   0.00001
   0.00000
   0.00000
   0.00000
   0.00000
   0.00000
   0.00000
   0.00000
   0.00000
   0.00000
   0.00000
   0.00000
   0.00000
   0.00000
   0.00000
   0.00000
   0.00000
   0.00000
   0.00000
   0.00000
   0.00000
   0.00000
   0.00000
   0.00000
   0.00000
   0.00000
   0.00000
   0.00000
   0.00000
   0.00000
   0.00000
   0.00000
   0.00000
   0.00000
   0.00000
   0.00000
   0.00000
   0.00000
   0.00000
   0.00000
   0.00000
   0.00000
   0.00000
   0.00000
   0.00000
   0.00000
   0.00000
   0.00000
   0.00000
   0.00000
   0.00000
   0.00000
   0.00000
   0.00000
   0.00000
   0.00000
   0.00000
   0.00000
   0.00000
   0.00000
   0.00000
   0.00000
   0.00000
   0.00000
   0.00000
   0.00000
   0.00000
   0.00000
   0.00000
   0.00000
   0.00000
   0.00000
   0.00000
   0.00000
   0.00000
   0.00000
   0.00000
   0.00000
   0.00000
   0.00000
   0.00000
   0.00000
   0.00000
   0.00000
   0.00000
   0.00000
   0.00000
   0.00000
   0.00000
   0.00000
   0.00000
   0.00000
   0.00000
   0.00000
   0.00000
   0.00000
   0.00000
   0.00000
   0.00000
   0.00000
   0.00000
   0.00000
   0.00000
   0.00000
   0.00000
   0.00000
   0.00000
   0.00000
   0.00000
   0.00000
   0.00000
   0.00000
   0.00000
   0.00000
   0.00000
   0.00000
   0.00000
   0.00000
   0.00000
   0.00000
   0.00000
   0.00000
   0.00000
   0.00000
   0.00000
   0.00000
   0.00000
   0.00000
   0.00000
   0.00000
   0.00000
   0.00000
   0.00000
   0.00000
   0.00000
   0.00000
   0.00000
   0.00000
   0.00000
   0.00000
   0.00000
   0.00000
   0.00000
   0.00000
   0.00000
   0.00000
   0.00000
   0.00000
   0.00000
   0.00000
   0.00000
   0.00000
   0.00000
   0.00000
   0.00000
   0.00000
   0.00000
   0.00000
   0.00000
   0.00000
   0.00000
   0.00000
   0.00000
   0.00000
   0.00000
   0.00000
   0.00000
   0.00000
   0.00000
   0.00000
   0.00000
   0.00000
   0.00000
   0.00000
   0.00000
   0.00000
   0.00000
   0.00000
   0.00000
   0.00000
   0.00000
   0.00000
   0.00000
   0.00000
   0.00000
   0.00000
   0.00000
   0.00000
   0.00000
   0.00000
   0.00000
   0.00000
   0.00000
   0.00000
   0.00000
   0.00000
   0.00000
   0.00000
   0.00000
   0.00000
   0.00000
   0.00000
   0.00000
   0.00000
   0.00000
   0.00000
   0.00000
   0.00000
   0.00000
   0.00000
   0.00000
   0.00000
   0.00000
   0.00000
   0.00000
   0.00000
   0.00000
   0.00000
   0.00000
   0.00000
   0.00000
   0.00000
   0.00000
   0.00000
   0.00000
   0.00000
   0.00000
   0.00000
   0.00000
   0.00000
   0.00000
   0.00000
   0.00000
   0.00000
   0.00000
   0.00000
   0.00000
   0.00000
   0.00000
   0.00000
   0.00000
   0.00000
   0.00000
   0.00000
   0.00000
   0.00000
   0.00000
   0.00000
   0.00000
   0.00000
   0.00000
   0.00000
   0.00000
   0.00000
   0.00000
   0.00000
   0.00000
   0.00000
   0.00000
   0.00000
   0.00000
   0.00000
   0.00000
   0.00000
   0.00000
   0.00000
   0.00000
   0.00000
   0.00000
   0.00000
   0.00000
   0.00000
   0.00000
   0.00000
   0.00000
   0.00000
   0.00000
   0.00000
   0.00000
   0.00000
   0.00000
   0.00000
   0.00000
   0.00000
   0.00000
   0.00000
   0.00000
   0.00000
   0.00000
   0.00000
   0.00000
   0.00000
   0.00000
   0.00000
   0.00000
   0.00000
   0.00000
   0.00000
   0.00000
   0.00000
   0.00000
   0.00000
   0.00000
   0.00000
   0.00000
   0.00000
   0.00000
   0.00000
   0.00000
   0.00000
   0.00000
   0.00000
   0.00000
   0.00000
   0.00000
   0.00000
   0.00000
   0.00000
   0.00000
   0.00000
   0.00000
   0.00000
   0.00000
   0.00000
   0.00000
   0.00000
