   0.53090
   0.50688
   0.46242
   0.42674
   0.43169
   0.40154
   0.39931
   0.40970
   0.41617
   0.40841
   0.42654
   0.42489
   0.42855
   0.41474
   0.41381
   0.41160
   0.39980
   0.40980
   0.39610
   0.39426
   0.41069
   0.40829
   0.39685
   0.39076
   0.39259
   0.39369
   0.40421
   0.40443
   0.41944
   0.52375
   0.54077
   0.52797
   0.53226
   0.53046
   0.52342
   0.51452
   0.50413
   0.48885
   0.47199
   0.45285
   0.43630
   0.42192
   0.40942
   0.40044
   0.39440
   0.39107
   0.38903
   0.38718
   0.38483
   0.38172
   0.37708
   0.37135
   0.36462
   0.35724
   0.34906
   0.33970
   0.33028
   0.32015
   0.30990
   0.29948
   0.28897
   0.27884
   0.26856
   0.25859
   0.24837
   0.23805
   0.22810
   0.21916
   0.21019
   0.20085
   0.19231
   0.18385
   0.17592
   0.16834
   0.16074
   0.15371
   0.14715
   0.14045
   0.13417
   0.12811
   0.12232
   0.11682
   0.11179
   0.10687
   0.10207
   0.09750
   0.09320
   0.08925
   0.08535
   0.08180
   0.07829
   0.07508
   0.07196
   0.06901
   0.06620
   0.06358
   0.06113
   0.05881
   0.05650
   0.05434
   0.05224
   0.05028
   0.04850
   0.04667
   0.04495
   0.04329
   0.04172
   0.04028
   0.03884
   0.03745
   0.03607
   0.03477
   0.03357
   0.03237
   0.03117
   0.03002
   0.02890
   0.02787
   0.02675
   0.02550
   0.02433
   0.02326
   0.02221
   0.02129
   0.02030
   0.01952
   0.01851
   0.01765
   0.01668
   0.01577
   0.01487
   0.01400
   0.01316
   0.01236
   0.01158
   0.01082
   0.01009
   0.00938
   0.00871
   0.00806
   0.00744
   0.00686
   0.00630
   0.00579
   0.00531
   0.00486
   0.00444
   0.00406
   0.00370
   0.00338
   0.00309
   0.00282
   0.00257
   0.00234
   0.00214
   0.00196
   0.00180
   0.00165
   0.00151
   0.00139
   0.00128
   0.00117
   0.00108
   0.00100
   0.00092
   0.00085
   0.00079
   0.00074
   0.00070
   0.00066
   0.00063
   0.00061
   0.00060
   0.00060
   0.00060
   0.00060
   0.00060
   0.00060
   0.00058
   0.00056
   0.00054
   0.00052
   0.00050
   0.00048
   0.00047
   0.00045
   0.00044
   0.00043
   0.00042
   0.00041
   0.00040
   0.00040
   0.00041
   0.00042
   0.00043
   0.00044
   0.00038
   0.00045
   0.00021
   0.00020
   0.00014
   0.00062
   0.00065
   0.00044
   0.00022
   0.00020
   0.00016
   0.00014
   0.00029
   0.00022
   0.00015
   0.00018
   0.00010
   0.00009
   0.00011
   0.00009
   0.00011
   0.00007
   0.00007
   0.00009
   0.00008
   0.00009
   0.00008
   0.00007
   0.00007
   0.00007
   0.00006
   0.00008
   0.00006
   0.00005
   0.00005
   0.00005
   0.00004
   0.00005
   0.00004
   0.00002
   0.00004
   0.00004
   0.00004
   0.00004
   0.00004
   0.00004
   0.00004
   0.00004
   0.00001
   0.00003
   0.00003
   0.00003
   0.00003
   0.00002
   0.00003
   0.00002
   0.00002
   0.00002
   0.00002
   0.00002
   0.00002
   0.00002
   0.00002
   0.00002
   0.00001
   0.00001
   0.00121
   0.00001
   0.00001
   0.00001
   0.00001
   0.00001
   0.00001
   0.00001
   0.00001
   0.00001
   0.00001
   0.00001
   0.00001
   0.00001
   0.00001
   0.00001
   0.00001
   0.00001
   0.00001
   0.00001
   0.00001
   0.00001
   0.00000
   0.00001
   0.00001
   0.00000
   0.00000
   0.00000
   0.00000
   0.00000
   0.00000
   0.00000
   0.00001
   0.00001
   0.00001
   0.00001
   0.00001
   0.00001
   0.00001
   0.00000
   0.00000
   0.00000
   0.00000
   0.00000
   0.01065
   0.00903
   0.00891
   0.00806
   0.00809
   0.00884
   0.00680
   0.00111
   0.00617
   0.00520
   0.00628
   0.00505
   0.00350
   0.00656
   0.00412
   0.00410
   0.02225
   0.00239
   0.00573
   0.00096
   0.00104
   0.00119
   0.00244
   0.00249
   0.00157
   0.00205
   0.00175
   0.00160
   0.00036
   0.00034
   0.00023
   0.00054
   0.00021
   0.00048
   0.00587
   0.00032
   0.00029
   0.00031
   0.00035
   0.00011
   0.00029
   0.00033
   0.00039
   0.00033
   0.00035
   0.00041
   0.00010
   0.00026
   0.00036
   0.00046
   0.00060
   0.00038
   0.00059
   0.00051
   0.00053
   0.00035
   0.00015
   0.00020
   0.00019
   0.00017
   0.00017
   0.00023
   0.00022
   0.00080
   0.00012
   0.00020
   0.00025
   0.00012
   0.00011
   0.00020
   0.00014
   0.00017
   0.00016
   0.00020
   0.00019
   0.00003
   0.00014
   0.00014
   0.00015
   0.00012
   0.00013
   0.00013
   0.00048
   0.00009
   0.00011
   0.00020
   0.00013
   0.00014
   0.00000
   0.00047
   0.00037
   0.00028
   0.00024
   0.00021
   0.00019
   0.00017
   0.00016
   0.00015
   0.00015
   0.00016
   0.00015
   0.00015
   0.00013
   0.00015
   0.00014
   0.00012
   0.00016
   0.00014
   0.00012
   0.00011
   0.00011
   0.00010
   0.00010
   0.00005
   0.00009
   0.00009
   0.00008
   0.00008
   0.00007
   0.00007
   0.00006
   0.00005
   0.00005
   0.00004
   0.00004
   0.43507
   0.00029
   0.00017
   0.00012
   0.00010
   0.00008
   0.00008
   0.00007
   0.00008
   0.00006
   0.00006
   0.00005
   0.00005
   0.00005
   0.00005
   0.00005
   0.00005
   0.00005
   0.00004
   0.00004
   0.00001
   0.00003
   0.00003
   0.00003
   0.00002
   0.00002
   0.00002
   0.00002
   0.00002
   0.00002
   0.00002
   0.00002
   0.00002
   0.00002
   0.00001
   0.00002
   0.00002
   0.00002
   0.00002
   0.00001
   0.00001
   0.00001
   0.00001
   0.00001
   0.00001
   0.00001
   0.00001
   0.00001
   0.00001
   0.00001
   0.00001
   0.00001
   0.00001
   0.00001
   0.00001
   0.00005
   0.00001
   0.00001
   0.00001
   0.00001
   0.00001
   0.00001
   0.00001
   0.00001
   0.00001
   0.00001
   0.00001
   0.00001
   0.00001
   0.00001
   0.00001
   0.00001
   0.00001
   0.00001
   0.00001
   0.00001
   0.00001
   0.00004
   0.00001
   0.00000
   0.00000
   0.00000
   0.00000
   0.00000
   0.00001
   0.00002
   0.00001
   0.00001
   0.00001
   0.00000
   0.00000
   0.00000
   0.00000
   0.00000
   0.00000
   0.00000
   0.00000
   0.00000
   0.00000
   0.00001
   0.00001
   0.00001
   0.00001
   0.00001
   0.00001
   0.00001
   0.06794
   0.00042
   0.00035
   0.00033
   0.00026
   0.00024
   0.00017
   0.00014
   0.00010
   0.00007
   0.00006
   0.00005
   0.00004
   0.00004
   0.00004
   0.00004
   0.00004
   0.00003
   0.00003
   0.00003
   0.00002
   0.00003
   0.00003
   0.00002
   0.00002
   0.00002
   0.00002
   0.00002
   0.00002
   0.00002
   0.00002
   0.00002
   0.00002
   0.00002
   0.00002
   0.00003
   0.00003
   0.00003
   0.00003
   0.00003
   0.00002
   0.00002
   0.00002
   0.00002
   0.00002
   0.00002
   0.00002
   0.00002
   0.00002
   0.00002
   0.00004
   0.00003
   0.00002
   0.00002
   0.00002
   0.00002
   0.00002
   0.00005
   0.00005
   0.00004
   0.00003
   0.00003
   0.00002
   0.00002
   0.00001
   0.00002
   0.00001
   0.00001
   0.00004
   0.00004
   0.00003
   0.00003
   0.00002
   0.00002
   0.00001
   0.00001
   0.00001
   0.00002
   0.00002
   0.00001
   0.00001
   0.00001
   0.00001
   0.00000
   0.00003
   0.00003
   0.00003
   0.00003
   0.00003
   0.00003
   0.00002
   0.00002
   0.00001
   0.00001
   0.00001
   0.00001
   0.00001
   0.00002
   0.00002
   0.00001
   0.00001
   0.00001
   0.00001
   0.00001
   0.00001
   0.00002
   0.00002
   0.00002
   0.00002
   0.00002
   0.00002
   0.00001
   0.00001
   0.00001
   0.00001
   0.00001
   0.00000
   0.00001
   0.00001
   0.00001
   0.00001
   0.00001
   0.00001
   0.00001
   0.00001
   0.00001
   0.00000
   0.00000
   0.00000
   0.00001
   0.00001
   0.00000
   0.00000
   0.00000
   0.00001
   0.00001
   0.00002
   0.00002
   0.00002
   0.00002
   0.00002
   0.00002
   0.00002
   0.00002
   0.00002
   0.00002
   0.00002
   0.00002
   0.00001
   0.00001
   0.00001
   0.00001
   0.00001
   0.00000
   0.00001
   0.00001
   0.00001
   0.00001
   0.00001
   0.00001
   0.00001
   0.00001
   0.00001
   0.00000
   0.00000
   0.00000
   0.00000
   0.00001
   0.00001
   0.00001
   0.00001
   0.00001
   0.00001
   0.00001
   0.00001
   0.00001
   0.00001
   0.00001
   0.00000
   0.00000
   0.00000
   0.00000
   0.00000
   0.00000
   0.00000
   0.00000
   0.00000
   0.00000
   0.00000
   0.00000
   0.00000
   0.00000
   0.00000
   0.00000
   0.00000
   0.00000
   0.00000
   0.00000
   0.00000
   0.00001
   0.00001
   0.00000
   0.00000
   0.00000
   0.00000
   0.00000
   0.00000
   0.00000
   0.00001
   0.00001
   0.00001
   0.00001
   0.00001
   0.00000
   0.00000
   0.00000
   0.00000
   0.00000
   0.00000
   0.00000
   0.00000
   0.00001
   0.00001
   0.00001
   0.00001
   0.00001
   0.00001
   0.00001
   0.00001
   0.00001
   0.00001
   0.00001
   0.00001
   0.00000
   0.00000
   0.00000
   0.00000
   0.00000
   0.00000
   0.01035
   0.01598
   0.01911
   0.01605
   0.01549
   0.01518
   0.01417
   0.01297
   0.01145
   0.01024
   0.00904
   0.00874
   0.00729
   0.00625
   0.00542
   0.00476
   0.00418
   0.00355
   0.00311
   0.00268
   0.00236
   0.00208
   0.00183
   0.00160
   0.00140
   0.00121
   0.00104
   0.00091
   0.00078
   0.00067
   0.00057
   0.00048
   0.00040
   0.00033
   0.00027
   0.00021
   0.00017
   0.00013
   0.00010
   0.00008
   0.00006
   0.00005
   0.00004
   0.00004
   0.00004
   0.00003
   0.00003
   0.00003
   0.00003
   0.00002
   0.00002
   0.00002
   0.00002
   0.00005
   0.00002
   0.00001
   0.00001
   0.00001
   0.00003
   0.00002
   0.00001
   0.00002
   0.00002
   0.00002
   0.00001
   0.00001
   0.00037
   0.00003
   0.00003
   0.00003
   0.00002
   0.00002
   0.00002
   0.00001
   0.00001
   0.00001
   0.00000
   0.00002
   0.00002
   0.00002
   0.00002
   0.00001
   0.00001
   0.00001
   0.00001
   0.00001
   0.00001
   0.00001
   0.00001
   0.00001
   0.00001
   0.00000
   0.00002
   0.00002
   0.00001
   0.00001
   0.00000
   0.00000
   0.00000
   0.00000
   0.00000
   0.00000
   0.00000
   0.00000
   0.00000
   0.00000
   0.00000
   0.00000
   0.00000
   0.00000
   0.00000
   0.00000
   0.00000
   0.00000
   0.00000
   0.00000
   0.00000
   0.00000
   0.00000
   0.00000
   0.00000
   0.00000
   0.00000
   0.00000
   0.00000
   0.00000
   0.00000
   0.00000
   0.00000
   0.00000
   0.00000
   0.00000
   0.00000
   0.00000
   0.00000
   0.00000
   0.00000
   0.00000
   0.00000
   0.00000
   0.00000
   0.00000
   0.00000
   0.00000
   0.00000
   0.00000
   0.00000
   0.00000
   0.00000
   0.00000
   0.00000
   0.00000
   0.00000
   0.00000
   5.05480
   3.31473
   2.18892
   1.46201
   1.03440
   0.79730
   0.66675
   0.59395
   0.55301
   0.53005
   0.51734
   0.51044
   0.50679
   0.50490
   0.50394
   0.50346
   0.50322
   0.50310
   0.50303
   0.50300
   0.50297
   0.50295
   0.50294
   0.50293
   0.50292
   0.50291
   0.50291
   0.50290
   0.50290
   0.50289
   0.50289
   0.50289
   0.50288
   0.50288
   0.50288
   0.50288
   0.50288
   0.50288
   0.50288
   0.50287
   0.50287
   0.50287
   0.50287
   0.50287
   0.50287
   0.50287
   0.50287
   0.50287
   0.50287
   0.50287
   0.50287
   0.50287
   0.50287
   0.50287
   0.50287
   0.50287
   0.50287
   0.50287
   0.50287
   0.50287
   0.50287
   0.50287
   0.50287
   0.50287
   0.50287
   0.50287
   0.50287
   0.50287
   0.50287
   0.50287
