   0.59824
   0.58119
   0.47907
   0.46003
   0.46278
   0.47535
   0.45775
   0.46197
   0.46188
   0.45951
   0.45881
   0.45571
   0.45954
   0.44870
   0.45262
   0.45267
   0.45100
   0.44972
   0.44836
   0.44658
   0.44486
   0.44330
   0.44237
   0.44240
   0.44255
   0.44432
   0.45118
   0.45915
   0.46683
   0.45111
   0.46001
   0.47857
   0.48247
   0.48525
   0.48377
   0.47777
   0.45443
   0.41967
   0.39016
   0.35380
   0.31026
   0.27253
   0.24006
   0.20666
   0.18013
   0.15648
   0.13646
   0.12140
   0.10610
   0.09678
   0.08803
   0.08076
   0.07483
   0.07027
   0.06532
   0.06101
   0.05722
   0.05428
   0.05179
   0.04927
   0.04718
   0.04532
   0.04389
   0.04242
   0.04096
   0.03974
   0.03852
   0.03745
   0.03647
   0.03556
   0.03469
   0.03387
   0.03312
   0.03240
   0.03171
   0.03110
   0.03047
   0.02988
   0.02938
   0.02900
   0.02866
   0.02839
   0.02823
   0.02818
   0.02805
   0.02798
   0.02780
   0.02771
   0.02746
   0.02707
   0.02676
   0.02663
   0.02629
   0.02634
   0.02619
   0.02602
   0.02591
   0.02568
   0.02543
   0.02523
   0.02501
   0.02453
   0.02416
   0.02360
   0.02338
   0.02315
   0.02261
   0.02237
   0.02219
   0.02196
   0.02183
   0.02157
   0.02134
   0.02113
   0.02090
   0.02068
   0.02032
   0.02000
   0.01958
   0.01906
   0.01851
   0.01802
   0.01770
   0.01742
   0.01718
   0.01685
   0.01650
   0.01626
   0.01608
   0.01574
   0.01538
   0.01509
   0.01472
   0.01438
   0.01415
   0.01378
   0.01326
   0.01284
   0.01252
   0.01206
   0.01156
   0.01114
   0.01072
   0.01032
   0.00996
   0.00944
   0.00913
   0.00913
   0.00828
   0.00704
   0.00431
   0.00367
   0.00314
   0.00289
   0.00279
   0.00268
   0.00257
   0.00312
   0.00440
   0.00298
   0.00234
   0.00138
   0.00124
   0.00117
   0.00094
   0.00085
   0.00074
   0.00067
   0.00059
   0.00054
   0.00047
   0.00041
   0.00038
   0.00037
   0.00045
   0.00063
   0.00056
   0.00055
   0.00053
   0.00051
   0.00046
   0.00042
   0.00037
   0.00034
   0.00034
   0.00021
   0.00008
   0.00029
   0.00048
   0.00040
   0.00004
   0.00018
   0.00005
   0.00007
   0.00015
   0.00010
   0.00003
   0.00006
   0.00002
   0.00011
   0.00045
   0.00010
   0.00007
   0.00011
   0.00012
   0.00002
   0.00006
   0.00010
   0.00011
   0.00006
   0.00014
   0.00001
   0.00011
   0.00023
   0.00002
   0.00013
   0.00005
   0.00009
   3.38789
   1.70357
   0.95388
   0.69042
   0.62207
   0.59079
   0.56927
   0.55730
   0.54763
   0.54218
   0.53845
   0.53510
   0.53209
   0.52940
   0.52698
   0.52481
   0.52286
   0.52110
   0.51953
   0.51811
   0.51683
   0.51569
   0.51465
   0.51373
   0.51289
   0.51214
   0.51146
   0.51085
   0.51030
   0.50980
   0.50935
   0.50895
   0.50859
   0.50826
   0.50797
   0.50770
   0.50746
   0.50725
   0.50705
   0.50688
   0.50672
   0.50658
   0.50645
   0.50633
   0.50623
   0.50613
   0.50605
   0.50597
   0.50590
   0.50584
   0.50579
   0.50573
   0.50569
   0.50565
   0.50561
   0.50558
   0.50555
   0.50552
   0.50550
   0.50547
   0.50545
   0.50544
   0.50542
   0.50540
   0.50539
   0.50538
   0.50537
   0.50536
   0.50535
   0.50534
   0.50534
   0.50533
   0.50532
   0.50532
   0.50531
   0.50531
   0.50531
   0.50530
   0.50530
   0.50530
   0.50529
   0.50529
   0.50529
   0.50529
   0.50529
   0.50528
   0.50528
   0.50528
   0.50528
   0.50528
   0.50528
   0.50528
   0.50528
   0.50528
   0.50528
   0.50527
   0.50527
   0.50527
   0.50527
   0.50527
   0.50527
   0.50527
   0.50527
   0.50527
   0.50527
   0.50527
   0.50527
   0.50527
   0.50527
   0.50527
   0.50527
   0.50527
   0.50527
   0.50527
   0.50527
   0.50527
   0.50527
   0.50527
   0.50527
   0.50527
   0.50527
   0.50527
   0.50527
   0.50527
   0.50527
   0.50527
   0.50527
   0.50527
   0.50527
   0.50527
   0.50527
   0.50527
   0.50527
   0.50527
   0.50527
   0.50527
   0.50527
   0.50527
   0.50527
   0.50527
   0.50527
   0.50527
   0.50527
   0.50527
   0.50527
   0.50527
   0.50527
   0.50527
   0.50527
   0.50527
   0.50527
   0.50527
   0.50527
   0.50527
   0.50527
   0.50527
   0.50527
   0.50527
   0.50527
   0.50527
   0.50527
   0.50527
   0.50527
   0.50527
   0.50527
   0.50527
   0.50527
   0.50527
   0.50527
   0.50527
   0.50527
   0.50527
   0.50527
   0.50527
   0.50527
   0.50527
   0.50527
   0.50527
   0.50527
   0.50527
   0.50527
   0.50527
   0.50527
   0.50527
   0.50527
   0.50527
   0.50527
   0.50527
   0.50527
   0.50527
   0.50527
   0.50527
   0.50527
   0.50527
   0.50527
   0.50527
   0.50527
   0.50527
   0.50527
   0.50527
   0.50527
   0.50527
   0.50527
   0.50527
   0.50527
   0.50527
   0.50527
   0.50527
   0.50527
   0.50527
   0.50527
   0.50527
   0.50527
   0.50527
   0.50527
   0.50527
   0.50527
   0.50527
   0.50527
   0.50527
   0.50527
   0.50527
   0.50527
   0.50527
   0.50527
   0.50527
   0.50527
   0.50527
   0.50527
   0.50527
   0.50527
   0.50527
   0.50527
   0.50527
   0.50527
   0.50527
   0.50527
   0.50527
   0.50527
   0.50527
   0.50527
   0.50527
   0.50527
   0.50527
   0.50527
   0.50527
   0.50527
   0.50527
   0.50527
   0.50527
   0.50527
   0.50527
   0.50527
   0.50527
   0.50527
   0.50527
   0.50527
   0.50527
   0.50527
   0.50527
   0.50527
   0.50527
   0.50527
   0.50527
   0.50527
   0.50527
   0.50527
   0.50527
   0.50527
   0.50527
   0.50527
   0.50527
   0.50527
   0.50527
   0.50527
   0.50527
   0.50527
   0.50527
   0.50527
   0.50527
   0.50527
   0.50527
