   0.72071
   0.70486
   0.70439
   0.70113
   0.71296
   0.70498
   0.70115
   0.69993
   0.69890
   0.69924
   0.69738
   0.69671
   0.69626
   0.69622
   0.69589
   0.69498
   0.69535
   0.70205
   0.69734
   0.69260
   0.69101
   0.69036
   0.68991
   0.68980
   0.68967
   0.69178
   0.69119
   0.69827
   0.69380
   0.69003
   0.71330
   0.69878
   0.69687
   0.69919
   0.69233
   0.69897
   0.71223
   0.71717
   0.71396
   0.71170
   0.72661
   0.71830
   0.71714
   0.73158
   0.72342
   0.73635
   0.73744
   0.73785
   0.73867
   0.73893
   0.73642
   0.73451
   0.73182
   0.72720
   0.72203
   0.71302
   0.69590
   0.68626
   0.67559
   0.66467
   0.65567
   0.64668
   0.63825
   0.63026
   0.62219
   0.61430
   0.60765
   0.60131
   0.59590
   0.59036
   0.58440
   0.57811
   0.57137
   0.56419
   0.55662
   0.54858
   0.54082
   0.53301
   0.52543
   0.51822
   0.51152
   0.50534
   0.49969
   0.49428
   0.48898
   0.48368
   0.47842
   0.47314
   0.46789
   0.46267
   0.45741
   0.45226
   0.44706
   0.44196
   0.43689
   0.43197
   0.42714
   0.42235
   0.41765
   0.41306
   0.40858
   0.40410
   0.39970
   0.39536
   0.39109
   0.38689
   0.38276
   0.37869
   0.37469
   0.37075
   0.36687
   0.36304
   0.35928
   0.35557
   0.35192
   0.34832
   0.34478
   0.34128
   0.33783
   0.33443
   0.33109
   0.32778
   0.32452
   0.32130
   0.31812
   0.31497
   0.31187
   0.30879
   0.30575
   0.30274
   0.29978
   0.29680
   0.29389
   0.29099
   0.28810
   0.28524
   0.28234
   0.27952
   0.27671
   0.27392
   0.27114
   0.26837
   0.26562
   0.26289
   0.26018
   0.25749
   0.25485
   0.25226
   0.24973
   0.24726
   0.24488
   0.24259
   0.24039
   0.23827
   0.23624
   0.23434
   0.23249
   0.23074
   0.22899
   0.22736
   0.22569
   0.22414
   0.22286
   0.22120
   0.21965
   0.21820
   0.21651
   0.21483
   0.21311
   0.21132
   0.20950
   0.20830
   0.20641
   0.20443
   0.20242
   0.20035
   0.19834
   0.19609
   0.19389
   0.19168
   0.18943
   0.18723
   0.18488
   0.18257
   0.18172
   0.17935
   0.17702
   0.17469
   0.17232
   0.16997
   0.16762
   0.16527
   0.16292
   0.16054
   0.15816
   0.15578
   0.15338
   0.15098
   0.14858
   0.14616
   0.14374
   0.14129
   0.13884
   0.13638
   0.13382
   0.13134
   0.12882
   0.12632
   0.12379
   0.12126
   0.11869
   0.11610
   0.11352
   0.11089
   0.10924
   0.10667
   0.10398
   0.10122
   0.09856
   0.09585
   0.09313
   0.09047
   0.08777
   0.08513
   0.08246
   0.07981
   0.07723
   0.07462
   0.07207
   0.06953
   0.06703
   0.06458
   0.06221
   0.05984
   0.05754
   0.05531
   0.05313
   0.05101
   0.04898
   0.04697
   0.04506
   0.04322
   0.04142
   0.03970
   0.03802
   0.03644
   0.03489
   0.03343
   0.03203
   0.03067
   0.02938
   0.02815
   0.02696
   0.02582
   0.02469
   0.02362
   0.02256
   0.02154
   0.02054
   0.01961
   0.01869
   0.01785
   0.01707
   0.01639
   0.01582
   0.01535
   0.01499
   0.01463
   0.01419
   0.01368
   0.01314
   0.01250
   0.01177
   0.01126
   0.01282
   0.01296
   0.01298
   0.01332
   0.01371
   0.01420
   0.01460
   0.01425
   0.01595
   0.01487
   0.01766
   0.01924
   0.01375
   0.01106
   0.01771
   0.01404
   0.01424
   0.01423
   0.01463
   0.01349
   0.01532
   0.01117
   0.01665
   0.01198
   0.01353
   0.01247
   0.00669
   0.01131
   0.01215
   0.01066
   0.01027
   0.00969
   0.00947
   0.00936
   0.00945
   0.00991
   0.01149
   0.00804
   0.00984
   0.00657
   0.00817
   0.00766
   0.00897
   0.00813
   0.00617
   0.00690
   0.00530
   0.00560
   0.00639
   0.00484
   0.00481
   0.00599
   0.00469
   0.00480
   0.00610
   0.00503
   0.00449
   0.00516
   0.00518
   0.00453
   0.00475
   0.00471
   0.00444
   0.00404
   0.00408
   0.00400
   0.00392
   0.00374
   0.00361
   0.00352
   0.00345
   0.00337
   0.00330
   0.00324
   0.00317
   0.00311
   0.00305
   0.00299
   0.00293
   0.00287
   0.00281
   0.00275
   0.00269
   0.00264
   0.00258
   0.00253
   0.00247
   0.00242
   0.00237
   0.00232
   0.00227
   0.00222
   0.00217
   0.00212
   0.00207
   0.00204
   0.00201
   0.00196
   0.00193
   0.00189
   0.00185
   0.00182
   0.00178
   0.00172
   0.00183
   0.00188
   0.00163
   0.00189
   0.00172
   0.00162
   0.00166
   1.84391
   0.00327
   0.00508
   0.00510
   0.00497
   0.00487
   0.00478
   0.00473
   0.00465
   0.00461
   0.00461
   0.00465
   0.00470
   0.00472
   0.00475
   0.00480
   0.00484
   0.00490
   0.00495
   0.00503
   0.00513
   0.00529
   0.00553
   0.00591
   0.00641
   0.00602
   0.00461
   0.00432
   0.00300
   0.00245
   0.00210
   0.00195
   0.00188
   0.00187
   0.00188
   0.00188
   0.00190
   0.00202
   0.00239
   0.00136
   0.00182
   0.00176
   0.00166
   0.00176
   0.00170
   0.00163
   0.00155
   0.00149
   0.00145
   0.00141
   0.00137
   0.00132
   0.00128
   0.00124
   0.00120
   0.00116
   0.00113
   0.00110
   0.00108
   0.00106
   0.00104
   0.00102
   0.00100
   0.00098
   0.00097
   0.00096
   0.00095
   0.00094
   0.00093
   0.00093
   0.00093
   0.00092
   0.00092
   0.00092
   0.00092
   0.00092
   0.00091
   0.00091
   0.00091
   0.00091
   0.00092
   0.00092
   0.00093
   0.00094
   0.00095
   0.00096
   0.00096
   0.00097
   0.00098
   0.00099
   0.00101
   0.00104
   0.00109
   0.00061
   0.00054
   0.00216
   0.07093
   0.00151
   0.00263
   0.00217
   0.00202
   0.00189
   0.00177
   0.00165
   0.00159
   0.00152
   0.00146
   0.00142
   0.00138
   0.00136
   0.00135
   0.00134
   0.00132
   0.00132
   0.00134
   0.00136
   0.00140
   0.00145
   0.00154
   0.00163
   0.00173
   0.00184
   0.00195
   0.00204
   0.00208
   0.00210
   0.00210
   0.00208
   0.00207
   0.00205
   0.00203
   0.00203
   0.00204
   0.00209
   0.00220
   0.00252
   0.00377
   0.00264
   0.00221
   0.00178
   0.00049
   0.00377
   2.97445
   0.06595
   0.01244
   0.01331
   0.01295
   0.01179
   0.01072
   0.01010
   0.00985
   0.00966
   0.00945
   0.00920
   0.00893
   0.00868
   0.00846
   0.00828
   0.00817
   0.00817
   0.00833
   0.00884
   0.00978
   0.01228
   0.02357
   0.02006
   0.01311
   0.01251
   0.00818
   0.01451
   0.00365
   0.00286
   0.00268
   0.00256
   0.00245
   0.00236
   0.00228
   0.00221
   0.00217
   0.00217
   0.00220
   0.00256
   0.00658
   0.00396
   0.00255
   0.00285
   0.00171
   0.00164
   0.00165
   0.00187
   0.00517
   0.00333
   0.00299
   0.00227
   0.00332
   0.00135
   0.00251
   0.00566
   0.00179
   0.00157
   0.71456
   0.00996
   0.02297
   0.02225
   0.02170
   0.02105
   0.02108
   0.02094
   0.02025
   0.01817
   0.01667
   0.01557
   0.01460
   0.01403
   0.01391
   0.01394
   0.01502
   0.01186
   0.01494
   0.00422
   0.01837
   0.00317
   0.01696
   0.00291
   0.01503
   0.00274
   0.01330
   0.00257
   0.01130
   0.00245
   0.00856
   0.00238
   0.00595
   0.00233
   0.00384
   0.00228
   0.00281
   0.00221
   0.00224
   0.00216
   0.00214
   0.00214
   0.00215
   0.00221
   0.00242
   0.00332
   0.00658
   0.00236
   0.00649
   0.00311
   0.00241
   0.00237
   0.00204
   0.00238
   0.00183
   0.00231
   0.00182
   0.00234
   0.00179
   0.00264
   0.00172
   0.00354
   0.00224
   0.00166
   0.00309
   0.00179
   0.00160
   0.00193
   0.00321
   0.00262
   0.00150
   0.00163
   0.00315
   0.00154
   0.00214
   0.00255
   0.00240
   0.00133
   0.00343
   0.00185
   0.01066
   0.00175
   0.00191
   0.00199
   0.00210
   0.00223
   0.00239
   0.00258
   0.00280
   0.00304
   0.00329
   0.00352
   0.00368
   0.00380
   0.00386
   0.00388
   0.00388
   0.00388
   0.00386
   0.00386
   0.00387
   0.00392
   0.00405
   0.00435
   0.00516
   0.00777
   0.00207
   0.00609
   0.00145
   0.00632
   0.00170
   0.00579
   0.00154
   0.00555
   0.00135
   0.00515
   0.00124
   0.00460
   0.00114
   0.00394
   0.00106
   0.00312
   0.00101
   0.00214
   0.00098
   0.00128
   0.00097
   0.00101
   0.00094
   0.00095
   0.00093
   0.00091
   0.00090
   0.00091
   0.00091
   0.00095
   0.00105
   0.00130
   0.00148
   0.00141
   0.00154
   0.00144
   0.00159
   0.00147
   0.00163
   0.00150
   0.00165
   0.00154
   0.00163
   0.00158
   0.00160
   0.00157
   0.00157
   0.00152
   0.00152
   0.00147
   0.00145
   0.00141
   0.00138
   0.00134
   0.00130
   0.00126
   0.00122
   0.00116
   0.00111
   0.00105
   0.00099
   0.00091
   0.00083
   0.00073
   0.00061
   0.00074
   0.00054
   0.00093
   0.00051
   0.00059
   0.00048
   0.00045
   0.00117
   0.00043
   0.00052
   0.00051
   0.00076
   0.00038
   0.00043
   0.00046
   0.00044
   0.00033
   0.00059
   0.00038
   0.00031
   0.00039
   0.00063
   0.00060
   0.00052
   0.00047
   0.00038
   0.00038
   0.00038
   0.00039
   0.00039
   0.00040
   0.00039
   0.00038
   0.00036
   0.00035
   0.00033
   0.00032
   0.00031
   0.00030
   0.00029
   0.00028
   0.00026
   0.00025
   0.00023
   0.00017
   0.00026
   0.00027
   0.00021
   0.00025
   0.00039
   0.23858
   0.02654
   0.02794
   0.02514
   0.02354
   0.02212
   0.02077
   0.01966
   0.01888
   0.01826
   0.01766
   0.01705
   0.01652
   0.01608
   0.01576
   0.01560
   0.01537
   0.01502
   0.01471
   0.01448
   0.01452
   0.01476
   0.01475
   0.01403
   0.01357
   0.01294
   0.01294
   0.01319
   0.01321
   0.01320
   0.01314
   0.01311
   0.01299
   0.01289
   0.01274
   0.01260
   0.01243
   0.01226
   0.01208
   0.01189
   0.01168
   0.01132
   0.01009
   0.00909
   0.00886
   0.00863
   0.00840
   0.00818
   0.00797
   0.00768
   0.00746
   0.00732
   0.00703
   0.00676
   0.00658
   0.00642
   0.00618
   0.00604
   0.00591
   0.00576
   0.00561
   0.00549
   0.00539
   0.00529
   0.00520
   0.00512
   0.00504
   0.00497
   0.00489
   0.00482
   0.00476
   0.00469
   0.00463
   0.00456
   0.00450
   0.00443
   0.00436
   0.00430
   0.00423
   0.00416
   0.00408
   0.00401
   0.00394
   0.00387
   0.00380
   0.00373
   0.00366
   0.00359
   0.00352
   0.00345
   0.00338
   0.00331
   0.00325
   0.00318
   0.00312
   0.00305
   0.00299
   0.00293
   0.00287
   0.00281
   0.00275
   0.00269
   0.00263
   0.00258
   0.00253
   0.00248
   0.00244
   0.00241
   0.00239
   0.00238
   0.00232
   0.00227
   0.00221
   0.00215
   0.00209
   0.00203
   0.00196
   0.00188
   0.00181
   0.00176
   0.00171
   0.00167
   0.00163
   0.00159
   0.00155
   0.00151
   0.00147
   0.00144
   0.00140
   0.00137
   0.00133
   0.00130
   0.00127
   0.00124
   0.00121
   0.00118
   0.00115
   0.00112
   0.00109
   0.00106
   0.00103
   0.00101
   0.00098
   0.00096
   0.00093
   0.00091
   0.00088
   0.00086
   0.00084
   0.00082
   0.00079
   0.00077
   0.00075
   0.00073
   0.00071
   0.00069
   0.00067
   0.00066
   0.00064
   0.00062
   0.00060
   0.00059
   0.00057
   0.00056
   0.00054
   0.00052
   0.00051
   0.00050
   0.00048
   0.00047
   0.00046
   0.00044
   0.00043
   0.00042
   0.00041
   0.00039
   0.00038
   0.00037
   0.00036
   0.00035
   0.00034
   0.00033
   0.00032
   0.00031
   0.00030
   0.00030
   0.00029
   0.00028
   0.00027
   0.00026
   0.00026
   0.00025
   0.00024
   0.00023
