   0.70043
   0.70207
   0.69877
   0.69874
   0.69888
   0.69798
   0.69733
   0.69690
   0.69624
   0.69547
   0.69502
   0.69451
   0.69375
   0.69331
   0.69328
   0.69071
   0.69209
   0.69116
   0.69042
   0.68991
   0.68929
   0.68866
   0.68816
   0.68742
   0.68681
   0.68605
   0.68541
   0.68459
   0.68388
   0.68307
   0.68252
   0.68126
   0.68074
   0.68102
   0.67993
   0.67884
   0.68846
   0.68382
   0.68222
   0.68118
   0.68089
   0.68137
   0.68301
   0.68378
   0.68726
   0.68949
   0.69378
   0.69827
   0.70443
   0.70982
   0.71566
   0.72106
   0.72513
   0.72759
   0.72875
   0.72841
   0.72608
   0.72210
   0.71539
   0.69326
   0.68247
   0.66852
   0.61951
   0.60388
   0.61219
   0.60467
   0.59582
   0.58546
   0.57487
   0.56427
   0.55485
   0.54669
   0.53953
   0.53313
   0.52698
   0.52069
   0.51388
   0.50659
   0.49894
   0.49109
   0.48321
   0.47529
   0.46743
   0.45979
   0.45238
   0.44539
   0.43892
   0.43308
   0.42792
   0.42339
   0.41922
   0.41494
   0.41000
   0.40413
   0.39742
   0.39030
   0.38305
   0.37590
   0.36907
   0.36251
   0.35634
   0.35048
   0.34490
   0.33953
   0.33428
   0.32904
   0.32384
   0.31862
   0.31344
   0.30826
   0.30315
   0.29813
   0.29314
   0.28822
   0.28338
   0.27864
   0.27400
   0.26943
   0.26494
   0.26053
   0.25621
   0.25198
   0.24782
   0.24372
   0.23972
   0.23575
   0.23187
   0.22803
   0.22425
   0.22051
   0.21681
   0.21316
   0.20949
   0.20586
   0.20221
   0.19861
   0.19502
   0.19140
   0.18776
   0.18412
   0.18045
   0.17677
   0.17306
   0.16936
   0.16562
   0.16202
   0.15826
   0.15450
   0.15073
   0.14704
   0.14330
   0.13961
   0.13594
   0.13231
   0.12872
   0.12517
   0.12163
   0.11832
   0.11498
   0.11174
   0.10859
   0.10551
   0.10252
   0.09965
   0.09685
   0.09414
   0.09153
   0.08899
   0.08654
   0.08417
   0.08187
   0.07982
   0.07766
   0.07589
   0.07382
   0.07185
   0.06994
   0.06803
   0.06620
   0.06442
   0.06265
   0.06092
   0.05923
   0.05759
   0.05599
   0.05441
   0.05288
   0.05137
   0.04990
   0.04850
   0.04714
   0.04575
   0.04443
   0.04317
   0.04192
   0.04071
   0.03954
   0.03841
   0.03731
   0.03624
   0.03519
   0.03418
   0.03319
   0.03223
   0.03128
   0.03035
   0.02944
   0.02854
   0.02764
   0.02675
   0.02588
   0.02501
   0.02416
   0.02331
   0.02247
   0.02165
   0.02084
   0.02005
   0.01928
   0.01854
   0.01781
   0.01711
   0.01643
   0.01578
   0.01516
   0.01457
   0.01400
   0.01346
   0.01294
   0.01245
   0.01198
   0.01154
   0.01112
   0.01072
   0.01034
   0.00997
   0.00963
   0.00930
   0.00898
   0.00868
   0.00839
   0.00812
   0.00785
   0.00760
   0.00735
   0.00710
   0.00686
   0.00660
   0.00637
   0.00626
   0.00599
   0.00584
   0.00567
   0.00572
   0.00773
   0.00501
   0.00549
   0.00528
   0.01057
   0.00647
   0.00452
   0.01371
   0.00385
   0.01693
   0.00363
   0.00414
   0.01214
   0.00532
   0.01200
   0.00430
   0.00315
   0.00820
   0.04650
   0.00411
   0.03392
   0.03091
   0.02621
   0.00425
   0.00401
   0.00317
   0.00368
   0.00346
   0.00352
   0.00348
   0.00346
   0.00343
   0.00340
   0.00335
   0.00331
   0.00325
   0.00320
   0.00313
   0.00307
   0.00300
   0.00292
   0.00285
   0.00277
   0.00269
   0.00261
   0.00253
   0.00245
   0.00238
   0.00230
   0.00223
   0.00217
   0.00210
   0.00204
   0.00198
   0.00193
   0.00187
   0.00183
   0.00177
   0.00174
   0.00169
   0.00166
   0.00160
   0.00160
   0.00151
   0.00156
   0.00139
   0.00160
   0.00123
   0.00169
   0.00133
   0.00123
   0.00135
   0.00112
   0.00149
   0.00109
   0.00129
   0.00100
   0.00130
   0.00108
   0.00094
   0.00115
   0.00094
   0.00093
   0.00089
   0.00090
   0.00085
   0.00085
   0.00082
   0.00080
   0.00078
   0.00076
   0.00074
   0.00072
   0.00070
   0.00068
   0.00066
   0.00064
   0.00062
   0.00061
   0.00059
   0.00057
   0.00056
   0.00054
   0.00053
   0.00051
   0.00050
   0.00049
   0.00048
   0.00046
   0.00045
   0.00044
   0.00043
   0.00042
   0.00041
   0.00040
   0.00039
   0.00038
   0.00037
   0.00036
   0.00035
   0.00034
   0.00033
   0.00032
   0.00032
   0.00031
   0.00030
   0.00029
   0.00028
   0.00027
   0.00027
   0.00026
   0.00025
   0.00025
   0.00024
   0.00023
   0.00023
   0.00022
   0.00022
   0.00021
   0.00020
   0.00020
   0.00019
   0.00019
   0.00018
   0.00018
   0.00018
   0.00017
   0.00017
   0.00020
   0.82746
   0.19717
   0.11379
   0.10299
   0.09781
   0.09325
   0.08904
   0.08517
   0.08169
   0.06333
   0.05947
   0.05722
   0.05513
   0.05317
   0.05133
   0.04956
   0.04788
   0.04627
   0.04474
   0.04326
   0.04184
   0.04049
   0.03918
   0.03792
   0.03671
   0.03554
   0.03442
   0.03333
   0.03229
   0.03128
   0.03031
   0.02937
   0.02847
   0.02759
   0.02675
   0.02594
   0.02515
   0.02439
   0.02366
   0.02295
   0.02227
   0.02160
   0.02097
   0.02034
   0.01974
   0.01916
   0.01860
   0.01805
   0.01752
   0.01701
   0.01653
   0.01604
   0.01558
   0.01513
   0.01470
   0.01426
   0.01386
   0.01346
   0.01309
   0.01270
   0.01235
   0.01199
   0.01167
   0.01132
   0.01102
   0.01071
   0.01042
   0.01015
   0.00987
   0.00963
   0.00939
   0.00920
   0.00896
   0.00883
   0.00865
   0.00857
   0.00850
   0.00845
   0.00851
   0.00859
   0.00875
   0.00887
   0.00887
   0.00824
   1.04052
   0.01428
   0.00565
   0.00725
   0.00615
   0.00587
   0.00570
   0.00559
   0.00552
   0.00547
   0.00544
   0.00543
   0.00543
   0.00547
   0.00556
   0.00573
   0.00603
   0.00659
   0.00767
   0.00970
   0.01314
   0.01325
   0.01259
   0.01257
   0.01209
   0.01195
   0.01159
   0.01140
   0.01110
   0.01089
   0.01063
   0.01043
   0.01021
   0.01000
   0.00981
   0.00962
   0.00943
   0.00925
   0.00907
   0.00889
   0.00872
   0.00854
   0.00836
   0.00819
   0.00801
   0.00783
   0.00765
   0.00746
   0.00728
   0.00710
   0.00692
   0.00674
   0.00656
   0.00639
   0.00622
   0.00606
   0.00590
   0.00575
   0.00560
   0.00545
   0.00531
   0.00517
   0.00503
   0.00490
   0.00477
   0.00464
   0.00452
   0.00440
   0.00428
   0.00417
   0.00406
   0.00395
   0.00385
   0.00375
   0.00365
   0.00355
   0.00346
   0.00337
   0.00328
   0.00319
   0.00311
   0.00303
   0.00295
   0.00286
   0.00278
   0.00270
   0.00263
   0.00254
   0.00246
   0.00238
   0.00230
   0.00221
   0.00211
   0.00199
   0.00185
   0.00169
   0.00317
   0.00718
   0.00258
   0.00303
   0.00170
   0.00165
   0.00165
   0.00171
   0.00165
   0.00175
   0.00157
   0.00157
   0.00167
   0.00150
   0.00159
   0.00151
   0.00147
   0.00150
   0.00150
   0.00164
   0.00144
   0.00142
   0.00142
   0.00149
   0.00166
   0.00152
   0.00155
   0.00155
   0.00170
   0.00283
   0.00190
   0.00364
   0.00157
   0.00362
   0.00154
   0.00366
   0.00151
   0.00336
   0.00154
   0.00272
   0.00154
   0.00227
   0.00153
   0.00199
   0.00156
   0.00176
   0.00160
   0.00165
   0.00163
   0.00163
   0.00164
   0.00166
   0.00168
   0.00171
   0.00175
   0.00181
   0.00187
   0.00195
   0.00201
   0.00206
   0.00210
   0.00213
   0.00214
   0.00214
   0.00214
   0.00213
   0.00212
   0.00210
   0.00208
   0.00205
   0.00202
   0.00199
   0.00196
   0.00192
   0.00188
   0.00185
   0.00181
   0.00177
   0.00173
   0.00169
   0.00165
   0.00161
   0.00157
   0.00153
   0.00149
   0.00145
   0.00142
   0.00138
   0.00135
   0.00131
   0.00128
   0.00124
   0.00121
   0.00118
   0.00115
   0.00112
   0.00109
   0.00106
   0.00104
   0.00101
   0.00098
   0.00096
   0.00093
   0.00090
   0.00088
   0.00086
   0.00083
   0.00081
   0.00079
   0.00076
   0.00074
   0.00072
   0.00069
   0.00067
   0.00064
   0.00061
   0.00058
   0.00054
   0.00048
   0.00040
   0.00034
   4.18393
   0.02192
   0.01299
   0.00875
   0.00583
   0.00489
   0.00436
   0.00391
   0.00351
   0.00323
   0.00304
   0.00290
   0.00274
   0.00263
   0.00252
   0.00242
   0.00239
   0.00232
   0.00230
   0.00229
   0.00228
   0.00228
   0.00226
   0.00226
   0.00224
   0.00223
   0.00223
   0.00223
   0.00222
   0.00223
   0.00223
   0.00224
   0.00223
   0.00192
   0.00172
   0.00171
   0.00170
   0.00170
   0.00171
   0.00171
   0.00170
   0.00167
   0.00159
   0.00144
   0.00120
   0.00088
   0.00105
   0.00137
   0.00092
   0.00122
   0.00079
   0.00116
   0.00078
   0.00114
   0.00104
   0.00075
   0.00077
   0.00091
   0.00093
   0.00078
   0.00095
   0.00071
   0.00097
   0.00071
   0.00091
   0.00082
   0.00086
   0.00072
   0.00079
   0.00067
   0.00066
   0.00064
   0.00063
   0.00064
   0.00062
   0.00064
   0.00063
   0.00061
   0.00062
   0.00061
   0.00060
   0.00059
   0.00150
   0.00060
   0.00059
   0.07404
   0.01089
   0.00059
   0.00065
   0.00065
   0.00064
   0.00064
   0.00063
   0.00063
   0.00062
   0.00061
   0.00061
   0.00060
   0.00059
   0.00058
   0.00057
   0.00057
   0.00056
   0.00055
   0.00055
   0.00054
   0.00054
   0.00053
   0.00053
   0.00052
   0.00052
   0.00051
   0.00051
   0.00051
   0.00051
   0.00051
   0.00051
   0.00051
   0.00051
   0.00051
   0.00051
   0.00051
   0.00051
   0.00051
   0.00051
   0.00052
   0.00052
   0.00053
   0.00053
   0.00054
   0.00055
   0.00055
   0.00056
   0.00058
   0.00059
   0.00060
   0.00062
   0.00063
   0.00065
   0.00067
   0.00068
   0.00069
   0.00071
   0.00071
   0.00072
   0.00073
   0.00073
   0.00073
   0.00074
   0.00074
   0.00075
   0.00076
   0.00077
   0.00078
   0.00079
   0.00082
   0.00084
   0.00085
   0.00083
   0.00075
   0.00063
   0.00044
   0.00067
   0.00062
   0.00085
   0.00046
   0.00078
   0.00044
   0.00040
   0.00052
   0.00049
   0.00041
   0.00057
   0.00040
   0.00051
   0.00042
   0.00051
   0.00053
   0.00038
   0.00051
   0.00041
   0.00061
   0.00036
   0.00057
   0.00046
   0.00050
   0.00043
   0.00042
   0.00039
   0.00035
   0.00033
   0.00035
   0.00033
   0.00036
   0.00033
   0.00035
   0.00034
   0.00034
   0.00033
   0.00032
   0.00030
   0.00392
   0.03549
   0.00995
   0.00301
   0.00168
   0.00129
   0.00109
   0.00096
   0.00076
   0.00055
   0.00050
   0.00046
   0.00043
   0.00040
   0.00038
   0.00036
   0.00034
   0.00032
   0.00030
   0.00029
   0.00028
   0.00026
   0.00025
   0.00024
   0.00023
   0.00022
   0.00021
   0.00021
   0.00020
   0.00019
   0.00018
   0.00018
   0.00017
   0.00017
   0.00016
   0.00016
   0.00015
   0.00015
   0.00014
   0.00014
   0.00013
   0.00013
   0.00012
   0.00012
   0.00012
   0.00011
   0.00011
   0.00011
   0.00010
   0.00010
   0.00010
   0.00010
   0.00009
   0.00009
   0.00009
   0.00008
   0.00008
   0.00008
   0.00008
   0.00008
   0.00007
   0.00007
   0.00007
   0.00007
   0.00007
   0.00006
   0.00006
   0.00006
   0.00006
   0.00006
   0.00006
   0.00006
   0.00005
   0.00005
   0.00005
   0.00005
   0.00005
   0.00005
   0.00005
   0.00005
   0.00005
   0.00004
   0.00004
   0.00004
   0.00004
   0.00004
   0.00004
   0.00004
   0.00004
   0.00004
   0.00004
   0.00004
   0.00004
   0.00004
   0.00003
