   0.70874
   0.70217
   0.69666
   0.69355
   0.68738
   0.68284
   0.67734
   0.67314
   0.66834
   0.66377
   0.65853
   0.65363
   0.64860
   0.64364
   0.63904
   0.63417
   0.62940
   0.62456
   0.62000
   0.61625
   0.61221
   0.60873
   0.60553
   0.60343
   0.60144
   0.59973
   0.59749
   0.59445
   0.58934
   0.58124
   0.56979
   0.55850
   0.54793
   0.53813
   0.52937
   0.52144
   0.51310
   0.50546
   0.49753
   0.48964
   0.48190
   0.47422
   0.46640
   0.45940
   0.45201
   0.44502
   0.43828
   0.43212
   0.42575
   0.41971
   0.41382
   0.40854
   0.40287
   0.39759
   0.39194
   0.38633
   0.38140
   0.37560
   0.37070
   0.36516
   0.35933
   0.35424
   0.34849
   0.34122
   0.33567
   0.32782
   0.32104
   0.31358
   0.30533
   0.29666
   0.29031
   0.28222
   0.27707
   0.27227
   0.26848
   0.26536
   0.26168
   0.25656
   0.25086
   0.24536
   0.23914
   0.23510
   0.22999
   0.22686
   0.22453
   0.22255
   0.22103
   0.22029
   0.21720
   0.21261
   0.20593
   0.19752
   0.18973
   0.18098
   0.17261
   0.16329
   0.15536
   0.14809
   0.14106
   0.13410
   0.12746
   0.12138
   0.11584
   0.11006
   0.10514
   0.10054
   0.09635
   0.09106
   0.08721
   0.08299
   0.07932
   0.07588
   0.07383
   0.07101
   0.06714
   0.06300
   0.05943
   0.05589
   0.05239
   0.04935
   0.04871
   0.04536
   0.04252
   0.03948
   0.03672
   0.03358
   0.03142
   0.03018
   0.03242
   0.02658
   0.03725
   0.04887
   0.04104
   0.06232
   0.06706
   0.06646
   0.06033
   0.06230
   0.05935
   0.06057
   0.06139
   0.06356
   0.05978
   0.06653
   0.04102
   0.02755
   0.03811
   0.03553
   0.03575
   0.03746
   0.04050
   0.04857
   0.09462
   0.04104
   0.13332
   0.02352
   0.04068
   0.01780
   0.02041
   0.01999
   0.01940
   0.01888
   0.01904
   0.02018
   0.02060
   0.02769
   0.05501
   0.24041
   0.01666
   0.01300
   0.01348
   0.01304
   0.01255
   0.01221
   0.01176
   0.01151
   0.01133
   0.01108
   0.01101
   0.01109
   0.01096
   0.01113
   0.01160
   0.01365
   0.04971
   0.00945
   0.04166
   0.00894
   2.08834
   0.17431
   0.16404
   0.15533
   0.14662
   0.13943
   0.13254
   0.12574
   0.11932
   0.11304
   0.10701
   0.10112
   0.09532
   0.08985
   0.08460
   0.07955
   0.07501
   0.07078
   0.06683
   0.06328
   0.06017
   0.05731
   0.05483
   0.05257
   0.04929
   0.05160
   0.04952
   0.04891
   0.04815
   0.04749
   0.04723
   0.04733
   0.04817
   0.04979
   0.04896
   0.05019
   0.05049
   0.04948
   0.04114
   0.03957
   0.03920
   0.03818
   0.03746
   0.03661
   0.03580
   0.03504
   0.03429
   0.03357
   0.03282
   0.03196
   0.03034
   0.03157
   0.02302
   0.01654
   0.01228
   0.01926
   0.02184
   0.01961
   0.02441
   0.02730
   0.01988
   0.02088
   0.01448
   0.01085
   0.02190
   0.02706
   0.02801
   0.02553
   0.01179
   0.07360
   0.03615
   0.03158
   0.02713
   0.02542
   0.02399
   0.02272
   0.02153
   0.02043
   0.01941
   0.01844
   0.01754
   0.01669
   0.01589
   0.01515
   0.01445
   0.01384
   0.01346
   0.01570
   0.01269
   0.01512
   0.01208
   0.01435
   0.01142
   0.01279
   0.01071
   0.01043
   0.01015
   0.00981
   0.00953
   0.00926
   0.00900
   0.00874
   0.00847
   0.00822
   0.00798
   0.00772
   0.00747
   0.00721
   0.00694
   0.00665
   0.00637
   0.00699
   0.00856
   0.00575
   0.00568
   0.00788
   0.00507
   0.00861
   0.00469
   0.00939
   0.00434
   0.00540
   0.00400
   0.00669
   0.00631
   0.00677
   2.38050
   0.03010
   0.01055
   0.01028
   0.00971
   0.00922
   0.00870
   0.00831
   0.00799
   0.00770
   0.00729
   0.00694
   0.00664
   0.00635
   0.00607
   0.00580
   0.00555
   0.00531
   0.00507
   0.00484
   0.00462
   0.00441
   0.00404
   0.00402
   0.00384
   0.00367
   0.00350
   0.00335
   0.00322
   0.00311
   0.00300
   0.00292
   0.00284
   0.00277
   0.00271
   0.00267
   0.00265
   0.00269
   0.00246
   0.00339
   0.00409
   0.00220
   0.00201
   0.00197
   0.00181
   0.00173
   0.00166
   0.00159
   0.00153
   0.00147
   0.00134
   0.00128
   0.00133
   0.00202
   0.00365
   0.00200
   0.00288
   0.00194
   0.00110
   4.82445
   0.01366
   0.00859
   0.00603
   0.00580
   0.00553
   0.00521
   0.00489
   0.00490
   0.00419
   0.00458
   0.00392
   0.00424
   0.00377
   0.00388
   0.00363
   0.00355
   0.00328
   0.00311
   0.00301
   0.00289
   0.00276
   0.00263
   0.00250
   0.00238
   0.00227
   0.00206
   0.00198
   0.00191
   0.00184
   0.00179
   0.00174
   0.00170
   0.00166
   0.00163
   0.00160
   0.00157
   0.00154
   0.00151
   0.00148
   0.00145
   0.00142
   0.00138
   0.00135
   0.00131
   0.00127
   0.00123
   0.00118
   0.00114
   0.00109
   0.00104
   0.00100
   0.00095
   0.00091
   0.00088
   0.00087
   0.00107
   0.71076
   0.36606
   0.35478
   0.34516
   0.33664
   0.32951
   0.32401
   0.32008
   0.31697
   0.31331
   0.30819
   0.30095
   0.29188
   0.28211
   0.27257
   0.26364
   0.25555
   0.24818
   0.24149
   0.23499
   0.22865
   0.22226
   0.21590
   0.20949
   0.20315
   0.19686
   0.19076
   0.18484
   0.17911
   0.17361
   0.16833
   0.16325
   0.15835
   0.15364
   0.14909
   0.14471
   0.14050
   0.13643
   0.13249
   0.12868
   0.12501
   0.12145
   0.11800
   0.11467
   0.11144
   0.10830
   0.10525
   0.10230
   0.09944
   0.09665
   0.09395
   0.09131
   0.08875
   0.08626
   0.08384
   0.08148
   0.07919
   0.07695
   0.07478
   0.07267
   0.07061
   0.06862
   0.06668
   0.06480
   0.06298
   0.06121
   0.05949
   0.05781
   0.05618
   0.05459
