   0.67897
   0.68216
   0.68226
   0.68481
   0.68436
   0.68416
   0.68431
   0.68412
   0.67609
   0.66491
   0.68312
   0.68349
   0.67884
   0.67216
   0.67805
   0.67342
   0.67244
   0.67061
   0.67117
   0.66906
   0.66847
   0.66979
   0.66464
   0.66890
   0.66947
   0.66757
   0.66629
   0.66308
   0.66456
   0.66059
   0.66362
   0.65632
   0.65376
   0.65206
   0.65033
   0.64622
   0.64104
   0.63652
   0.62739
   0.62146
   0.61563
   0.60860
   0.60235
   0.59397
   0.58818
   0.58211
   0.57557
   0.56828
   0.56075
   0.55353
   0.54663
   0.54015
   0.53296
   0.52487
   0.51552
   0.50516
   0.49467
   0.48372
   0.47338
   0.46353
   0.45425
   0.44578
   0.43789
   0.43060
   0.42379
   0.41739
   0.41132
   0.40552
   0.39996
   0.39463
   0.38948
   0.38453
   0.37970
   0.37501
   0.37044
   0.36598
   0.36164
   0.35740
   0.35330
   0.34918
   0.34523
   0.34126
   0.33732
   0.33341
   0.32965
   0.32581
   0.32201
   0.31821
   0.31446
   0.31072
   0.30712
   0.30325
   0.29941
   0.29562
   0.29219
   0.28870
   0.28534
   0.28206
   0.27888
   0.27567
   0.27262
   0.26909
   0.26687
   0.26369
   0.26099
   0.25841
   0.25577
   0.25334
   0.25060
   0.24817
   0.24165
   0.24014
   0.23701
   0.23503
   0.23182
   0.23002
   0.22673
   0.22437
   0.22102
   0.21701
   0.21225
   0.21380
   0.20578
   0.20286
   0.19830
   0.19442
   0.18865
   0.18456
   0.17951
   0.17441
   0.17075
   0.16351
   0.16028
   0.15345
   0.15169
   0.14369
   0.14224
   0.13533
   0.13420
   0.12622
   0.12366
   0.12137
   0.11934
   0.11757
   0.11606
   0.11476
   0.11366
   0.11271
   0.11185
   0.11109
   0.11034
   0.10962
   0.10882
   0.10796
   0.10702
   0.10596
   0.10479
   0.10352
   0.10211
   0.10057
   0.09891
   0.09712
   0.09519
   0.09315
   0.09100
   0.08873
   0.08635
   0.08388
   0.08132
   0.07867
   0.07594
   0.07313
   0.07025
   0.06727
   0.06417
   0.06102
   0.05773
   0.05438
   0.05097
   0.04751
   0.04410
   0.04077
   0.03758
   0.03461
   0.03190
   0.02942
   0.02725
   0.02538
   0.02378
   0.02249
   0.02149
   0.02081
   0.02043
   0.02034
   0.02046
   0.02071
   0.02107
   0.02154
   0.02207
   0.02247
   0.02256
   0.02228
   0.02174
   0.02100
   0.02016
   0.01926
   0.01834
   0.01744
   0.01661
   0.01586
   0.01519
   0.01456
   0.01386
   0.01304
   0.01213
   0.01121
   0.01009
   0.00824
   0.00772
   0.00543
   0.00464
   0.00428
   0.00431
   0.00445
   0.00498
   0.00495
   0.00563
   0.00554
   0.00643
   0.00623
   0.00708
   0.00688
   0.00761
   0.00728
   0.00790
   0.00687
   0.00731
   0.00601
   0.00497
   0.00303
   0.00325
   0.00366
   0.00426
   0.00483
   0.00474
   0.00477
   0.00236
   0.00380
   0.00277
   0.00289
   0.00319
   0.00336
   0.00383
   0.00410
   0.00330
   0.01312
   0.00185
   0.00386
   0.00355
   0.00176
   0.00403
   0.00381
   0.00216
   0.00324
   0.00313
   0.00312
   0.00283
   0.00290
   0.00308
   0.00260
   0.00282
   0.00272
   0.00275
   0.00287
   0.00136
   0.00207
   0.00197
   0.00176
   0.00160
   0.00134
   0.00143
   0.00126
   0.00128
   0.00140
   0.00122
   0.00162
   0.00119
   0.00124
   0.00121
   0.00129
   0.00109
   0.00112
   0.00105
   0.00102
   0.10070
   0.00188
   0.00172
   0.00151
   0.00132
   0.00133
   0.00123
   0.00113
   0.00105
   0.00097
   0.00092
   0.00089
   0.00086
   0.00081
   0.00080
   0.00079
   0.00079
   0.00081
   0.00084
   0.00088
   0.53771
   0.00187
   0.00172
   0.00171
   0.00168
   0.00161
   0.00150
   0.00137
   0.00124
   0.00112
   0.00099
   0.00092
   0.00091
   0.00085
   0.00079
   0.00074
   0.00070
   0.00067
   0.00065
   0.00064
   0.00063
   0.00064
   0.00065
   0.00069
   0.00075
   0.00081
   0.00084
   0.00086
   0.00088
   0.00086
   0.00082
   0.00074
   0.00076
   0.00053
   0.00098
   0.00101
   0.00101
   0.00100
   0.00096
   0.00090
   0.00081
   0.00073
   0.00066
   0.00060
   0.00055
   0.00052
   0.00050
   0.00047
   0.00043
   0.00041
   0.00039
   0.00037
   0.00036
   0.00036
   0.00035
   0.00035
   0.00036
   0.00037
   0.00039
   0.00042
   0.00044
   0.00047
   0.00048
   0.00048
   0.00045
   0.00038
   0.00034
   0.00092
   0.00379
   0.00324
   0.00281
   0.00247
   0.00222
   0.00199
   0.00180
   0.00161
   0.00146
   0.00136
   0.00127
   0.00117
   0.00105
   0.00095
   0.00086
   0.00077
   0.00068
   0.00062
   0.00057
   0.00052
   0.00048
   0.00044
   0.00041
   0.00038
   0.00035
   0.00033
   0.00031
   0.00030
   0.00028
   0.00027
   0.00026
   0.00026
   0.00026
   0.00026
   0.00027
   0.00028
   0.00030
   0.00031
   0.00031
   0.00031
   0.00029
   0.02983
   0.00386
   0.00328
   0.00304
   0.00296
   0.00276
   0.00246
   0.00225
   0.00195
   0.00188
   0.00174
   0.00151
   0.00145
   0.00134
   0.00124
   0.00111
   0.00103
   0.00096
   0.00087
   0.00080
   0.00074
   0.00066
   0.00058
   0.00054
   0.00049
   0.00045
   0.00040
   0.00037
   0.00035
   0.00033
   0.00029
   0.00027
   0.00026
   0.00025
   0.00024
   0.00023
   0.00024
   0.00026
   0.00031
   0.00033
   0.00030
   0.00026
   0.00025
   0.00024
   0.00020
   0.00023
   0.00025
   0.00025
   0.00026
   0.00026
   0.00027
   0.00028
   0.00028
   0.00029
   0.00030
   0.00031
   0.00031
   0.00030
   0.00030
   0.00029
   0.00027
   0.00024
   0.00021
   0.00019
   0.00017
   0.00016
   0.00015
   0.00014
   0.00013
   0.00013
   0.00012
   0.00012
   0.00011
   0.00010
   0.00010
   0.00009
   0.00009
   0.00009
   0.00009
   0.00009
   0.00009
   0.00009
   0.00009
   0.00010
   0.00011
   0.00011
   0.00013
   0.00012
   0.00011
   0.00011
   0.00010
   0.00009
   0.00008
   0.00203
   0.00128
   0.00110
   0.00096
   0.00085
   0.00077
   0.00070
   0.00063
   0.00057
   0.00052
   0.00047
   0.00043
   0.00040
   0.00037
   0.00034
   0.00032
   0.00029
   0.00027
   0.00026
   0.00024
   0.00022
   0.00021
   0.00020
   0.00019
   0.00018
   0.00017
   0.00016
   0.00016
   0.00015
   0.00015
   0.00015
   0.00015
   0.00014
   0.00014
   0.00013
   0.00012
   0.00011
   0.00010
   0.00009
   0.00009
   0.00008
   0.00008
   0.00007
   0.00007
   0.00006
   0.00006
   0.00006
   0.00006
   0.00005
   0.00005
   0.00005
   0.00005
   0.00005
   0.00007
   0.00009
   0.00009
   0.00009
   0.00008
   0.00008
   0.00007
   0.00007
   0.00006
   0.00006
   0.00005
   0.00005
   0.00004
   0.00016
   0.00016
   0.00015
   0.00015
   0.00014
   0.00014
   0.00014
   0.00013
   0.00013
   0.00012
   0.00012
   0.00012
   0.00011
   0.00011
   0.00011
   0.00010
   0.00010
   0.00009
   0.00009
   0.00009
   0.00009
   0.00008
   0.00008
   0.00008
   0.00008
   0.00007
   0.00007
   0.00007
   0.00007
   0.00007
   0.00007
   0.00007
   0.00007
   0.00007
   0.00007
   0.00007
   0.00007
   0.00007
   0.00007
   0.00008
   0.00008
   0.00008
   0.00007
   0.00006
   0.00005
   0.00005
   0.00005
   0.00004
   0.00004
   0.00004
   0.00004
   0.00003
   0.00003
   0.00003
   0.00003
   0.00006
   0.00003
   0.00003
   0.00003
   0.00003
   0.00003
   0.00003
   0.00003
   0.00003
   0.00003
   0.00003
   0.00003
   0.00003
   0.00003
   0.00003
   0.00003
   0.00003
   0.00003
   0.00002
   0.00002
   0.00002
   0.00252
   0.00226
   0.00192
   0.00164
   0.00133
   0.00103
   0.00086
   0.00074
   0.00065
   0.00057
   0.00051
   0.00046
   0.00042
   0.00038
   0.00035
   0.00032
   0.00029
   0.00027
   0.00025
   0.00023
   0.00021
   0.00020
   0.00018
   0.00017
   0.00015
   0.00014
   0.00013
   0.00012
   0.00011
   0.00010
   0.00010
   0.00009
   0.00008
   0.00008
   0.00007
   0.00007
   0.00006
   0.00006
   0.00006
   0.00005
   0.00005
   0.00005
   0.00005
   0.00004
   0.00004
   0.00004
   0.00004
   0.00004
   0.00004
   0.00004
   0.00004
   0.00004
   0.00003
   0.00003
   0.00003
   0.00002
   0.00002
   0.00002
   0.00002
   0.00002
   0.00002
   0.00002
   0.00002
   0.00002
   0.00001
   0.00001
   0.00021
   0.00005
   0.00005
   0.00005
   0.00005
   0.00005
   0.00004
   0.00004
   0.00004
   0.00005
   0.00005
   0.00005
   0.00005
   0.00005
   0.00005
   0.00005
   0.00005
   0.00005
   0.00004
   0.00004
   0.00004
   0.00004
   0.00004
   0.00005
   0.00076
   0.00004
   0.00005
   0.00004
   0.00016
   0.00027
   0.43535
   0.00010
   0.00011
   0.00011
   0.00010
   0.00010
   0.00010
   0.00009
   0.00009
   0.00009
   0.00008
   0.00008
   0.00007
   0.00007
   0.00007
   0.00006
   0.00006
   0.00006
   0.00005
   0.00005
   0.00005
   0.00005
   0.00005
   0.00005
   0.00004
   0.00004
   0.00004
   0.00004
   0.00004
   0.00004
   0.00004
   0.00004
   0.00004
   0.00004
   0.00004
   0.00004
   0.00004
   0.00004
   0.00004
   0.00004
   0.00004
   0.00004
   0.00004
   0.00004
   0.00004
   0.00004
   0.00004
   0.04375
   0.00042
   0.00036
   0.00034
   0.00031
   0.00029
   0.00027
   0.00025
   0.00023
   0.00022
   0.00020
   0.00019
   0.00017
   0.00016
   0.00015
   0.00014
   0.00013
   0.00012
   0.00011
   0.00010
   0.00010
   0.00009
   0.00008
   0.00008
   0.00007
   0.00007
   0.00007
   0.00006
   0.00006
   0.00006
   0.00005
   0.00005
   0.00005
   0.00005
   0.00005
   0.00005
   0.00004
   0.00004
   0.00004
   0.00004
   0.00004
   0.00004
   0.00004
   0.00004
   0.00004
   0.00007
   0.00007
   0.00008
   0.00005
   0.00006
   0.00006
   0.00006
   0.00005
   0.00005
   0.00005
   0.00004
   0.00004
   0.00004
   0.00004
   0.00003
   0.00003
   0.00008
   0.00003
   0.00003
   0.00003
   0.00003
   0.00003
   0.00003
   0.00003
   0.00003
   0.00003
   0.00002
   0.00002
   0.00002
   0.00002
   0.00002
   0.00002
   0.00002
   0.00002
   0.00002
   0.00002
   0.00002
   0.00002
   0.00002
   0.00002
   0.00002
   0.00002
   0.00002
   0.00002
   0.00002
   0.00002
   0.00002
   0.00002
   0.00002
   0.00002
   0.00002
   0.00002
   0.00002
   0.00002
   0.00002
   0.00001
   0.00001
   0.00001
   0.00001
   0.00001
   0.00001
   0.00001
   0.00001
   0.00001
   0.00002
   0.00002
   0.00002
   0.00002
   0.00002
   0.00002
   0.00002
   0.00002
   0.00002
   0.00002
   0.00002
   0.00002
   0.00002
   0.00002
   0.00001
   0.00001
   0.00001
   0.00001
   0.00001
   0.00241
   0.00124
   0.00112
   0.00103
   0.00094
   0.00087
   0.00080
   0.00074
   0.00069
   0.00064
   0.00060
   0.00056
   0.00052
   0.00049
   0.00046
   0.00043
   0.00040
   0.00038
   0.00035
   0.00033
   0.00031
   0.00029
   0.00027
   0.00025
   0.00023
   0.00022
   0.00020
   0.00019
   0.00018
   0.00017
   0.00016
   0.00015
   0.00014
   0.00013
   0.00013
   0.00012
   0.00011
   0.00011
   0.00010
   0.00010
   0.00009
   0.00008
   0.00008
   0.00007
   0.00007
   0.00006
   0.00006
   0.00005
   0.00005
   0.00005
   0.00004
   0.00004
   0.00004
   0.00004
   0.00003
   0.00003
   0.00003
   0.00003
   0.00003
   0.00003
   0.00002
   0.00003
   0.00003
   0.00002
   0.00002
   0.00002
   0.00002
   0.00002
   0.00002
   0.00002
   0.00002
