   0.69601
   0.71106
   0.71639
   0.71737
   0.71722
   0.71776
   0.71821
   0.71865
   0.71899
   0.71927
   0.71942
   0.71952
   0.72019
   0.72008
   0.72036
   0.72058
   0.72079
   0.72104
   0.72127
   0.72156
   0.72186
   0.72220
   0.72256
   0.72291
   0.72345
   0.72054
   0.71831
   0.71871
   0.71936
   0.72002
   0.72066
   0.72168
   0.72253
   0.72350
   0.72448
   0.72558
   0.72675
   0.72801
   0.72924
   0.73382
   0.73012
   0.73300
   0.73527
   0.73779
   0.74093
   0.74311
   0.74411
   0.74538
   0.74533
   0.74551
   0.74359
   0.74157
   0.73874
   0.73563
   0.73176
   0.72726
   0.72239
   0.71655
   0.71102
   0.70621
   0.70203
   0.70739
   0.71282
   0.71805
   0.72123
   0.72079
   0.72334
   0.70571
   0.69215
   0.69298
   0.69439
   0.69615
   0.69814
   0.70020
   0.70217
   0.70397
   0.71379
   0.72098
   0.72200
   0.72074
   0.71814
   0.71496
   0.71091
   0.70623
   0.70101
   0.69513
   0.68878
   0.68191
   0.67487
   0.66759
   0.66006
   0.65236
   0.64453
   0.63661
   0.62851
   0.62044
   0.61228
   0.60377
   0.59559
   0.58730
   0.57896
   0.57060
   0.56221
   0.55380
   0.54539
   0.53695
   0.52849
   0.52001
   0.51151
   0.50296
   0.49439
   0.48580
   0.47717
   0.46853
   0.45978
   0.45120
   0.44250
   0.43383
   0.42513
   0.41642
   0.40761
   0.39891
   0.39020
   0.38148
   0.37274
   0.36406
   0.35522
   0.34629
   0.33730
   0.32818
   0.31895
   0.30957
   0.30007
   0.29044
   0.28074
   0.27096
   0.26114
   0.25139
   0.24174
   0.23225
   0.22298
   0.21396
   0.20523
   0.19677
   0.18856
   0.18057
   0.17278
   0.16516
   0.15772
   0.15046
   0.14342
   0.13662
   0.13010
   0.12386
   0.11791
   0.11227
   0.10692
   0.10183
   0.09700
   0.09241
   0.08805
   0.08390
   0.07996
   0.07623
   0.07268
   0.06932
   0.06614
   0.06309
   0.06023
   0.05752
   0.05499
   0.05238
   0.04986
   0.04720
   0.04459
   0.04240
   0.04100
   0.03915
   0.03707
   0.03687
   0.03631
   0.03454
   0.03149
   0.03227
   0.03013
   0.03050
   0.02745
   0.02879
   0.02859
   0.02315
   0.02564
   0.02521
   0.02356
   0.02166
   0.02649
   0.03329
   0.01620
   0.03756
   0.04028
   0.02779
   0.01676
   0.01981
   0.02226
   0.02476
   0.02051
   0.02306
   0.01982
   0.02253
   0.01870
   0.01783
   0.01445
   0.01889
   0.01001
   0.01496
   0.01051
   0.02576
   0.00856
   0.00838
   0.00626
   0.00579
   0.01061
   0.00622
   0.00795
   0.00519
   0.00616
   0.00753
   0.00401
   0.00755
   0.00708
   0.00480
   0.00522
   0.01528
   0.02117
   0.01295
   0.00520
   0.00273
   0.00883
   0.00982
   0.00637
   0.01640
   0.00328
   0.00855
   0.00585
   0.00543
   0.00277
   0.00369
   0.00265
   0.00212
   0.00356
   0.00288
   0.00374
   0.00326
   0.00294
   0.00259
   0.00214
   0.00175
   0.00160
   0.00192
   0.00260
   0.00390
   0.00353
   0.00324
   0.00298
   0.00273
   0.00248
   0.00214
   0.00141
   0.00484
   0.00309
   0.00278
   0.00244
   0.00182
   0.00137
   0.00242
   0.00401
   0.00218
   0.00164
   0.00150
   0.00133
   0.11287
   0.03261
   0.03056
   0.02945
   0.02665
   0.01313
   0.00708
   0.00600
   0.00466
   0.00466
   0.00527
   0.01059
   0.00383
   0.00392
   0.00415
   0.00400
   0.00397
   0.00379
   0.00400
   0.00336
   0.00283
   0.00427
   0.00415
   0.00389
   0.00306
   0.00290
   0.00263
   0.01874
   0.01034
   0.01171
   0.00958
   0.00866
   0.02128
   0.04189
   0.01215
   0.01072
   0.00880
   0.00968
   0.00926
   0.00454
   0.00287
   0.00328
   0.00271
   0.00266
   2.59923
   0.00756
   0.00612
   0.00542
   0.00386
   0.00246
   0.00221
   0.00242
   0.00243
   0.00266
   0.00254
   0.00211
   0.00277
   0.00218
   0.00177
   0.00167
   0.06585
   0.00628
   0.00601
   0.00615
   0.00628
   0.00568
   0.00371
   0.00218
   0.00253
   0.00237
   0.00201
   0.00158
   0.00131
   0.01026
   0.00131
   0.00127
   0.00122
   0.00115
   0.00102
   0.00102
   0.00124
   0.00119
   0.00182
   0.00192
   0.00213
   0.00181
   0.00139
   0.00071
   0.01312
   0.00216
   0.00200
   0.00186
   0.00175
   0.00168
   0.00160
   0.00141
   0.00117
   0.00108
   0.00124
   0.00144
   0.00183
   0.00213
   0.00196
   0.00160
   0.00119
   0.00088
   0.00073
   0.00096
   3.49766
   0.01332
   0.00709
   0.00646
   0.00646
   0.00609
   0.00542
   0.00467
   0.00291
   0.00249
   0.00240
   0.00164
   0.00142
   0.00138
   0.00150
   0.00217
   0.00517
   0.00363
   0.00107
   0.02851
   0.00843
   0.00550
   0.00435
   0.00412
   0.00420
   0.00372
   0.00168
   0.00134
   0.00132
   0.00149
   0.00168
   0.00199
   0.00178
   0.00092
   0.00147
   0.00091
   0.00121
   0.00083
   0.00095
   0.00106
   0.00122
   0.00147
   0.00175
   0.01895
   0.00681
   0.00465
   0.00293
   0.00184
   0.00126
   0.00103
   0.00093
   0.00083
   0.00071
   0.00067
   0.00071
   0.00084
   0.00098
   0.00116
   0.00093
   0.00056
   0.00047
   0.00045
   0.00043
   0.00053
   0.00047
   0.00062
   0.00067
   0.00074
   0.00075
   0.00080
   0.00030
   0.05442
   0.01248
   0.00620
   0.00497
   0.00461
   0.00465
   0.00457
   0.00380
   0.00323
   0.00293
   0.00279
   0.00255
   0.00240
   0.00234
   0.00236
   0.00264
   0.00291
   0.00302
   0.00310
   0.00289
   0.00263
   0.00229
   0.00195
   0.00167
   0.01349
   0.00695
   0.00491
   0.00392
   0.00296
   0.00242
   0.00227
   0.00227
   0.00228
   0.00160
   0.00157
   0.00146
   0.00134
   0.00130
   0.00125
   0.00120
   0.00120
   0.00128
   0.00229
   0.00224
   0.00156
   0.00127
   0.00130
   0.00142
   0.00137
   0.00086
   0.00083
   0.00082
   0.00081
   0.00084
   0.00086
   0.00085
   0.00077
   0.00066
   0.00060
   0.00058
   0.00061
   0.00064
   0.00067
   0.00061
   0.00052
   0.00048
   0.00046
   0.00045
   0.00052
   0.00057
   0.00054
   0.00062
   0.00105
   0.00098
   0.00065
   0.00047
   0.00046
   0.00050
   0.00052
   0.00053
   0.03027
   0.00808
   0.00526
   0.00355
   0.00263
   0.00205
   0.00162
   0.00128
   0.00106
   0.00093
   0.00072
   0.00058
   0.00052
   0.00048
   0.00045
   0.00042
   0.00038
   0.00117
   0.00049
   0.00083
   0.00067
   0.00074
   0.00069
   0.00054
   0.00040
   0.00034
   0.00031
   0.00029
   0.00027
   0.00027
   0.00026
   0.00025
   0.00024
   0.00023
   0.00044
   0.00024
   0.00037
   0.00049
   0.80182
   0.00045
   0.00044
   0.00043
   0.00042
   0.00041
   0.00040
   0.00039
   0.00037
   0.00035
   0.00034
   0.00032
   0.00030
   0.00030
   0.00033
   0.00040
   0.00042
   0.00036
   0.00028
   0.00022
   0.00019
   0.00018
   0.00017
   0.00017
   0.00018
   0.00016
   0.00014
   0.00014
   0.00031
   0.00012
   0.00026
   0.00017
   0.00013
   0.00011
   0.00011
   5.32573
   0.01824
   0.00879
   0.00541
   0.00369
   0.00267
   0.00202
   0.00158
   0.00126
   0.00102
   0.00086
   0.00073
   0.00062
   0.00054
   0.00047
   0.00040
   0.00035
   0.00033
   0.00038
   0.00039
   0.00033
   0.00026
   0.00021
   0.00017
   0.00015
   0.00013
   0.00011
   0.00010
   0.00011
   0.00010
   0.00009
   0.00008
   0.00011
   0.00012
   0.00016
   0.00012
   0.00009
   0.00007
   0.00007
   0.00007
   0.00007
   0.00008
   0.00006
   0.00006
   0.00006
   0.00006
   0.00007
   0.00007
   0.00007
   0.00007
   0.00007
   0.00007
   0.00008
   0.00008
   0.00007
   0.00007
   0.00007
   0.00006
   0.00006
   0.00008
   0.00010
   0.00010
   0.00009
   0.00007
   0.00006
   0.00005
   0.00004
   0.00004
   0.00004
   0.00003
   0.00003
   0.00003
   0.00003
   0.00003
   0.00005
   3.81274
   0.00103
   0.00055
   0.00036
   0.00025
   0.00019
   0.00015
   0.00012
   0.00010
   0.00008
   0.00007
   0.00006
   0.00005
   0.00004
   0.00004
   0.00004
   0.00003
   0.00003
   0.00003
   0.00003
   0.00003
   0.00002
   0.00002
   0.00002
   0.00002
   0.00002
   0.00002
   0.00002
   0.00002
   0.00002
   0.00003
   0.00003
   0.00003
   0.00002
   0.00001
   0.00001
   0.00001
   0.00001
   0.00001
   0.00001
   0.00001
   0.00001
   0.00001
   0.00001
   0.00001
   0.00001
   0.00001
   0.00001
   0.00001
   0.00001
   0.00001
   0.00001
   0.00001
   0.00001
   0.00001
   0.00001
   0.00001
   0.00001
   0.00001
   0.00001
   0.00001
   0.00001
   0.00001
   0.00001
   0.00001
   0.00001
   0.00001
   0.00001
   0.00001
   0.00001
   0.00001
   0.00001
   0.00002
   0.00002
   0.00002
   0.00002
   0.00001
   0.00001
   0.00001
   0.00001
   0.00001
   0.00001
   0.05363
   0.01408
   0.00740
   0.00449
   0.00329
   0.00252
   0.00196
   0.00155
   0.00124
   0.00099
   0.00081
   0.00068
   0.00059
   0.00050
   0.00044
   0.00039
   0.00036
   0.00036
   0.00039
   0.00045
   0.00035
   0.00022
   0.00014
   0.00013
   0.00012
   0.00011
   0.00010
   0.00009
   0.00009
   0.00009
   0.00011
   0.00014
   0.00011
   0.00009
   0.00007
   0.00245
   0.00184
   0.00169
   0.00152
   0.00136
   0.00120
   0.00107
   0.00094
   0.00083
   0.00072
   0.00064
   0.00056
   0.00050
   0.00044
   0.00039
   0.00034
   0.00030
   0.00026
   0.00022
   0.00014
   0.00012
   0.00011
   0.00010
   0.00009
   0.00008
   0.00007
   0.00007
   0.00007
   0.00009
   0.00010
   0.00006
   0.00004
   0.00002
   0.00002
   0.00002
   0.00002
   0.00002
   0.00002
   0.00002
   0.00002
   0.00001
   0.00001
   0.00001
   0.00002
   0.00001
   0.00001
   0.00147
   0.00146
   0.00136
   0.00124
   0.00113
   0.00103
   0.00092
   0.00083
   0.00074
   0.00066
   0.00058
   0.00052
   0.00046
   0.00040
   0.00036
   0.00031
   0.00028
   0.00024
   0.00021
   0.00019
   0.00016
   0.00014
   0.00012
   0.00011
   0.00009
   0.00009
   0.00008
   0.00009
   0.00009
   0.00008
   0.00006
   0.00004
   0.00003
   0.00003
   0.00003
   0.00003
   0.00002
   0.00001
   0.00001
   0.00001
   0.00001
   0.00001
   0.00001
   0.00001
   0.00001
   0.00001
   0.00001
   0.00001
   0.00001
   0.00001
   0.00016
   0.00002
   0.00001
   0.00001
   0.00001
   0.00001
   0.00001
   0.00001
   0.00001
   0.00001
   0.00001
   0.00001
   0.00001
   0.00001
   0.00001
   0.00001
   0.00001
   0.00001
   0.00001
   0.00001
   0.00001
   0.00001
   0.00001
   0.00001
   0.00001
   0.00001
   0.00001
   0.00001
   0.00001
   0.00001
   0.00001
   0.00001
   0.00001
   0.00001
   0.00001
   0.00001
   0.00001
   0.00001
   0.00001
   0.00001
   0.00001
   0.00001
   0.00001
   0.00001
   0.00000
   0.00000
   0.00000
   0.00000
   0.00000
   0.00000
   0.00000
   0.00000
   0.00000
   0.00000
   0.00000
   0.00000
   0.00037
   0.00037
   0.00036
   0.00036
   0.00035
   0.00034
   0.00033
   0.00033
   0.00032
   0.00031
   0.00030
   0.00029
   0.00028
   0.00026
   0.00024
   0.00022
   0.00020
   0.00018
   0.00016
   0.00014
   0.00013
   0.00011
   0.00010
   0.00009
   0.00008
   0.00007
   0.00007
   0.00006
   0.00005
   0.00005
   0.00004
   0.00004
   0.00004
   0.00005
   0.00004
   0.00003
   0.00003
   0.00003
   0.00003
   0.00003
   0.00003
   0.00003
   0.00012
   0.00002
   0.00002
