   0.60599
   0.55075
   0.48460
   0.46639
   0.45371
   0.47030
   0.46306
   0.46272
   0.46990
   0.46039
   0.47274
   0.47970
   0.48017
   0.47997
   0.47896
   0.47785
   0.47615
   0.47433
   0.47201
   0.46949
   0.46682
   0.46292
   0.45795
   0.45651
   0.45201
   0.45052
   0.45174
   0.46058
   0.49452
   0.53554
   0.56245
   0.56599
   0.56072
   0.55576
   0.54653
   0.52691
   0.49681
   0.46572
   0.43394
   0.37328
   0.34499
   0.31615
   0.29377
   0.27411
   0.25964
   0.25354
   0.24400
   0.23359
   0.22430
   0.21661
   0.21029
   0.20554
   0.20151
   0.19798
   0.19465
   0.19295
   0.19062
   0.18801
   0.18686
   0.18654
   0.18509
   0.18404
   0.18438
   0.18331
   0.18314
   0.18221
   0.18262
   0.18569
   0.18446
   0.18344
   0.18115
   0.18074
   0.17501
   0.17147
   0.16213
   0.15896
   0.15586
   0.14921
   0.15016
   0.14866
   0.14824
   0.14615
   0.13921
   0.13516
   0.13115
   0.12859
   0.12781
   0.12562
   0.12341
   0.12279
   0.12128
   0.12212
   0.12033
   0.11938
   0.12786
   0.13219
   0.12839
   0.12843
   0.12879
   0.12585
   0.12145
   0.11831
   0.11585
   0.11339
   0.10685
   0.10269
   0.09998
   0.10192
   0.09802
   0.09757
   0.09422
   0.08685
   0.07976
   0.07650
   0.07365
   0.06684
   0.06297
   0.05426
   0.04629
   0.04242
   0.03711
   0.03154
   0.02721
   0.02307
   0.01881
   0.01569
   0.01371
   0.01206
   0.01041
   0.00906
   0.00801
   0.00727
   0.00664
   0.00611
   0.00570
   0.00536
   0.00505
   0.00480
   0.00465
   0.00449
   0.00442
   0.00431
   0.00425
   0.00415
   0.00407
   0.00396
   0.00383
   0.00368
   0.00351
   0.00335
   0.00321
   0.00309
   0.00300
   0.00295
   0.00289
   0.00226
   0.00144
   0.00143
   0.00103
   0.00112
   0.00106
   0.00097
   0.00103
   0.00082
   0.00089
   0.00073
   0.00082
   0.00073
   0.00082
   0.00078
   0.00066
   0.00063
   0.00064
   0.00058
   0.00059
   0.00045
   0.00047
   0.00050
   0.00046
   5.75726
   1.37491
   0.61167
   0.51462
   0.50033
   0.49819
   0.49785
   0.49779
   0.49778
   0.49778
   0.49778
   0.49778
   0.49778
   0.49778
   0.49778
   0.49778
   0.49778
   0.49779
   0.49779
   0.49779
   0.49779
   0.49779
   0.49779
   0.49779
   0.49780
   0.49780
   0.49780
   0.49780
   0.49780
   0.49780
   0.49780
   0.49780
   0.49781
   0.49781
   0.49781
   0.49781
   0.49781
   0.49781
   0.49781
   0.49782
   0.49782
   0.49782
   0.49782
   0.49782
   0.49782
   0.49782
   0.49782
   0.49783
   0.49783
   0.49783
   0.49783
   0.49783
   0.49783
   0.49783
   0.49784
   0.49784
   0.49784
   0.49784
   0.49784
   0.49784
   0.49784
   0.49785
   0.49785
   0.49785
   0.49785
   0.49785
   0.49785
   0.49785
   0.49785
   0.49786
   0.49786
   0.49786
   0.49786
   0.49786
   0.49786
   0.49786
   0.49787
   0.49787
   0.49787
   0.49787
   0.49787
   0.49787
   0.49787
   0.49787
   0.49788
   0.49788
   0.49788
   0.49788
   0.49788
   0.49788
   0.49788
   0.49789
   0.49789
   0.49789
   0.49789
   0.49789
   0.49789
   0.49789
   0.49790
   0.49790
   0.49790
   0.49790
   0.49790
   0.49790
   0.49790
   0.49790
   0.49791
   0.49791
   0.49791
   0.49791
   0.49791
   0.49791
   0.49791
   0.49791
   0.49792
   0.49792
   0.49792
   0.49792
   0.49792
   0.49792
   0.49792
   0.49793
   0.49793
   0.49793
   0.49793
   0.49793
   0.49793
   0.49793
   0.49793
   0.49794
   0.49794
   0.49794
   0.49794
   0.49794
   0.49794
   0.49794
   0.49795
   0.49795
   0.49795
   0.49795
   0.49795
   0.49795
   0.49795
   0.49795
   0.49796
   0.49796
   0.49796
   0.49796
   0.49796
   0.49796
   0.49796
   0.49797
   0.49797
   0.49797
   0.49797
   0.49797
   0.49797
   0.49797
   0.49798
   0.49798
   0.49798
   0.49798
   0.49798
   0.49798
   0.49798
   0.49799
   0.49799
   0.49799
   0.49799
   0.49799
   0.49799
   0.49799
   0.49799
   0.49800
   0.49800
   0.49800
   0.49800
   0.49800
   0.49800
   0.49800
   0.49801
   0.49801
   0.49801
   0.49801
   0.49801
   0.49801
   0.49801
   0.49801
   0.49802
   0.49802
   0.49802
   0.49802
   0.49802
   0.49802
   0.49802
   0.49803
   0.49803
   0.49803
   0.49803
   0.49803
   0.49803
   0.49803
   0.49803
   0.49804
   0.49804
   0.49804
   0.49804
   0.49804
   0.49804
   0.49804
   0.49805
   0.49805
   0.49805
   0.49805
   0.49805
   0.49805
   0.49805
   0.49805
   0.49806
   0.49806
   0.49806
   0.49806
   0.49806
   0.49806
   0.49806
   0.49807
   0.49807
   0.49807
   0.49807
   0.49807
   0.49807
   0.49807
   0.49808
   0.49808
   0.49808
   0.49808
   0.49808
   0.49808
   0.49808
   0.49808
   0.49809
   0.49809
   0.49809
   0.49809
   0.49809
   0.49809
   0.49809
   0.49810
   0.49810
   0.49810
   0.49810
   0.49810
   0.49810
   0.49810
   0.49811
   0.49811
   0.49811
   0.49811
   0.49811
   0.49811
   0.49811
   0.49811
   0.49812
   0.49812
   0.49812
   0.49812
   0.49812
   0.49812
   0.49812
   0.49813
   0.49813
   0.49813
   0.49813
   0.49813
   0.49813
   0.49813
   0.49813
   0.49814
   0.49814
   0.49814
   0.49814
   0.49814
   0.49814
   0.49814
   0.49815
   0.49815
   0.49815
   0.49815
   0.49815
   0.49815
   0.49815
   0.49815
   0.49816
   0.49816
   0.49816
   0.49816
   0.49816
   0.49816
   0.49816
   0.49817
   0.49817
   0.49817
   0.49817
   0.49817
   0.49817
   0.49817
   0.49818
   0.49818
   0.49818
   0.49818
   0.49818
   0.49818
   0.49818
   0.49818
   0.49819
   0.49819
   0.49819
   0.49819
   0.49819
   0.49819
   0.49819
   0.49820
   0.49820
   0.49820
   0.49820
   0.49820
   0.49820
   0.49820
   0.49821
   0.49821
   0.49821
   0.49821
   0.49821
   0.49821
   0.49821
   0.49821
   0.49822
   0.49822
   0.49822
   0.49822
   0.49822
   0.49822
   0.49822
   0.49823
   0.49823
   0.49823
   0.49823
   0.49823
   0.49823
   0.49823
   0.49824
   0.49824
   0.49824
   0.49824
   0.49824
   0.49824
   0.49824
   0.49825
   0.49825
   0.49825
   0.49825
   0.49825
   0.49825
   0.49825
   0.49825
   0.49826
   0.49826
   0.49826
   0.49826
   0.49826
   0.49826
   0.49826
   0.49827
   0.49827
   0.49827
   0.49827
   0.49827
   0.49827
   0.49827
   0.49828
   0.49828
   0.49828
   0.49828
   0.49828
   0.49828
   0.49828
   0.49828
   0.49829
   0.49829
   0.49829
   0.49829
   0.49829
   0.49829
   0.49829
   0.49830
   0.49830
   0.49830
   0.49830
   0.49830
   0.49830
   0.49830
   0.49830
   0.49831
   0.49831
   0.49831
   0.49831
   0.49831
   0.49831
   0.49831
   0.49832
   0.49832
   0.49832
   0.49832
   0.49832
   0.49832
   0.49832
   0.49833
   0.49833
   0.49833
   0.49833
   0.49833
   0.49833
   0.49833
   0.49833
   0.49834
   0.49834
   0.49834
   0.49834
   0.49834
   0.49834
   0.49834
   0.49835
   0.49835
   0.49835
   0.49835
   0.49835
   0.49835
   0.49835
   0.49836
   0.49836
   0.49836
   0.49836
   0.49836
   0.49836
   0.49836
   0.49836
   0.49837
   0.49837
   0.49837
   0.49837
   0.49837
   0.49837
   0.49837
   0.49838
   0.49838
   0.49838
   0.49838
   0.49838
   0.49838
   0.49838
   0.49839
   0.49839
   0.49839
   0.49839
   0.49839
   0.49839
   0.49839
   0.49840
   0.49840
   0.49840
   0.49840
   0.49840
   0.49840
   0.49840
   0.49841
   0.49841
   0.49841
   0.49841
   0.49841
   0.49841
   0.49841
   0.49841
   0.49842
   0.49842
   0.49842
   0.49842
   0.49842
   0.49842
   0.49842
   0.49843
   0.49843
   0.49843
   0.49843
   0.49843
   0.49843
   0.49843
   0.49844
   0.49844
   0.49844
   0.49844
   0.49844
   0.49844
   0.49844
   0.49844
   0.49845
   0.49845
   0.49845
   0.49845
   0.49845
   0.49845
   0.49845
   0.49846
   0.49846
   0.49846
   0.49846
   0.49846
   0.49846
   0.49846
   0.49847
   0.49847
   0.49847
   0.49847
   0.49847
   0.49847
   0.49847
   0.49848
   0.49848
   0.49848
   0.49848
   0.49848
   0.49848
   0.49848
   0.49849
   0.49849
   0.49849
   0.49849
   0.49849
   0.49849
   0.49849
   0.49850
   0.49850
   0.49850
   0.49850
   0.49850
   0.49850
   0.49850
   0.49850
   0.49851
   0.49851
   0.49851
   0.49851
   0.49851
   0.49851
   0.49851
   0.49852
   0.49852
   0.49852
   0.49852
   0.49852
   0.49852
   0.49852
   0.49853
   0.49853
   0.49853
   0.49853
   0.49853
   0.49853
   0.49853
   0.49854
   0.49854
   0.49854
   0.49854
   0.49854
   0.49854
   0.49854
   0.49855
   0.49855
   0.49855
   0.49855
   0.49855
   0.49855
   0.49855
   0.49856
   0.49856
   0.49856
   0.49856
   0.49856
   0.49856
   0.49856
   0.49857
   0.49857
   0.49857
   0.49857
   0.49857
   0.49857
   0.49857
   0.49858
   0.49858
   0.49858
   0.49858
   0.49858
   0.49858
   0.49858
   0.49859
   0.49859
   0.49859
   0.49859
   0.49859
   0.49859
   0.49859
   0.49860
   0.49860
   0.49860
   0.49860
   0.49860
   0.49860
   0.49860
   0.49861
   0.49861
   0.49861
   0.49861
   0.49861
   0.49861
   0.49861
   0.49862
   0.49862
   0.49862
   0.49862
   0.49862
   0.49862
   0.49862
   0.49863
   0.49863
   0.49863
   0.49863
   0.49863
   0.49863
   0.49864
   0.49864
   0.49864
   0.49864
   0.49864
   0.49864
   0.49864
   0.49865
   0.49865
   0.49865
   0.49865
   0.49865
   0.49865
   0.49865
   0.49866
   0.49866
   0.49866
   0.49866
   0.49866
   0.49866
   0.49866
   0.49867
   0.49867
   0.49867
   0.49867
   0.49867
   0.49867
   0.49867
   0.49868
   0.49868
   0.49868
   0.49868
   0.49868
   0.49868
   0.49868
   0.49869
   0.49869
   0.49869
   0.49869
   0.49869
   0.49869
   0.49869
   0.49870
   0.49870
   0.49870
   0.49870
   0.49870
   0.49870
   0.49871
   0.49871
   0.49871
   0.49871
   0.49871
   0.49871
   0.49871
   0.49872
   0.49872
   0.49872
   0.49872
   0.49872
   0.49872
   0.49873
   0.49873
   0.49873
   0.49873
   0.49873
   0.49873
   0.49873
   0.49874
   0.49874
   0.49874
   0.49874
   0.49874
   0.49874
   0.49874
   0.49875
   0.49875
   0.49875
   0.49875
   0.49875
   0.49875
   0.49876
   0.49876
   0.49876
   0.49876
   0.49876
   0.49876
   0.49877
   0.49877
   0.49877
   0.49877
   0.49877
   0.49877
   0.49877
   0.49878
   0.49878
   0.49878
   0.49878
   0.49878
   0.49878
   0.49879
   0.49879
   0.49879
   0.49879
   0.49879
   0.49879
   0.49880
   0.49880
   0.49880
   0.49880
   0.49880
   0.49880
   0.49881
   0.49881
   0.49881
   0.49881
   0.49881
   0.49881
   0.49882
   0.49882
   0.49882
   0.49882
   0.49882
   0.49882
   0.49883
   0.49883
   0.49883
   0.49883
   0.49883
   0.49883
   0.49884
   0.49884
   0.49884
   0.49884
   0.49884
   0.49884
   0.49885
   0.49885
   0.49885
   0.49885
   0.49885
   0.49885
   0.49886
   0.49886
   0.49886
   0.49886
   0.49886
   0.49886
   0.49887
   0.49887
   0.49887
   0.49887
   0.49887
   0.49888
   0.49888
   0.49888
   0.49888
   0.49888
   0.49888
   0.49889
   0.49889
   0.49889
   0.49889
   0.49889
   0.49890
   0.49890
   0.49890
   0.49890
   0.49890
   0.49891
   0.49891
   0.49891
   0.49891
   0.49891
   0.49892
   0.49892
   0.49892
   0.49892
   0.49892
   0.49893
   0.49893
   0.49893
   0.49893
   0.49895
