   0.75327
   0.75392
   0.73000
   0.71521
   0.70943
   0.70635
   0.70393
   0.69958
   0.71733
   0.70535
   0.69726
   0.69404
   0.69183
   0.68934
   0.68744
   0.69089
   0.68781
   0.68482
   0.68367
   0.68234
   0.68099
   0.68058
   0.67938
   0.67938
   0.68390
   0.68035
   0.68262
   0.67854
   0.67565
   0.67430
   0.67353
   0.67320
   0.67282
   0.67227
   0.67548
   0.67290
   0.67232
   0.67261
   0.67145
   0.67159
   0.67186
   0.67270
   0.67280
   0.67525
   0.67646
   0.67799
   0.68137
   0.68473
   0.68529
   0.69135
   0.69518
   0.69835
   0.71123
   0.71333
   0.72087
   0.73527
   0.75259
   0.75600
   0.75951
   0.76072
   0.76240
   0.77143
   0.77665
   0.77393
   0.77233
   0.77456
   0.76227
   0.78388
   0.77811
   0.76863
   0.76446
   0.75835
   0.75646
   0.75172
   0.74618
   0.74145
   0.73781
   0.72662
   0.72624
   0.72248
   0.71570
   0.70400
   0.70025
   0.66100
   0.66378
   0.66524
   0.64347
   0.64694
   0.65017
   0.64457
   0.63815
   0.62967
   0.62014
   0.61222
   0.60611
   0.59805
   0.58922
   0.57681
   0.56752
   0.55881
   0.54907
   0.53864
   0.52869
   0.51859
   0.50892
   0.49966
   0.49151
   0.48379
   0.47773
   0.47234
   0.46859
   0.46517
   0.46410
   0.46459
   0.46656
   0.46896
   0.47077
   0.47407
   0.47517
   0.47796
   0.47745
   0.47507
   0.47200
   0.46899
   0.46529
   0.46161
   0.45780
   0.45354
   0.44817
   0.44264
   0.43687
   0.43138
   0.42456
   0.41743
   0.40962
   0.40196
   0.39361
   0.38517
   0.37675
   0.36873
   0.36072
   0.35358
   0.34719
   0.34119
   0.33595
   0.33082
   0.32561
   0.32151
   0.31660
   0.31256
   0.30784
   0.30346
   0.29833
   0.29335
   0.28868
   0.28340
   0.27834
   0.27368
   0.26946
   0.26448
   0.26080
   0.25653
   0.25255
   0.24842
   0.24472
   0.23989
   0.23637
   0.23149
   0.22785
   0.22247
   0.21783
   0.21346
   0.20960
   0.20452
   0.20018
   0.19544
   0.19083
   0.18611
   0.18181
   0.17727
   0.17346
   0.16907
   0.16601
   0.16130
   0.15835
   0.15388
   0.15212
   0.14726
   0.14498
   0.14074
   0.13832
   0.13482
   0.13219
   0.12876
   0.12576
   0.12184
   0.11940
   0.11601
   0.11383
   0.11099
   0.10928
   0.10638
   0.10426
   0.10169
   0.09970
   0.09631
   0.09472
   0.09251
   0.09001
   0.08722
   0.08604
   0.08442
   0.08247
   0.08044
   0.07691
   0.07583
   0.07414
   0.07261
   0.06948
   0.06824
   0.06619
   0.06502
   0.06269
   0.06167
   0.05958
   0.05861
   0.05618
   0.05540
   0.05316
   0.05223
   0.05009
   0.04897
   0.04664
   0.04596
   0.04405
   0.04327
   0.04089
   0.03990
   0.03802
   0.03694
   0.03509
   0.03403
   0.03256
   0.03136
   0.02997
   0.02896
   0.02759
   0.02637
   0.02565
   0.02461
   0.02355
   0.02309
   0.02206
   0.02151
   0.02064
   0.02000
   0.01933
   0.01875
   0.01819
   0.01760
   0.01715
   0.01657
   0.01625
   0.01565
   0.01539
   0.01481
   0.01460
   0.01403
   0.01387
   0.01332
   0.01315
   0.01267
   0.01257
   0.01208
   0.01201
   0.01153
   0.01146
   0.01102
   0.01098
   0.01051
   0.01049
   0.01005
   0.01002
   0.00962
   0.00960
   0.00916
   0.00910
   0.00869
   0.00828
   0.00828
   0.00801
   0.00768
   0.00917
   0.55811
   0.15722
   0.14687
   0.13144
   0.13007
   0.12474
   0.12633
   0.12805
   0.12968
   0.13162
   0.13368
   0.13599
   0.13850
   0.14139
   0.14453
   0.14776
   0.15155
   0.15533
   0.15985
   0.16417
   0.16994
   0.17494
   0.18180
   0.18752
   0.19651
   0.20162
   0.21249
   0.21623
   0.22679
   0.22947
   0.21046
   0.27052
   0.23985
   0.26553
   0.22268
   0.07070
   0.08826
   0.03447
   0.05583
   0.03582
   0.04271
   0.03514
   0.03751
   0.03319
   0.03440
   0.03127
   0.03224
   0.02944
   0.03059
   0.02771
   0.02946
   0.02603
   0.02930
   0.02455
   0.03150
   0.02365
   0.04104
   0.05243
   0.02278
   0.04551
   0.11278
   0.10545
   0.02774
   0.04565
   0.06601
   0.04980
   0.02029
   0.04440
   0.04189
   0.01876
   0.03143
   0.01805
   0.04923
   0.12083
   0.13866
   0.03897
   0.01687
   0.03256
   0.01628
   0.05280
   0.12338
   0.13330
   0.11006
   0.14772
   0.02650
   0.04655
   0.01430
   0.05603
   0.01500
   0.05906
   0.03286
   0.01277
   0.03214
   0.01590
   0.05338
   0.04465
   0.01210
   0.04937
   0.01168
   0.04920
   0.01109
   0.04872
   0.01080
   0.04931
   0.01153
   0.05217
   0.03318
   0.01070
   0.04416
   0.01014
   0.04370
   0.00967
   0.04307
   0.00920
   0.04265
   0.00886
   0.04242
   0.00851
   0.04244
   0.00822
   0.04280
   0.00814
   0.04282
   0.00972
   0.02840
   0.00805
   0.03840
   0.00724
   0.03942
   0.00696
   0.03944
   0.00677
   0.03842
   0.00656
   0.03727
   0.00631
   0.03721
   0.00619
   0.03461
   0.00587
   0.03666
   0.00618
   0.02594
   0.00549
   0.03545
   0.00543
   0.03004
   0.00533
   0.03226
   0.00540
   0.02121
   0.00478
   0.03258
   0.00517
   0.02855
   0.00457
   0.02384
   0.00475
   0.02713
   0.00420
   0.02573
   0.00474
   0.02464
   0.00392
   0.02481
   0.00442
   0.02299
   0.00366
   0.02638
   0.00412
   0.02153
   0.00344
   0.02723
   0.00384
   0.01989
   0.00323
   0.02642
   0.00342
   0.01954
   0.00321
   0.02029
   0.00313
   0.01875
   0.00304
   0.01740
   0.00293
   0.01633
   0.00282
   0.01519
   0.00269
   0.01452
   0.00254
   0.01480
   0.00239
   0.01681
   0.00223
   0.01356
   0.00312
   0.01188
   0.10525
   0.00647
   0.00695
   0.00199
   0.00195
   0.00198
   0.00197
   0.00196
