   0.68890
   0.69050
   0.68807
   0.68843
   0.68859
   0.68834
   0.68824
   0.68818
   0.68811
   0.68794
   0.68785
   0.68775
   0.68770
   0.68745
   0.68739
   0.68726
   0.68711
   0.68696
   0.68682
   0.68666
   0.68650
   0.68632
   0.68613
   0.68595
   0.68575
   0.68552
   0.68530
   0.68506
   0.68482
   0.68454
   0.68425
   0.68394
   0.68363
   0.68330
   0.68293
   0.68256
   0.68219
   0.68173
   0.68133
   0.68086
   0.68035
   0.67985
   0.67932
   0.67874
   0.67821
   0.67751
   0.67695
   0.67624
   0.67508
   0.67365
   0.67099
   0.67098
   0.66987
   0.66901
   0.66825
   0.66743
   0.66662
   0.66579
   0.66494
   0.66408
   0.66319
   0.66229
   0.66138
   0.66045
   0.65950
   0.65853
   0.65755
   0.65656
   0.65553
   0.65451
   0.65347
   0.65240
   0.65127
   0.65022
   0.64912
   0.64799
   0.64681
   0.64555
   0.64378
   0.64255
   0.64139
   0.64021
   0.63897
   0.63769
   0.63636
   0.63502
   0.63367
   0.63230
   0.63093
   0.62954
   0.62814
   0.62675
   0.62535
   0.62395
   0.62256
   0.62117
   0.61979
   0.61844
   0.61710
   0.61579
   0.61452
   0.61328
   0.61209
   0.61096
   0.60989
   0.60887
   0.60795
   0.60717
   0.60642
   0.60581
   0.60527
   0.60485
   0.60457
   0.60434
   0.60426
   0.60419
   0.60407
   0.60393
   0.60364
   0.60318
   0.60239
   0.60123
   0.59971
   0.59784
   0.59551
   0.59287
   0.58997
   0.58684
   0.58366
   0.58039
   0.57709
   0.57377
   0.57050
   0.56716
   0.56388
   0.56062
   0.55735
   0.55409
   0.55088
   0.54764
   0.54444
   0.54123
   0.53801
   0.53486
   0.53167
   0.52853
   0.52537
   0.52220
   0.51910
   0.51596
   0.51287
   0.50980
   0.50672
   0.50367
   0.50065
   0.49762
   0.49460
   0.49153
   0.48839
   0.48527
   0.48220
   0.47914
   0.47612
   0.47309
   0.47012
   0.46714
   0.46420
   0.46131
   0.45818
   0.45483
   0.45151
   0.44854
   0.44567
   0.44280
   0.43995
   0.43714
   0.43434
   0.43157
   0.42884
   0.42613
   0.42346
   0.42081
   0.41816
   0.41554
   0.41293
   0.41035
   0.40778
   0.40526
   0.40277
   0.40025
   0.39780
   0.39534
   0.39295
   0.39056
   0.38816
   0.38582
   0.38349
   0.38116
   0.37887
   0.37659
   0.37435
   0.37212
   0.36992
   0.36774
   0.36557
   0.36343
   0.36131
   0.35922
   0.35712
   0.35512
   0.35304
   0.35100
   0.34899
   0.34703
   0.34509
   0.34318
   0.34122
   0.33940
   0.33756
   0.33573
   0.33385
   0.33212
   0.33037
   0.32862
   0.32690
   0.32512
   0.32340
   0.32170
   0.32001
   0.31831
   0.31660
   0.31490
   0.31321
   0.31149
   0.30976
   0.30799
   0.30624
   0.30446
   0.30266
   0.30084
   0.29896
   0.29706
   0.29512
   0.29320
   0.29126
   0.28920
   0.28725
   0.28532
   0.28326
   0.28117
   0.27909
   0.27699
   0.27490
   0.27281
   0.27071
   0.26861
   0.26649
   0.26439
   0.26230
   0.26020
   0.25811
   0.25600
   0.25391
   0.25184
   0.24976
   0.24769
   0.24560
   0.24355
   0.24151
   0.23946
   0.23742
   0.23539
   0.23335
   0.23135
   0.22934
   0.22733
   0.22533
   0.22334
   0.22138
   0.21941
   0.21745
   0.21548
   0.21353
   0.21162
   0.20969
   0.20778
   0.20586
   0.20396
   0.20208
   0.20020
   0.19832
   0.19645
   0.19461
   0.19276
   0.19092
   0.18909
   0.18727
   0.18547
   0.18367
   0.18187
   0.18009
   0.17833
   0.17656
   0.17479
   0.17305
   0.17133
   0.16960
   0.16788
   0.16617
   0.16449
   0.16280
   0.16110
   0.15946
   0.15780
   0.15614
   0.15450
   0.15288
   0.15126
   0.14964
   0.14805
   0.14646
   0.14488
   0.14331
   0.14175
   0.14020
   0.13866
   0.13714
   0.13561
   0.13410
   0.13261
   0.13111
   0.12963
   0.12817
   0.12671
   0.12525
   0.12382
   0.12238
   0.12098
   0.11956
   0.11815
   0.11677
   0.11541
   0.11401
   0.11268
   0.11132
   0.10999
   0.10867
   0.10735
   0.10603
   0.10476
   0.10347
   0.10219
   0.10095
   0.09968
   0.09846
   0.09722
   0.09600
   0.09480
   0.09362
   0.09241
   0.09125
   0.09009
   0.08893
   0.08780
   0.08666
   0.08568
   0.08440
   0.08336
   0.08226
   0.08120
   0.08013
   0.07909
   0.07804
   0.07702
   0.07601
   0.07500
   0.07402
   0.07304
   0.07206
   0.07111
   0.07016
   0.06923
   0.06830
   0.06739
   0.06649
   0.06560
   0.06473
   0.06386
   0.06300
   0.06216
   0.06133
   0.06051
   0.05970
   0.05890
   0.05812
   0.05734
   0.05663
   0.05582
   0.05506
   0.05434
   0.05362
   0.05290
   0.05220
   0.05151
   0.05083
   0.05016
   0.04950
   0.04885
   0.04821
   0.04758
   0.04696
   0.04635
   0.04575
   0.04515
   0.04457
   0.04400
   0.04343
   0.04287
   0.04232
   0.04178
   0.04125
   0.04073
   0.04021
   0.03971
   0.03921
   0.03872
   0.03823
   0.03775
   0.03728
   0.03682
   0.03638
   0.03592
   0.03547
   0.03503
   0.03461
   0.03418
   0.03376
   0.03335
   0.03295
   0.03255
   0.03215
   0.03177
   0.03138
   0.03100
   0.03063
   0.03026
   0.02990
   0.02954
   0.02919
   0.02884
   0.02850
   0.02816
   0.02783
   0.02750
   0.02717
   0.02685
   0.02653
   0.02622
   0.02591
   0.02560
   0.02530
   0.02500
   0.02471
   0.02442
   0.02413
   0.02385
   0.02357
   0.02330
   0.02302
   0.02275
   0.02249
   0.02222
   0.02197
   0.02171
   0.02146
   0.02121
   0.02096
   0.02072
   0.02048
   0.02024
   0.02001
   0.01977
   0.01955
   0.01932
   0.01910
   0.01888
   0.01866
   0.01845
   0.01823
   0.01802
   0.01782
   0.01761
   0.01741
   0.01721
   0.01702
   0.01682
   0.01663
   0.01644
   0.01626
   0.01607
   0.01589
   0.01571
   0.01553
   0.01536
   0.01518
   0.01501
   0.01484
   0.01467
   0.01451
   0.01434
   0.01418
   0.01402
   0.01386
   0.01370
   0.01355
   0.01339
   0.01324
   0.01309
   0.01294
   0.01279
   0.01265
   0.01250
   0.01236
   0.01221
   0.01207
   0.01193
   0.01179
   0.01165
   0.01151
   0.01138
   0.01124
   0.01111
   0.01097
   0.01084
   0.01071
   0.01057
   0.01044
   0.01031
   0.01018
   0.01006
   0.00993
   0.00980
   0.00968
   0.00955
   0.00943
   0.00931
   0.00919
   0.00907
   0.00895
   0.00883
   0.00871
   0.00860
   0.00848
   0.00837
   0.00826
   0.00815
   0.00804
   0.00793
   0.00783
   0.00772
   0.00762
   0.00752
   0.00742
   0.00732
   0.00722
   0.00712
   0.00703
   0.00694
   0.00684
   0.00675
   0.00666
   0.00658
   0.00649
   0.00640
   0.00632
   0.00624
   0.00616
   0.00608
   0.00600
   0.00592
   0.00585
   0.00577
   0.00570
   0.00563
   0.00555
   0.00548
   0.00541
   0.00535
   0.00528
   0.00522
   0.00515
   0.00509
   0.00503
   0.00496
   0.00490
   0.00485
   0.00479
   0.00473
   0.00467
   0.00462
   0.00456
   0.00451
   0.00446
   0.00440
   0.00435
   0.00430
   0.00425
   0.00420
   0.00416
   0.00411
   0.00406
   0.00401
   0.00397
   0.00392
   0.00388
   0.00384
   0.00379
   0.00375
   0.00371
   0.00367
   0.00363
   0.00359
   0.00355
   0.00351
   0.00347
   0.00343
   0.00339
   0.00336
   0.00332
   0.00328
   0.00325
   0.00321
   0.00317
   0.00314
   0.00310
   0.00307
   0.00303
   0.00300
   0.00296
   0.00293
   0.00290
   0.00286
   0.00282
   0.00279
   0.00276
   0.00272
   0.00269
   0.00266
   0.00262
   0.00259
   0.00256
   0.00253
   0.00250
   0.00247
   0.00244
   0.00241
   0.00238
   0.00235
   0.00232
   0.00229
   0.00226
   0.00223
   0.00220
   0.00218
   0.00215
   0.00212
   0.00210
   0.00207
   0.00205
   0.00202
   0.00200
   0.00197
   0.00195
   0.00193
   0.00191
   0.00188
   0.00186
   0.00184
   0.00182
   0.00180
   0.00178
   0.00176
   0.00174
   0.00172
   0.00170
   0.00168
   0.00166
   0.00164
   0.00163
   0.00161
   0.00159
   0.00157
   0.00156
   0.00154
   0.00152
   0.00150
   0.00149
   0.00147
   0.00146
   0.00144
   0.00142
   0.00141
   0.00139
   0.00138
   0.00136
   0.00135
   0.00133
   0.00132
   0.00130
   0.00129
   0.00128
   0.00126
   0.00125
   0.00123
   0.00122
   0.00121
   0.00119
   0.00118
   0.00117
   0.00115
   0.00114
   0.00113
   0.00111
   0.00110
   0.00109
   0.00108
   0.00106
   0.00105
   0.00104
   0.00103
   0.00102
   0.00101
   0.00099
   0.00098
   0.00097
   0.00096
   0.00095
   0.00094
   0.00093
   0.00092
   0.00091
   0.00090
   0.00089
   0.00088
   0.00087
   0.00086
   0.00085
   0.00084
   0.00083
   0.00082
   0.00081
   0.00080
   0.00080
   0.00079
   0.00078
   0.00077
   0.00076
   0.00075
   0.00074
   0.00074
   0.00073
   0.00072
   0.00071
   0.00071
   0.00070
   0.00069
   0.00068
   0.00068
   0.00067
   0.00066
   0.00065
   0.00065
   0.00064
   0.00063
   0.00063
   0.00062
   0.00061
   0.00061
   0.00060
   0.00059
   0.00059
   0.00058
   0.00057
   0.00057
   0.00056
   0.00056
   0.00055
   0.00054
   0.00054
   0.00053
   0.00053
   0.00052
   0.00052
   0.00051
   0.00050
   0.00050
   0.00049
   0.00049
   0.00048
   0.00048
   0.00047
   0.00047
   0.00046
   0.00046
   0.00045
   0.00045
   0.00044
   0.00044
   0.00043
   0.00043
   0.00043
   0.00042
   0.00042
   0.00041
   0.00041
   0.00040
   0.00040
   0.00040
   0.00039
   0.00039
   0.00038
   0.00038
   0.00037
   0.00037
   0.00037
   0.00036
   0.00036
   0.00036
   0.00035
   0.00035
   0.00034
   0.00034
   0.00034
   0.00033
   0.00033
   0.00033
   0.00032
   0.00032
   0.00032
   0.00031
   0.00031
   0.00031
   0.00030
   0.00030
   0.00030
   0.00029
   0.00029
   0.00029
   0.00029
   0.00028
   0.00028
   0.00028
   0.00027
   0.00027
   0.00027
   0.00027
   0.00026
   0.00026
   0.00026
   0.00026
   0.00025
   0.00025
   0.00025
   0.00024
   0.00024
   0.00024
   0.00024
   0.00023
   0.00023
   0.00023
   0.00023
   0.00023
   0.00022
   0.00022
   0.00022
   0.00022
   0.00021
   0.00021
   0.00021
   0.00021
   0.00021
   0.00020
   0.00020
   0.00020
   0.00020
   0.00020
   0.00019
   0.00019
   0.00019
   0.00019
   0.00019
   0.00018
   0.00018
   0.00018
   0.00018
   0.00018
   0.00017
   0.00017
   0.00017
   0.00017
   0.00017
   0.00017
   0.00016
   0.00016
   0.00016
   0.00016
   0.00016
   0.00016
   0.00016
   0.00015
   0.00015
   0.00015
   0.00015
   0.00015
   0.00015
   0.00014
   0.00014
   0.00014
   0.00014
   0.00014
   0.00014
   0.00014
   0.00013
   0.00013
   0.00013
   0.00013
   0.00013
   0.00013
   0.00013
   0.00013
   0.00012
   0.00012
   0.00012
   0.00012
   0.00012
   0.00012
   0.00012
   0.00012
   0.00012
   0.00011
   0.00011
   0.00011
   0.00011
   0.00011
   0.00011
   0.00011
   0.00011
   0.00011
   0.00010
   0.00010
   0.00010
   0.00010
   0.00010
   0.00010
   0.00010
   0.00010
   0.00010
   0.00010
   0.00009
   0.00009
   0.00009
   0.00009
   0.00009
   0.00009
   0.00009
   0.00009
   0.00009
   0.00009
   0.00009
   0.00009
   0.00008
   0.00008
   0.00008
   0.00008
   0.00008
   0.00008
   0.00008
   0.00008
   0.00008
   0.00008
   0.00008
   0.00008
   0.00008
   0.00007
   0.00007
   0.00007
   0.00007
   0.00007
   0.00007
   0.00007
   0.00007
   0.00007
   0.00007
   0.00007
   0.00007
   0.00007
   0.00007
   0.00007
   0.00006
   0.00006
