   0.55020
   0.54546
   0.55464
   0.56034
   0.56768
   0.57261
   0.57563
   0.57606
   0.57540
   0.57368
   0.56669
   0.56379
   0.54121
   0.54393
   0.53158
   0.52413
   0.51489
   0.50561
   0.49202
   0.48725
   0.48379
   0.48688
   0.49363
   0.50396
   0.51183
   0.51216
   0.50612
   0.49094
   0.46515
   0.42547
   0.38078
   0.34001
   0.30571
   0.28547
   0.26838
   0.25426
   0.24290
   0.23428
   0.22667
   0.22045
   0.21482
   0.21004
   0.20510
   0.19983
   0.19443
   0.18612
   0.17974
   0.17441
   0.16536
   0.15621
   0.14645
   0.13657
   0.12544
   0.11363
   0.10412
   0.09374
   0.08359
   0.07407
   0.06527
   0.05687
   0.04955
   0.04290
   0.03718
   0.03205
   0.02764
   0.02400
   0.02111
   0.01800
   0.01630
   0.01492
   0.01381
   0.01279
   0.01182
   0.01092
   0.01011
   0.00932
   0.00868
   0.00819
   0.00760
   0.00715
   0.00675
   0.00644
   0.00612
   0.00600
   0.00577
   0.00556
   0.00549
   0.00542
   0.00516
   0.00520
   0.00494
   0.00510
   0.00489
   0.00457
   0.00400
   0.00362
   0.00287
   0.00238
   0.00180
   0.00118
   0.00140
   0.00228
   0.00427
   0.00350
   0.00544
   0.00277
   0.00776
   0.00543
   0.00661
   0.00730
   0.00729
   0.00595
   0.00060
   0.00602
   0.00627
   0.00077
   0.00779
   0.00428
   0.00562
   0.00038
   0.00508
   0.00213
   0.00013
   0.00126
   0.00409
   0.00010
   0.00046
   0.00010
   0.00021
   0.00093
   0.00009
   0.00170
   0.00019
   0.00036
   0.00013
   0.00066
   0.00120
   0.00019
   0.00009
   0.00013
   0.00006
   0.00023
   0.00012
   0.00011
   0.00471
   0.00133
   0.00004
   0.00003
   0.00003
   0.00006
   0.00068
   0.00004
   0.00044
   0.00309
   0.00332
   0.00265
   0.00017
   0.00006
   0.00441
   0.00003
   0.00114
   0.00016
   0.00010
   0.00033
   0.00012
   0.00005
   0.00019
   0.00013
   0.00373
   0.00009
   0.00002
   0.00008
   0.00040
   0.00155
   0.00075
   0.00010
   0.00044
   0.00029
   0.00047
   0.00009
   0.00014
   0.00026
   0.00017
   0.00014
   0.00017
   0.00003
   0.00002
   0.00014
   0.00011
   0.00184
   0.00001
   0.00083
   0.00001
   0.00004
   0.00028
   0.00006
   0.00004
   0.00004
   0.00096
   0.00007
   0.00173
   0.00078
   0.00036
   0.00029
   0.00021
   0.00041
   0.00029
   0.00010
   0.00068
   0.00031
   0.00017
   0.00011
   5.62086
   0.00101
   0.00050
   0.00039
   0.00032
   0.00019
   0.00015
   0.00012
   0.29364
   0.01772
   0.01249
   0.01143
   0.00504
   0.00435
   0.00509
   0.00666
   0.00652
   0.00557
   0.00522
   0.00135
   0.00429
   0.00207
   0.00213
   0.00079
   0.00042
   0.00034
   0.00088
   0.00290
   0.00193
   0.00044
   0.00086
   0.00065
   0.00188
   0.00040
   0.00001
   0.00011
   0.00011
   0.00011
   0.00009
   0.00009
   0.00010
   0.00029
   0.00000
   0.00007
   0.00007
   0.00007
   0.00008
   0.00007
   0.00007
   0.00007
   0.00002
   0.00143
   0.00005
   0.00001
   0.00012
   0.00010
   0.00009
   0.00008
   0.00008
   0.00007
   0.00007
   0.00007
   0.00008
   0.02721
   0.00043
   0.00023
   0.00016
   0.00012
   0.00010
   0.00009
   0.00009
   0.00008
   0.00007
   0.00058
   0.00006
   0.61984
   0.00207
   0.00119
   0.00069
   0.00026
   0.00054
   0.00830
   0.00126
   0.01945
   0.00035
   0.00033
   0.00015
   0.00022
   0.00022
   0.00097
   0.00048
   0.00092
   0.00318
   0.00151
   0.00072
   0.10674
   0.00027
   0.00026
   0.00024
   0.00021
   0.00019
   0.00018
   0.00018
   0.00017
   0.00013
   0.00012
   0.00011
   0.00010
   0.00010
   0.00251
   0.00117
   0.00077
   0.00056
   0.00042
   0.00033
   0.00026
   0.00021
   0.00018
   0.00016
   0.00015
   0.00014
   0.00013
   0.00011
   0.00050
   0.00011
   0.00010
   0.00009
   0.00009
   0.00008
   0.00008
   0.00008
   0.00008
   0.00007
   0.00007
   0.00000
   0.00029
   0.00026
   0.00023
   0.00021
   0.00018
   0.00016
   0.00009
   0.00007
   0.00006
   0.00005
   0.00005
   0.00004
   0.00004
   0.00004
   0.00004
   0.00004
   0.00004
   0.00003
   0.00003
   0.00016
   0.00014
   0.00011
   0.00008
   0.00007
   0.00006
   0.00005
   0.00004
   0.00004
   0.00004
   0.00004
   0.00004
   0.00003
   0.00003
   0.00003
   0.00006
   0.00002
   0.00002
   0.00002
   0.00002
   0.00002
   0.00002
   0.00002
   0.00002
   0.00001
   0.00001
   0.00001
   0.00001
   0.00001
   0.00001
   0.00001
   0.00001
   0.00001
   0.00001
   0.00001
   0.00001
   0.00114
   0.00069
   0.00044
   0.00032
   0.00025
   0.00017
   0.00023
   0.00021
   0.00019
   0.00016
   0.00014
   0.08309
   0.00079
   0.00051
   0.00035
   0.00027
   0.00021
   0.00018
   0.00016
   0.00013
   0.00011
   0.00010
   0.00008
   0.00007
   0.00007
   0.00007
   0.00006
   0.00005
   0.00003
   0.00005
   0.00115
   0.00063
   0.00043
   0.00020
   0.00013
   0.00048
   0.00038
   0.00032
   0.00028
   0.00023
   0.00012
   0.00007
   0.00014
   0.00022
   0.00020
   0.00018
   0.00016
   0.00016
   0.00014
   0.00011
   0.00004
   0.00008
   0.00231
   0.00150
   0.00107
   0.00085
   0.00069
   0.00058
   0.00049
   0.00043
   0.00037
   0.00027
   0.00011
   0.00008
   0.00013
   0.00360
   0.00198
   0.00136
   0.00098
   0.00076
   0.00060
   0.00051
   0.00046
   0.00041
   0.00037
   0.00029
   0.00016
   0.00006
   0.00007
   0.00006
   0.00007
   0.11725
   0.09303
   0.08457
   0.07250
   0.06981
   0.06596
   0.06142
   0.05643
   0.05148
   0.04670
   0.04217
   0.03787
   0.03388
   0.03022
   0.02678
   0.02366
   0.02078
   0.01818
   0.01587
   0.01378
   0.01196
   0.01040
   0.00903
   0.00785
   0.00686
   0.00603
   0.00532
   0.00475
   0.00423
   0.00381
   0.00347
   0.00320
   0.00297
   0.00279
   0.00268
   0.00265
   0.00275
   0.00328
   0.00435
   0.00109
   0.00896
   0.00119
   0.00678
   0.00489
   0.00497
   0.00438
   0.00324
   0.00191
   0.00147
   0.00179
   0.00287
   0.00358
   0.00392
   0.00377
   0.00323
   0.00242
   0.00152
   0.00102
   0.00107
   0.00345
   0.00043
   0.00048
   0.00066
   0.00100
   0.00141
   0.00186
   0.00231
   0.00261
   0.00261
   0.00240
   0.00201
   0.00148
   0.00087
   0.00065
   0.00270
   0.00427
   0.00531
   0.00703
   0.00849
   0.00931
   0.00929
   0.00884
   0.00801
   0.00380
   0.00733
   0.00569
   0.03794
   0.00701
   0.00669
   0.00597
   0.03315
   0.00451
   0.00451
   0.00449
   0.00427
   0.00401
   0.00435
   0.00473
   0.01582
   0.00056
   0.00059
   0.00065
   0.00076
   0.00099
   0.00133
   0.00171
   0.00202
   0.00214
   0.00204
   0.00184
   0.00175
   0.00191
   0.00208
   0.00215
   0.00212
   0.00221
   0.00240
   0.00266
   0.00300
   0.00336
   0.00338
   0.00302
   0.00012
   0.00017
   0.00018
   0.00019
   0.00020
   0.00020
   0.00021
   0.00023
   0.00026
   0.00032
   0.00042
   0.00053
   0.00063
   0.00070
   0.00069
   0.00060
   0.00051
   0.00048
   0.00051
   0.01674
   0.00011
   0.00013
   0.00015
   0.00019
   0.00024
   0.00028
   0.00032
   0.00032
   0.00029
   0.00026
   0.00024
   0.00025
   0.00033
   0.00113
   0.00010
   0.07017
   0.00017
   0.00018
   0.00016
   0.00014
   0.00012
   0.00012
   0.00012
   0.00016
   0.00033
   0.00002
   0.00002
   0.00002
   0.00002
   0.00002
   0.00002
   0.00002
   0.00003
   0.00003
   0.00003
   0.00003
   0.00003
   0.00003
   0.00003
   0.00003
   0.00003
   0.00004
   0.00006
   0.00008
   0.00008
   0.00009
   0.00009
   0.00009
   0.00009
   0.00008
   0.00008
   0.00008
   0.00008
   0.00011
   0.00001
   0.00001
   0.00001
   0.00001
   0.00001
   0.00001
   0.00001
   0.00001
   0.00001
   0.00002
   0.00002
   0.00002
   0.00002
   0.00002
   0.00002
   0.00002
   0.00002
   0.00004
   0.00005
   0.00005
   0.00005
   0.00005
   0.00005
   0.00005
   0.00005
   0.00005
   0.00005
   0.00005
   0.00005
   0.00008
   0.00001
   0.00000
   0.00100
   0.00133
   0.00216
   0.00290
   0.00309
   0.00212
   0.00079
   0.00083
   0.00153
   0.00069
   0.00110
   0.00171
   0.00236
   0.00236
   0.00121
   0.00048
   0.00070
   0.00061
   0.00043
   0.00070
   0.00095
   0.00463
   5.45293
   0.00012
   0.00010
   0.00011
   0.00015
   0.00021
   0.00031
   0.00044
   0.00050
   0.00036
   0.00042
   0.00047
   0.00044
   0.00040
   0.00035
   0.00029
   0.00031
   0.00114
   0.00103
   0.00000
   0.00008
   0.00008
   0.00007
   0.00006
   0.00005
   0.00005
   0.00005
   0.00008
   0.00014
   0.00022
   0.00021
   0.00020
   0.00025
   0.00029
   0.00034
   0.00035
   0.00034
   0.00030
   0.00022
   0.00027
   0.04382
   0.00004
   0.00004
   0.00004
   0.00004
   0.00003
   0.00003
   0.00002
   0.00002
   0.00002
   0.00003
   0.00004
   0.00005
   0.00005
   0.00005
   0.00006
   0.00007
   0.00008
   0.00009
   0.00010
   0.00010
   0.00010
   0.00014
   0.00016
   0.00000
   0.00004
   0.00004
   0.00003
   0.00003
   0.00003
   0.00003
   0.00003
   0.00004
   0.00004
   0.00003
   0.00003
   0.00003
   0.00002
   0.00002
   0.00002
   0.00002
   0.00003
   0.00003
   0.00003
   0.00003
   0.00003
   0.00004
   0.00004
   0.00005
   0.00005
   0.00005
   0.00006
   0.00009
   0.00010
   0.00000
   0.00002
   0.00002
   0.00002
   0.00002
   0.00002
   0.00002
   0.00002
   0.00002
   0.00002
   0.00002
   0.00002
   0.00002
   0.00002
   0.00002
   0.00002
   0.00002
   0.00001
   0.00001
   0.00001
   0.00001
   0.00001
   0.00001
   0.00001
   0.00001
   0.00001
   0.00001
   0.00002
   0.00002
   0.00002
   0.00002
   0.00002
   0.00002
   0.00004
   0.00002
   0.00005
   0.00005
   0.00004
   0.00004
   0.00004
   0.00003
   0.00003
   0.00003
   0.00003
   0.00002
   0.00002
   0.00002
   0.00002
   0.00002
   0.00002
   0.00002
   0.00002
   0.00002
   0.00002
   0.00002
   0.00002
   0.00001
   0.00001
   0.00001
   0.00001
   0.00001
   0.00001
   0.00001
   0.00001
   0.00001
   0.00001
   0.00001
   0.00001
   0.00001
   0.00001
   0.00001
   0.00001
   0.00001
   0.00007
   0.00002
   0.00004
   0.00004
   0.00004
   0.00003
   0.00003
   0.00003
   0.00003
   0.00002
   0.00002
   0.00002
   0.00002
   0.00002
   0.00001
   0.00001
   0.00001
   0.00001
   0.00001
   0.00001
   0.00001
   0.00001
   0.00001
   0.00001
   0.00001
   0.00001
   0.00001
   0.00001
   0.00000
   0.00000
   0.00000
   0.00000
   0.00001
   0.00001
   0.00001
   0.00001
   0.00001
   0.00001
   0.00001
   0.00001
   0.00000
   0.00001
   0.00007
   0.00000
   0.00001
   0.00001
   0.00001
   0.00001
   0.00001
   0.00001
   0.00001
   0.00001
   0.00001
   0.00000
   0.00000
   0.00000
   0.00000
   0.00000
   0.00000
   0.00000
   0.00000
   0.00000
   0.00000
   0.00000
   0.00000
   0.00000
   0.00000
   0.00000
   0.00000
   0.00000
   0.00000
   0.00000
   0.00000
   0.00000
   0.00000
   0.00000
   0.00000
   0.00000
   0.00000
   0.00000
   0.00000
   0.00000
   0.00000
   0.00000
   0.00000
   0.00000
   0.00000
   0.00000
   0.00000
   0.00000
   0.00001
   0.00000
   0.00000
   0.00000
   0.00000
   0.00000
   0.00000
   0.00000
   0.00000
   0.00000
