   0.63360
   0.63508
   0.63410
   0.63496
   0.63396
   0.63479
   0.63387
   0.63431
   0.63336
   0.63347
   0.63285
   0.63306
   0.63228
   0.63151
   0.63161
   0.63090
   0.63077
   0.63003
   0.62955
   0.62901
   0.62843
   0.62743
   0.62695
   0.62620
   0.62535
   0.62448
   0.62370
   0.62341
   0.62267
   0.62138
   0.62041
   0.61954
   0.61882
   0.61764
   0.61665
   0.61535
   0.61426
   0.61319
   0.61206
   0.61099
   0.60980
   0.60852
   0.60725
   0.60602
   0.60478
   0.60339
   0.60191
   0.60061
   0.59917
   0.59773
   0.59623
   0.59465
   0.59312
   0.59151
   0.58993
   0.58812
   0.58653
   0.58481
   0.58312
   0.58128
   0.57942
   0.57763
   0.57584
   0.57395
   0.57222
   0.57035
   0.56844
   0.56659
   0.56477
   0.56295
   0.56115
   0.55936
   0.55758
   0.55580
   0.55400
   0.55216
   0.55023
   0.54817
   0.54597
   0.54361
   0.54105
   0.53831
   0.53534
   0.53219
   0.52890
   0.52543
   0.52186
   0.51815
   0.51435
   0.51040
   0.50639
   0.50224
   0.49802
   0.49374
   0.48938
   0.48495
   0.48041
   0.47581
   0.47115
   0.46641
   0.46162
   0.45673
   0.45181
   0.44685
   0.44188
   0.43690
   0.43190
   0.42692
   0.42194
   0.41697
   0.41204
   0.40715
   0.40230
   0.39748
   0.39275
   0.38801
   0.38331
   0.37868
   0.37413
   0.36965
   0.36525
   0.36093
   0.35669
   0.35255
   0.34848
   0.34451
   0.34063
   0.33684
   0.33317
   0.32958
   0.32609
   0.32271
   0.31943
   0.31626
   0.31323
   0.31028
   0.30743
   0.30473
   0.30216
   0.29970
   0.29734
   0.29505
   0.29287
   0.29079
   0.28877
   0.28679
   0.28484
   0.28284
   0.28071
   0.27838
   0.27583
   0.27307
   0.26986
   0.26640
   0.26262
   0.25870
   0.25463
   0.25052
   0.24644
   0.24238
   0.23837
   0.23444
   0.23057
   0.22678
   0.22305
   0.21935
   0.21581
   0.21220
   0.20878
   0.20528
   0.20184
   0.19844
   0.19507
   0.19178
   0.18842
   0.18517
   0.18191
   0.17871
   0.17562
   0.17245
   0.16929
   0.16615
   0.16316
   0.16010
   0.15708
   0.15412
   0.15116
   0.14831
   0.14545
   0.14267
   0.13986
   0.13722
   0.13443
   0.13185
   0.12922
   0.12671
   0.12418
   0.12172
   0.11935
   0.11686
   0.11463
   0.11231
   0.11002
   0.10787
   0.10568
   0.10357
   0.10147
   0.09937
   0.09738
   0.09544
   0.09346
   0.09163
   0.08969
   0.08796
   0.08614
   0.08442
   0.08270
   0.08103
   0.07940
   0.07781
   0.07616
   0.07468
   0.07311
   0.07168
   0.07022
   0.06876
   0.06740
   0.06605
   0.06462
   0.06339
   0.06211
   0.06084
   0.05961
   0.05839
   0.05722
   0.05607
   0.05494
   0.05379
   0.05277
   0.05172
   0.05063
   0.04964
   0.04864
   0.04769
   0.04666
   0.04573
   0.04477
   0.04401
   0.04305
   0.04218
   0.04138
   0.04049
   0.03965
   0.03885
   0.03809
   0.03732
   0.03657
   0.03584
   0.03510
   0.03449
   0.03364
   0.03316
   0.03235
   0.03181
   0.03105
   0.03049
   0.02980
   0.02934
   0.02860
   0.02804
   0.02742
   0.02706
   0.02644
   0.02584
   0.02529
   0.02491
   0.02439
   0.02387
   0.02337
   0.02293
   0.02246
   0.02203
   0.02156
   0.02116
   0.02075
   0.02034
   0.01991
   0.01957
   0.01914
   0.01876
   0.01840
   0.01805
   0.01768
   0.01734
   0.01701
   0.01668
   0.01633
   0.01602
   0.01570
   0.01540
   0.01510
   0.01481
   0.01451
   0.01423
   0.01396
   0.01370
   0.01343
   0.01317
   0.01292
   0.01267
   0.01243
   0.01220
   0.01197
   0.01175
   0.01152
   0.01130
   0.01110
   0.01088
   0.01069
   0.01049
   0.01030
   0.01011
   0.00993
   0.00974
   0.00957
   0.00939
   0.00923
   0.00906
   0.00890
   0.00874
   0.00858
   0.00843
   0.00827
   0.00813
   0.00798
   0.00784
   0.00770
   0.00756
   0.00743
   0.00729
   0.00716
   0.00703
   0.00690
   0.00677
   0.00665
   0.00653
   0.00640
   0.00628
   0.00617
   0.00605
   0.00594
   0.00583
   0.00571
   0.00561
   0.00550
   0.00539
   0.00529
   0.00519
   0.00509
   0.00499
   0.00489
   0.00480
   0.00470
   0.00461
   0.00452
   0.00443
   0.00434
   0.00426
   0.00418
   0.00409
   0.00401
   0.00393
   0.00385
   0.00378
   0.00370
   0.00363
   0.00356
   0.00349
   0.00342
   0.00335
   0.00328
   0.00321
   0.00315
   0.00309
   0.00302
   0.00296
   0.00290
   0.00284
   0.00279
   0.00273
   0.00267
   0.00262
   0.00256
   0.00251
   0.00246
   0.00241
   0.00236
   0.00231
   0.00227
   0.00222
   0.00218
   0.00213
   0.00209
   0.00204
   0.00200
   0.00196
   0.00192
   0.00189
   0.00185
   0.00181
   0.00177
   0.00174
   0.00170
   0.00167
   0.00163
   0.00160
   0.00157
   0.00154
   0.00150
   0.00147
   0.00144
   0.00141
   0.00138
   0.00136
   0.00133
   0.00130
   0.00128
   0.00125
   0.00123
   0.00120
   0.00118
   0.00115
   0.00113
   0.00111
   0.00108
   0.00106
   0.00104
   0.00102
   0.00100
   0.00098
   0.00096
   0.00094
   0.00092
   0.00090
   0.00088
   0.00086
   0.00085
   0.00083
   0.00081
   0.00080
   0.00078
   0.00076
   0.00075
   0.00073
   0.00072
   0.00070
   0.00069
   0.00067
   0.00066
   0.00065
   0.00063
   0.00062
   0.00061
   0.00059
   0.00058
   0.00057
   0.00056
   0.00055
   0.00054
   0.00053
   0.00052
   0.00050
   0.00049
   0.00048
   0.00047
   0.00046
   0.00046
   0.00045
   0.00044
   0.00043
   0.00042
   0.00041
   0.00040
   0.00040
   0.00039
   0.00038
   0.00037
   0.00036
   0.00036
   0.00035
   0.00034
   0.00034
   0.00033
   0.00032
   0.00032
   0.00031
   0.00030
   0.00030
   0.00029
   0.00029
