   0.57266
   0.54550
   0.49819
   0.49144
   0.47757
   0.51107
   0.47058
   0.47271
   0.46624
   0.47133
   0.46421
   0.46214
   0.46163
   0.46196
   0.46277
   0.46378
   0.46490
   0.47019
   0.47777
   0.47849
   0.48241
   0.48973
   0.50261
   0.51414
   0.52336
   0.53475
   0.54706
   0.55916
   0.57097
   0.58126
   0.58806
   0.59262
   0.59328
   0.59009
   0.58310
   0.57217
   0.55747
   0.53956
   0.51924
   0.49618
   0.47340
   0.44866
   0.42517
   0.40291
   0.38301
   0.36506
   0.34905
   0.33424
   0.32089
   0.30891
   0.29813
   0.28824
   0.27926
   0.27147
   0.26412
   0.25734
   0.25111
   0.24538
   0.24008
   0.23517
   0.23065
   0.22606
   0.22219
   0.21836
   0.21503
   0.21191
   0.20895
   0.20624
   0.20403
   0.20164
   0.19947
   0.19655
   0.19483
   0.19263
   0.19071
   0.18825
   0.18691
   0.18519
   0.18402
   0.18185
   0.18162
   0.18024
   0.17873
   0.17720
   0.17561
   0.17467
   0.17312
   0.17105
   0.16907
   0.16724
   0.16626
   0.16435
   0.16363
   0.16265
   0.15969
   0.15608
   0.15333
   0.14998
   0.14760
   0.14801
   0.14399
   0.14016
   0.13646
   0.13209
   0.12781
   0.12502
   0.12299
   0.11925
   0.11647
   0.11167
   0.10745
   0.10230
   0.10007
   0.09646
   0.09227
   0.08758
   0.08291
   0.07936
   0.07523
   0.07215
   0.06793
   0.06471
   0.06066
   0.05667
   0.05359
   0.04986
   0.04609
   0.04215
   0.03842
   0.03454
   0.03174
   0.02834
   0.02458
   0.02163
   0.01926
   0.01936
   0.01851
   0.01633
   0.01411
   0.01222
   0.01050
   0.00891
   0.00752
   0.00646
   0.00548
   0.00465
   0.00393
   0.00327
   0.00277
   0.00232
   0.00196
   0.00165
   0.00140
   0.00120
   0.00104
   0.00093
   0.00083
   0.00076
   0.00070
   0.00064
   0.00059
   0.00055
   0.00050
   0.00046
   0.00054
   0.00043
   0.00041
   0.00507
   0.00928
   0.00647
   0.00259
   0.00589
   0.00236
   0.00486
   0.00611
   0.00398
   0.00159
   0.00215
   0.00078
   0.00437
   0.00180
   0.00033
   0.00026
   0.00133
   0.00142
   0.00582
   0.00132
   0.00057
   0.00296
   0.00065
   0.00063
   0.00072
   0.00070
   0.00477
   0.00113
   0.00062
   0.00054
   0.00102
   0.00169
   0.00149
   0.00626
   0.00907
   0.00711
   0.00797
   0.00356
   0.01047
   0.00887
   0.56262
   0.50900
   0.50189
   0.50072
   0.50050
   0.50046
   0.50045
   0.50045
   0.50045
   0.50046
   0.50046
   0.50046
   0.50047
   0.50047
   0.50047
   0.50048
   0.50048
   0.50048
   0.50049
   0.50049
   0.50049
   0.50050
   0.50050
   0.50050
   0.50050
   0.50050
   0.50050
   0.50051
   0.50051
   0.50051
   0.50051
   0.50051
   0.50051
   0.50052
   0.50052
   0.50052
   0.50052
   0.50052
   0.50053
   0.50053
   0.50053
   0.50053
   0.50053
   0.50053
   0.50054
   0.50054
   0.50054
   0.50054
   0.50054
   0.50054
   0.50055
   0.50055
   0.50055
   0.50055
   0.50055
   0.50055
   0.50056
   0.50056
   0.50056
   0.50056
   0.50056
   0.50056
   0.50057
   0.50057
   0.50057
   0.50057
   0.50057
   0.50057
   0.50058
   0.50058
   0.50058
   0.50058
   0.50058
   0.50059
   0.50059
   0.50059
   0.50059
   0.50059
   0.50059
   0.50060
   0.50060
   0.50060
   0.50060
   0.50060
   0.50060
   0.50061
   0.50061
   0.50061
   0.50061
   0.50061
   0.50062
   0.50062
   0.50062
   0.50062
   0.50062
   0.50062
   0.50063
   0.50063
   0.50063
   0.50063
   0.50063
   0.50063
   0.50064
   0.50064
   0.50064
   0.50064
   0.50064
   0.50065
   0.50065
   0.50065
   0.50065
   0.50065
   0.50065
   0.50066
   0.50066
   0.50066
   0.50066
   0.50066
   0.50067
   0.50067
   0.50067
   0.50067
   0.50067
   0.50067
   0.50068
   0.50068
   0.50068
   0.50068
   0.50068
   0.50069
   0.50069
   0.50069
   0.50069
   0.50069
   0.50069
   0.50070
   0.50070
   0.50070
   0.50070
   0.50070
   0.50071
   0.50071
   0.50071
   0.50071
   0.50071
   0.50072
   0.50072
   0.50072
   0.50072
   0.50072
   0.50072
   0.50073
   0.50073
   0.50073
   0.50073
   0.50073
   0.50074
   0.50074
   0.50074
   0.50074
   0.50074
   0.50075
   0.50075
   0.50075
   0.50075
   0.50075
   0.50076
   0.50076
   0.50076
   0.50076
   0.50076
   0.50076
   0.50077
   0.50077
   0.50077
   0.50077
   0.50077
   0.50078
   0.50078
   0.50078
   0.50078
   0.50078
   0.50079
   0.50079
   0.50079
   0.50079
   0.50079
   0.50080
   0.50080
   0.50080
   0.50080
   0.50080
   0.50081
   0.50081
   0.50081
   0.50081
   0.50081
   0.50082
   0.50082
   0.50082
   0.50082
   0.50082
   0.50083
   0.50083
   0.50083
   0.50083
   0.50083
   0.50084
   0.50084
   0.50084
   0.50084
   0.50084
   0.50085
   0.50085
   0.50085
   0.50085
   0.50086
   0.50086
   0.50086
   0.50086
   0.50086
   0.50087
   0.50087
   0.50087
   0.50087
   0.50087
   0.50088
   0.50088
   0.50088
   0.50088
   0.50089
   0.50089
   0.50089
   0.50089
   0.50089
   0.50090
   0.50090
   0.50090
   0.50090
   0.50091
   0.50091
   0.50091
   0.50091
   0.50091
   0.50092
   0.50092
   0.50092
   0.50092
   0.50093
   0.50093
   0.50093
   0.50093
   0.50094
   0.50094
   0.50094
   0.50094
   0.50095
   0.50095
   0.50095
   0.50095
   0.50096
   0.50096
   0.50096
   0.50096
   0.50097
   0.50097
   0.50097
   0.50097
   0.50098
   0.50098
   0.50098
   0.50098
   0.50099
   0.50099
   0.50099
   0.50100
   0.50100
   0.50100
   0.50100
   0.50101
   0.50101
   0.50101
   0.50102
   0.50102
   0.50102
   0.50103
   0.50103
   0.50103
   0.50104
   0.50104
   0.50105
   0.50105
   0.50106
   0.50106
   0.50106
   0.50107
   0.50107
   0.50107
   0.50107
   0.50108
   0.50110
   0.50110
   0.50111
   0.50111
   0.50111
   0.50111
   0.50111
   0.50111
   0.50111
   0.50111
   0.50112
   0.50112
   0.50112
   0.50112
   0.50112
   0.50112
   0.50112
   0.50113
   0.50113
   0.50113
   0.50113
   0.50113
   0.50113
   0.50113
   0.50113
   0.50114
   0.50114
   0.50114
   0.50114
   0.50114
   0.50114
   0.50114
   0.50115
   0.50115
   0.50115
   0.50115
   0.50115
   0.50115
   0.50115
   0.50115
   0.50116
   0.50116
   0.50116
   0.50116
   0.50116
   0.50116
   0.50116
   0.50117
   0.50117
   0.50117
   0.50117
   0.50117
   0.50117
   0.50117
   0.50117
   0.50118
   0.50118
   0.50118
   0.50118
   0.50118
   0.50118
   0.50118
   0.50119
   0.50119
   0.50119
   0.50119
   0.50119
   0.50119
   0.50119
   0.50120
   0.50120
   0.50120
   0.50120
   0.50120
   0.50120
   0.50120
   0.50120
   0.50121
   0.50121
   0.50121
   0.50121
   0.50121
   0.50121
   0.50121
   0.50122
   0.50122
   0.50122
   0.50122
   0.50122
   0.50122
   0.50122
   0.50122
   0.50123
   0.50123
   0.50123
   0.50123
   0.50123
   0.50123
   0.50123
   0.50124
   0.50124
   0.50124
   0.50124
   0.50124
   0.50124
   0.50124
   0.50125
   0.50125
   0.50125
   0.50125
   0.50125
   0.50125
   0.50125
   0.50125
   0.50126
   0.50126
   0.50126
   0.50126
   0.50126
   0.50126
   0.50126
   0.50127
   0.50127
   0.50127
   0.50127
   0.50127
   0.50127
   0.50127
   0.50128
   0.50128
   0.50128
   0.50128
   0.50128
   0.50128
   0.50128
   0.50129
   0.50129
   0.50129
   0.50129
   0.50129
   0.50129
   0.50129
   0.50130
   0.50130
   0.50130
   0.50130
   0.50130
   0.50130
   0.50130
   0.50130
   0.50131
   0.50131
   0.50131
   0.50131
   0.50131
   0.50131
   0.50131
   0.50132
   0.50132
   0.50132
   0.50132
   0.50132
   0.50132
   0.50132
   0.50133
   0.50133
   0.50133
   0.50133
   0.50133
   0.50133
   0.50133
   0.50134
   0.50134
   0.50134
   0.50134
   0.50134
   0.50134
   0.50134
   0.50135
   0.50135
   0.50135
   0.50135
   0.50135
   0.50135
   0.50135
   0.50136
   0.50136
   0.50136
   0.50136
   0.50136
   0.50136
   0.50136
   0.50137
   0.50137
   0.50137
   0.50137
   0.50137
   0.50137
   0.50137
   0.50138
   0.50138
   0.50138
   0.50138
   0.50138
   0.50138
   0.50139
   0.50139
   0.50139
   0.50139
   0.50139
   0.50139
   0.50139
   0.50140
   0.50140
   0.50140
   0.50140
   0.50140
   0.50140
   0.50140
   0.50141
   0.50141
   0.50141
   0.50141
   0.50141
   0.50141
   0.50141
   0.50142
   0.50142
   0.50142
   0.50142
   0.50142
   0.50142
   0.50143
   0.50143
   0.50143
   0.50143
   0.50143
   0.50143
   0.50143
   0.50144
   0.50144
   0.50144
   0.50144
   0.50144
   0.50144
   0.50144
   0.50145
   0.50145
   0.50145
   0.50145
   0.50145
   0.50145
   0.50146
   0.50146
   0.50146
   0.50146
   0.50146
   0.50146
   0.50146
   0.50147
   0.50147
   0.50147
   0.50147
   0.50147
   0.50147
   0.50147
   0.50148
   0.50148
   0.50148
   0.50148
   0.50148
   0.50148
   0.50149
   0.50149
   0.50149
   0.50149
   0.50149
   0.50149
   0.50149
   0.50150
   0.50150
   0.50150
   0.50150
   0.50150
   0.50150
   0.50151
   0.50151
   0.50151
   0.50151
   0.50151
   0.50151
   0.50152
   0.50152
   0.50152
   0.50152
   0.50152
   0.50152
   0.50152
   0.50153
   0.50153
   0.50153
   0.50153
   0.50153
   0.50153
   0.50154
   0.50154
   0.50154
   0.50154
   0.50154
   0.50154
   0.50155
   0.50155
   0.50155
   0.50155
   0.50155
   0.50155
   0.50156
   0.50156
   0.50156
   0.50156
   0.50156
   0.50156
   0.50157
   0.50157
   0.50157
   0.50157
   0.50157
   0.50157
   0.50158
   0.50158
   0.50158
   0.50158
   0.50158
   0.50158
   0.50159
   0.50159
   0.50159
   0.50159
   0.50159
   0.50159
   0.50160
   0.50160
   0.50160
   0.50160
   0.50160
   0.50160
   0.50161
   0.50161
   0.50161
   0.50161
   0.50161
   0.50161
   0.50162
   0.50162
   0.50162
   0.50162
   0.50162
   0.50163
   0.50163
   0.50163
   0.50163
   0.50163
   0.50163
   0.50164
   0.50164
   0.50164
   0.50164
   0.50164
   0.50165
   0.50165
   0.50165
   0.50165
   0.50165
   0.50165
   0.50166
   0.50166
   0.50166
   0.50166
   0.50166
   0.50167
   0.50167
   0.50167
   0.50167
   0.50167
   0.50167
   0.50168
   0.50168
   0.50168
   0.50168
   0.50168
   0.50169
   0.50169
   0.50169
   0.50169
   0.50169
   0.50170
   0.50170
   0.50170
   0.50170
   0.50171
   0.50171
   0.50171
   0.50171
   0.50171
   0.50172
   0.50172
   0.50172
   0.50172
   0.50172
   0.50173
   0.50173
   0.50173
   0.50173
   0.50174
   0.50174
   0.50174
   0.50175
   0.50175
   0.50175
   0.50176
   0.50176
   0.50176
   0.50176
   0.50177
   0.50177
   0.50177
   0.50177
   0.50177
   0.50178
   0.50178
   0.50178
   0.50178
   0.50178
   0.50179
   0.50179
   0.50179
   0.50179
   0.50179
   0.50180
   0.50180
   0.50180
   0.50180
   0.50180
   0.50181
   0.50181
   0.50181
   0.50181
   0.50181
   0.50181
   0.50181
   0.50181
   0.50182
   0.50182
   0.50182
   0.50182
   0.50182
   0.50182
   0.50183
   0.50183
   0.50183
   0.50183
   0.50183
   0.50183
   0.50183
   0.50184
   0.50184
   0.50184
   0.50184
   0.50184
   0.50184
   0.50185
   0.50185
   0.50185
   0.50185
   0.50185
   0.50185
   0.50186
   0.50186
   0.50186
   0.50186
   0.50186
   0.50187
   0.50187
   0.50187
   0.50187
   0.50187
   0.50187
   0.50188
   0.50188
   0.50188
   0.50188
   0.50188
   0.50188
