   0.79569
   0.76663
   0.71750
   0.70890
   0.70138
   0.70311
   0.69997
   0.69635
   0.69501
   0.69378
   0.71536
   0.73986
   0.71863
   0.71020
   0.69914
   0.69511
   0.69798
   0.70535
   0.71750
   0.71584
   0.69992
   0.71019
   0.71912
   0.69972
   0.69897
   0.70917
   0.71843
   0.72706
   0.73493
   0.73177
   0.74008
   0.73722
   0.73762
   0.73510
   0.73639
   0.73604
   0.73551
   0.73470
   0.73399
   0.73011
   0.73454
   0.72744
   0.72258
   0.71851
   0.71227
   0.70749
   0.70077
   0.69313
   0.68362
   0.67481
   0.66457
   0.65594
   0.64714
   0.63720
   0.62595
   0.61949
   0.59746
   0.58414
   0.57518
   0.55690
   0.55424
   0.55112
   0.54570
   0.54038
   0.53470
   0.52866
   0.52235
   0.51591
   0.50917
   0.50213
   0.49507
   0.48797
   0.48091
   0.47396
   0.46747
   0.46159
   0.45652
   0.45246
   0.44933
   0.44638
   0.44286
   0.43785
   0.43140
   0.42399
   0.41622
   0.40879
   0.40199
   0.39595
   0.39054
   0.38544
   0.38033
   0.37494
   0.36950
   0.36406
   0.35881
   0.35382
   0.34894
   0.34428
   0.33982
   0.33545
   0.33100
   0.32658
   0.32223
   0.31796
   0.31326
   0.30861
   0.30392
   0.29911
   0.29414
   0.28880
   0.28342
   0.27786
   0.27206
   0.26609
   0.25999
   0.25374
   0.24749
   0.24121
   0.23503
   0.22890
   0.22316
   0.21726
   0.21156
   0.20611
   0.20087
   0.19586
   0.19112
   0.18666
   0.18243
   0.17842
   0.17466
   0.17110
   0.16770
   0.16445
   0.16141
   0.15853
   0.15571
   0.15297
   0.15042
   0.14794
   0.14549
   0.14328
   0.14103
   0.13886
   0.13696
   0.13467
   0.13244
   0.13023
   0.12801
   0.12582
   0.12365
   0.12145
   0.11923
   0.11704
   0.11484
   0.11304
   0.11078
   0.10846
   0.10618
   0.10384
   0.10153
   0.09917
   0.09678
   0.09443
   0.09201
   0.08962
   0.08726
   0.08489
   0.08259
   0.08032
   0.07806
   0.07586
   0.07370
   0.07158
   0.06953
   0.06753
   0.06554
   0.06360
   0.06174
   0.05983
   0.05804
   0.05618
   0.05438
   0.05266
   0.05087
   0.04915
   0.04743
   0.04573
   0.04408
   0.04243
   0.04084
   0.03925
   0.03774
   0.03630
   0.03491
   0.03362
   0.03243
   0.03134
   0.03039
   0.02957
   0.02890
   0.02840
   0.02807
   0.02792
   0.02796
   0.02816
   0.02851
   0.02892
   0.02933
   0.02966
   0.02993
   0.03034
   0.03138
   0.03371
   0.03711
   0.03817
   0.03087
   0.02745
   0.02065
   0.16622
   0.01785
   0.01989
   0.01940
   0.01949
   0.01917
   0.01847
   0.01756
   0.01650
   0.01558
   0.01489
   0.01434
   0.01389
   0.01350
   0.01316
   0.01286
   0.01258
   0.01233
   0.01209
   0.01187
   0.01166
   0.01146
   0.01127
   0.01109
   0.01094
   0.01079
   0.01062
   0.01034
   0.00991
   0.00947
   0.00969
   0.02679
   0.01373
   0.01024
   0.00871
   0.01040
   0.02347
   0.01129
   0.00885
   0.00804
   0.02399
   0.01210
   0.09798
   0.00973
   0.00669
   0.01142
   0.02966
   0.01895
   0.01748
   0.01204
   0.01221
   0.01312
   0.01251
   0.01219
   0.01168
   0.01122
   0.01074
   0.01023
   0.00970
   0.00912
   0.00848
   0.00775
   0.00690
   0.00593
   0.00503
   0.00724
   3.12663
   0.01901
   0.00840
   0.00950
   0.00594
   0.00816
   0.00608
   0.00698
   0.00627
   0.00644
   0.00649
   0.00672
   0.00752
   0.01026
   0.01493
   0.01429
   0.01451
   0.01421
   0.01420
   0.01399
   0.01389
   0.01372
   0.01357
   0.01343
   0.01326
   0.01310
   0.01292
   0.01273
   0.01253
   0.01231
   0.01207
   0.01182
   0.01155
   0.01127
   0.01098
   0.01068
   0.01038
   0.01007
   0.00976
   0.00946
   0.00915
   0.00885
   0.00856
   0.00827
   0.00798
   0.00770
   0.00743
   0.00717
   0.00691
   0.00667
   0.00644
   0.00622
   0.00602
   0.00582
   0.00564
   0.00547
   0.00530
   0.00515
   0.00500
   0.00486
   0.00472
   0.00459
   0.00446
   0.00434
   0.00422
   0.00410
   0.00398
   0.00386
   0.00375
   0.00363
   0.00352
   0.00340
   0.00329
   0.00318
   0.00307
   0.00296
   0.00286
   0.00276
   0.00267
   0.00259
   0.00251
   0.00244
   0.00237
   0.00232
   0.00226
   0.00222
   0.00217
   0.00213
   0.00210
   0.00207
   0.00204
   0.00200
   0.00198
   0.00194
   0.00191
   0.00187
   0.00182
   0.00176
   0.00169
   0.00162
   0.00155
   0.00148
   0.00142
   0.00136
   0.00130
   0.00126
   0.00121
   0.00117
   0.00114
   0.00110
   0.00107
   0.00104
   0.00102
   0.00099
   0.00097
   0.00094
   0.00092
   0.00089
   0.00088
   0.00085
   0.00086
   0.00080
   0.00119
   0.00122
   0.00072
   0.00071
   0.00069
   0.00068
   0.00064
   0.00082
   0.00059
   0.00081
   0.00055
   0.00084
   0.00051
   0.00080
   0.00048
   0.00075
   0.00045
   0.00070
   0.00043
   0.00068
   0.00040
   0.00065
   0.00038
   0.00063
   0.00036
   0.00061
   0.00034
   0.00060
   0.00033
   0.00059
   0.00031
   0.00043
   0.00029
   0.00046
   0.00028
   0.00041
   0.00027
   0.00039
   0.00026
   0.00037
   0.00025
   0.00034
   0.00023
   0.00032
   0.00022
   0.00029
   0.00021
   0.00027
   0.00020
   0.00022
   0.00024
   0.00017
   0.00021
   0.00018
   0.00021
   0.00020
   0.00024
   0.78680
   0.07415
   0.05059
   0.03844
   0.03045
   0.02842
   0.02773
   0.02681
   0.02685
   0.02692
   0.02705
   0.02733
   0.02747
   0.02805
   0.02834
   0.02915
   0.03003
   0.02992
   0.02806
   0.02602
   0.02554
   0.02583
   0.02586
   0.02588
   0.02562
   0.02527
   0.02476
   0.02352
   0.02220
   0.02134
   0.02072
   0.01992
   0.01922
   0.01839
   0.01766
   0.01700
   0.01625
   0.01562
   0.01495
   0.01437
   0.01375
   0.01324
   0.01269
   0.01223
   0.01176
   0.01134
   0.01095
   0.01055
   0.01020
   0.00985
   0.00956
   0.00924
   0.00894
   0.00867
   0.00841
   0.00819
   0.00793
   0.00770
   0.00750
   0.00730
   0.00713
   0.00694
   0.00676
   0.00662
   0.00645
   0.00628
   0.00614
   0.00601
   0.00585
   0.00572
   0.00559
   0.00543
   0.00531
   0.00519
   0.00503
   0.00494
   0.00481
   0.00465
   0.00457
   0.00443
   0.00431
   0.00421
   0.00410
   0.00398
   0.00387
   0.00377
   0.00368
   0.00358
   0.00346
   0.00338
   0.00328
   0.00320
   0.00309
   0.00302
   0.00294
   0.00286
   0.00278
   0.00269
   0.00263
   0.00255
   0.00249
   0.00242
   0.00234
   0.00229
   0.00222
   0.00216
   0.00209
   0.00204
   0.00198
   0.00193
   0.00188
   0.00182
   0.00177
   0.00172
   0.00168
   0.00163
   0.00157
   0.00153
   0.00149
   0.00145
   0.00140
   0.00136
   0.00132
   0.00128
   0.00124
   0.00121
   0.00117
   0.00114
   0.00110
   0.00107
   0.00104
   0.00101
   0.00098
   0.00095
   0.00091
   0.00089
   0.00086
   0.00083
   0.00081
   0.00078
   0.00076
   0.00073
   0.00071
   0.00069
   0.00067
   0.00065
   0.00063
   0.00061
   0.00059
   0.00057
   0.00055
   0.00053
   0.00052
   0.00050
   0.00048
   0.00047
   0.00045
   0.00044
   0.00042
   0.00041
   0.00039
   0.00038
   0.00037
   0.00035
   0.00034
   0.00033
   0.00032
   0.00031
   0.00030
   0.00029
   0.00028
   0.00027
   0.00026
   0.00025
   0.00024
   0.00024
   0.00023
   0.00023
   0.00022
   0.00021
   0.00021
   0.00020
   0.00020
   0.00018
   0.00018
   0.00018
   0.00016
   0.00020
   1.52831
   0.01709
   0.00761
   0.00645
   0.00573
   0.00516
   0.00471
   0.00431
   0.00396
   0.00370
   0.00344
   0.00329
   0.00312
   0.00300
   0.00292
   0.00281
   0.00271
   0.00262
   0.00257
   0.00250
   0.00247
   0.00243
   0.00239
   0.00238
   0.00235
   0.00234
   0.00230
   0.00225
   0.00224
   0.00220
   0.00215
   0.00210
   0.00205
   0.00201
   0.00195
   0.00189
   0.00181
   0.00178
   0.00174
   0.00169
   0.00163
   0.00155
   0.00150
   0.00146
   0.00139
   0.00134
   0.00126
   0.00121
   0.00114
   0.00112
   0.00107
   0.00103
   0.00098
   0.00093
   0.00090
   0.00086
   0.00083
   0.00085
   0.00080
   0.00079
   0.00077
   0.00076
   0.00075
   0.00073
   0.00073
   0.00071
   0.00071
   0.00071
   0.00071
   0.00071
   0.00073
   0.00076
   0.00085
   0.00115
   0.00032
   0.00109
   0.00022
   0.00104
   0.00020
   0.00100
   0.00020
   0.00092
   0.00019
   0.00081
   0.00017
   0.00070
   0.00016
   0.00057
   0.00017
   0.00038
   0.00018
   0.00033
   0.00016
   0.00030
   0.00016
   0.00029
   0.00016
   0.00027
   0.00016
   0.00023
   0.00016
   0.00019
   0.00016
   0.00017
   0.00015
   0.00015
   0.00015
   0.00015
   0.00015
   0.00015
   0.00015
   0.00015
   0.00015
   0.00015
   0.00015
   0.00015
   0.00016
   0.00016
   0.00016
   0.00016
   0.00016
   0.00016
   0.00016
   0.00017
   0.00017
   0.00017
   0.00017
   0.00017
   0.00018
   0.00018
   0.00018
   0.00018
   0.00018
   0.00018
   0.00019
   0.00019
   0.00019
   0.00019
   0.00019
   0.00020
   0.00020
   0.00020
   0.00020
   0.00020
   0.00020
   0.00020
   0.00020
   0.00019
   0.00019
   0.00019
   0.00018
   0.00018
   0.00017
   0.00017
   0.00016
   0.00015
   0.00014
   0.00014
   0.00013
   0.00012
   0.00011
   0.00010
   0.00010
   0.00009
   0.00009
   0.00008
   0.00008
   0.00007
   0.00007
   0.00006
   0.00006
   0.00006
   0.00008
   0.00020
   0.05817
   0.01014
   0.01207
   0.00854
   0.00745
   0.00643
   0.00566
   0.00503
   0.00450
   0.00401
   0.00305
   0.00263
   0.00242
   0.00225
   0.00209
   0.00194
   0.00182
   0.00170
   0.00157
   0.00146
   0.00136
   0.00126
   0.00118
   0.00110
   0.00104
   0.00097
   0.00092
   0.00087
   0.00083
   0.00080
   0.00077
   0.00074
   0.00071
   0.00069
   0.00067
   0.00065
   0.00063
   0.00061
   0.00060
   0.00059
   0.00057
   0.00056
   0.00055
   0.00054
   0.00054
   0.00054
   0.00053
   0.00053
   0.00052
   0.00052
   0.00052
   0.00051
   0.00050
   0.00050
   0.00049
   0.00049
   0.00048
   0.00047
   0.00047
   0.00046
   0.00045
   0.00045
   0.00044
   0.00044
   0.00044
   0.00043
   0.00044
   0.00043
   0.00044
   0.00044
   0.00046
   0.00051
   0.00054
   0.00032
   0.05701
   0.00123
   0.00114
   0.00107
   0.00102
   0.00097
   0.00093
   0.00089
   0.00085
   0.00082
   0.00079
   0.00076
   0.00074
   0.00071
   0.00069
   0.00067
   0.00065
   0.00063
   0.00061
   0.00060
   0.00058
   0.00057
   0.00055
   0.00054
   0.00053
   0.00051
   0.00050
   0.00049
   0.00048
   0.00047
   0.00046
   0.00045
   0.00044
   0.00043
   0.00043
   0.00042
   0.00041
   0.00041
   0.00040
   0.00039
   0.00039
   0.00038
   0.00038
   0.00038
   0.00037
   0.00037
   0.00036
   0.00036
   0.00036
   0.00036
   0.00036
   0.00036
   0.00036
   0.00036
   0.00037
   0.00037
   0.00037
   0.00038
   0.00039
   0.00040
   0.00040
   0.00041
   0.00041
   0.00042
   0.00042
   0.00042
   0.00042
   0.00043
   0.00042
   0.00042
   0.00042
   0.00042
   0.00041
   0.00041
   0.00042
   0.00042
   0.00042
   0.00044
   0.00048
   0.00060
   0.00028
   0.00048
   0.00044
   0.00031
   0.00057
   0.04640
   0.09985
   0.00775
   0.00607
   0.00533
   0.00415
   0.00378
   0.00356
   0.00337
   0.00322
   0.00307
   0.00294
   0.00281
   0.00270
   0.00259
