   0.70992
   0.71154
   0.73412
   0.74694
   0.72561
   0.74946
   0.75127
   0.74794
   0.74778
   0.74653
   0.74408
   0.74726
   0.74423
   0.74313
   0.74740
   0.74782
   0.74182
   0.74875
   0.74863
   0.74526
   0.74975
   0.74310
   0.74635
   0.74912
   0.74787
   0.74437
   0.74433
   0.74284
   0.73711
   0.73503
   0.73400
   0.72429
   0.72164
   0.71993
   0.71887
   0.71564
   0.71236
   0.71022
   0.70836
   0.70689
   0.70594
   0.70553
   0.70513
   0.70563
   0.70617
   0.70655
   0.70684
   0.70709
   0.70748
   0.70813
   0.70907
   0.71018
   0.71131
   0.71209
   0.71251
   0.71246
   0.71178
   0.71025
   0.70796
   0.70467
   0.70089
   0.69634
   0.69112
   0.68544
   0.67939
   0.67295
   0.66624
   0.65924
   0.65213
   0.64498
   0.63767
   0.63018
   0.62280
   0.61530
   0.60783
   0.60041
   0.59301
   0.58572
   0.57841
   0.57104
   0.56375
   0.55653
   0.54928
   0.54206
   0.53491
   0.52781
   0.52088
   0.51389
   0.50705
   0.50032
   0.49360
   0.48694
   0.48026
   0.47373
   0.46722
   0.46081
   0.45447
   0.44820
   0.44235
   0.43618
   0.43012
   0.42408
   0.41808
   0.41211
   0.40618
   0.40018
   0.39378
   0.38772
   0.38163
   0.37533
   0.36902
   0.36242
   0.35133
   0.34474
   0.33801
   0.33099
   0.32397
   0.31875
   0.31108
   0.30334
   0.29259
   0.28539
   0.27761
   0.26992
   0.26191
   0.25449
   0.24716
   0.23994
   0.23287
   0.22592
   0.21912
   0.21245
   0.20592
   0.19951
   0.19326
   0.18716
   0.18122
   0.17541
   0.16975
   0.16424
   0.15887
   0.15363
   0.14854
   0.14359
   0.13876
   0.13408
   0.12952
   0.12509
   0.12080
   0.11665
   0.11262
   0.10873
   0.10496
   0.10131
   0.09778
   0.09436
   0.09103
   0.08779
   0.08463
   0.08154
   0.07852
   0.07554
   0.07261
   0.06972
   0.06687
   0.06408
   0.06135
   0.05872
   0.05620
   0.05384
   0.05167
   0.04973
   0.04806
   0.04672
   0.04581
   0.04568
   0.04711
   0.04074
   0.04191
   0.05306
   0.04226
   0.04386
   0.08609
   0.04113
   0.06744
   0.03916
   0.06974
   0.02720
   0.03532
   0.04974
   0.02426
   0.03071
   0.02874
   0.02569
   0.02213
   0.02521
   0.01965
   0.02486
   0.02349
   0.02187
   0.02061
   0.01849
   0.01679
   0.01623
   0.01435
   0.01421
   0.01906
   0.01997
   0.02225
   0.01668
   0.01620
   0.01629
   0.01535
   0.01169
   0.02140
   0.01146
   0.01671
   0.01123
   0.00930
   0.00892
   0.01678
   0.00864
   0.00856
   0.01723
   0.02640
   0.05185
   0.01422
   0.01357
   0.01536
   0.01721
   0.04297
   0.01433
   0.00581
   0.00578
   0.00563
   0.00553
   0.00535
   0.00535
   0.00523
   0.00515
   0.00583
   0.00473
   0.00466
   0.00454
   0.00442
   0.00429
   0.00415
   0.00402
   0.00389
   0.00375
   0.00361
   0.00346
   0.00332
   0.00318
   0.00306
   0.00302
   0.00298
   0.00282
   0.00283
   0.00511
   0.00265
   0.00271
   0.00278
   0.00318
   0.00257
   3.03515
   0.04189
   0.05026
   0.04044
   0.03120
   0.02098
   0.01612
   0.16903
   0.02073
   0.02139
   0.05493
   0.02034
   0.02016
   0.02202
   0.03009
   0.16085
   0.07023
   0.02749
   0.02837
   0.02755
   0.02689
   0.02554
   0.03658
   0.03872
   0.00469
   0.08429
   0.00609
   0.00400
   0.00650
   0.00561
   0.00574
   0.05605
   0.00550
   0.03691
   0.00387
   0.01372
   0.00372
   0.02245
   0.00829
   0.00493
   0.03564
   0.00364
   0.00773
   0.00293
   0.00233
   0.01584
   0.00280
   0.00319
   0.03193
   0.01447
   0.00319
   0.00187
   0.00182
   0.00342
   0.00186
   0.00172
   0.00167
   0.00161
   0.00279
   0.00146
   0.00143
   0.00163
   0.00153
   0.00139
   0.00262
   0.00177
   0.00156
   0.00172
   0.00126
   0.00123
   0.00135
   0.00114
   0.28165
   0.28188
   0.27695
   0.30683
   0.30302
   0.25126
   0.18263
   0.13478
   0.10071
   0.07893
   0.06378
   0.05459
   0.05137
   0.04964
   0.04918
   0.04535
   0.03563
   0.03548
   0.03578
   0.03197
   0.02638
   0.02311
   0.02368
   0.44168
   0.21746
   0.04129
   0.01188
   0.01094
   0.01472
   0.02933
   0.02983
   0.01080
   0.01270
   0.01023
   0.01453
   0.00447
   0.00448
   0.00481
   0.00569
   0.00752
   0.01049
   0.01363
   0.01557
   0.00366
   0.00580
   0.00815
   0.01124
   0.01317
   0.03427
   0.00353
   0.00369
   0.00459
   0.00634
   0.00892
   0.01097
   0.01145
   0.01500
   0.00231
   0.00235
   0.00249
   0.00287
   0.00368
   0.00492
   0.00668
   0.00770
   0.00208
   0.00214
   0.00217
   0.00218
   0.00217
   0.00218
   0.00234
   0.00272
   0.00351
   0.00157
   0.00202
   0.00216
   0.00253
   0.00331
   0.00168
   0.00186
   0.00200
   0.00237
   0.00314
   0.00422
   0.00548
   0.00151
   0.00168
   0.00171
   0.00173
   0.00173
   0.00177
   0.00195
   0.00241
   0.00319
   0.00435
   0.00511
   0.00152
   0.00158
   0.00162
   0.00162
   0.00161
   0.00160
   0.00167
   0.00193
   0.00251
   0.00338
   0.00428
   0.00419
   0.00308
   0.00243
   0.00301
   0.00275
   0.00236
   0.00207
   0.00185
   0.00171
   0.00161
   0.00153
   0.00148
   0.00138
   0.00136
   0.00145
   0.00180
   0.00242
   0.00316
   0.00345
   0.00285
   0.00108
   0.00106
   0.00103
   0.00101
   0.00103
   0.00117
   0.00151
   0.00206
   0.00263
   0.00253
   0.00173
   0.00085
   0.00081
   0.00080
   0.00078
   0.00075
   0.00073
   0.00077
   0.00095
   0.00129
   0.00179
   0.00209
   0.00165
   0.00101
   0.00144
   0.00140
   0.00128
   0.00118
   0.00109
   0.00100
   0.00093
   0.00088
   0.00084
   0.00081
   0.00078
   0.00075
   0.00070
   0.00066
   0.00064
   0.00071
   0.00091
   0.00123
   0.00163
   0.00153
   0.00114
   0.00038
   0.00125
   0.00063
   0.00400
   0.00169
   0.00154
   0.00140
   0.00128
   0.00117
   0.00107
   0.00097
   0.00089
   0.00081
   0.00075
   0.00071
   0.00068
   0.00065
   0.00061
   0.00057
   0.00052
   0.00050
   0.00053
   0.00064
   0.00090
   0.00123
   0.00141
   0.00104
   0.00071
   0.00054
   0.00050
   0.00049
   0.00047
   0.00046
   0.00045
   0.00045
   0.00045
   0.00044
   0.00042
   0.00040
   0.00037
   0.00035
   0.00036
   0.00042
   0.00055
   0.00078
   0.00094
   0.00084
   0.00056
   0.00169
   0.00137
   0.00125
   0.00114
   0.00104
   0.00096
   0.00088
   0.00080
   0.00073
   0.00067
   0.00062
   0.00056
   0.00051
   0.00046
   0.00041
   0.00037
   0.00035
   0.00035
   0.00040
   0.00050
   0.00059
   0.00052
   0.00034
   0.00020
   0.00027
   0.00026
   0.00025
   0.00024
   0.00023
   0.00022
   0.00022
   0.00021
   0.00021
   0.00021
   0.00021
   0.00021
   0.00020
   0.00020
   0.00018
   0.00017
   0.00016
   0.00016
   0.00018
   0.00022
   0.00028
   0.00033
   0.00030
   0.00020
   0.00016
   0.00468
   0.00015
   0.00015
   0.00014
   0.00013
   0.00013
   0.00012
   0.00012
   0.00012
   0.00012
   0.00012
   0.00012
   0.00012
   0.00012
   0.00011
   0.00010
   0.00010
   0.00010
   0.00012
   0.00015
   0.00021
   0.00024
   0.00020
   0.00012
   0.00010
   0.00449
   0.00009
   0.00008
   0.00008
   0.00007
   0.00007
   0.00007
   0.00007
   0.00006
   0.00006
   0.00006
   0.00007
   0.00007
   0.00006
   0.00006
   0.00006
   0.00005
   0.00005
   0.00005
   0.00006
   0.00008
   0.00010
   0.00011
   0.00009
   0.00006
   0.00090
   0.00077
   0.00068
   0.00061
   0.00054
   0.00048
   0.00043
   0.00038
   0.00034
   0.00030
   0.00027
   0.00024
   0.00022
   0.00020
   0.00018
   0.00016
   0.00014
   0.00013
   0.00012
   0.00011
   0.00011
   0.00010
   0.00009
   0.00008
   0.00007
   0.00007
   0.00006
   0.00006
   0.00007
   0.00010
   0.00012
   0.00012
   0.00009
   0.00005
   0.00871
   0.00581
   0.00560
   0.00552
   0.00541
   0.00534
   0.00525
   0.00514
   0.00496
   0.00464
   0.00422
   0.00387
   0.00363
   0.00345
   0.00337
   0.00345
   0.00363
   0.00395
   0.00435
   0.00446
   0.00513
   0.00402
   0.00358
   0.00160
   0.00152
   0.00144
   0.00137
   0.00132
   0.00127
   0.00123
   0.00120
   0.00118
   0.00116
   0.00114
   0.00109
   0.00102
   0.00090
   0.00081
   0.00072
   0.00065
   0.00060
   0.00057
   0.00054
   0.00056
   0.00062
   0.00076
   0.00055
   0.00050
   0.00048
   0.00046
   0.00044
   0.00042
   0.00039
   0.00037
   0.00035
   0.00034
   0.00032
   0.00031
   0.00030
   0.00030
   0.00030
   0.00030
   0.00029
   0.00026
   0.00023
   0.00021
   0.00020
   0.00022
   0.00029
   0.00042
   0.01453
   0.00047
   0.00046
   0.00045
   0.00045
   0.00044
   0.00043
   0.00042
   0.00040
   0.00039
   0.00037
   0.00036
   0.00034
   0.00032
   0.00031
   0.00029
   0.00028
   0.00026
   0.00025
   0.00024
   0.00024
   0.00024
   0.00023
   0.00023
   0.00022
   0.00019
   0.00017
   0.00015
   0.00015
   0.00018
   0.00023
   0.00036
   0.14670
   0.00561
   0.00598
   0.00670
   0.00700
   0.00698
   0.00658
   0.00581
   0.00508
   0.00447
   0.00425
   0.00463
   0.00606
   0.00821
   0.01275
   0.01563
   0.01512
   0.01044
   0.00467
   0.00143
   0.00080
   0.00211
   0.00231
   0.00260
   0.00295
   0.00325
   0.00331
   0.00305
   0.00268
   0.00224
   0.00213
   0.00238
   0.00324
   0.00511
   0.00852
   0.01183
   0.01206
   0.00853
   0.01102
   0.01020
   0.00230
   0.00399
   0.00648
   0.00834
   0.00733
   0.00118
   0.00111
   0.00105
   0.00100
   0.00097
   0.00093
   0.00091
   0.00091
   0.00092
   0.00097
   0.00102
   0.00106
   0.00109
   0.00106
   0.00095
   0.00081
   0.00071
   0.00078
   0.00101
   0.00161
   0.00270
   0.00432
   0.00582
   0.00516
   0.00288
   0.00120
   0.00116
   0.00165
   0.00121
   1.07732
   0.00042
   0.00040
   0.00039
   0.00038
   0.00036
   0.00035
   0.00034
   0.00033
   0.00032
   0.00032
   0.00033
   0.00034
   0.00037
   0.00039
   0.00040
   0.00038
   0.00033
   0.00028
   0.00026
   0.00028
   0.00035
   0.00050
   0.00076
   0.00115
   0.00170
   0.00229
   0.00233
   0.00202
   0.00158
   0.00122
   0.00066
   0.60784
   0.00019
   0.00019
   0.00019
   0.00018
   0.00018
   0.00017
   0.00016
   0.00016
   0.00015
   0.00015
   0.00014
   0.00014
   0.00014
   0.00015
   0.00016
   0.00017
   0.00018
   0.00018
   0.00016
   0.00014
   0.00012
   0.00012
   0.00015
   0.00021
   0.00032
   0.00047
   0.00066
   0.00094
   0.00110
   0.00109
   0.00088
   0.00068
   0.00011
   0.00011
   0.00010
   0.00010
   0.00009
   0.00009
   0.00009
   0.00008
   0.00008
   0.00008
   0.00008
   0.00008
   0.00008
   0.00008
   0.00009
   0.00010
   0.00010
   0.00009
   0.00008
   0.00007
   0.00007
   0.00008
   0.00011
   0.00017
   0.00026
   0.00034
   0.00048
   0.00061
   0.00065
   0.00057
   0.00045
   0.08150
   0.00006
   0.00006
   0.00006
   0.00006
   0.00006
   0.00006
   0.00006
   0.00005
   0.00005
   0.00005
   0.00005
   0.00005
   0.00004
   0.00004
   0.00004
   0.00004
   0.00004
   0.00004
   0.00004
   0.00004
   0.00005
   0.00005
   0.00005
   0.00004
   0.00004
   0.00003
   0.00003
   0.00004
   0.00006
   0.00009
   0.00013
   0.00017
   0.00023
   0.00029
   0.00032
   0.00028
