   0.68357
   0.70789
   0.69407
   0.69580
   0.69464
   0.69458
   0.69379
   0.69264
   0.69259
   0.69135
   0.69149
   0.69070
   0.69017
   0.68952
   0.68889
   0.68820
   0.68752
   0.68660
   0.68584
   0.68998
   0.68337
   0.68348
   0.68263
   0.68146
   0.68068
   0.67954
   0.67832
   0.67704
   0.67583
   0.67493
   0.67355
   0.67231
   0.67061
   0.66946
   0.66797
   0.66779
   0.66452
   0.66391
   0.66235
   0.66098
   0.66104
   0.65639
   0.65537
   0.65599
   0.65305
   0.65173
   0.65067
   0.64946
   0.64840
   0.64728
   0.64616
   0.64515
   0.64429
   0.64356
   0.64306
   0.64246
   0.64263
   0.64204
   0.64208
   0.64328
   0.64448
   0.64605
   0.64813
   0.65095
   0.65498
   0.65914
   0.66327
   0.68817
   0.70178
   0.71289
   0.71523
   0.71808
   0.73054
   0.72727
   0.72756
   0.72747
   0.72673
   0.72559
   0.72268
   0.72004
   0.71653
   0.71319
   0.70892
   0.70434
   0.70009
   0.69542
   0.69074
   0.68589
   0.68078
   0.67569
   0.67062
   0.66522
   0.65994
   0.65473
   0.64962
   0.64395
   0.63825
   0.63283
   0.62749
   0.62237
   0.61689
   0.61151
   0.60601
   0.60055
   0.59493
   0.58922
   0.58384
   0.57857
   0.57311
   0.56777
   0.56202
   0.55636
   0.55066
   0.54510
   0.53976
   0.53450
   0.52886
   0.52330
   0.51785
   0.51222
   0.50686
   0.50135
   0.49594
   0.49059
   0.48493
   0.47967
   0.47425
   0.46886
   0.46338
   0.45792
   0.45256
   0.44696
   0.44180
   0.43671
   0.43154
   0.42644
   0.42139
   0.41639
   0.41146
   0.40679
   0.40184
   0.39739
   0.39267
   0.38852
   0.38406
   0.38032
   0.37620
   0.37278
   0.36893
   0.36592
   0.36240
   0.35937
   0.35644
   0.35371
   0.35102
   0.34852
   0.34613
   0.34389
   0.34178
   0.33981
   0.33803
   0.33643
   0.33498
   0.33373
   0.33258
   0.33163
   0.33088
   0.33026
   0.32974
   0.32933
   0.32888
   0.32835
   0.32784
   0.32724
   0.32639
   0.32552
   0.32437
   0.32311
   0.32175
   0.32010
   0.31850
   0.31661
   0.31468
   0.31263
   0.31059
   0.30828
   0.30592
   0.30362
   0.30143
   0.29917
   0.29698
   0.29447
   0.29227
   0.28952
   0.28691
   0.28448
   0.28209
   0.27969
   0.27712
   0.27467
   0.27221
   0.26954
   0.26706
   0.26463
   0.26180
   0.25949
   0.25698
   0.25441
   0.25164
   0.24901
   0.24630
   0.24372
   0.24108
   0.23850
   0.23610
   0.23358
   0.23100
   0.22851
   0.22602
   0.22345
   0.22082
   0.21828
   0.21559
   0.21291
   0.21030
   0.20774
   0.20519
   0.20270
   0.20002
   0.19747
   0.19474
   0.18993
   0.18690
   0.18446
   0.18195
   0.17955
   0.17745
   0.17533
   0.17272
   0.17025
   0.16774
   0.16448
   0.16182
   0.15923
   0.15674
   0.15430
   0.15200
   0.14954
   0.14678
   0.14439
   0.14195
   0.13953
   0.13707
   0.13489
   0.13252
   0.13000
   0.12778
   0.12541
   0.12340
   0.12106
   0.11885
   0.11648
   0.11434
   0.11215
   0.11013
   0.10801
   0.10592
   0.10385
   0.10117
   0.09914
   0.09754
   0.09559
   0.09349
   0.09176
   0.09004
   0.08829
   0.08648
   0.08463
   0.08294
   0.08124
   0.07968
   0.07794
   0.07627
   0.07473
   0.07321
   0.07167
   0.07019
   0.06875
   0.06729
   0.06584
   0.06448
   0.06314
   0.06181
   0.06047
   0.05921
   0.05797
   0.05671
   0.05553
   0.05433
   0.05317
   0.05204
   0.05098
   0.04978
   0.04884
   0.04771
   0.04684
   0.04584
   0.04506
   0.04418
   0.04353
   0.04283
   0.04237
   0.04198
   0.04179
   0.04177
   0.04205
   0.04263
   0.04392
   0.04609
   0.04956
   0.05417
   0.05965
   0.06550
   0.07105
   0.07519
   0.07691
   0.07557
   0.06927
   0.06005
   0.05090
   0.04585
   0.04479
   0.04456
   0.04429
   0.04396
   0.04357
   0.04319
   0.04273
   0.04234
   0.04183
   0.04128
   0.04077
   0.04019
   0.03956
   0.03899
   0.03835
   0.03775
   0.03703
   0.03661
   0.03581
   0.03517
   0.03446
   0.03384
   0.03312
   0.03254
   0.03188
   0.03122
   0.03057
   0.02999
   0.02933
   0.02875
   0.02817
   0.02754
   0.02700
   0.02645
   0.02593
   0.02535
   0.02485
   0.02429
   0.02384
   0.02326
   0.02280
   0.02232
   0.02184
   0.02137
   0.02092
   0.02046
   0.02006
   0.01963
   0.01923
   0.01881
   0.01843
   0.01804
   0.01769
   0.01731
   0.01699
   0.01660
   0.01627
   0.01593
   0.01564
   0.01532
   0.01503
   0.01471
   0.01449
   0.01425
   0.01388
   0.01368
   0.01343
   0.01311
   0.01290
   0.01268
   0.01240
   0.01224
   0.01191
   0.01180
   0.01145
   0.01140
   0.01102
   0.01098
   0.01061
   0.01059
   0.01023
   0.01019
   0.00988
   0.00981
   0.00954
   0.00944
   0.00924
   0.00909
   0.00892
   0.00876
   0.00860
   0.00844
   0.00830
   0.00815
   0.00801
   0.00787
   0.00773
   0.00759
   0.00747
   0.00734
   0.00721
   0.00709
   0.00697
   0.00686
   0.00674
   0.00663
   0.00652
   0.00641
   0.00634
   0.00699
   0.00711
   0.00676
   0.00644
   0.00614
   0.00587
   0.00563
   0.00561
   0.00731
   1.68963
   0.06028
   0.14949
   0.08038
   0.02823
   0.02852
   0.02863
   0.02826
   0.02782
   0.02741
   0.02715
   0.02692
   0.02666
   0.02646
   0.02627
   0.02619
   0.02610
   0.02603
   0.02602
   0.02602
   0.02605
   0.02612
   0.02627
   0.02652
   0.02677
   0.02713
   0.02759
   0.02826
   0.02923
   0.03068
   0.03311
   0.03843
   0.05620
   0.06527
   0.01065
   0.06698
   0.01028
   0.06609
   0.00999
   0.06486
   0.00983
   0.06338
   0.00967
   0.06193
   0.00969
   0.06025
   0.00958
   0.05875
   0.00969
   0.05697
   0.00952
