   0.72126
   0.69874
   0.69622
   0.69421
   0.69283
   0.69168
   0.69059
   0.69003
   0.68905
   0.68816
   0.68737
   0.68652
   0.68575
   0.68482
   0.68388
   0.68308
   0.68224
   0.68142
   0.68067
   0.67996
   0.69960
   0.68076
   0.67515
   0.67505
   0.67475
   0.67394
   0.67321
   0.67248
   0.67141
   0.67065
   0.66966
   0.66874
   0.66779
   0.66679
   0.66587
   0.66492
   0.66393
   0.66288
   0.66183
   0.66084
   0.65986
   0.65893
   0.65799
   0.65699
   0.65608
   0.65515
   0.65427
   0.65338
   0.65253
   0.65171
   0.65096
   0.65029
   0.64971
   0.64914
   0.64849
   0.64804
   0.64778
   0.64754
   0.64727
   0.64737
   0.64732
   0.64765
   0.64822
   0.64889
   0.64978
   0.65093
   0.65252
   0.65452
   0.65702
   0.65984
   0.66283
   0.66692
   0.67107
   0.67552
   0.68052
   0.68581
   0.69067
   0.69567
   0.69963
   0.70256
   0.70497
   0.70587
   0.70666
   0.70679
   0.70663
   0.70712
   0.70730
   0.70740
   0.70743
   0.70737
   0.70613
   0.70529
   0.70332
   0.70136
   0.69935
   0.69636
   0.69367
   0.68984
   0.68678
   0.68255
   0.67917
   0.67457
   0.67084
   0.66631
   0.66248
   0.65744
   0.65367
   0.64869
   0.64477
   0.64026
   0.63533
   0.63138
   0.62672
   0.62168
   0.61764
   0.61303
   0.60843
   0.60381
   0.59903
   0.59416
   0.58922
   0.58445
   0.57976
   0.57475
   0.56983
   0.56496
   0.55984
   0.55490
   0.54978
   0.54462
   0.53960
   0.53462
   0.52953
   0.52439
   0.52254
   0.52020
   0.51543
   0.51038
   0.50573
   0.50103
   0.49624
   0.49114
   0.48622
   0.48131
   0.47603
   0.47084
   0.46556
   0.46048
   0.45527
   0.44980
   0.44456
   0.43918
   0.43391
   0.42851
   0.42315
   0.41787
   0.41243
   0.40718
   0.40200
   0.39680
   0.39183
   0.38678
   0.38188
   0.37730
   0.37268
   0.36840
   0.36417
   0.36030
   0.35673
   0.35317
   0.34989
   0.34679
   0.34370
   0.34078
   0.33767
   0.33496
   0.33223
   0.32962
   0.32708
   0.32461
   0.32233
   0.32014
   0.31809
   0.31618
   0.31447
   0.31317
   0.31143
   0.31046
   0.30917
   0.30843
   0.30720
   0.30671
   0.30542
   0.30499
   0.30349
   0.30304
   0.30128
   0.30013
   0.29801
   0.29703
   0.29512
   0.29264
   0.29129
   0.28915
   0.28665
   0.28453
   0.28221
   0.27975
   0.27732
   0.27477
   0.27282
   0.27045
   0.26795
   0.26560
   0.26337
   0.26128
   0.25919
   0.25687
   0.25473
   0.25252
   0.25002
   0.24792
   0.24516
   0.24279
   0.24051
   0.23850
   0.23657
   0.23443
   0.23208
   0.22974
   0.22798
   0.22575
   0.22277
   0.22049
   0.21846
   0.21563
   0.21355
   0.21082
   0.20799
   0.20577
   0.20302
   0.20006
   0.19709
   0.19385
   0.19142
   0.18876
   0.18581
   0.18278
   0.18000
   0.17798
   0.17518
   0.17240
   0.17001
   0.16738
   0.16440
   0.16129
   0.15894
   0.15631
   0.15369
   0.15103
   0.14881
   0.14657
   0.14420
   0.14237
   0.13993
   0.13798
   0.13584
   0.13337
   0.13159
   0.12917
   0.12716
   0.12514
   0.12296
   0.12107
   0.11903
   0.11711
   0.11516
   0.11358
   0.11160
   0.10652
   0.10353
   0.10172
   0.10030
   0.09884
   0.09737
   0.09588
   0.09454
   0.09305
   0.09155
   0.09022
   0.08872
   0.08724
   0.08604
   0.08472
   0.08332
   0.08193
   0.08078
   0.07949
   0.07823
   0.07689
   0.07570
   0.07438
   0.07324
   0.07196
   0.07082
   0.06959
   0.06847
   0.06728
   0.06543
   0.06502
   0.06321
   0.06276
   0.06184
   0.06079
   0.05971
   0.05801
   0.05774
   0.05680
   0.05577
   0.05479
   0.05322
   0.05290
   0.05199
   0.05103
   0.04961
   0.04923
   0.04838
   0.04748
   0.04628
   0.04578
   0.04464
   0.04423
   0.04349
   0.04269
   0.04192
   0.04118
   0.04047
   0.03980
   0.03917
   0.03851
   0.03792
   0.03737
   0.03688
   0.03647
   0.03618
   0.03602
   0.03600
   0.03626
   0.03693
   0.03814
   0.04117
   0.04574
   0.05032
   0.05436
   0.05799
   0.06216
   0.06625
   0.07010
   0.07203
   0.06783
   0.05307
   0.03983
   0.03806
   0.03832
   0.03809
   0.03785
   0.03752
   0.03728
   0.03698
   0.03665
   0.03632
   0.03594
   0.03546
   0.03503
   0.03461
   0.03431
   0.03391
   0.03325
   0.03268
   0.03221
   0.03155
   0.03099
   0.03052
   0.02987
   0.02929
   0.02883
   0.02818
   0.02761
   0.02716
   0.02648
   0.02598
   0.02541
   0.02501
   0.02449
   0.02404
   0.02348
   0.02304
   0.02252
   0.02208
   0.02160
   0.02123
   0.02076
   0.02040
   0.01995
   0.01963
   0.01919
   0.01886
   0.01844
   0.01815
   0.01775
   0.01745
   0.01706
   0.01680
   0.01641
   0.01620
   0.01582
   0.01558
   0.01525
   0.01502
   0.01470
   0.01448
   0.01417
   0.01396
   0.01366
   0.01347
   0.01317
   0.01300
   0.01270
   0.01253
   0.01226
   0.01209
   0.01183
   0.01166
   0.01141
   0.01125
   0.01102
   0.01086
   0.01063
   0.01047
   0.01026
   0.01011
   0.00991
   0.00972
   0.00951
   0.00936
   0.00917
   0.00902
   0.00883
   0.00869
   0.00851
   0.00838
   0.00820
   0.00809
   0.00791
   0.00780
   0.00762
   0.00752
   0.00737
   0.00728
   0.00712
   0.00705
   0.00686
   0.00678
   0.00668
   0.00663
   0.00661
   0.00674
   0.00696
   0.00742
   0.00809
   0.00842
   0.00829
   0.00799
   0.00775
   0.00756
   0.00740
   0.00724
   0.00712
   0.00693
   0.00683
   0.00672
   0.00657
   0.00642
   0.00634
   0.00613
   0.00604
   0.00588
   0.00564
   0.00554
   0.00529
   0.00514
   0.00493
   0.00479
   0.00460
   0.00470
   0.00369
   0.00361
   3.48410
   0.46157
   0.41149
