   0.71054
   0.71316
   0.71874
   0.72760
   0.73552
   0.71922
   0.73165
   0.72683
   0.72982
   0.72947
   0.72551
   0.72699
   0.70594
   0.73330
   0.73215
   0.71250
   0.73593
   0.73768
   0.73848
   0.70452
   0.72114
   0.72433
   0.72517
   0.72811
   0.73010
   0.73189
   0.73442
   0.73654
   0.73986
   0.74288
   0.74642
   0.75041
   0.69935
   0.70475
   0.70842
   0.71087
   0.71247
   0.71350
   0.71415
   0.71457
   0.71481
   0.71496
   0.71505
   0.71511
   0.71514
   0.71517
   0.71518
   0.71519
   0.71519
   0.71520
   0.71520
   0.71520
   0.71520
   0.71520
   0.71520
   0.71520
   0.71520
   0.71520
   0.71520
   0.71520
   0.71520
   0.71520
   0.71520
   0.71520
   0.71520
   0.71520
   0.71520
   0.71520
   0.71520
   0.71520
   0.71520
   0.71520
   0.71520
   0.71520
   0.71520
   0.71520
   0.71520
   0.71519
   0.71519
   0.71519
   0.71519
   0.71519
   0.71519
   0.71519
   0.71519
   0.71519
   0.71519
   0.71519
   0.71519
   0.71519
   0.71519
   0.71519
   0.71519
   0.71519
   0.71519
   0.71519
   0.71519
   0.71519
   0.71519
   0.71519
   0.71519
   0.71519
   0.71519
   0.71518
   0.71518
   0.71518
   0.71518
   0.71518
   0.71518
   0.71518
   0.71518
   0.71518
   0.71518
   0.71518
   0.71518
   0.71518
   0.71518
   0.71518
   0.71518
   0.71518
   0.71518
   0.71518
   0.71518
   0.71518
   0.71518
   0.71518
   0.71518
   0.71518
   0.71518
   0.71518
   0.71517
   0.71517
   0.71517
   0.71517
   0.71517
   0.71517
   0.71517
   0.71517
   0.71517
   0.71517
   0.71517
   0.71517
   0.71517
   0.71517
   0.71517
   0.71517
   0.71517
   0.71517
   0.71517
   0.71517
   0.71517
   0.71517
   0.71517
   0.71517
   0.71517
   0.71517
   0.71517
   0.71517
   0.71517
   0.71517
   0.71517
   0.71517
   0.71517
   0.71517
   0.71517
   0.71517
   0.71517
   0.71517
   0.71517
   0.71517
   0.71517
   0.71517
   0.71517
   0.71517
   0.71517
   0.71517
   0.71517
   0.71517
   0.71517
   0.71517
   0.71517
   0.71517
   0.71516
   0.71516
   0.71516
   0.71516
   0.71516
   0.71516
   0.71516
   0.71516
   0.71516
   0.71516
   0.71516
   0.71516
   0.71516
   0.71516
   0.71516
   0.71516
   0.71516
   0.71516
   0.71516
   0.71516
   0.71516
   0.71516
   0.71516
   0.71516
   0.71516
   0.71516
   0.71516
   0.71516
   0.71516
   0.71516
   0.71516
   0.71516
   0.71516
   0.71516
   0.71516
   0.71516
   0.71516
   0.71515
   0.71515
   0.71515
   0.71515
   0.71515
   0.71515
   0.71515
   0.71515
   0.71515
   0.71515
   0.71515
   0.71515
   0.71515
   0.71515
   0.71515
   0.71515
   0.71515
   0.71515
   0.71515
   0.71515
   0.71515
   0.71515
   0.71515
   0.71515
   0.71515
   0.71515
   0.71515
   0.71515
   0.71515
   0.71515
   0.71515
   0.71515
   0.71515
   0.71515
   0.71515
   0.71515
   0.71515
   0.71515
   0.71515
   0.71515
   0.71515
   0.71515
   0.71515
   0.71515
   0.71515
   0.71514
   0.71514
   0.71514
   0.71514
   0.71514
   0.71514
   0.71514
   0.71514
   0.71514
   0.71514
   0.71514
   0.71514
   0.71514
   0.71514
   0.71514
   0.71514
   0.71514
   0.71514
   0.71514
   0.71514
   0.71514
   0.71514
   0.71514
   0.71514
   0.71514
   0.71514
   0.71514
   0.71514
   0.71514
   0.71514
   0.71514
   0.71514
   0.71514
   0.71514
   0.71513
   0.71513
   0.71513
   0.71513
   0.71513
   0.71513
   0.71513
   0.71513
   0.71513
   0.71513
   0.71513
   0.71513
   0.71513
   0.71513
   0.71513
   0.71513
   0.71513
   0.71513
   0.71513
   0.71513
   0.71512
   0.71512
   0.71512
   0.71512
   0.71512
   0.71512
   0.71512
   0.71512
   0.71512
   0.71512
   0.71512
   0.71512
   0.71512
   0.71512
   0.71511
   0.71511
   0.71511
   0.71511
   0.71511
   0.71511
   0.71511
   0.71511
   0.71511
   0.71511
   0.71511
   0.71511
   0.71511
   0.71511
   0.71511
   0.71511
   0.71511
   0.71511
   0.71511
   0.71511
   0.71511
   0.71511
   0.71511
   0.71511
   0.71511
   0.71511
   0.71511
   0.71511
   0.71511
   0.71511
   0.71511
   0.71511
   0.71511
   0.71511
   0.71511
   0.71511
   0.71511
   0.71511
   0.71511
   0.71511
   0.71511
   0.71511
   0.71511
   0.71511
   0.71511
   0.71511
   0.71511
   0.71511
   0.71511
   0.71510
   0.71510
   0.71510
   0.71510
   0.71510
   0.71510
   0.71510
   0.71510
   0.71510
   0.71510
   0.71510
   0.71510
   0.71510
   0.71510
   0.71510
   0.71510
   0.71510
   0.71510
   0.71510
   0.71510
   0.71510
   0.71510
   0.71510
   0.71510
   0.71510
   0.71510
   0.71510
   0.71510
   0.71510
   0.71510
   0.71510
   0.71510
   0.71510
   0.71510
   0.71510
   0.71510
   0.71510
   0.71510
   0.71510
   0.71510
   0.71510
   0.71510
   0.71510
   0.71510
   0.71510
   0.71510
   0.71510
   0.71510
   0.71510
   0.71510
   0.71510
   0.71510
   0.71510
   0.71509
   0.71509
   0.71509
   0.71509
   0.71509
   0.71509
   0.71509
   0.71509
   0.71509
   0.71509
   0.71509
   0.71509
   0.71509
   0.71509
   0.71509
   0.71509
   0.71509
   0.71509
   0.71509
   0.71509
   0.71509
   0.71509
   0.71509
   0.71509
   0.71509
   0.71509
   0.71509
   0.71509
   0.71509
   0.71509
   0.71509
   0.71509
   0.71509
   0.71509
   0.71509
   0.71509
   0.71509
   0.71509
   0.71509
   0.71509
   0.71509
   0.71509
   0.71509
   0.71509
   0.71509
   0.71509
   0.71509
   0.71509
   0.71509
   0.71509
   0.71509
   0.71509
   0.71509
   0.71509
   0.71509
   0.71509
   0.71509
   0.71509
   0.71509
   0.71509
   0.71509
   0.71509
   0.71508
   0.71508
   0.71508
   0.71508
