   0.63149
   0.64327
   0.63998
   0.64037
   0.64046
   0.63976
   0.63976
   0.63920
   0.63926
   0.63859
   0.63865
   0.63797
   0.63774
   0.63711
   0.63686
   0.63651
   0.63582
   0.63567
   0.63519
   0.63447
   0.63471
   0.63379
   0.63337
   0.63290
   0.63237
   0.63192
   0.63133
   0.63082
   0.63026
   0.62976
   0.62910
   0.62757
   0.62373
   0.62831
   0.63123
   0.62597
   0.62573
   0.62585
   0.62677
   0.62631
   0.62236
   0.62288
   0.62253
   0.62110
   0.62004
   0.61873
   0.61804
   0.61746
   0.61635
   0.61512
   0.61390
   0.61273
   0.61151
   0.61025
   0.60859
   0.60712
   0.60573
   0.60423
   0.60265
   0.60091
   0.59921
   0.59742
   0.59131
   0.58816
   0.58685
   0.58387
   0.58038
   0.58030
   0.57836
   0.57754
   0.57551
   0.57314
   0.57038
   0.56640
   0.56487
   0.56246
   0.55984
   0.55703
   0.55421
   0.55134
   0.54841
   0.54547
   0.54267
   0.54004
   0.53746
   0.53478
   0.53203
   0.52922
   0.52630
   0.52309
   0.51970
   0.51581
   0.51153
   0.50649
   0.50105
   0.49534
   0.48948
   0.48355
   0.47733
   0.47108
   0.46471
   0.45826
   0.45177
   0.44531
   0.43866
   0.43209
   0.42556
   0.41900
   0.41239
   0.40587
   0.39943
   0.39305
   0.38666
   0.37996
   0.37376
   0.36767
   0.36177
   0.35596
   0.35035
   0.34486
   0.33960
   0.33442
   0.32942
   0.32462
   0.32005
   0.31561
   0.31132
   0.30721
   0.30330
   0.29959
   0.29604
   0.29269
   0.28943
   0.28639
   0.28348
   0.28069
   0.27790
   0.27519
   0.27279
   0.27024
   0.26762
   0.26477
   0.26183
   0.25856
   0.25513
   0.25139
   0.24730
   0.24326
   0.23892
   0.23459
   0.23036
   0.22607
   0.22188
   0.21771
   0.21364
   0.20971
   0.20578
   0.20195
   0.19821
   0.19457
   0.19092
   0.18737
   0.18384
   0.18043
   0.17704
   0.17372
   0.17042
   0.16719
   0.16400
   0.16087
   0.15779
   0.15472
   0.15174
   0.14879
   0.14585
   0.14301
   0.14015
   0.13739
   0.13465
   0.13198
   0.12933
   0.12679
   0.12422
   0.12176
   0.11927
   0.11692
   0.11453
   0.11224
   0.10996
   0.10775
   0.10555
   0.10347
   0.10133
   0.09934
   0.09729
   0.09535
   0.09337
   0.09156
   0.08965
   0.08785
   0.08609
   0.08436
   0.08267
   0.08092
   0.07939
   0.07772
   0.07626
   0.07459
   0.07324
   0.07165
   0.07035
   0.06882
   0.06759
   0.06611
   0.06484
   0.06351
   0.06228
   0.06102
   0.05982
   0.05864
   0.05750
   0.05637
   0.05525
   0.05416
   0.05310
   0.05206
   0.05103
   0.05004
   0.04905
   0.04807
   0.04714
   0.04621
   0.04534
   0.04444
   0.04360
   0.04271
   0.04188
   0.04110
   0.04030
   0.03947
   0.03871
   0.03796
   0.03721
   0.03651
   0.03577
   0.03507
   0.03412
   0.03347
   0.03287
   0.03213
   0.03152
   0.03091
   0.03029
   0.02963
   0.02908
   0.02851
   0.02796
   0.02738
   0.02685
   0.02633
   0.02577
   0.02526
   0.02476
   0.02427
   0.02379
   0.02331
   0.02285
   0.02240
   0.02194
   0.02148
   0.02107
   0.02065
   0.02021
   0.01983
   0.01943
   0.01902
   0.01864
   0.01827
   0.01785
   0.01752
   0.01717
   0.01683
   0.01648
   0.01615
   0.01581
   0.01548
   0.01515
   0.01485
   0.01453
   0.01422
   0.01393
   0.01364
   0.01336
   0.01308
   0.01281
   0.01255
   0.01230
   0.01205
   0.01181
   0.01156
   0.01133
   0.01109
   0.01087
   0.01065
   0.01043
   0.01022
   0.01001
   0.00980
   0.00961
   0.00941
   0.00922
   0.00904
   0.00885
   0.00868
   0.00850
   0.00833
   0.00816
   0.00800
   0.00784
   0.00768
   0.00753
   0.00738
   0.00723
   0.00709
   0.00695
   0.00681
   0.00668
   0.00655
   0.00642
   0.00630
   0.00617
   0.00605
   0.00594
   0.00582
   0.00571
   0.00560
   0.00549
   0.00539
   0.00528
   0.00518
   0.00509
   0.00499
   0.00489
   0.00480
   0.00471
   0.00462
   0.00454
   0.00445
   0.00437
   0.00429
   0.00421
   0.00413
   0.00405
   0.00398
   0.00390
   0.00383
   0.00376
   0.00369
   0.00362
   0.00355
   0.00349
   0.00342
   0.00336
   0.00330
   0.00324
   0.00318
   0.00312
   0.00306
   0.00300
   0.00295
   0.00289
   0.00284
   0.00278
   0.00273
   0.00268
   0.00263
   0.00258
   0.00253
   0.00249
   0.00244
   0.00240
   0.00235
   0.00231
   0.00227
   0.00223
   0.00219
   0.00215
   0.00211
   0.00207
   0.00203
   0.00200
   0.00196
   0.00193
   0.00190
   0.00187
   0.00184
   0.00181
   0.00178
   0.00175
   0.00173
   0.00170
   0.00168
   0.00166
   0.00164
   0.00163
   0.00161
   0.00160
   0.00159
   0.00158
   0.00158
   0.00157
   0.00158
   0.00158
   0.00159
   0.00160
   0.00162
   0.00164
   0.00167
   0.00170
   0.00175
   0.00180
   0.00185
   0.00191
   0.00199
   0.00207
   0.00218
   0.00230
   0.00244
   0.00261
   0.00284
   0.00312
   0.00343
   0.00380
   0.00421
   0.00459
   0.00475
   0.00438
   0.00328
   0.00173
   0.00096
   0.00097
   0.00100
   0.00097
   0.00096
   0.00095
   0.00094
   0.00093
   0.00092
   0.00091
   0.00091
   0.00090
   0.00089
   0.00088
   0.00087
   0.00086
   0.00085
   0.00084
   0.00083
   0.00083
   0.00082
   0.00081
   0.00080
   0.00079
   0.00078
   0.00077
   0.00076
   0.00075
   0.00074
   0.00073
   0.00073
   0.00072
   0.00071
   0.00070
   0.00069
   0.00068
   0.00066
   0.00065
   0.00064
   0.00063
   0.00062
   0.00061
   0.00060
   0.00059
   0.00058
   0.00057
   0.00056
   0.00055
   0.00054
   0.00053
   0.00052
   0.00051
   0.00050
   0.00049
   0.00048
   0.00047
   0.00046
   0.00045
   0.00044
   0.00043
   0.00042
   0.00041
   0.00041
   0.00040
   0.00039
   0.00038
   0.00037
   0.00036
   0.00036
   0.00035
   0.00034
   0.00033
   0.00033
   0.00032
   0.00031
   0.00031
   0.00030
   0.00029
   0.00029
   0.00028
   0.00028
   0.00027
   0.00026
   0.00026
   0.00025
   0.00025
   0.00024
   0.00024
   0.00023
   0.00023
   0.00022
   0.00022
   0.00021
   0.00021
   0.00020
   0.00020
   0.00019
   0.00019
   0.00019
   0.00018
   0.00018
   0.00017
   0.00017
   0.00016
   0.00016
   0.00016
   0.00015
   0.00015
   0.00015
   0.00014
   0.00014
   0.00014
   0.00014
   0.00013
   0.00013
   0.00013
   0.00013
   0.00012
   0.00012
   0.00012
   0.00012
   0.00011
   0.00011
   0.00011
   0.00011
   0.00010
   0.00010
   0.00010
   0.00010
   0.00010
   0.00009
   0.00009
   0.00009
   0.00009
   0.00009
   0.00009
   0.00008
   0.00008
   0.00008
   0.00008
   0.00008
   0.00008
   0.00007
   0.00007
   0.00007
   0.00007
   0.00007
   0.00007
   0.00007
   0.00006
   0.00006
   0.00006
   0.00006
   0.00006
   0.00006
   0.00006
   0.00006
   0.00005
   0.00005
   0.00005
   0.00005
   0.00005
   0.00005
   0.00005
   0.00005
   0.00005
   0.00005
   0.00004
   0.00004
   0.00004
   0.00004
   0.00004
   0.00004
   0.00004
   0.00004
   0.00004
   0.00004
   0.00004
   0.00004
   0.00004
   0.00003
   0.00003
   0.00003
   0.00003
   0.00003
   0.00003
   0.00003
   0.00003
   0.00003
   0.00003
   0.00003
   0.00003
   0.00003
   0.00003
   0.00003
   0.00003
   0.00003
   0.00003
   0.00002
   0.00002
   0.00002
   0.00002
   0.00002
   0.00002
   0.00002
   0.00002
   0.00002
   0.00002
   0.00002
   0.00002
   0.00002
   0.00002
   0.00002
   0.00002
   0.00002
   0.00002
   0.00002
   0.00002
   0.00002
   0.00002
   0.00002
   0.00002
   0.00002
   0.00002
   0.00002
   0.00002
   0.00002
   0.00002
   0.00002
   0.00002
   0.00001
   0.00001
   0.00001
   0.00001
   0.00001
   0.00001
   0.00001
   0.00001
   0.00001
   0.00001
   0.00001
   0.00001
   0.00001
   0.00001
   0.00001
   0.00001
   0.00001
   0.00001
   0.00001
   0.00001
   0.00001
   0.00001
   0.00001
   0.00001
   0.00001
   0.00001
   0.00001
   0.00001
   0.00001
   0.00001
   0.00001
   0.00001
   0.00001
   0.00001
   0.00001
   0.00001
   0.00001
   0.00001
   0.00001
   0.00001
   0.00001
   0.00001
   0.00001
   0.00001
   0.00001
   0.00001
   0.00001
   0.00001
   0.00001
   0.00001
   0.00001
   0.00001
   0.00001
   0.00001
   0.00001
   0.00001
   0.00001
   0.00001
   0.00001
   0.00001
   0.00001
   0.00001
   0.00009
   0.00015
   0.00012
   0.00009
   0.00008
   0.00008
   0.00008
   0.00008
   0.00007
   0.00007
   0.00007
   0.00007
   0.00007
   0.00006
   0.00006
   0.00006
   0.00006
   0.00006
   0.00006
   0.00006
   0.00006
   0.00006
   0.00005
   0.00005
   0.00005
   0.00005
   0.00005
   0.00005
   0.00005
   0.00005
   0.00005
   0.00005
   0.00005
   0.00005
   0.00005
   0.00005
   0.00005
   0.00005
   0.00005
   0.00005
   0.00005
   0.00005
   0.00005
   0.00004
   0.00004
   0.00004
   0.00004
   0.00004
   0.00004
   0.00004
   0.00004
   0.00004
   0.00004
   0.00004
   0.00004
   0.00004
   0.00004
   0.00004
   0.00004
   0.00004
   0.00004
   0.00004
   0.00004
   0.00004
   0.00004
   0.00004
   0.00004
   0.00004
   0.00004
   0.00004
   0.00004
   0.00004
   0.00004
   0.00004
   0.00003
   0.00003
   0.00003
   0.00003
   0.00003
   0.00003
   0.00003
   0.00003
   0.00003
   0.00003
   0.00003
   0.00003
   0.00003
   0.00003
   0.00003
   0.00003
   0.00003
   0.00003
   0.00003
   0.00003
   0.00003
   0.00003
   0.00003
   0.00003
   0.00003
   0.00003
   0.00003
   0.00003
   0.00003
   0.00003
   0.00003
   0.00003
   0.00003
   0.00003
   0.00003
   0.00003
   0.00003
   0.00003
   0.00003
   0.00003
   0.00003
   0.00003
   0.00003
   0.00003
   0.00003
   0.00003
   0.00003
   0.00003
   0.00003
   0.00003
   0.00003
   0.00003
   0.00003
   0.00003
   0.00002
   0.00002
   0.00002
   0.00002
   0.00002
   0.00002
   0.00002
   0.00002
   0.00002
   0.00002
   0.00002
   0.00002
   0.00002
   0.00002
   0.00002
   0.00002
   0.00002
   0.00002
   0.00002
   0.00002
   0.00002
   0.00002
   0.00002
   0.00002
   0.00002
   0.00002
   0.00002
   0.00002
   0.00002
   0.00002
   0.00002
   0.00002
   0.00002
   0.00002
   0.00002
   0.00002
   0.00002
   0.00002
   0.00002
   0.00002
   0.00002
   0.00002
   0.00002
   0.00002
   0.00002
   0.00002
   0.00002
   0.00002
   0.00002
   0.00002
   0.00002
   0.00002
   0.00002
   0.00002
   0.00002
   0.00002
   0.00002
   0.00002
   0.00002
   0.00002
   0.00002
   0.00002
   0.00002
   0.00002
   0.00002
   0.00002
   0.00002
   0.00003
   0.00003
   0.00004
   0.00003
   0.00003
   0.00004
   0.00003
   0.00003
   0.00004
   0.00003
   0.00003
   0.00004
   0.00003
   0.00003
   0.00003
   0.00003
   0.00003
   0.00003
   0.00003
   0.00003
   0.00003
   0.00003
   0.00003
   0.00003
   0.00003
   0.00003
   0.00003
   0.00003
   0.00002
   0.00003
   0.00002
   0.00003
   0.00002
   0.00003
   0.00002
   0.00003
   0.00002
   0.00003
   0.00002
   0.00003
   0.00002
   0.00003
   0.00002
   0.00003
   0.00002
   0.00003
   0.00002
   0.00003
   0.00001
   0.00003
   0.00001
   0.00003
   0.00001
   0.00003
   0.00001
   0.00003
   0.00001
   0.00002
   0.00002
   0.00002
   0.00002
   0.00003
   0.00001
   0.00003
   0.00001
   0.00002
   0.00003
   0.00001
   0.00003
   0.00001
   0.00002
   0.00002
   0.00001
   0.00003
