   0.69433
   0.69360
   0.69338
   0.69304
   0.69261
   0.69208
   0.69155
   0.69106
   0.69057
   0.68997
   0.68952
   0.68909
   0.68860
   0.68814
   0.68778
   0.68733
   0.68700
   0.68667
   0.68633
   0.68591
   0.68560
   0.68534
   0.68503
   0.68541
   0.68475
   0.68436
   0.68411
   0.68384
   0.68360
   0.68344
   0.68321
   0.68309
   0.68294
   0.68290
   0.68285
   0.68285
   0.68269
   0.68279
   0.68275
   0.68312
   0.68339
   0.68345
   0.68361
   0.68367
   0.68379
   0.68382
   0.68384
   0.68369
   0.68350
   0.68322
   0.67512
   0.67645
   0.67371
   0.67393
   0.67212
   0.67041
   0.66875
   0.66692
   0.66516
   0.66331
   0.66147
   0.65962
   0.65778
   0.65590
   0.65408
   0.65229
   0.65043
   0.64870
   0.64698
   0.64535
   0.64371
   0.64212
   0.64053
   0.63917
   0.63762
   0.63642
   0.63965
   0.63902
   0.63677
   0.63518
   0.63387
   0.63316
   0.63291
   0.63313
   0.63382
   0.63483
   0.63634
   0.63842
   0.64108
   0.64469
   0.64878
   0.65343
   0.65830
   0.66359
   0.67007
   0.67754
   0.68125
   0.68313
   0.68411
   0.68418
   0.68374
   0.68319
   0.68257
   0.68190
   0.68115
   0.68009
   0.67922
   0.67751
   0.67569
   0.67353
   0.67091
   0.66853
   0.66560
   0.66255
   0.65942
   0.65618
   0.65285
   0.64935
   0.64591
   0.64247
   0.63953
   0.63604
   0.63287
   0.62931
   0.62594
   0.62258
   0.61931
   0.61583
   0.61253
   0.60928
   0.60590
   0.60264
   0.59932
   0.59609
   0.59304
   0.58983
   0.58669
   0.58364
   0.58055
   0.57744
   0.57436
   0.57129
   0.56840
   0.56541
   0.56273
   0.55981
   0.55746
   0.55450
   0.55164
   0.54875
   0.54588
   0.54351
   0.54074
   0.53781
   0.53495
   0.53209
   0.52930
   0.52645
   0.52363
   0.52081
   0.51803
   0.51524
   0.51252
   0.50977
   0.50702
   0.50428
   0.50153
   0.49884
   0.49605
   0.49334
   0.49067
   0.48796
   0.48513
   0.48241
   0.47970
   0.47696
   0.47425
   0.47154
   0.46882
   0.46611
   0.46335
   0.46066
   0.45788
   0.45521
   0.45248
   0.44976
   0.44698
   0.44422
   0.44147
   0.43873
   0.43597
   0.43316
   0.43042
   0.42762
   0.42480
   0.42191
   0.41910
   0.41628
   0.41347
   0.41061
   0.40773
   0.40485
   0.40196
   0.39907
   0.39616
   0.39321
   0.39029
   0.38728
   0.38429
   0.38128
   0.37827
   0.37522
   0.37214
   0.36905
   0.36594
   0.36279
   0.35964
   0.35647
   0.35330
   0.35007
   0.34683
   0.34362
   0.34032
   0.33694
   0.33351
   0.33012
   0.32674
   0.32328
   0.31984
   0.31635
   0.31288
   0.30938
   0.30584
   0.30231
   0.29871
   0.29514
   0.29152
   0.28789
   0.28424
   0.28061
   0.27700
   0.27340
   0.26981
   0.26626
   0.26277
   0.25927
   0.25575
   0.25232
   0.24895
   0.24562
   0.24238
   0.23923
   0.23615
   0.23311
   0.23016
   0.22731
   0.22454
   0.22186
   0.21930
   0.21680
   0.21442
   0.21211
   0.20988
   0.20775
   0.20572
   0.20379
   0.20193
   0.20017
   0.19845
   0.19622
   0.19480
   0.19331
   0.19191
   0.19055
   0.18925
   0.18805
   0.18689
   0.18578
   0.18476
   0.18379
   0.18236
   0.18147
   0.18061
   0.17981
   0.17902
   0.17826
   0.17666
   0.17577
   0.17418
   0.17329
   0.17254
   0.17234
   0.17162
   0.17072
   0.16979
   0.16878
   0.16772
   0.16661
   0.16545
   0.16420
   0.16291
   0.16153
   0.16016
   0.15874
   0.15726
   0.15577
   0.15424
   0.15347
   0.15212
   0.15043
   0.14865
   0.14683
   0.14501
   0.14397
   0.14246
   0.14069
   0.13883
   0.13698
   0.13507
   0.13322
   0.13139
   0.12957
   0.12844
   0.12691
   0.12523
   0.12347
   0.12172
   0.11993
   0.11815
   0.11642
   0.11470
   0.11304
   0.11140
   0.10980
   0.10820
   0.10663
   0.10506
   0.10353
   0.10202
   0.10049
   0.09898
   0.09749
   0.09600
   0.09454
   0.09308
   0.09163
   0.09019
   0.08877
   0.08735
   0.08592
   0.08452
   0.08311
   0.08170
   0.08031
   0.07893
   0.07755
   0.07619
   0.07481
   0.07345
   0.07208
   0.07072
   0.06935
   0.06799
   0.06663
   0.06528
   0.06393
   0.06259
   0.06123
   0.05987
   0.05854
   0.05723
   0.05589
   0.05457
   0.05325
   0.05198
   0.05070
   0.04942
   0.04818
   0.04696
   0.04574
   0.04455
   0.04339
   0.04226
   0.04114
   0.04007
   0.03902
   0.03799
   0.03701
   0.03604
   0.03511
   0.03421
   0.03335
   0.03252
   0.03171
   0.03094
   0.03019
   0.02947
   0.02878
   0.02812
   0.02748
   0.02687
   0.02628
   0.02572
   0.02517
   0.02465
   0.02416
   0.02368
   0.02322
   0.02278
   0.02236
   0.02196
   0.02157
   0.02120
   0.02085
   0.02051
   0.02018
   0.01987
   0.01957
   0.01928
   0.01900
   0.01873
   0.01848
   0.01823
   0.01799
   0.01776
   0.01754
   0.01732
   0.01712
   0.01692
   0.01672
   0.01654
   0.01635
   0.01618
   0.01601
   0.01584
   0.01568
   0.01553
   0.01538
   0.01524
   0.01510
   0.01496
   0.01483
   0.01470
   0.01458
   0.01445
   0.01432
   0.01419
   0.01405
   0.01390
   0.01373
   0.01354
   0.01332
   0.01306
   0.01276
   0.01244
   0.01212
   0.01185
   0.01177
   0.01207
   0.01281
   0.01367
   0.01423
   0.01459
   0.01489
   0.01514
   0.01533
   0.01548
   0.01559
   0.01566
   0.01571
   0.01573
   0.01573
   0.01572
   0.01571
   0.01571
   0.01575
   0.01586
   0.01607
   0.01639
   0.01694
   0.01766
   0.01856
   0.01976
   0.02104
   0.02251
   0.02416
   0.02583
   0.02796
   0.02976
   0.03296
   0.03443
   0.04038
   0.04345
   0.04499
   0.03286
   0.02170
   0.01553
   0.01147
   0.01092
   0.01095
