   0.69934
   0.70100
   0.74323
   0.74891
   0.74814
   0.74769
   0.74730
   0.74696
   0.74657
   0.74641
   0.74559
   0.74632
   0.74629
   0.74527
   0.74924
   0.74755
   0.74691
   0.74661
   0.74637
   0.74568
   0.74617
   0.74682
   0.74611
   0.74727
   0.74755
   0.74765
   0.74603
   0.72987
   0.74402
   0.74778
   0.74722
   0.74583
   0.74474
   0.74265
   0.73993
   0.73625
   0.72262
   0.72948
   0.72475
   0.71373
   0.71742
   0.70083
   0.69012
   0.68697
   0.68631
   0.68388
   0.68262
   0.68218
   0.68261
   0.68370
   0.68507
   0.68620
   0.68628
   0.68555
   0.68406
   0.68199
   0.67950
   0.67659
   0.67341
   0.66980
   0.66574
   0.66129
   0.65637
   0.65118
   0.64556
   0.63962
   0.63347
   0.62681
   0.62039
   0.61318
   0.60513
   0.59769
   0.59282
   0.58455
   0.57631
   0.56793
   0.55990
   0.55143
   0.54294
   0.53453
   0.52595
   0.51721
   0.50846
   0.49959
   0.49057
   0.48150
   0.47220
   0.46258
   0.45297
   0.44327
   0.43360
   0.42373
   0.41339
   0.40338
   0.39306
   0.38318
   0.37354
   0.36428
   0.35544
   0.34697
   0.33899
   0.33139
   0.32398
   0.31678
   0.30946
   0.30174
   0.29346
   0.28435
   0.27438
   0.26357
   0.25219
   0.24038
   0.22818
   0.21618
   0.20427
   0.19258
   0.18127
   0.17038
   0.15996
   0.15008
   0.14081
   0.13220
   0.12432
   0.11717
   0.11071
   0.10496
   0.09962
   0.09485
   0.09047
   0.08631
   0.08227
   0.07844
   0.07511
   0.07263
   0.07130
   0.07131
   0.07185
   0.06795
   0.06710
   0.06078
   0.05289
   0.04711
   0.04424
   0.04757
   0.04872
   0.04213
   0.03604
   0.03520
   0.03493
   0.03517
   0.03856
   0.02763
   0.03767
   0.03659
   0.04416
   0.02265
   0.02219
   0.02559
   0.01857
   0.05320
   0.04497
   0.06517
   0.02397
   0.05332
   0.02760
   0.05076
   0.04777
   0.02290
   0.03793
   0.02590
   0.03653
   0.02175
   0.01627
   0.01689
   0.01728
   0.01471
   0.01412
   0.01361
   0.00736
   0.02641
   0.01535
   0.03834
   0.01723
   0.01463
   0.01920
   0.01902
   0.03870
   0.02238
   0.02161
   0.01878
   0.01873
   0.01584
   0.01353
   0.01151
   0.01799
   0.01155
   0.01266
   0.01157
   0.01033
   0.00938
   0.00842
   0.08479
   0.01477
   0.01319
   0.01210
   0.01128
   0.01016
   0.00867
   0.00851
   0.00804
   0.00683
   0.00659
   0.00615
   0.00600
   0.02248
   0.00862
   0.00751
   0.00749
   0.00644
   0.00594
   0.00561
   0.00531
   0.00498
   0.00464
   0.00432
   0.00401
   0.00372
   0.00346
   0.00322
   0.00299
   0.00281
   0.00296
   0.00284
   0.00276
   0.00268
   0.00260
   0.00252
   0.00246
   0.00247
   0.00262
   0.04980
   0.01818
   0.01643
   0.01307
   0.01134
   0.02044
   0.01769
   0.01573
   0.01670
   0.01866
   0.01820
   0.01453
   0.01395
   0.01336
   0.01387
   0.01347
   0.01265
   0.01196
   0.01137
   0.02970
   0.01436
   0.01365
   0.01473
   0.01091
   0.01071
   0.01043
   0.00991
   0.00924
   0.00889
   0.00905
   0.00840
   0.00767
   0.00804
   0.00787
   0.00790
   0.00699
   0.00763
   0.00870
   0.00607
   0.00570
   2.11022
   0.01667
   0.01583
   0.01562
   0.01483
   0.01162
   0.01084
   0.01428
   0.03055
   0.00842
   0.00855
   0.00895
   0.00685
   0.01965
   0.00780
   0.00691
   0.00470
   0.00611
   0.01371
   0.00433
   0.00441
   0.00567
   0.00421
   0.00881
   0.00977
   0.00501
   0.00555
   0.00652
   0.00848
   0.00370
   0.00604
   0.00288
   0.53268
   0.06250
   0.05681
   0.05378
   0.05339
   0.05290
   0.05277
   0.05164
   0.04241
   0.04187
   0.04588
   0.04878
   0.03971
   0.03423
   0.03655
   0.03723
   0.03169
   0.02814
   0.02819
   0.02658
   0.04652
   0.02351
   0.04147
   0.04298
   0.02019
   0.01805
   0.02343
   0.02496
   0.01622
   0.02584
   0.02427
   0.02273
   0.01444
   0.00995
   0.00893
   0.01001
   0.00953
   0.00803
   0.00800
   0.00982
   0.01433
   0.01681
   0.01911
   0.02069
   0.01672
   0.01578
   0.02026
   0.01497
   0.01331
   0.01543
   0.01385
   0.01074
   0.01009
   0.00991
   0.00934
   0.01281
   0.01292
   0.00906
   0.01206
   0.00761
   0.00788
   0.00789
   0.00827
   0.00869
   0.00992
   0.01061
   0.01023
   0.00878
   0.00682
   0.00499
   0.00592
   0.00758
   0.00668
   0.00458
   0.00408
   0.01743
   0.00622
   0.00718
   0.00922
   0.00671
   0.00884
   0.00764
   0.00585
   0.00393
   0.00322
   0.00425
   0.00304
   0.00308
   0.00384
   0.00439
   0.00611
   0.00550
   0.00594
   0.00719
   0.00615
   0.00452
   0.00289
   0.00228
   0.00230
   0.00216
   0.00396
   0.00218
   0.00215
   0.00215
   0.00222
   0.00232
   0.00245
   0.00261
   0.00288
   0.00341
   0.00508
   0.00310
   0.00278
   0.00320
   0.00402
   0.00603
   0.00556
   0.00164
   0.01272
   0.00535
   0.00771
   0.00195
   0.00429
   0.00113
   0.00330
   0.00577
   0.00603
   0.00885
   0.00513
   0.00423
   0.00370
   0.00307
   0.00258
   0.00225
   0.00214
   0.00218
   0.00245
   0.00326
   0.00533
   0.00707
   0.00648
   1.67749
   0.00109
   0.00108
   0.00108
   0.00110
   0.00113
   0.00121
   0.00126
   0.00131
   0.00138
   0.00147
   0.00172
   0.00233
   0.00371
   0.00532
   0.00519
   0.00511
   0.01331
   0.00079
   0.00078
   0.00077
   0.00076
   0.00075
   0.00076
   0.00077
   0.00080
   0.00082
   0.00085
   0.00088
   0.00096
   0.00115
   0.00163
   0.00249
   0.00301
   0.00300
   0.00325
   0.00624
   0.00065
   0.00064
   0.00063
   0.00062
   0.00060
   0.00058
   0.00057
   0.00055
   0.00054
   0.00054
   0.00055
   0.00055
   0.00056
   0.00057
   0.00062
   0.00076
   0.00104
   0.00147
   0.00169
   0.00177
   0.00192
   0.07468
   0.00039
   0.00039
   0.00038
   0.00038
   0.00037
   0.00037
   0.00036
   0.00035
   0.00035
   0.00035
   0.00035
   0.00035
   0.00035
   0.00036
   0.00039
   0.00047
   0.00062
   0.00085
   0.00102
   0.00110
   0.00121
   0.00055
   0.00274
   0.00025
   0.00025
   0.00025
   0.00024
   0.00024
   0.00024
   0.00023
   0.00023
   0.00023
   0.00023
   0.00024
   0.00024
   0.00024
   0.00026
   0.00030
   0.00039
   0.00053
   0.00068
   0.00076
   0.00089
   0.00079
   0.00030
   0.02020
   0.00019
   0.00019
   0.00019
   0.00019
   0.00019
   0.00019
   0.00019
   0.00018
   0.00018
   0.00018
   0.00018
   0.00017
   0.00017
   0.00017
   0.00017
   0.00017
   0.00017
   0.00017
   0.00017
   0.00019
   0.00023
   0.00030
   0.00039
   0.00044
   0.00054
   0.00057
   0.00039
   0.00017
   0.00011
   0.00011
   0.00011
   0.00011
   0.00011
   0.00011
   0.00011
   0.00011
   0.00011
   0.00011
   0.00010
   0.00010
   0.00010
   0.00010
   0.00009
   0.00009
   0.00009
   0.00009
   0.00010
   0.00010
   0.00012
   0.00015
   0.00020
   0.00024
   0.00025
   0.00027
   0.00025
   0.00014
   0.00007
   0.00007
   0.00007
   0.00007
   0.00007
   0.00007
   0.00007
   0.00007
   0.00007
   0.00007
   0.00007
   0.00007
   0.00007
   0.00007
   0.00007
   0.00007
   0.00006
   0.00006
   0.00006
   0.00006
   0.00006
   0.00006
   0.00006
   0.00006
   0.00007
   0.00008
   0.00010
   0.00013
   0.00015
   0.00015
   0.00017
   0.00013
   0.00007
   0.00006
   0.00037
   0.00006
   0.00006
   0.00006
   0.00006
   0.00005
   0.00005
   0.00005
   0.00005
   0.00005
   0.00005
   0.00005
   0.00005
   0.00005
   0.00005
   0.00005
   0.00005
   0.00005
   0.00005
   0.00005
   0.00005
   0.00005
   0.00005
   0.00005
   0.00005
   0.00005
   0.00005
   0.00005
   0.00006
   0.00008
   0.00011
   0.00013
   0.00013
   0.00014
   0.00014
   0.00011
   0.00006
   0.00006
   0.00004
   0.00004
   0.00004
   0.00004
   0.00004
   0.00004
   0.00004
   0.00004
   0.00004
   0.00004
   0.00004
   0.00004
   0.00004
   0.00004
   0.00004
   0.00004
   0.00004
   0.00004
   0.00004
   0.00004
   0.00004
   0.00004
   0.00004
   0.00003
   0.00003
   0.00003
   0.00003
   0.00003
   0.00003
   0.00003
   0.00003
   0.00004
   0.00005
   0.00006
   0.00007
   0.00007
   0.00007
   0.00007
   0.00005
   0.00003
   0.00002
   0.11795
   0.08672
   0.06569
   0.05649
   0.05092
   0.04810
   0.04607
   0.04411
   0.04248
   0.04067
   0.03888
   0.03717
   0.03550
   0.03393
   0.03240
   0.03096
   0.02956
   0.02824
   0.02698
   0.02576
   0.02459
   0.02343
   0.02239
   0.02130
   0.02043
   0.01933
   0.01867
   0.01748
   0.01691
   0.01585
   0.01506
   0.01432
   0.01349
   0.01273
   0.01201
   0.01134
   0.01080
   0.01029
   0.00940
   0.00648
   0.00526
   0.00669
   0.01680
   0.00813
   0.00721
   0.00703
   0.00839
   0.01592
   0.01072
   0.01794
   0.10950
   0.04878
   0.00394
   0.00558
   0.03539
   0.00523
   0.00346
   0.00916
   0.03795
   0.03154
   0.02676
   0.00391
   0.00294
   0.00291
   0.01317
   0.01617
   0.00692
   0.01648
   0.01420
   0.17944
   0.00278
   0.00251
   0.00214
   0.00247
   0.00221
   0.00209
   0.00202
   0.00193
   0.00186
   0.00485
   0.00597
   0.03454
   0.00194
   0.00193
   0.00200
   0.00213
   0.00209
   0.00165
   0.00180
   0.00186
   0.00185
   0.00182
   0.00165
   0.00143
   0.00213
   0.00411
   0.00412
   0.00450
   0.00437
   0.00258
   0.00232
   0.00328
   0.00187
   0.00146
   0.00138
   0.00131
   0.00125
   0.00118
   0.00112
   0.00105
   0.00099
   0.00096
   0.00097
   0.00104
   0.00100
   0.00071
   0.00070
   0.00069
   0.00069
   0.00072
   0.00070
   0.00063
   0.00211
   0.00291
   0.00128
   0.00119
   0.00104
   0.00102
   0.00100
   0.00098
   0.00097
   0.00096
   0.00095
   0.00093
   0.00089
   0.00084
   0.00079
   0.00076
   0.00076
   0.00081
   0.00077
   0.00065
   0.00058
   0.00051
   0.00048
   0.00048
   0.00050
   0.00043
   0.00040
   0.00136
   0.00056
   0.00058
   0.00059
   0.00060
   0.00062
   0.00062
   0.00063
   0.00063
   0.00062
   0.00060
   0.00057
   0.00054
   0.00051
   0.00050
   0.00052
   0.00055
   0.00048
   0.00042
   0.00037
   0.00034
   0.00034
   0.00035
   0.00034
   0.00029
   0.00028
   0.04799
   0.00068
   0.00067
   0.00065
   0.00063
   0.00061
   0.00059
   0.00057
   0.00055
   0.00054
   0.00054
   0.00053
   0.00052
   0.00050
   0.00047
   0.00044
   0.00041
   0.00040
   0.00039
   0.00042
   0.00040
   0.00034
   0.00030
   0.00026
   0.00024
   0.00024
   0.00024
   0.00022
   0.00022
   0.00020
   0.00030
   0.00096
   0.00025
   0.00025
   0.00026
   0.00026
   0.00027
   0.00028
   0.00029
   0.00029
   0.00030
   0.00031
   0.00032
   0.00033
   0.00033
   0.00033
   0.00032
   0.00030
   0.00028
   0.00027
   0.00026
   0.00026
   0.00028
   0.00027
   0.00024
   0.00021
   0.00018
   0.00017
   0.00016
   0.00017
   0.00017
   0.00015
   0.00014
   0.00015
   0.00034
   0.00030
   0.00030
   0.00029
   0.00029
   0.00028
   0.00027
   0.00027
   0.00026
   0.00026
   0.00025
   0.00024
   0.00024
   0.00024
   0.00024
   0.00024
   0.00024
   0.00023
   0.00022
   0.00021
   0.00019
   0.00018
   0.00018
   0.00018
   0.00018
   0.00016
   0.00014
   0.00012
   0.00011
   0.00011
   0.00011
   0.00011
   0.00010
   0.00009
