   0.64928
   0.64580
   0.64543
   0.64558
   0.64559
   0.64553
   0.64551
   0.64538
   0.64531
   0.64524
   0.64521
   0.64517
   0.64504
   0.64505
   0.64493
   0.64483
   0.64474
   0.64466
   0.64457
   0.64448
   0.64438
   0.64428
   0.64418
   0.64408
   0.64397
   0.64387
   0.64375
   0.64364
   0.64352
   0.64339
   0.64326
   0.64312
   0.64298
   0.64282
   0.64266
   0.64249
   0.64230
   0.64214
   0.64192
   0.64172
   0.64148
   0.64126
   0.64098
   0.64074
   0.64259
   0.63962
   0.63980
   0.63933
   0.63898
   0.63855
   0.63826
   0.63763
   0.63716
   0.63664
   0.63605
   0.63546
   0.63485
   0.63415
   0.63340
   0.63263
   0.63172
   0.63095
   0.62983
   0.62897
   0.62762
   0.62658
   0.62518
   0.62388
   0.62195
   0.62053
   0.61842
   0.61689
   0.61480
   0.61268
   0.61041
   0.60829
   0.60651
   0.60417
   0.60177
   0.59850
   0.59587
   0.59299
   0.59025
   0.58733
   0.58407
   0.58087
   0.57774
   0.57417
   0.57078
   0.56730
   0.56385
   0.56050
   0.55715
   0.55394
   0.55069
   0.54747
   0.54422
   0.54102
   0.53783
   0.53469
   0.53156
   0.52838
   0.52507
   0.52148
   0.51762
   0.51344
   0.50893
   0.50424
   0.49935
   0.49435
   0.48926
   0.48407
   0.47885
   0.47355
   0.46823
   0.46286
   0.45749
   0.45211
   0.44671
   0.44134
   0.43596
   0.43059
   0.42525
   0.41996
   0.41468
   0.40944
   0.40418
   0.39900
   0.39383
   0.38876
   0.38372
   0.37879
   0.37394
   0.36906
   0.36442
   0.35965
   0.35516
   0.35051
   0.34623
   0.34165
   0.33732
   0.33306
   0.32901
   0.32482
   0.32074
   0.31674
   0.31282
   0.30898
   0.30523
   0.30156
   0.29794
   0.29439
   0.29087
   0.28740
   0.28402
   0.28072
   0.27754
   0.27442
   0.27121
   0.26815
   0.26504
   0.26209
   0.25910
   0.25624
   0.25338
   0.25067
   0.24797
   0.24526
   0.24257
   0.23999
   0.23750
   0.23500
   0.23253
   0.23011
   0.22780
   0.22548
   0.22329
   0.22113
   0.21903
   0.21693
   0.21480
   0.21248
   0.21048
   0.20844
   0.20656
   0.20473
   0.20281
   0.20098
   0.19911
   0.19725
   0.19544
   0.19363
   0.19192
   0.19013
   0.18847
   0.18630
   0.18475
   0.18320
   0.18152
   0.17983
   0.17813
   0.17628
   0.17445
   0.17261
   0.17082
   0.16886
   0.16709
   0.16516
   0.16313
   0.16108
   0.15900
   0.15681
   0.15489
   0.15301
   0.15065
   0.14836
   0.14611
   0.14383
   0.14167
   0.13950
   0.13733
   0.13513
   0.13305
   0.13089
   0.12869
   0.12663
   0.12451
   0.12243
   0.12026
   0.11862
   0.11625
   0.11433
   0.11240
   0.11028
   0.10852
   0.10656
   0.10477
   0.10282
   0.10110
   0.09927
   0.09760
   0.09566
   0.09403
   0.09247
   0.09051
   0.08909
   0.08730
   0.08569
   0.08411
   0.08260
   0.08096
   0.07959
   0.07803
   0.07666
   0.07520
   0.07369
   0.07267
   0.07100
   0.06965
   0.06816
   0.06700
   0.06553
   0.06431
   0.06324
   0.06184
   0.06081
   0.05945
   0.05848
   0.05718
   0.05619
   0.05504
   0.05401
   0.05296
   0.05195
   0.05107
   0.05014
   0.04903
   0.04828
   0.04767
   0.04653
   0.04566
   0.04483
   0.04388
   0.04305
   0.04228
   0.04134
   0.04067
   0.03983
   0.03911
   0.03830
   0.03756
   0.03681
   0.03611
   0.03528
   0.03476
   0.03389
   0.03318
   0.03265
   0.03208
   0.03141
   0.03069
   0.03011
   0.02955
   0.02901
   0.02848
   0.02784
   0.02737
   0.02683
   0.02626
   0.02573
   0.02529
   0.02489
   0.02448
   0.02389
   0.02340
   0.02287
   0.02251
   0.02203
   0.02171
   0.02118
   0.02078
   0.02042
   0.02001
   0.01950
   0.01930
   0.01881
   0.01852
   0.01802
   0.01775
   0.01730
   0.01706
   0.01657
   0.01636
   0.01594
   0.01576
   0.01528
   0.01511
   0.01465
   0.01453
   0.01411
   0.01391
   0.01361
   0.01328
   0.01303
   0.01278
   0.01239
   0.01234
   0.01206
   0.01178
   0.01153
   0.01129
   0.01104
   0.01079
   0.01059
   0.01037
   0.01015
   0.00993
   0.00974
   0.00954
   0.00939
   0.00911
   0.00899
   0.00881
   0.00861
   0.00844
   0.00827
   0.00809
   0.00796
   0.00771
   0.00770
   0.00744
   0.00725
   0.00710
   0.00697
   0.00676
   0.00674
   0.00651
   0.00637
   0.00634
   0.00611
   0.00600
   0.00590
   0.00571
   0.00566
   0.00549
   0.00541
   0.00524
   0.00518
   0.00502
   0.00498
   0.00482
   0.00478
   0.00461
   0.00458
   0.00441
   0.00431
   0.00424
   0.00415
   0.00407
   0.00401
   0.00390
   0.00382
   0.00375
   0.00367
   0.00357
   0.00352
   0.00343
   0.00338
   0.00329
   0.00323
   0.00317
   0.00311
   0.00303
   0.00297
   0.00292
   0.00286
   0.00279
   0.00274
   0.00269
   0.00264
   0.00258
   0.00253
   0.00249
   0.00244
   0.00238
   0.00234
   0.00229
   0.00225
   0.00220
   0.00216
   0.00212
   0.00208
   0.00204
   0.00200
   0.00196
   0.00192
   0.00189
   0.00185
   0.00181
   0.00178
   0.00175
   0.00172
   0.00169
   0.00166
   0.00163
   0.00160
   0.00157
   0.00154
   0.00152
   0.00149
   0.00147
   0.00144
   0.00142
   0.00139
   0.00137
   0.00135
   0.00133
   0.00131
   0.00129
   0.00127
   0.00126
   0.00124
   0.00123
   0.00121
   0.00120
   0.00119
   0.00118
   0.00117
   0.00116
   0.00115
   0.00115
   0.00114
   0.00114
   0.00114
   0.00114
   0.00114
   0.00115
   0.00116
   0.00117
   0.00119
   0.00121
   0.00124
   0.00127
   0.00131
   0.00136
   0.00142
   0.00150
   0.00160
   0.00172
   0.00185
   0.00204
   0.00221
   0.00232
   0.00228
   0.00190
   0.00141
   0.00096
   0.00080
   0.00080
   0.00081
   0.00079
   0.00078
   0.00077
   0.00076
   0.00075
   0.00074
   0.00072
   0.00072
   0.00070
   0.00069
   0.00068
   0.00067
   0.00066
   0.00065
   0.00064
   0.00063
   0.00062
   0.00061
   0.00060
   0.00060
   0.00059
   0.00058
   0.00057
   0.00056
   0.00055
   0.00054
   0.00053
   0.00052
   0.00052
   0.00051
   0.00050
   0.00049
   0.00048
   0.00047
   0.00047
   0.00046
   0.00045
   0.00044
   0.00043
   0.00043
   0.00042
   0.00041
   0.00041
   0.00040
   0.00039
   0.00039
   0.00038
   0.00037
   0.00036
   0.00036
   0.00035
   0.00035
   0.00034
   0.00033
   0.00033
   0.00032
   0.00032
   0.00031
   0.00030
   0.00030
   0.00029
   0.00029
   0.00028
   0.00028
   0.00027
   0.00027
   0.00026
   0.00026
   0.00025
   0.00025
   0.00024
   0.00024
   0.00023
   0.00023
   0.00022
   0.00022
   0.00022
   0.00021
   0.00021
   0.00020
   0.00020
   0.00020
   0.00019
   0.00019
   0.00018
   0.00018
   0.00018
   0.00017
   0.00017
   0.00017
   0.00016
   0.00016
   0.00016
   0.00015
   0.00015
   0.00015
   0.00014
   0.00014
   0.00014
   0.00014
   0.00013
   0.00013
   0.00013
   0.00013
   0.00012
   0.00012
   0.00012
   0.00012
   0.00011
   0.00011
   0.00011
   0.00011
   0.00010
   0.00010
   0.00010
   0.00010
   0.00010
   0.00009
   0.00009
   0.00009
   0.00009
   0.00009
   0.00009
   0.00008
   0.00008
   0.00008
   0.00008
   0.00008
   0.00008
   0.00007
   0.00007
   0.00007
   0.00007
   0.00007
   0.00007
   0.00007
   0.00007
   0.00006
   0.00006
   0.00006
   0.00006
   0.00006
   0.00006
   0.00006
   0.00006
   0.00006
   0.00005
   0.00005
   0.00005
   0.00005
   0.00005
   0.00005
   0.00005
   0.00005
   0.00005
   0.00005
   0.00004
   0.00004
   0.00004
   0.00004
   0.00004
   0.00004
   0.00004
   0.00004
   0.00004
   0.00004
   0.00004
   0.00004
   0.00004
   0.00003
   0.00003
   0.00003
   0.00003
   0.00003
   0.00003
   0.00003
   0.00003
   0.00003
   0.00003
   0.00003
   0.00003
   0.00003
   0.00003
   0.00003
   0.00003
   0.00003
   0.00003
   0.00002
   0.00002
   0.00002
   0.00002
   0.00002
   0.00002
   0.00002
   0.00002
   0.00002
   0.00002
   0.00002
   0.00002
   0.00002
   0.00002
   0.00002
   0.00002
   0.00002
   0.00002
   0.00002
   0.00002
   0.00002
   0.00002
   0.00002
   0.00002
   0.00002
   0.00002
   0.00002
   0.00001
   0.00001
   0.00001
   0.00001
   0.00001
   0.00001
   0.00001
   0.00001
   0.00001
   0.00001
   0.00001
   0.00001
   0.00001
   0.00001
   0.00001
   0.00001
   0.00001
   0.00001
   0.00001
   0.00001
   0.00001
   0.00001
   0.00001
   0.00001
   0.00001
   0.00001
   0.00001
   0.00001
   0.00001
   0.00001
   0.00001
   0.00001
   0.00001
   0.00001
   0.00001
   0.00001
   0.00001
   0.00001
   0.00001
   0.00001
   0.00001
   0.00001
   0.00001
   0.00001
   0.00001
   0.00001
   0.00001
   0.00001
   0.00001
   0.00001
   0.00001
   0.00001
   0.00001
   0.00001
   0.00001
   0.00001
   0.00001
   0.00001
   0.00001
   0.00001
   0.00001
   0.00001
   0.00001
   0.00001
   0.00001
   0.00001
   0.00001
   0.00001
   0.00001
   0.00001
   0.00000
   0.00000
   0.00000
   0.00000
   0.00000
   0.00000
   0.00000
   0.00000
   0.00000
   0.00000
   0.00000
   0.00000
   0.00000
   0.00000
   0.00000
   0.00000
   0.00000
   0.00000
   0.00000
   0.82263
   0.00462
   0.00065
   0.00032
   0.00029
   0.00028
   0.00026
   0.00025
   0.00024
   0.00023
   0.00022
   0.00022
   0.00022
   0.00021
   0.00021
   0.00021
   0.00021
   0.00020
   0.00020
   0.00020
   0.00020
   0.00020
   0.00020
   0.00019
   0.00019
   0.00019
   0.00019
   0.00019
   0.00019
   0.00019
   0.00018
   0.00018
   0.00018
   0.00018
   0.00018
   0.00018
   0.00018
   0.00017
   0.00017
   0.00017
   0.00017
   0.00017
   0.00016
   0.00016
   0.00016
   0.00016
   0.00016
   0.00015
   0.00015
   0.00015
   0.00015
   0.00014
   0.00014
   0.00014
   0.00014
   0.00013
   0.00013
   0.00013
   0.00013
   0.00012
   0.00012
   0.00012
   0.00011
   0.00011
   0.00010
   0.00010
   0.00009
   0.00008
   0.00008
   0.00007
   0.00007
   0.00007
   0.00007
   0.00006
   0.00006
   0.00006
   0.00006
   0.00006
   0.00006
   0.00006
   0.00006
   0.00006
   0.00006
   0.00005
   0.00005
   0.00005
   0.00005
   0.00005
   0.00005
   0.00005
   0.00005
   0.00005
   0.00005
   0.00005
   0.00005
   0.00005
   0.00005
   0.00005
   0.00005
   0.00005
   0.00005
   0.00005
   0.00005
   0.00005
   0.00005
   0.00005
   0.00005
   0.00005
   0.00005
   0.00005
   0.00005
   0.00005
   0.00004
   0.00004
   0.00004
   0.00004
   0.00004
   0.00004
   0.00004
   0.00004
   0.00004
   0.00004
   0.00004
   0.00004
   0.00004
   0.00004
   0.00004
   0.00004
   0.00004
   0.00004
   0.00004
   0.00004
   0.00004
   0.00004
   0.00004
   0.00004
   0.00004
   0.00004
   0.00004
   0.00004
   0.00004
   0.00004
   0.00004
   0.00004
   0.00004
   0.00004
   0.00004
   0.00004
   0.00004
   0.00003
   0.00003
   0.00003
   0.00003
   0.00003
   0.00003
   0.00003
   0.00003
   0.00003
   0.00003
   0.00003
   0.00003
   0.00003
   0.00003
   0.00003
   0.00003
   0.00003
   0.00003
   0.00003
   0.00003
   0.00003
   0.00003
   0.00003
   0.00003
   0.00003
   0.00003
   0.00003
   0.00003
   0.00003
   0.00003
   0.00003
   0.00003
   0.00003
   0.00003
   0.00003
   0.00003
   0.00003
   0.00003
   0.00003
   0.00003
   0.00003
   0.00003
   0.00003
   0.00003
   0.00003
   0.00003
   0.00003
   0.00003
