   0.67652
   0.66084
   0.64772
   0.64366
   0.64194
   0.64187
   0.64234
   0.64349
   0.64211
   0.63581
   0.63923
   0.64255
   0.64202
   0.64160
   0.63977
   0.63757
   0.63661
   0.64141
   0.64035
   0.62992
   0.63654
   0.63658
   0.63637
   0.63694
   0.63602
   0.63735
   0.63662
   0.63191
   0.63256
   0.63514
   0.63470
   0.63447
   0.63290
   0.62898
   0.62780
   0.62628
   0.62199
   0.61818
   0.61324
   0.61161
   0.60936
   0.60673
   0.60366
   0.60278
   0.60033
   0.59956
   0.59984
   0.60077
   0.60128
   0.60124
   0.59792
   0.59381
   0.59033
   0.58844
   0.58812
   0.58825
   0.58835
   0.58707
   0.58388
   0.57862
   0.57110
   0.56257
   0.55399
   0.54575
   0.53781
   0.53108
   0.52471
   0.51839
   0.51278
   0.50761
   0.50291
   0.49797
   0.49344
   0.48896
   0.48457
   0.48019
   0.47580
   0.47153
   0.46716
   0.46296
   0.45862
   0.45428
   0.45096
   0.44675
   0.44218
   0.43757
   0.43288
   0.42812
   0.42326
   0.41831
   0.41324
   0.40806
   0.40275
   0.39728
   0.39166
   0.38588
   0.38008
   0.37406
   0.36785
   0.36153
   0.35506
   0.34854
   0.34200
   0.33533
   0.32863
   0.32196
   0.31537
   0.30874
   0.30217
   0.29565
   0.28919
   0.28282
   0.27644
   0.27011
   0.26378
   0.25747
   0.25120
   0.24493
   0.23869
   0.23247
   0.22622
   0.22006
   0.21391
   0.20782
   0.20179
   0.19613
   0.19023
   0.18438
   0.17858
   0.17286
   0.16721
   0.16162
   0.15630
   0.15086
   0.14551
   0.14022
   0.13503
   0.12994
   0.12495
   0.12007
   0.11531
   0.11069
   0.10640
   0.10202
   0.09780
   0.09373
   0.08979
   0.08599
   0.08235
   0.07884
   0.07546
   0.07221
   0.06908
   0.06607
   0.06317
   0.06039
   0.05770
   0.05511
   0.05261
   0.05022
   0.04794
   0.04572
   0.04352
   0.04149
   0.03959
   0.03770
   0.03590
   0.03427
   0.03274
   0.03117
   0.02978
   0.02849
   0.02726
   0.02609
   0.02494
   0.02382
   0.02272
   0.02163
   0.02055
   0.01950
   0.01846
   0.01746
   0.01649
   0.01552
   0.01463
   0.01379
   0.01299
   0.01224
   0.01153
   0.01086
   0.01023
   0.00964
   0.00909
   0.00857
   0.00809
   0.00763
   0.00720
   0.00679
   0.00640
   0.00604
   0.00571
   0.00538
   0.00505
   0.00472
   0.00441
   0.00417
   0.00515
   0.00437
   0.00365
   0.00485
   0.00903
   0.02818
   0.03114
   0.04172
   0.01533
   0.01702
   0.02696
   0.04005
   0.02027
   0.02675
   0.03045
   0.04279
   0.00842
   0.00855
   0.00873
   0.00957
   0.01065
   0.01388
   0.03203
   0.01360
   0.01689
   0.01448
   0.01695
   0.01950
   0.01922
   0.00369
   0.00431
   0.00432
   0.00459
   0.00505
   0.00549
   0.00630
   0.01881
   0.00711
   0.00831
   0.00857
   0.00935
   0.01136
   0.01099
   0.01029
   0.01048
   0.01748
   0.00458
   0.00302
   0.00322
   0.00325
   0.00480
   0.00377
   0.00466
   0.00362
   0.00415
   0.00442
   0.00513
   0.00599
   0.00637
   0.00321
   0.00340
   0.00365
   0.00399
   0.00390
   0.00448
   0.00368
   0.00368
   0.00720
   0.00090
   0.00091
   0.00097
   0.00101
   0.00101
   0.00100
   0.00102
   0.00106
   0.00108
   0.00077
   0.00116
   0.00128
   0.00395
   0.00444
   0.00437
   0.00413
   0.00394
   0.00398
   0.00380
   0.00366
   0.00346
   0.00316
   0.00291
   0.00116
   0.00108
   0.00098
   0.00089
   0.00079
   0.00070
   0.00062
   0.00056
   0.00054
   0.00045
   0.00042
   0.00046
   0.00040
   0.00081
   0.00040
   0.00486
   0.00397
   0.00046
   0.00037
   0.02115
   0.00381
   0.00250
   0.00186
   0.00160
   0.00144
   0.00133
   0.00123
   0.00116
   0.00110
   0.00105
   0.00099
   0.00094
   0.00088
   0.00082
   0.00076
   0.00069
   0.00062
   0.00056
   0.00051
   0.00049
   0.00036
   0.00041
   0.00040
   0.00046
   0.00285
   0.00031
   0.00034
   0.00032
   0.00033
   0.00033
   0.00031
   0.00030
   0.00047
   0.00056
   0.00131
   0.00156
   0.00131
   0.00120
   0.00111
   0.00104
   0.00097
   0.00090
   0.00085
   0.00081
   0.00078
   0.00075
   0.00073
   0.00071
   0.00069
   0.00068
   0.00066
   0.00063
   0.00061
   0.00057
   0.00053
   0.00048
   0.00043
   0.00039
   0.00035
   0.00033
   0.00025
   0.00027
   0.00021
   0.00172
   0.04280
   0.00152
   0.00156
   0.00142
   0.00132
   0.00129
   0.00129
   0.00128
   0.00125
   0.00117
   0.00108
   0.00100
   0.00093
   0.00087
   0.00081
   0.00076
   0.00072
   0.00069
   0.00066
   0.00064
   0.00061
   0.00060
   0.00058
   0.00056
   0.00055
   0.00053
   0.00051
   0.00049
   0.00046
   0.00042
   0.00039
   0.00035
   0.00032
   0.00028
   0.00027
   0.00032
   0.00017
   0.00025
   0.06101
   0.04357
   0.03265
   0.02603
   0.02255
   0.02027
   0.01846
   0.01703
   0.01580
   0.01477
   0.01387
   0.01308
   0.01238
   0.01173
   0.01113
   0.01057
   0.01004
   0.00954
   0.00907
   0.00863
   0.00820
   0.00780
   0.00742
   0.00706
   0.00673
   0.00641
   0.00610
   0.00582
   0.00555
   0.00530
   0.00506
   0.00483
   0.00462
   0.00442
   0.00424
   0.00406
   0.00390
   0.00375
   0.00361
   0.00347
   0.00334
   0.00322
   0.00310
   0.00298
   0.00286
   0.00275
   0.00262
   0.00251
   0.00239
   0.00227
   0.00215
   0.00201
   0.00189
   0.00178
   0.00190
   0.00207
   0.00199
   0.00184
   0.00214
   0.04501
   0.00164
   0.00151
   0.00145
   0.00140
   0.00136
   0.00133
   0.00130
   0.00126
   0.00118
   0.00108
   0.00097
   0.00086
   0.00076
   0.00068
   0.00065
   0.00058
   0.00055
   0.00053
   0.00049
   0.00219
   0.00044
   0.00043
   0.00041
   0.00039
   0.00037
   0.00035
   0.00078
   0.00102
   0.00097
   0.00093
   0.00088
   0.00083
   0.00060
   0.00027
   0.00026
   0.00022
   0.00035
   0.00020
   0.00019
   0.00222
   0.00047
   0.00047
   0.00046
   0.00045
   0.00044
   0.00043
   0.00041
   0.00040
   0.00039
   0.00038
   0.00037
   0.00036
   0.00035
   0.00034
   0.00033
   0.00032
   0.00032
   0.00031
   0.00031
   0.00032
   0.00032
   0.00033
   0.00035
   0.00036
   0.00038
   0.00039
   0.00040
   0.00040
   0.00039
   0.00038
   0.00036
   0.00034
   0.00032
   0.00031
   0.00030
   0.00029
   0.00029
   0.00029
   0.00028
   0.00026
   0.00024
   0.00022
   0.00021
   0.00020
   0.00039
   0.00031
   0.00030
   0.00030
   0.00030
   0.00030
   0.00030
   0.00029
   0.00029
   0.00029
   0.00029
   0.00028
   0.00027
   0.00027
   0.00026
   0.00025
   0.00024
   0.00024
   0.00023
   0.00022
   0.00022
   0.00021
   0.00021
   0.00021
   0.00022
   0.00022
   0.00023
   0.00023
   0.00024
   0.00025
   0.00025
   0.00025
   0.00025
   0.00025
   0.00024
   0.00023
   0.00022
   0.00021
   0.00021
   0.00020
   0.00020
   0.00020
   0.00021
   0.00019
   0.00017
   0.00015
   0.00014
   0.00014
   0.00013
   0.00011
   0.00011
   0.00010
   0.00035
   0.00049
   0.00053
   0.00058
   0.00064
   0.00071
   0.00075
   0.00073
   0.00068
   0.00063
   0.00060
   0.00059
   0.00060
   0.00060
   0.00057
   0.00057
   0.00055
   0.00053
   0.00052
   0.00050
   0.00049
   0.00048
   0.00046
   0.00045
   0.00043
   0.00042
   0.00039
   0.00037
   0.00034
   0.00031
   0.00028
   0.00025
   0.00023
   0.00021
   0.00021
   0.00021
   0.00020
   0.00020
   0.00019
   0.00018
   0.00018
   0.00017
   0.00017
   0.00017
   0.00017
   0.00017
   0.00015
   0.00015
   0.02675
   0.00010
   0.00010
   0.00010
   0.00010
   0.00010
   0.00009
   0.00009
   0.00009
   0.00009
   0.00009
   0.00009
   0.00009
   0.00009
   0.00009
   0.00009
   0.00009
   0.00009
   0.00010
   0.00010
   0.00010
   0.00010
   0.00010
   0.00011
   0.00011
   0.00012
   0.00013
   0.00014
   0.00015
   0.00016
   0.00017
   0.00018
   0.00020
   0.00021
   0.00021
   0.00020
   0.00020
   0.00019
   0.00018
   0.00018
   0.00018
   0.00019
   0.00021
   0.00021
   0.00021
   0.00020
   0.00019
   0.00018
   0.00017
   0.00016
   0.00015
   0.00014
   0.00013
   0.00012
   0.00011
   0.00011
   0.00010
   0.00009
   0.00009
   0.00008
   0.00008
   0.00007
   0.00007
   0.00007
   0.00007
   0.00007
   0.00007
   0.00008
   0.00008
   0.00008
   0.00008
   0.00008
   0.00007
   0.00007
   0.00006
   0.00006
   0.00005
   0.00005
   0.00005
   0.33673
   0.02337
   0.01989
   0.01721
   0.01491
   0.01346
   0.01242
   0.01142
   0.01047
   0.00965
   0.00902
   0.00856
   0.00809
   0.00770
   0.00732
   0.00708
   0.00692
   0.00683
   0.00685
   0.00700
   0.00701
   0.00700
   0.00702
   0.00700
   0.00696
   0.00689
   0.00676
   0.00662
   0.00639
   0.00608
   0.00583
   0.00554
   0.00537
   0.00533
   0.00541
   0.00561
   0.00586
   0.00598
   0.00617
   0.00611
   0.00625
   0.00628
   0.00693
   0.00769
   0.00592
   0.00688
   0.00561
   0.00576
   0.00524
   0.00482
   0.00441
   0.00403
   0.00360
   0.00319
   0.00276
   0.00245
   0.00230
   0.00211
   0.00181
   0.00155
   0.00152
   0.00151
   0.01174
   0.00451
   0.00396
   0.00350
   0.00314
   0.00284
   0.00260
   0.00236
   0.00213
   0.00195
   0.00180
   0.00168
   0.00157
   0.00148
   0.00140
   0.00132
   0.00125
   0.00119
   0.00113
   0.00107
   0.00101
   0.00096
   0.00091
   0.00087
   0.00082
   0.00079
   0.00077
   0.00074
   0.00072
   0.00070
   0.00067
   0.00065
   0.00063
   0.00063
   0.00061
   0.00063
   0.00063
   0.00061
   0.00059
   0.00057
   0.00056
   0.00054
   0.00053
   0.00052
   0.00051
   0.00050
   0.00049
   0.00049
   0.00047
   0.00046
   0.00045
   0.00044
   0.00043
   0.00042
   0.00041
   0.00040
   0.00039
   0.00038
   0.00037
   0.00037
   0.00036
   0.00035
   0.00037
   0.00048
   0.00045
   0.00044
   0.00045
   0.00046
   0.00046
   0.00047
   0.00048
   0.00049
   0.00050
   0.00051
   0.00051
   0.00051
   0.00051
   0.00050
   0.00049
   0.00048
   0.00047
   0.00045
   0.00044
   0.00043
   0.00042
   0.00041
   0.00040
   0.00039
   0.00038
   0.00036
   0.00035
   0.00032
   0.00031
   0.00029
   0.00028
   0.00028
   0.00027
   0.00026
   0.00026
   0.00025
   0.00025
   0.00024
   0.00024
   0.00023
   0.00023
   0.00022
   0.00022
   0.00021
   0.00045
   0.00042
   0.00041
   0.00041
   0.00040
   0.00040
   0.00040
   0.00040
   0.00039
   0.00039
   0.00039
   0.00039
   0.00039
   0.00039
   0.00039
   0.00039
   0.00038
   0.00037
   0.00036
   0.00035
   0.00034
   0.00031
   0.00030
   0.00029
   0.00028
   0.00027
   0.00027
   0.00026
   0.00025
   0.00024
   0.00023
   0.00022
   0.00021
   0.00020
   0.00020
   0.00019
   0.00018
   0.00017
   0.00017
   0.00016
   0.00016
   0.00015
   0.00015
   0.00015
   0.00014
   0.00014
   0.00014
   0.00013
   0.00013
   0.00013
   0.00012
   0.00063
   0.00059
   0.00057
   0.00054
   0.00052
   0.00050
   0.00048
   0.00045
   0.00044
   0.00042
   0.00040
   0.00039
   0.00037
   0.00036
   0.00035
   0.00033
   0.00032
   0.00031
   0.00031
   0.00030
   0.00029
   0.00029
   0.00028
   0.00028
   0.00028
   0.00027
   0.00027
   0.00026
   0.00025
   0.00025
   0.00024
   0.00023
   0.00022
   0.00022
   0.00021
   0.00020
   0.00020
