   0.70416
   0.72539
   0.73024
   0.73075
   0.73834
   0.73577
   0.73416
   0.73211
   0.73433
   0.73397
   0.73499
   0.73388
   0.73327
   0.74036
   0.73618
   0.73694
   0.73356
   0.73628
   0.73500
   0.73655
   0.73507
   0.73827
   0.73855
   0.73751
   0.73625
   0.73084
   0.72861
   0.72633
   0.72493
   0.72398
   0.72245
   0.72062
   0.71603
   0.71543
   0.71434
   0.71344
   0.71268
   0.71215
   0.71182
   0.71166
   0.71161
   0.71172
   0.71197
   0.71245
   0.71319
   0.71424
   0.71565
   0.71742
   0.71953
   0.72190
   0.72448
   0.72717
   0.72990
   0.73262
   0.73527
   0.73785
   0.74038
   0.74287
   0.74534
   0.74782
   0.75034
   0.75287
   0.75542
   0.75800
   0.76059
   0.76319
   0.76574
   0.76895
   0.77134
   0.77448
   0.77683
   0.77967
   0.78297
   0.78606
   0.78982
   0.79217
   0.79555
   0.79819
   0.79979
   0.80094
   0.80203
   0.80570
   0.80723
   0.82242
   0.82314
   0.82242
   0.82351
   0.82504
   0.82601
   0.82734
   0.83101
   0.83117
   0.83153
   0.83246
   0.83270
   0.83285
   0.83294
   0.83284
   0.83259
   0.83218
   0.83101
   0.83052
   0.83000
   0.82892
   0.82775
   0.82565
   0.82356
   0.82143
   0.81924
   0.81640
   0.81375
   0.81014
   0.80542
   0.80180
   0.79777
   0.79326
   0.78846
   0.78245
   0.77653
   0.76981
   0.76271
   0.75500
   0.74743
   0.73941
   0.73093
   0.72174
   0.71224
   0.70225
   0.69177
   0.67970
   0.66821
   0.65563
   0.64322
   0.62996
   0.61632
   0.60260
   0.58849
   0.57392
   0.55912
   0.54396
   0.52861
   0.51302
   0.49722
   0.48132
   0.46532
   0.44924
   0.43306
   0.41694
   0.40082
   0.38483
   0.36901
   0.35326
   0.33768
   0.32228
   0.30710
   0.29235
   0.27809
   0.26377
   0.24980
   0.23624
   0.22314
   0.21054
   0.19842
   0.18700
   0.17600
   0.16535
   0.15524
   0.14554
   0.13629
   0.12749
   0.11915
   0.11125
   0.10382
   0.09706
   0.09089
   0.08594
   0.08300
   0.08367
   0.08970
   0.09818
   0.10055
   0.09673
   0.09229
   0.08965
   0.08895
   0.08661
   0.07445
   0.05163
   0.02654
   0.05075
   0.02161
   0.02766
   0.03552
   0.01708
   0.01960
   0.01265
   0.01111
   0.01146
   0.00939
   0.01915
   0.00880
   0.00809
   0.00741
   0.00937
   0.00783
   0.00658
   1.09323
   0.00720
   0.00707
   0.00628
   0.38183
   0.00705
   0.00446
   0.00531
   0.00484
   0.00480
   0.00469
   0.00480
   0.00483
   0.00531
   0.00390
   0.00322
   0.00274
   0.00920
   0.00616
   0.00498
   0.00380
   0.00290
   0.00237
   0.00202
   0.00191
   0.00256
   0.00190
   0.00216
   0.00227
   0.00285
   0.00243
   0.00199
   0.00161
   0.00222
   0.00141
   0.00217
   0.00166
   0.00114
   0.00117
   0.00104
   0.00092
   0.00084
   0.00102
   0.00166
   0.00095
   0.78458
   0.00103
   0.00137
   0.00099
   0.00086
   2.25245
   0.00065
   0.00063
   2.22660
   0.00054
   0.00052
   0.00053
   0.00047
   0.00046
   0.00054
   0.00048
   0.00043
   0.00041
   0.00040
   0.00051
   0.00037
   0.00035
   0.00034
   0.03859
   1.70034
   0.00051
   0.00046
   0.00043
   0.00067
   0.00045
   0.00041
   0.00038
   0.00036
   0.76436
   0.00034
   0.00031
   0.00029
   0.00063
   0.00026
   0.39490
   0.00066
   0.00057
   0.00049
   0.00042
   0.00036
   0.00054
   0.00058
   0.00051
   0.00044
   0.00038
   0.00032
   0.00028
   0.00245
   0.00220
   0.00180
   0.00141
   0.00108
   0.00082
   0.00190
   0.00174
   0.00138
   0.00106
   0.00080
   0.00058
   0.00061
   0.00053
   0.00046
   0.00039
   0.00032
   0.00029
   0.00161
   0.00134
   0.00108
   0.00084
   0.00062
   0.00046
   0.27954
   0.00045
   0.00040
   0.00035
   0.00030
   0.00063
   0.00055
   0.00048
   0.00042
   0.00035
   0.00237
   0.00190
   0.00150
   0.00115
   0.00079
   0.00053
   0.00041
   0.00032
   0.04322
   0.02017
   0.01490
   0.01527
   0.01465
   0.01412
   0.01271
   0.00985
   0.00765
   0.00728
   0.00615
   0.01510
   0.01181
   0.01649
   0.00736
   0.00803
   0.01025
   0.01054
   0.01539
   0.00658
   0.00669
   0.00620
   0.00585
   0.00958
   0.01192
   0.00524
   0.00511
   0.00505
   0.00500
   0.00493
   0.00486
   0.00478
   0.00470
   0.00461
   0.00453
   0.00445
   0.00436
   0.00425
   0.00394
   0.00384
   0.00374
   0.00394
   0.00390
   0.00384
   0.00362
   0.00453
   0.00346
   0.00330
   0.00344
   0.00337
   0.00309
   0.00695
   0.00340
   0.00291
   0.00291
   0.00290
   0.00283
   0.00265
   0.00411
   0.00296
   0.00252
   0.00245
   0.00250
   0.00238
   0.00250
   0.01958
   0.00318
   0.00238
   0.00381
   0.00381
   0.00300
   0.00228
   0.00333
   0.00256
   0.00201
   0.00184
   0.00185
   0.00177
   0.00203
   0.03745
   0.00142
   0.00219
   0.00168
   0.00407
   0.00334
   0.00272
   0.00210
   0.00170
   0.00155
   0.00146
   0.00147
   0.00818
   0.00119
   0.02442
   2.05642
   0.00181
   0.00148
   0.00116
   0.00099
   0.00092
   0.00213
   0.00186
   0.00154
   0.00121
   0.00101
   0.00092
   0.00086
   0.00077
   0.00099
   1.70654
   0.00101
   0.00081
   0.00066
   0.00059
   0.00052
   0.00054
   0.13334
   0.00127
   0.00109
   0.00092
   0.00075
   0.00059
   0.00049
   0.00131
   0.00114
   0.00098
   0.00081
   0.00064
   0.00052
   0.00048
   0.00042
   0.00221
   0.00113
   0.00096
   0.00080
   0.00062
   0.00050
   0.00046
   0.00041
   0.00089
   0.00072
   0.00055
   0.00044
   0.00042
   0.00084
   0.00067
   0.00051
   0.00041
   0.00039
   0.00036
   0.00090
   0.00075
   0.00063
   0.00048
   0.00037
   0.00033
   0.00032
   0.00081
   0.00070
   0.00058
   0.00044
   0.00033
   0.00029
   0.00098
   0.00087
   0.00075
   0.00065
   0.00053
   0.00039
   0.00030
   0.00029
   0.00045
   0.00032
   0.00085
   0.00073
   0.00064
   0.00052
   0.00041
   0.00034
   0.00031
   0.05199
   0.00091
   0.00079
   0.00068
   0.00060
   0.00050
   0.00040
   0.00033
   2.73693
   0.00071
   0.00061
   0.00053
   0.00046
   0.00038
   0.00031
   0.00027
   0.00031
   0.00051
   0.00044
   0.00037
   0.00029
   0.00023
   0.00022
   0.00020
   0.00020
   0.00060
   0.00061
   0.00056
   0.00049
   0.00041
   0.00035
   0.00027
   0.00021
   0.00018
   0.00016
   0.00145
   0.00103
   0.00095
   0.00084
   0.00069
   0.00056
   0.00046
   0.00036
   0.00028
   0.00023
   0.00019
   0.19915
   0.00055
   0.00052
   0.00046
   0.00039
   0.00032
   0.00027
   0.00021
   0.00018
   0.00016
   0.00014
   0.00059
   0.00057
   0.00054
   0.00047
   0.00039
   0.00033
   0.00026
   0.00021
   0.00017
   0.00015
   0.00013
   0.00792
   0.00044
   0.00044
   0.00040
   0.00033
   0.00027
   0.00021
   0.00016
   0.00012
   0.00011
   0.00010
   0.00013
   1.62162
   0.00140
   0.00126
   0.00109
   0.00091
   0.00073
   0.00054
   0.00038
   0.00027
   0.00019
   0.00015
   0.00012
   0.00010
   1.30067
   0.00078
   0.00071
   0.00063
   0.00054
   0.00042
   0.00032
   0.00024
   0.00017
   0.00013
   0.00010
   0.00008
   0.00008
   0.00013
   0.00014
   0.00015
   0.00015
   0.00015
   0.00014
   0.00012
   0.00010
   0.00008
   0.00007
   0.00006
   0.00005
   0.00005
   0.00004
   0.00091
   0.00090
   0.00087
   0.00081
   0.00074
   0.00065
   0.00055
   0.00045
   0.00033
   0.00024
   0.00017
   0.00012
   0.00009
   0.00007
   0.00006
   0.00011
   0.00011
   0.00012
   0.00013
   0.00014
   0.00013
   0.00012
   0.00011
   0.00009
   0.00007
   0.00006
   0.00005
   0.00005
   0.00004
   0.00004
   0.00009
   0.00009
   0.00010
   0.00011
   0.00012
   0.00011
   0.00010
   0.00008
   0.00007
   0.00005
   0.00004
   0.00003
   0.00003
   0.00003
   0.00004
   0.02787
   0.00006
   0.00007
   0.00008
   0.00008
   0.00009
   0.00009
   0.00008
   0.00007
   0.00005
   0.00004
   0.00003
   0.00003
   0.00002
   0.69587
   0.71634
   0.71695
   0.71683
   0.71673
   0.71666
   0.71663
   0.71661
   0.71660
   0.71659
   0.71659
   0.71658
   0.71658
   0.71658
   0.71658
   0.71658
   0.71658
   0.71658
   0.71658
   0.71658
   0.71658
   0.71658
   0.71658
   0.71658
   0.71658
   0.71658
   0.71658
   0.71658
   0.71658
   0.71658
   0.71658
   0.71657
   0.71657
   0.71657
   0.71657
   0.71657
   0.71657
   0.71657
   0.71657
   0.71657
   0.71657
   0.71657
   0.71657
   0.71657
   0.71657
   0.71657
   0.71657
   0.71657
   0.71657
   0.71657
   0.71657
   0.71657
   0.71657
   0.71657
   0.71657
   0.71657
   0.71657
   0.71657
   0.71657
   0.71657
   0.71657
   0.71657
   0.71657
   0.71657
   0.71657
   0.71657
   0.71657
   0.71657
   0.71656
   0.71656
   0.71656
   0.71656
   0.71656
   0.71656
   0.71656
   0.71656
   0.71656
   0.71656
   0.71656
   0.71656
   0.71656
   0.71656
   0.71656
   0.71656
   0.71656
   0.71656
   0.71656
   0.71656
   0.71656
   0.71656
   0.71656
   0.71656
   0.71656
   0.71656
   0.71655
   0.71655
   0.71655
   0.71655
   0.71655
   0.71655
   0.71655
   0.71655
   0.71655
   0.71655
   0.71655
   0.71655
   0.71655
   0.71655
   0.71655
   0.71655
   0.71655
   0.71655
   0.71655
   0.71655
   0.71655
   0.71655
   0.71655
   0.71655
   0.71655
   0.71655
   0.71655
   0.71655
   0.71655
   0.71655
   0.71655
   0.71655
   0.71655
   0.71655
   0.71655
   0.71655
   0.71655
   0.71655
   0.71655
   0.71655
   0.71655
   0.71655
   0.71655
   0.71655
   0.71655
   0.71655
   0.71655
   0.71655
   0.71654
   0.71654
   0.71654
   0.71654
   0.71654
   0.71654
   0.71654
   0.71654
   0.71654
   0.71654
   0.71654
   0.71654
   0.71654
   0.71654
   0.71654
   0.71654
   0.71654
   0.71654
   0.71654
   0.71654
   0.71654
   0.71654
   0.71654
   0.71654
   0.71654
   0.71654
   0.71654
   0.71654
   0.71654
   0.71654
   0.71654
   0.71654
   0.71654
   0.71654
   0.71654
   0.71654
   0.71654
   0.71654
   0.71654
   0.71654
   0.71654
   0.71654
   0.71654
   0.71654
   0.71654
   0.71654
   0.71653
   0.71653
   0.71653
   0.71653
   0.71653
   0.71653
   0.71653
   0.71653
   0.71653
   0.71653
   0.71653
   0.71653
   0.71653
   0.71653
   0.71653
   0.71653
   0.71653
   0.71653
   0.71653
   0.71653
   0.71653
   0.71653
   0.71653
   0.71653
   0.71653
   0.71653
   0.71653
   0.71653
   0.71653
   0.71653
   0.71653
   0.71653
   0.71653
   0.71653
   0.71653
   0.71653
   0.71653
   0.71653
   0.71653
   0.71653
   0.71652
   0.71652
   0.71652
   0.71652
   0.71652
   0.71652
   0.71652
   0.71652
   0.71652
   0.71652
   0.71652
   0.71652
   0.71652
   0.71652
   0.71652
   0.71652
   0.71652
   0.71652
   0.71652
   0.71652
   0.71652
   0.71652
   0.71652
   0.71652
   0.71652
   0.71652
   0.71652
   0.71652
   0.71652
   0.71652
   0.71652
   0.71652
   0.71652
   0.71652
   0.71652
   0.71651
   0.71651
   0.71651
   0.71651
   0.71651
   0.71651
   0.71651
   0.71651
   0.71651
   0.71651
   0.71651
   0.71651
   0.71651
   0.71651
   0.71651
   0.71651
   0.71651
   0.71651
   0.71651
   0.71651
   0.71651
   0.71651
   0.71651
   0.71651
   0.71651
   0.71651
   0.71651
   0.71651
   0.71651
   0.71651
   0.71651
   0.71651
   0.71651
