   0.67880
   0.67367
   0.67163
   0.67222
   0.66985
   0.66848
   0.66705
   0.66722
   0.66658
   0.66509
   0.66537
   0.66430
   0.66442
   0.66362
   0.66331
   0.66317
   0.66440
   0.66219
   0.66221
   0.67140
   0.66405
   0.66216
   0.66291
   0.66215
   0.66163
   0.66153
   0.66114
   0.66142
   0.66059
   0.66083
   0.66275
   0.65979
   0.66016
   0.66652
   0.65906
   0.66035
   0.65944
   0.65778
   0.65255
   0.64900
   0.65120
   0.64609
   0.64087
   0.62933
   0.62540
   0.62001
   0.61337
   0.60767
   0.60119
   0.59537
   0.58949
   0.58378
   0.57800
   0.57196
   0.56648
   0.55850
   0.55114
   0.54288
   0.53544
   0.52805
   0.52055
   0.51266
   0.50453
   0.49636
   0.48828
   0.48047
   0.47310
   0.46617
   0.45967
   0.45359
   0.44788
   0.44256
   0.43747
   0.43263
   0.42801
   0.42358
   0.41930
   0.41515
   0.41111
   0.40716
   0.40329
   0.39948
   0.39572
   0.39200
   0.38832
   0.38467
   0.38106
   0.37745
   0.37385
   0.37026
   0.36667
   0.36309
   0.35951
   0.35593
   0.35235
   0.34878
   0.34521
   0.34164
   0.33809
   0.33453
   0.33099
   0.32747
   0.32395
   0.32045
   0.31698
   0.31354
   0.31012
   0.30675
   0.30341
   0.30011
   0.29687
   0.29368
   0.29054
   0.28748
   0.28447
   0.28152
   0.27862
   0.27579
   0.27300
   0.27028
   0.26759
   0.26493
   0.26230
   0.25968
   0.25709
   0.25448
   0.25186
   0.24920
   0.24653
   0.24414
   0.24133
   0.23847
   0.23553
   0.23250
   0.22934
   0.22607
   0.22266
   0.21908
   0.21530
   0.21138
   0.20725
   0.20296
   0.19853
   0.19395
   0.18924
   0.18443
   0.17955
   0.17467
   0.16981
   0.16498
   0.16021
   0.15556
   0.15101
   0.14661
   0.14233
   0.13818
   0.13419
   0.13031
   0.12661
   0.12303
   0.11958
   0.11625
   0.11303
   0.10993
   0.10692
   0.10401
   0.10119
   0.09846
   0.09580
   0.09322
   0.09070
   0.08825
   0.08586
   0.08353
   0.08125
   0.07901
   0.07682
   0.07466
   0.07253
   0.07043
   0.06835
   0.06628
   0.06422
   0.06219
   0.06016
   0.05817
   0.05619
   0.05426
   0.05237
   0.05053
   0.04874
   0.04702
   0.04535
   0.04376
   0.04223
   0.04076
   0.03936
   0.03802
   0.03674
   0.03551
   0.03435
   0.03323
   0.03218
   0.03117
   0.03023
   0.02930
   0.02833
   0.02724
   0.02597
   0.02452
   0.02301
   0.02154
   0.02029
   0.01937
   0.01927
   0.02094
   0.02187
   0.08050
   0.02906
   0.03378
   0.02514
   0.03418
   0.02657
   0.03110
   0.02803
   0.02682
   0.02503
   0.02305
   0.02093
   0.01867
   0.01634
   0.01414
   0.01278
   0.01196
   0.01156
   0.01109
   0.01062
   0.01010
   0.00960
   0.00905
   0.00849
   0.00797
   0.00748
   0.00704
   0.00665
   0.00628
   0.00594
   0.00561
   0.00526
   0.00563
   0.18530
   0.00490
   0.04712
   0.04136
   0.03607
   0.05611
   0.00561
   0.00614
   0.00520
   0.01396
   0.00490
   0.00544
   0.00375
   0.00309
   0.00343
   0.00298
   0.00287
   0.00264
   0.00245
   0.00228
   0.00215
   0.00737
   0.00204
   0.00196
   0.00189
   0.00674
   0.00771
   0.00180
   0.00914
   0.00257
   0.01232
   0.00240
   0.00453
   0.00147
   0.00167
   0.00420
   0.00233
   0.00208
   0.00309
   0.00131
   0.00134
   0.00286
   0.00123
   0.00235
   0.00202
   0.00346
   0.09357
   0.00154
   0.00247
   0.00354
   0.00399
   0.00450
   0.00128
   0.00420
   0.00178
   0.00074
   0.00275
   0.00307
   0.00300
   0.00205
   0.00247
   0.00220
   0.00238
   0.00686
   0.00100
   0.00113
   0.00099
   0.00095
   0.00114
   0.00174
   0.00123
   0.00152
   0.00333
   0.00836
   0.00396
   0.00351
   0.00306
   0.00266
   0.00221
   0.00205
   0.00198
   0.00192
   0.00205
   0.00174
   0.00195
   0.00187
   0.00180
   0.00169
   0.00155
   0.00150
   0.00133
   0.00070
   0.00072
   0.00066
   0.00067
   0.00069
   0.00071
   0.00074
   0.00076
   0.00077
   0.00075
   0.00074
   0.00040
   0.00602
   0.00741
   0.00604
   0.00490
   0.00412
   0.00377
   0.00352
   0.00349
   0.00348
   0.00336
   0.00308
   0.00278
   0.00249
   0.00239
   0.00231
   0.00217
   0.00198
   0.00175
   0.00157
   0.00151
   0.00158
   0.00178
   0.00205
   0.00189
   0.00214
   0.00179
   0.00188
   0.00211
   0.00195
   0.00179
   0.00167
   0.00158
   0.00151
   0.00144
   0.00135
   0.00126
   0.00118
   0.00112
   0.00111
   0.00118
   0.00143
   0.00161
   0.00127
   0.00285
   0.00230
   0.00208
   0.00186
   0.00172
   0.00159
   0.00144
   0.00131
   0.00122
   0.00117
   0.00114
   0.00110
   0.00104
   0.00097
   0.00091
   0.00088
   0.00102
   0.00150
   0.00128
   0.00027
   0.01263
   0.00908
   0.00776
   0.00696
   0.00619
   0.00538
   0.00482
   0.00435
   0.00388
   0.00358
   0.00326
   0.00302
   0.00280
   0.00258
   0.00235
   0.00217
   0.00203
   0.00191
   0.00180
   0.00174
   0.00165
   0.00150
   0.00134
   0.00118
   0.00105
   0.00099
   0.00098
   0.00102
   0.00111
   0.00140
   0.00138
   0.00085
   0.00108
   0.00097
   0.00077
   0.00201
   0.00189
   0.00152
   0.00144
   0.00139
   0.00134
   0.00131
   0.00128
   0.00123
   0.00117
   0.00113
   0.00112
   0.00122
   0.00139
   0.00143
   0.00137
   0.00128
   0.00119
   0.00110
   0.00103
   0.00096
   0.00091
   0.00087
   0.00088
   0.00085
   0.00078
   0.00073
   0.00063
   0.00059
   0.00056
   0.00058
   0.00063
   0.00067
   0.00071
   0.00077
   0.00074
   0.00434
   0.00545
   0.00489
   0.00431
   0.00278
   0.00156
   0.00123
   0.00106
   0.00095
   0.00088
   0.00085
   0.00084
   0.00082
   0.00081
   0.00080
   0.00076
   0.00074
   0.00072
   0.00071
   0.00072
   0.00080
   0.00084
   0.00081
   0.00076
   0.00070
   0.00062
   0.00050
   0.00063
   0.00049
   0.00058
   0.00047
   0.00040
   0.00036
   0.00035
   0.00035
   0.00036
   0.00033
   0.00029
   0.00026
   0.00024
   0.00025
   0.00026
   0.00028
   0.00028
   0.00029
   0.00029
   0.00031
   0.05312
   0.05366
   0.03443
   0.02584
   0.01787
   0.01259
   0.01067
   0.00977
   0.00909
   0.00859
   0.00822
   0.00790
   0.00763
   0.00738
   0.00716
   0.00695
   0.00675
   0.00656
   0.00637
   0.00619
   0.00602
   0.00585
   0.00570
   0.00554
   0.00540
   0.00527
   0.00511
   0.00450
   0.00441
   0.00423
   0.00405
   0.00395
   0.00380
   0.00365
   0.00351
   0.00338
   0.00325
   0.00312
   0.00299
   0.00287
   0.00275
   0.00264
   0.00252
   0.00241
   0.00231
   0.00221
   0.00211
   0.00202
   0.00193
   0.00187
   0.00182
   0.00178
   0.00174
   0.00170
   0.00162
   0.00149
   0.00139
   0.00139
   0.00152
   0.00182
   0.00108
   0.00178
   0.00164
   0.00174
   0.00186
   0.00110
   0.67907
   0.00358
   0.00360
   0.00370
   0.00388
   0.00414
   0.00444
   0.00463
   0.00454
   0.00424
   0.00386
   0.00354
   0.00329
   0.00318
   0.00302
   0.00264
   0.00244
   0.00232
   0.00462
   0.00412
   0.00229
   0.00266
   0.00261
   0.00188
   0.00197
   0.00243
   0.00394
   0.00381
   0.00241
   2.21866
   0.00284
   0.00281
   0.00285
   0.00290
   0.00300
   0.00315
   0.00330
   0.00343
   0.00344
   0.00326
   0.00296
   0.00261
   0.00233
   0.00216
   0.00208
   0.00206
   0.00157
   0.00159
   0.00327
   0.00152
   0.00151
   0.00508
   0.00163
   0.00476
   0.00277
   0.00065
   0.00241
   0.00080
   0.00414
   0.00461
   0.00280
   0.00177
   0.00179
   0.00183
   0.00190
   0.00201
   0.00216
   0.00231
   0.00238
   0.00230
   0.00212
   0.00189
   0.00170
   0.00156
   0.00147
   0.00143
   0.00126
   0.00084
   0.00081
   0.00088
   0.00110
   0.00163
   0.00318
   0.00168
   0.00098
   0.00418
   0.00115
   0.00117
   0.00118
   0.00119
   0.00119
   0.00119
   0.00119
   0.00120
   0.00122
   0.00126
   0.00131
   0.00137
   0.00143
   0.00143
   0.00136
   0.00123
   0.00109
   0.00097
   0.00088
   0.00083
   0.00080
   0.00077
   0.00057
   0.00057
   0.00074
   0.00109
   0.00195
   0.00247
   0.00041
   0.00078
   0.00080
   0.00083
   0.00086
   0.00088
   0.00090
   0.00092
   0.00094
   0.00095
   0.00096
   0.00097
   0.00097
   0.00097
   0.00097
   0.00099
   0.00101
   0.00104
   0.00109
   0.00115
   0.00118
   0.00116
   0.00107
   0.00096
   0.00084
   0.00075
   0.00069
   0.00065
   0.00063
   0.00061
   0.00046
   0.00047
   0.00063
   0.00091
   0.00158
   0.00200
   0.00060
   0.00055
   0.00057
   0.00060
   0.00062
   0.00064
   0.00066
   0.00067
   0.00069
   0.00070
   0.00072
   0.00072
   0.00073
   0.00074
   0.00074
   0.00074
   0.00075
   0.00076
   0.00079
   0.00082
   0.00087
   0.00091
   0.00093
   0.00090
   0.00083
   0.00075
   0.00066
   0.00059
   0.00055
   0.00051
   0.00049
   0.00047
   0.00038
   0.00034
   0.00044
   0.00060
   0.00088
   0.00134
   0.00034
   0.00044
   0.00046
   0.00047
   0.00049
   0.00050
   0.00051
   0.00052
   0.00053
   0.00054
   0.00054
   0.00054
   0.00055
   0.00055
   0.00055
   0.00056
   0.00057
   0.00060
   0.00063
   0.00066
   0.00068
   0.00069
   0.00066
   0.00061
   0.00055
   0.00049
   0.00045
   0.00041
   0.00039
   0.00037
   0.00035
   0.00030
   0.00027
   0.00037
   0.00053
   0.00074
   0.00100
   0.00034
   0.00090
   0.00031
   0.00033
   0.00034
   0.00035
   0.00036
   0.00036
   0.00037
   0.00038
   0.00039
   0.00040
   0.00041
   0.00041
   0.00042
   0.00042
   0.00042
   0.00042
   0.00042
   0.00042
   0.00043
   0.00043
   0.00043
   0.00043
   0.00045
   0.00046
   0.00049
   0.00051
   0.00052
   0.00051
   0.00048
   0.00044
   0.00040
   0.00036
   0.00033
   0.00031
   0.00029
   0.00027
   0.00026
   0.00023
   0.00021
   0.00029
   0.00043
   0.00059
   0.00071
   0.00016
   0.00020
   0.00020
   0.00020
   0.00020
   0.00021
   0.00021
   0.00021
   0.00022
   0.00023
   0.00023
   0.00024
   0.00025
   0.00025
   0.00026
   0.00027
   0.00028
   0.00029
   0.00029
   0.00030
   0.00030
   0.00031
   0.00031
   0.00032
   0.00032
   0.00032
   0.00032
   0.00032
   0.00032
   0.00032
   0.00032
   0.00033
   0.00035
   0.00036
   0.00038
   0.00039
   0.00038
   0.00036
   0.00034
   0.00031
   0.00027
   0.00025
   0.00023
   0.00021
   0.00020
   0.00019
   0.00018
   0.00016
   0.00015
   0.00020
   0.00026
   0.00033
   0.00036
   0.00046
   0.00218
   0.00013
   0.00013
   0.00013
   0.00014
   0.00014
   0.00014
   0.00015
   0.00015
   0.00016
   0.00016
   0.00017
   0.00018
   0.00018
   0.00019
   0.00019
   0.00020
   0.00020
   0.00021
   0.00021
   0.00022
   0.00022
   0.00022
   0.00022
   0.00022
   0.00022
   0.00022
   0.00023
   0.00023
   0.00023
   0.00024
   0.00025
   0.00026
   0.00027
   0.00028
   0.00027
   0.00026
   0.00024
   0.00021
   0.00019
   0.00017
   0.00016
   0.00015
   0.00014
   0.00013
   0.00012
   0.00011
   0.00011
   0.00015
   0.00020
   0.00023
   0.00024
   0.00030
   0.00011
   0.00010
   0.00010
   0.00010
   0.00010
   0.00010
   0.00010
   0.00011
   0.00011
   0.00011
   0.00011
   0.00011
   0.00012
   0.00012
   0.00012
   0.00013
   0.00013
   0.00013
   0.00014
   0.00014
   0.00015
   0.00015
   0.00016
