   0.70196
   0.70245
   0.69996
   0.69959
   0.69811
   0.69670
   0.69619
   0.69539
   0.69471
   0.69390
   0.69316
   0.69233
   0.69217
   0.69123
   0.69056
   0.69049
   0.68828
   0.68755
   0.68627
   0.68368
   0.68432
   0.68370
   0.68222
   0.68157
   0.68003
   0.67940
   0.67774
   0.67670
   0.67532
   0.67489
   0.67310
   0.67076
   0.66973
   0.66807
   0.67058
   0.66713
   0.66442
   0.66303
   0.66206
   0.66075
   0.66004
   0.65845
   0.65715
   0.65587
   0.65475
   0.65397
   0.65310
   0.65160
   0.65135
   0.65031
   0.64888
   0.64910
   0.64834
   0.64789
   0.64716
   0.64751
   0.65818
   0.64719
   0.64754
   0.64804
   0.65069
   0.65311
   0.65780
   0.66717
   0.68368
   0.68088
   0.69025
   0.70258
   0.70650
   0.71173
   0.71449
   0.71514
   0.71600
   0.71478
   0.71484
   0.71996
   0.73038
   0.72428
   0.71864
   0.71124
   0.70736
   0.70243
   0.69653
   0.69110
   0.68525
   0.68015
   0.67418
   0.66764
   0.66157
   0.65668
   0.65077
   0.64584
   0.63912
   0.63309
   0.62662
   0.61950
   0.61322
   0.60706
   0.60033
   0.59529
   0.58722
   0.58011
   0.57506
   0.56623
   0.55942
   0.55439
   0.54779
   0.53918
   0.53363
   0.52689
   0.51959
   0.51251
   0.50545
   0.49771
   0.49133
   0.48434
   0.47534
   0.46942
   0.46157
   0.45495
   0.44593
   0.44092
   0.43297
   0.43112
   0.42330
   0.41539
   0.41376
   0.40567
   0.40174
   0.39783
   0.39319
   0.39016
   0.38531
   0.38434
   0.37806
   0.37626
   0.37221
   0.36998
   0.36661
   0.36506
   0.36237
   0.36088
   0.35864
   0.35661
   0.35576
   0.35432
   0.35247
   0.35017
   0.34880
   0.34617
   0.34415
   0.34157
   0.33965
   0.33775
   0.33640
   0.33174
   0.32855
   0.32527
   0.32120
   0.31777
   0.31388
   0.31267
   0.30830
   0.30542
   0.30120
   0.29851
   0.29403
   0.29123
   0.28758
   0.28281
   0.28003
   0.27609
   0.27222
   0.26795
   0.26408
   0.26144
   0.25603
   0.25076
   0.24629
   0.24292
   0.23926
   0.23335
   0.22949
   0.22463
   0.22018
   0.21529
   0.21117
   0.20607
   0.20090
   0.19736
   0.19285
   0.18884
   0.18380
   0.17874
   0.17538
   0.17144
   0.16788
   0.16444
   0.16138
   0.15707
   0.15371
   0.14972
   0.14743
   0.14395
   0.14080
   0.13718
   0.13471
   0.13231
   0.12991
   0.12619
   0.12442
   0.12155
   0.11985
   0.11724
   0.11453
   0.11217
   0.10960
   0.10870
   0.10562
   0.10399
   0.10148
   0.09881
   0.09760
   0.09563
   0.09501
   0.09195
   0.09042
   0.08776
   0.08623
   0.08500
   0.08241
   0.08110
   0.08015
   0.07748
   0.07630
   0.07501
   0.07445
   0.07159
   0.07151
   0.07058
   0.06889
   0.06902
   0.06879
   0.06738
   0.07009
   0.06787
   0.06809
   0.06822
   0.06819
   0.06906
   0.06870
   0.06624
   0.05983
   0.05258
   0.04938
   0.04896
   0.04818
   0.04714
   0.04801
   0.04690
   0.04853
   0.04921
   0.04727
   0.04669
   0.04357
   0.04510
   0.04306
   0.04215
   0.04251
   0.04265
   0.04114
   0.05188
   0.05209
   0.05608
   0.05934
   0.05950
   0.05902
   0.05920
   0.06196
   0.06170
   0.06075
   0.06444
   0.06429
   0.06506
   0.06513
   0.06288
   0.06735
   0.06716
   0.06625
   0.06401
   0.06373
   0.06317
   0.06223
   0.06099
   0.06017
   0.05873
   0.05646
   0.05819
   0.05586
   0.05337
   0.05277
   0.05254
   0.05073
   0.04940
   0.04811
   0.04735
   0.04735
   0.04578
   0.04555
   0.04479
   0.04386
   0.04295
   0.04206
   0.04167
   0.04044
   0.04130
   0.03935
   0.03889
   0.03891
   0.03854
   0.03859
   0.03852
   0.03841
   0.03816
   0.03779
   0.03804
   0.03769
   0.03772
   0.03790
   0.03595
   0.03771
   0.03749
   0.03421
   0.03574
   0.03724
   0.03447
   0.03528
   0.02765
   0.02125
   0.01012
   0.01301
   0.04825
   0.00981
   0.01073
   0.01079
   0.01048
   0.02555
   0.01060
   0.01888
   0.02021
   0.01711
   0.01303
   0.00960
   0.00787
   0.01050
   0.02227
   0.06131
   0.03005
   0.02570
   0.00756
   0.01325
   0.01144
   0.00740
   0.00662
   0.00699
   0.00689
   0.00700
   0.00710
   0.00728
   0.00776
   0.00931
   0.02003
   0.00761
   0.00674
   0.00751
   0.00980
   0.01623
   0.29326
   0.00793
   0.00843
   0.00679
   0.00564
   0.00567
   0.00573
   0.00580
   0.00597
   0.00634
   0.00769
   0.01600
   0.00636
   0.00534
   0.00624
   0.00477
   0.00525
   0.00475
   0.00493
   0.00476
   0.00483
   0.00477
   0.00478
   0.00475
   0.00475
   0.00476
   0.00478
   0.00482
   0.00489
   0.00504
   0.00544
   0.00729
   0.00667
   0.01089
   0.04363
   0.01356
   0.00923
   0.01269
   0.01072
   0.00546
   0.01102
   0.00474
   0.02653
   0.00683
   0.00343
   0.00427
   0.00345
   0.00394
   0.00349
   0.00378
   0.00349
   0.00368
   0.00347
   0.00361
   0.00346
   0.00354
   0.00344
   0.00349
   0.00342
   0.00344
   0.00341
   0.00340
   0.00340
   0.00339
   0.00340
   0.00340
   0.00342
   0.00345
   0.00352
   0.00364
   0.00396
   0.00519
   0.00414
   0.00605
   0.00593
   0.00299
   0.00346
   0.00423
   0.00517
   0.00404
   0.00593
   0.02040
   0.06321
   0.00988
   0.01828
   0.00299
   0.00329
   0.00308
   0.00293
   0.00303
   0.00310
   0.00313
   0.00314
   0.00314
   0.00317
   0.00317
   0.00318
   0.00318
   0.00318
   0.00318
   0.00317
   0.00319
   0.00318
   0.00315
   0.00312
   0.00313
   0.00310
   0.00310
   0.00306
   0.00308
   0.00303
   0.00303
   0.00300
   0.00300
   0.00296
   0.00295
   0.00293
   0.00291
   0.00288
   0.00288
   0.00284
   0.00283
   0.00279
