   0.66658
   0.66566
   0.66514
   0.66479
   0.66473
   0.66450
   0.66393
   0.66398
   0.66371
   0.66350
   0.66305
   0.66360
   0.66339
   0.66947
   0.67427
   0.66634
   0.66361
   0.66259
   0.66216
   0.66184
   0.66150
   0.66114
   0.66111
   0.66083
   0.66050
   0.66013
   0.65962
   0.65940
   0.65900
   0.65860
   0.65821
   0.65780
   0.65744
   0.65703
   0.65740
   0.66657
   0.65959
   0.66746
   0.66460
   0.66237
   0.65891
   0.65664
   0.65269
   0.64961
   0.64827
   0.64545
   0.64335
   0.63981
   0.63628
   0.63213
   0.62824
   0.62343
   0.61877
   0.61401
   0.60874
   0.60338
   0.59793
   0.59216
   0.58654
   0.58094
   0.57557
   0.57043
   0.56555
   0.56089
   0.55568
   0.55075
   0.54557
   0.54023
   0.53482
   0.52947
   0.52432
   0.51947
   0.51479
   0.51037
   0.50617
   0.50176
   0.49730
   0.49306
   0.48848
   0.48388
   0.47930
   0.47475
   0.47035
   0.46605
   0.46204
   0.45808
   0.45431
   0.45069
   0.44717
   0.44414
   0.44082
   0.43762
   0.43449
   0.43145
   0.42849
   0.42558
   0.42272
   0.41993
   0.41717
   0.41444
   0.41175
   0.40903
   0.40638
   0.40373
   0.40111
   0.39850
   0.39589
   0.39328
   0.39069
   0.38811
   0.38552
   0.38293
   0.38034
   0.37776
   0.37518
   0.37258
   0.36996
   0.36735
   0.36475
   0.36211
   0.35947
   0.35682
   0.35416
   0.35149
   0.34881
   0.34614
   0.34340
   0.34061
   0.33787
   0.33512
   0.33237
   0.32961
   0.32684
   0.32408
   0.32130
   0.31853
   0.31576
   0.31299
   0.31023
   0.30748
   0.30471
   0.30196
   0.29925
   0.29658
   0.29388
   0.29121
   0.28857
   0.28599
   0.28338
   0.28080
   0.27827
   0.27588
   0.27343
   0.27104
   0.26871
   0.26650
   0.26424
   0.26202
   0.25983
   0.25767
   0.25552
   0.25338
   0.25122
   0.24906
   0.24686
   0.24460
   0.24228
   0.23987
   0.23740
   0.23485
   0.23218
   0.22942
   0.22653
   0.22354
   0.22041
   0.21717
   0.21381
   0.21033
   0.20673
   0.20302
   0.19921
   0.19527
   0.19128
   0.18718
   0.18300
   0.17879
   0.17455
   0.17028
   0.16599
   0.16169
   0.15739
   0.15314
   0.14894
   0.14482
   0.14079
   0.13687
   0.13308
   0.12942
   0.12593
   0.12261
   0.11947
   0.11652
   0.11375
   0.11117
   0.10877
   0.10652
   0.10441
   0.10241
   0.10050
   0.09864
   0.09679
   0.09492
   0.09301
   0.09100
   0.08893
   0.08676
   0.08449
   0.08214
   0.07973
   0.07727
   0.07474
   0.07221
   0.06966
   0.06713
   0.06461
   0.06211
   0.05963
   0.05720
   0.05482
   0.05250
   0.05025
   0.04808
   0.04599
   0.04400
   0.04213
   0.04036
   0.03872
   0.03721
   0.03583
   0.03457
   0.03345
   0.03244
   0.03157
   0.03081
   0.03019
   0.02969
   0.02932
   0.02907
   0.02894
   0.02889
   0.02895
   0.02908
   0.02926
   0.02951
   0.02981
   0.03017
   0.03058
   0.03107
   0.03169
   0.03253
   0.03370
   0.03542
   0.03780
   0.04057
   0.04335
   0.04598
   0.04817
   0.04299
   0.04557
   0.04688
   0.01972
   0.04029
   0.01449
   0.00939
   0.01088
   0.01139
   0.00824
   0.01002
   0.01828
   0.02037
   0.02490
   0.05390
   0.05642
   0.05171
   0.04930
   0.04298
   0.05008
   0.01405
   0.01874
   0.04172
   0.04264
   0.01273
   0.01245
   0.02483
   0.01110
   0.02875
   0.01048
   0.02658
   0.00993
   0.02160
   0.00998
   0.01395
   0.01063
   0.01116
   0.01101
   0.01083
   0.01043
   0.00993
   0.00933
   0.00887
   0.00849
   0.00826
   0.00810
   0.00801
   0.00795
   0.00797
   0.00811
   0.00902
   0.01154
   0.00782
   0.00830
   0.00550
   0.00623
   0.00611
   0.00557
   0.00515
   0.00518
   0.00530
   0.00322
   0.00356
   0.00352
   0.00355
   0.00313
   0.00740
   0.00281
   0.00268
   0.00265
   0.00264
   0.00275
   0.00582
   0.00214
   0.00208
   0.00206
   0.00202
   0.00205
   0.00218
   0.18549
   0.00200
   0.00194
   0.00195
   0.00183
   0.00174
   0.00166
   0.00160
   0.00154
   0.00148
   0.00143
   0.00135
   0.00133
   0.00135
   0.00140
   0.00145
   0.00154
   0.01164
   0.00122
   0.00130
   0.00128
   0.00126
   0.00123
   0.00121
   0.00119
   0.00116
   0.00114
   0.00113
   0.00111
   0.00108
   0.00104
   0.00101
   0.00099
   0.00099
   0.00100
   0.00100
   0.00107
   0.00118
   0.00129
   0.00102
   0.00098
   0.00096
   0.00094
   0.00093
   0.00090
   0.00087
   0.00085
   0.00084
   0.00084
   0.00151
   0.00085
   0.00120
   0.00096
   0.00399
   0.00058
   0.00069
   0.00222
   0.00098
   0.00079
   0.00068
   0.00065
   0.00064
   0.00065
   0.00067
   0.00069
   0.00069
   0.00069
   0.00069
   0.00067
   0.00065
   0.00064
   0.00063
   0.00062
   0.00061
   0.00059
   0.00058
   0.00056
   0.00055
   0.00053
   0.00053
   0.00053
   0.00052
   0.00053
   0.00055
   0.00059
   0.00060
   0.00121
   0.00054
   0.00055
   0.00055
   0.00054
   0.00053
   0.00051
   0.00049
   0.00048
   0.00047
   0.00047
   0.00047
   0.00048
   0.00048
   0.00049
   0.00051
   0.00053
   0.00054
   0.00054
   0.00053
   0.00052
   0.00051
   0.00049
   0.00048
   0.00047
   0.00047
   0.00046
   0.00045
   0.00043
   0.00042
   0.00041
   0.00041
   0.00041
   0.00041
   0.00041
   0.00052
   0.00496
   0.00392
   0.00111
   0.00107
   0.00102
   0.00097
   0.00093
   0.00088
   0.00081
   0.00075
   0.00069
   0.00064
   0.00059
   0.00055
   0.00052
   0.00049
   0.00046
   0.00044
   0.00042
   0.00041
   0.00041
   0.00040
   0.00040
   0.00040
   0.00040
   0.00040
   0.00040
   0.00040
   0.00040
   0.00040
   0.00039
   0.00038
