   0.54352
   0.51098
   0.46657
   0.45591
   0.46616
   0.46926
   0.45444
   0.48658
   0.48595
   0.48747
   0.48672
   0.48280
   0.48121
   0.48287
   0.47440
   0.47205
   0.46743
   0.46528
   0.45625
   0.45136
   0.44625
   0.44141
   0.60271
   0.56224
   0.53974
   0.52631
   0.51812
   0.51307
   0.50994
   0.50799
   0.50678
   0.50602
   0.50555
   0.50526
   0.50507
   0.50496
   0.50489
   0.50485
   0.50482
   0.50481
   0.50480
   0.50480
   0.50480
   0.50480
   0.50480
   0.50481
   0.50481
   0.50482
   0.50482
   0.50483
   0.50483
   0.50483
   0.50484
   0.50484
   0.50484
   0.50484
   0.50485
   0.50485
   0.50485
   0.50486
   0.50486
   0.50486
   0.50487
   0.50487
   0.50488
   0.50488
   0.50489
   0.50489
   0.50489
   0.50490
   0.50490
   0.50490
   0.50491
   0.50491
   0.50491
   0.50491
   0.50492
   0.50492
   0.50492
   0.50492
   0.50492
   0.50493
   0.50493
   0.50493
   0.50493
   0.50493
   0.50493
   0.50493
   0.50494
   0.50494
   0.50494
   0.50494
   0.50494
   0.50494
   0.50494
   0.50494
   0.50495
   0.50495
   0.50495
   0.50495
   0.50495
   0.50495
   0.50496
   0.50496
   0.50496
   0.50496
   0.50496
   0.50496
   0.50496
   0.50496
   0.50496
   0.50497
   0.50497
   0.50497
   0.50497
   0.50497
   0.50497
   0.50497
   0.50497
   0.50497
   0.50498
   0.50498
   0.50498
   0.50498
   0.50498
   0.50498
   0.50498
   0.50498
   0.50498
   0.50499
   0.50499
   0.50499
   0.50499
   0.50499
   0.50499
   0.50499
   0.50499
   0.50499
   0.50500
   0.50500
   0.50500
   0.50500
   0.50500
   0.50500
   0.50500
   0.50500
   0.50501
   0.50501
   0.50501
   0.50501
   0.50501
   0.50501
   0.50501
   0.50502
   0.50502
   0.50502
   0.50502
   0.50502
   0.50502
   0.50502
   0.50503
   0.50503
   0.50503
   0.50503
   0.50503
   0.50504
   0.50504
   0.50504
   0.50504
   0.50505
   0.50505
   0.50506
   0.50506
   0.50506
   0.50507
   0.50507
   0.50507
   0.50507
   0.50507
   0.50508
   0.50508
   0.50508
   0.50508
   0.50508
   0.50508
   0.50509
   0.50509
   0.50509
   0.50509
   0.50509
   0.50509
   0.50509
   0.50509
   0.50510
   0.50510
   0.50510
   0.50511
   0.50511
   0.50511
   0.50512
   0.50512
   0.50513
   0.50513
   0.50513
   0.50513
   0.50513
   0.50513
   0.50513
   0.50513
   0.50513
   0.50513
   0.50512
   0.50512
   0.50512
   0.50513
   0.50513
   0.50513
   0.50513
   0.50513
   0.50513
   0.50513
   0.50513
   0.50513
   0.50513
   0.50513
   0.50513
   0.50513
   0.50513
   0.50513
   0.50514
   0.50514
   0.50514
   0.50514
   0.50514
   0.50514
   0.50514
   0.50514
   0.50514
   0.50514
   0.50514
   0.50515
   0.50515
   0.50515
   0.50515
   0.50515
   0.50515
   0.50515
   0.50515
   0.50516
   0.50516
   0.50516
   0.50516
   0.50517
   0.50517
   0.50517
   0.50518
   0.50518
   0.50518
   0.50518
   0.50518
   0.50519
   0.50519
   0.50519
   0.50519
   0.50519
   0.50519
   0.50519
   0.50519
   0.50519
   0.50519
   0.50519
   0.50519
   0.50519
   0.50519
   0.50519
   0.50520
   0.50520
   0.50520
   0.50520
   0.50520
   0.50520
   0.50519
   0.50519
   0.50519
   0.50519
   0.50519
   0.50519
   0.50519
   0.50519
   0.50519
   0.50519
   0.50519
   0.50519
   0.50519
   0.50519
   0.50519
   0.50519
   0.50519
   0.50519
   0.50519
   0.50519
   0.50519
   0.50519
   0.50519
   0.50519
   0.50519
   0.50519
   0.50519
   0.50519
   0.50519
   0.50519
   0.50520
   0.50520
   0.50520
   0.50520
   0.50520
   0.50520
   0.50520
   0.50520
   0.50520
   0.50520
   0.50520
   0.50520
   0.50520
   0.50520
   0.50520
   0.50520
   0.50521
   0.50521
   0.50521
   0.50521
   0.50521
   0.50521
   0.50521
   0.50521
   0.50521
   0.50521
   0.50521
   0.50521
   0.50521
   0.50521
   0.50521
   0.50521
   0.50521
   0.50521
   0.50521
   0.50521
   0.50520
   0.50520
   0.50520
   0.50520
   0.50520
   0.50520
   0.50520
   0.50520
   0.50520
   0.50520
   0.50520
   0.50520
   0.50520
   0.50520
   0.50520
   0.50520
   0.50520
   0.50520
   0.50520
   0.50519
   0.50519
   0.50519
   0.50519
   0.50519
   0.50519
   0.50519
   0.50519
   0.50520
   0.50520
   0.50520
   0.50521
   0.50521
   0.50521
   0.50521
   0.50521
   0.50522
   0.50522
   0.50522
   0.50522
   0.50522
   0.50522
   0.50522
   0.50522
   0.50522
   0.50522
   0.50522
   0.50522
   0.50522
   0.50522
   0.50522
   0.50522
   0.50522
   0.50523
   0.50523
   0.50523
   0.50523
   0.50523
   0.50523
   0.50523
   0.50523
   0.50523
   0.50523
   0.50523
   0.50523
   0.50523
   0.50523
   0.50523
   0.50523
   0.50523
   0.50523
   0.50523
   0.50523
   0.50523
   0.50523
   0.50523
   0.50523
   0.50523
   0.50523
   0.50524
   0.50524
   0.50524
   0.50524
   0.50524
   0.50524
   0.50524
   0.50524
   0.50524
   0.50524
   0.50524
   0.50524
   0.50524
   0.50524
   0.50524
   0.50524
   0.50524
   0.50524
   0.50524
   0.50524
   0.50524
   0.50524
   0.50524
   0.50524
   0.50524
   0.50524
   0.50525
   0.50525
   0.50525
   0.50525
   0.50525
   0.50525
   0.50525
   0.50525
   0.50525
   0.50525
   0.50525
   0.50525
   0.50525
   0.50525
   0.50525
   0.50525
   0.50525
   0.50525
   0.50525
   0.50525
   0.50525
   0.50525
   0.50525
   0.50525
   0.50526
   0.50526
   0.50526
   0.50526
   0.50526
   0.50526
   0.50526
   0.50526
   0.50526
   0.50526
   0.50526
   0.50526
   0.50526
   0.50526
   0.50526
   0.50526
   0.50526
   0.50526
   0.50526
   0.50526
   0.50526
   0.50526
   0.50526
   0.50527
   0.50527
