   0.67008
   0.65292
   0.64821
   0.64359
   0.63651
   0.63360
   0.63085
   0.63828
   0.62564
   0.62300
   0.62023
   0.62072
   0.61498
   0.61250
   0.60974
   0.60872
   0.60685
   0.61136
   0.61144
   0.61352
   0.61407
   0.61497
   0.61225
   0.60592
   0.59199
   0.57725
   0.55862
   0.54409
   0.51881
   0.51108
   0.49939
   0.49078
   0.48049
   0.47001
   0.46708
   0.46652
   0.46891
   0.47698
   0.46990
   0.46027
   0.45067
   0.44126
   0.42916
   0.41711
   0.40353
   0.39043
   0.37763
   0.36533
   0.35271
   0.34103
   0.32838
   0.31703
   0.30484
   0.29331
   0.28022
   0.26732
   0.25678
   0.24426
   0.23353
   0.22328
   0.21162
   0.20164
   0.19192
   0.18214
   0.17384
   0.16577
   0.15771
   0.15089
   0.14425
   0.13799
   0.13255
   0.12769
   0.12279
   0.11884
   0.11594
   0.11226
   0.10853
   0.10577
   0.10337
   0.10084
   0.09848
   0.09649
   0.09359
   0.09017
   0.08820
   0.08456
   0.08098
   0.07667
   0.07247
   0.06810
   0.06576
   0.06311
   0.05981
   0.05593
   0.04957
   0.04131
   0.03485
   0.03024
   0.04502
   0.05742
   0.07264
   0.08637
   0.08034
   0.06625
   0.06341
   0.06143
   0.05924
   0.05623
   0.05333
   0.04995
   0.04639
   0.04335
   0.03947
   0.03670
   0.03456
   0.03332
   0.03121
   0.02760
   0.02464
   0.02171
   0.01979
   0.01891
   0.01833
   0.01407
   0.00653
   0.01073
   0.02018
   0.00425
   0.05096
   0.00441
   0.00583
   0.00855
   0.00866
   0.00945
   0.01099
   0.01258
   0.01347
   0.01450
   0.01493
   0.01493
   0.01365
   0.01237
   0.01126
   0.02735
   0.00198
   0.00186
   0.02997
   0.04588
   0.06625
   0.01605
   0.02023
   0.01540
   0.02093
   0.05255
   0.06294
   0.04738
   0.04270
   0.03893
   0.03416
   0.02402
   0.01578
   0.01141
   0.00330
   0.07183
   0.01130
   0.00682
   0.02923
   0.00267
   0.01019
   0.00291
   0.01114
   0.00238
   0.00435
   0.00436
   0.00230
   0.00537
   0.00302
   0.00500
   0.00277
   0.00494
   0.01432
   0.00633
   0.00571
   0.00526
   0.00496
   0.00476
   0.00137
   0.00754
   0.00423
   0.00441
   0.00474
   0.00439
   0.00429
   0.00085
   0.00387
   0.00415
   0.00344
   0.00466
   0.00432
   0.00378
   0.40522
   0.00682
   0.00693
   0.00528
   0.00261
   0.00334
   0.00216
   0.00390
   0.00226
   0.00796
   0.00279
   0.00364
   0.00458
   0.00211
   0.03965
   0.00814
   0.00542
   0.00424
   0.00335
   0.00290
   0.00271
   0.00231
   0.00204
   0.00104
   0.00166
   0.00108
   0.00138
   0.00773
   0.08200
   0.04847
   0.04293
   0.03865
   0.03708
   0.03200
   0.03069
   0.02980
   0.02900
   0.02965
   0.02904
   0.02840
   0.02776
   0.02716
   0.02650
   0.02577
   0.02522
   0.02440
   0.02324
   0.02276
   0.02076
   0.02064
   0.01776
   0.01720
   0.01344
   0.01212
   0.01001
   0.01509
   0.00568
   0.00573
   0.00516
   2.31936
   0.00942
   0.00898
   0.00784
   0.00769
   0.00735
   0.00660
   0.00508
   0.00423
   0.00384
   0.00354
   0.00329
   0.00301
   0.00281
   0.00265
   0.00250
   0.00238
   0.00230
   0.00220
   0.00241
   0.00241
   0.00232
   0.00224
   0.00216
   0.00228
   0.00161
   0.00270
   0.00158
   0.00173
   0.00173
   0.00173
   0.00185
   0.00233
   0.00240
   0.00233
   0.00146
   0.00149
   0.00166
   0.00150
   0.00138
   0.00097
   0.00095
   0.00089
   0.00081
   0.00076
   0.00071
   0.00067
   0.00063
   0.02000
   0.00906
   0.00612
   0.00504
   0.00436
   0.00380
   0.00348
   0.00308
   0.00263
   0.00228
   0.00188
   0.00187
   0.00152
   0.00133
   0.00124
   0.00116
   0.00108
   0.00100
   0.00092
   0.00085
   0.00078
   0.00071
   0.00065
   0.00058
   0.00054
   0.00050
   0.00047
   0.00044
   0.00042
   0.00040
   0.00038
   0.00036
   0.00035
   0.00033
   0.00031
   0.00030
   0.00028
   0.00026
   0.00025
   0.00170
   0.00026
   8.37168
   0.03246
   0.01892
   0.01346
   0.01032
   0.00865
   0.00768
   0.00678
   0.00619
   0.00542
   0.00468
   0.00434
   0.00403
   0.00375
   0.00349
   0.00327
   0.00306
   0.00285
   0.00266
   0.00247
   0.00222
   0.01258
   2.50050
   0.05081
   0.02412
   0.01952
   0.01530
   0.01338
   0.01221
   0.01105
   0.00947
   0.00870
   0.00809
   0.00755
   0.00706
   0.00662
   0.00622
   0.00585
   0.00551
   0.00520
   0.00491
   0.00464
   0.00439
   0.00415
   0.00393
   0.00373
   0.00353
   0.00335
   0.00318
   0.00301
   0.00286
   0.00270
   0.00254
   0.00240
   0.00228
   0.00216
   0.00205
   0.00195
   0.00185
   0.00175
   0.00166
   0.00157
   0.00149
   0.00141
   0.00134
   0.00127
   0.00120
   0.00114
   0.00108
   0.00102
   0.00097
   0.00092
   0.00087
   0.00082
   0.00078
   0.00073
   0.00069
   0.00066
   0.00062
   0.00059
   0.00055
   0.00052
   0.00049
   0.00047
   0.00044
   0.00042
   0.00039
   0.00033
   0.00031
   0.00029
   0.00028
   0.00026
   0.00025
   0.00023
   0.00022
   0.00021
   0.00020
   0.00019
   0.00018
   0.00017
   0.00016
   0.00015
   0.00014
   0.00013
   0.00013
   0.00012
   0.00011
   0.00010
   0.00010
   0.00009
   0.00009
   0.00008
   0.00009
   0.00022
   0.04006
   0.01218
   0.00774
   0.00603
   0.00484
   0.00393
   0.00352
   0.00326
   0.00272
   0.00260
   0.00240
   0.00207
   0.00189
   0.00170
   0.00162
   0.00152
   0.00146
   0.00138
   0.00130
   0.00118
   0.00107
   0.00102
   0.00113
   0.00150
   0.00108
   0.00122
   0.00786
   0.00279
   0.00142
   0.00116
   0.00089
   0.00139
   0.00127
   0.00114
   0.00103
   0.00094
   0.00086
   0.00080
   0.00075
   0.00071
   0.00069
   0.00067
   0.00063
   0.00060
   0.00068
   0.00059
   0.00060
   0.00060
   0.00059
   0.00058
   0.00058
   0.00057
   0.00054
   0.00050
   0.00047
   0.00043
   0.00042
   0.00042
   0.00045
   0.00117
   0.00051
   0.00077
   0.00120
   0.00059
   0.01052
   0.00482
   0.00288
   0.00212
   0.00185
   0.00170
   0.00158
   0.00151
   0.00144
   0.00129
   0.00124
   0.00119
   0.00116
   0.00116
   0.00120
   0.00125
   0.00127
   0.00124
   0.00116
   0.00107
   0.00101
   0.00095
   0.00089
   0.00083
   0.00077
   0.00071
   0.00066
   0.00061
   0.00056
   0.00052
   0.00047
   0.00043
   0.00040
   0.00036
   0.00032
   0.00029
   0.00027
   0.00027
   0.00030
   0.00032
   0.00033
   0.00033
   0.00034
   0.00034
   0.00035
   0.00035
   0.00034
   0.00032
   0.00030
   0.00028
   0.00026
   0.00022
   0.00017
   0.00018
   0.00012
   0.00027
   0.00092
   0.00027
   0.00027
   0.00027
   0.00027
   0.00027
   0.00027
   0.00026
   0.00026
   0.00026
   0.00026
   0.00025
   0.00025
   0.00024
   0.00024
   0.00024
   0.00024
   0.00024
   0.00024
   0.00023
   0.00022
   0.00021
   0.00019
   0.00017
   0.00015
   0.00014
   0.00012
   0.00011
   0.00010
   0.00010
   0.00010
   0.00009
   0.00009
   0.00009
   0.00009
   0.00010
   0.00009
   0.00009
   0.00010
   0.00010
   0.00010
   0.00010
   0.00010
   0.00010
   0.00010
   0.00010
   0.00009
   0.00009
   0.00008
   0.00008
   0.00007
   0.00007
   0.00006
   0.00006
   0.00005
   0.00005
   0.00005
   0.00005
   0.00005
   0.00005
   0.00005
   0.00005
   0.00005
   0.00005
   0.00005
   0.00005
   0.00005
   0.00004
   0.00004
   0.00003
   0.00003
   0.34280
   0.00365
   0.00266
   0.00200
   0.00164
   0.00124
   0.00108
   0.00094
   0.00083
   0.00074
   0.00067
   0.00061
   0.00056
   0.00051
   0.00047
   0.00044
   0.00040
   0.00037
   0.00034
   0.00032
   0.00030
   0.00027
   0.00026
   0.00024
   0.00023
   0.00021
   0.00020
   0.00019
   0.00019
   0.00018
   0.00017
   0.00016
   0.00016
   0.00015
   0.00014
   0.00013
   0.00012
   0.00012
   0.00011
   0.00010
   0.00009
   0.00008
   0.00008
   0.00021
   0.00729
   0.00246
   0.00178
   0.00145
   0.00097
   0.00082
   0.00072
   0.00064
   0.00057
   0.00052
   0.00048
   0.00044
   0.00040
   0.00035
   0.00031
   0.00027
   0.00025
   0.00024
   0.00022
   0.00021
   0.00019
   0.00018
   0.00017
   0.00015
   0.00014
   0.00013
   0.00012
   0.00011
   0.00010
   0.00009
   0.00009
   0.00008
   0.00008
   0.00007
   0.00007
   0.00006
   0.00006
   0.00006
   0.00005
   0.00005
   0.00005
   0.00004
   0.00004
   0.00004
   3.92482
   0.00302
   0.00187
   0.00139
   0.00113
   0.00096
   0.00083
   0.00074
   0.00066
   0.00060
   0.00055
   0.00050
   0.00045
   0.00041
   0.00038
   0.00034
   0.00031
   0.00028
   0.00026
   0.00023
   0.00021
   0.00020
   0.00018
   0.00016
   0.00015
   0.00014
   0.00013
   0.00012
   0.00012
   0.00011
   0.00010
   0.00010
   0.00009
   0.00008
   0.00008
   0.00007
   0.00007
   0.00007
   0.00006
   0.00006
   0.00005
   0.00005
   0.00005
   0.00005
   0.00004
   0.00004
   0.00004
   0.00004
   0.00003
   0.00003
   0.00003
   0.00003
   0.00003
   0.00003
   0.00003
   0.00003
   0.00003
   0.00002
   0.00002
   0.00002
   0.00002
   0.00002
   0.00002
   0.00002
   0.00001
   0.00001
   0.00001
   0.00001
   0.00002
   0.00001
   0.00001
   0.00305
   0.00004
   0.00003
   0.00003
   0.00003
   0.00003
   0.00003
   0.00003
   0.00003
   0.00003
   0.00003
   0.00003
   0.00003
   0.00003
   0.00003
   0.00003
   0.00002
   0.00002
   0.00002
   0.00002
   0.00002
   0.00002
   0.00002
   0.00002
   0.00002
   0.00002
   0.00002
   0.00002
   0.00002
   0.00002
   0.00002
   0.00002
   0.00002
   0.00002
   0.00002
   0.00002
   0.00002
   0.00002
   0.00002
   0.00002
   0.00002
   0.00002
   0.00002
   0.00002
   0.00002
   0.00002
   0.00002
   0.00002
   0.00002
   0.00002
   0.00002
   0.00002
   0.00002
   0.00002
   0.00002
   0.00002
   0.00002
   0.00002
   0.00002
   0.00002
   0.00002
   0.00002
   0.00002
   0.00002
   0.00002
   0.00002
   0.00002
   0.00002
   0.00002
   0.00001
   0.00003
   0.00001
   0.00001
   0.00006
   0.00236
   0.00079
   0.00055
   0.00045
   0.00038
   0.00033
   0.00029
   0.00026
   0.00023
   0.00021
   0.00020
   0.00018
   0.00017
   0.00016
   0.00015
   0.00014
   0.00013
   0.00013
   0.00012
   0.00012
   0.00011
   0.00011
   0.00011
   0.00011
   0.00010
   0.00010
   0.00010
   0.00010
   0.00010
   0.00009
   0.00009
   0.00009
   0.00009
   0.00009
   0.00008
   0.00008
   0.00008
   0.00008
   0.00007
   0.00007
   0.00006
   0.00006
   0.00005
   0.00005
   0.00005
   0.00004
   0.00004
   0.00004
   0.00004
   0.00004
   0.00004
   0.00003
   0.00003
   0.00003
   0.00003
   0.00003
   0.00003
   0.00003
   0.00003
   0.00003
   0.00003
   0.00003
   0.00003
   0.00003
   0.00003
   0.00003
   0.00003
   0.00003
   0.01097
   0.00055
   0.00053
   0.00052
   0.00051
   0.00049
   0.00048
   0.00047
   0.00045
   0.00044
   0.00043
   0.00042
   0.00040
   0.00036
   0.00033
   0.00031
   0.00030
   0.00029
   0.00028
   0.00027
   0.00026
   0.00025
   0.00024
   0.00024
   0.00023
   0.00022
   0.00021
   0.00020
   0.00020
   0.00019
   0.00018
   0.00018
   0.00017
   0.00017
   0.00016
   0.00016
   0.00015
   0.00015
   0.00014
   0.00014
   0.00014
   0.00013
   0.00013
   0.00013
   0.00012
   0.00012
