   0.68763
   0.69044
   0.68776
   0.68824
   0.68718
   0.68700
   0.68669
   0.68647
   0.68625
   0.68605
   0.68574
   0.68550
   0.68527
   0.68501
   0.68477
   0.68452
   0.68425
   0.68398
   0.68371
   0.68341
   0.68315
   0.68285
   0.68255
   0.68224
   0.68193
   0.68160
   0.68127
   0.68090
   0.68055
   0.68019
   0.67981
   0.67942
   0.67901
   0.67859
   0.67815
   0.67771
   0.67725
   0.67677
   0.67628
   0.67577
   0.67524
   0.67469
   0.67413
   0.67356
   0.67296
   0.67234
   0.67172
   0.67107
   0.67040
   0.66972
   0.66903
   0.66832
   0.66759
   0.66685
   0.66608
   0.66531
   0.66451
   0.66369
   0.66287
   0.66202
   0.66116
   0.66029
   0.65937
   0.65845
   0.65751
   0.65655
   0.65557
   0.65458
   0.65354
   0.65249
   0.65137
   0.65035
   0.64925
   0.64810
   0.64699
   0.64583
   0.64467
   0.64352
   0.64250
   0.64131
   0.64015
   0.63901
   0.63801
   0.63687
   0.63591
   0.63498
   0.63412
   0.63331
   0.63250
   0.63204
   0.63170
   0.63147
   0.63141
   0.63124
   0.63138
   0.63164
   0.63236
   0.63294
   0.63349
   0.63401
   0.63392
   0.63317
   0.63168
   0.62925
   0.62608
   0.62231
   0.61829
   0.61412
   0.61016
   0.60577
   0.60195
   0.59757
   0.59379
   0.58951
   0.58539
   0.58154
   0.57742
   0.57315
   0.56940
   0.56521
   0.56129
   0.55732
   0.55334
   0.54942
   0.54558
   0.54163
   0.53791
   0.53423
   0.53037
   0.52678
   0.52326
   0.51970
   0.51617
   0.51275
   0.50937
   0.50608
   0.50282
   0.49949
   0.49619
   0.49298
   0.48987
   0.48668
   0.48353
   0.48043
   0.47746
   0.47446
   0.47153
   0.46856
   0.46569
   0.46291
   0.46010
   0.45722
   0.45447
   0.45178
   0.44908
   0.44639
   0.44371
   0.44106
   0.43844
   0.43585
   0.43311
   0.43046
   0.42787
   0.42539
   0.42292
   0.42052
   0.41818
   0.41575
   0.41344
   0.41111
   0.40881
   0.40660
   0.40438
   0.40210
   0.39995
   0.39780
   0.39563
   0.39359
   0.39153
   0.38929
   0.38717
   0.38514
   0.38312
   0.38115
   0.37928
   0.37739
   0.37553
   0.37369
   0.37186
   0.37005
   0.36837
   0.36664
   0.36498
   0.36340
   0.36174
   0.36022
   0.35865
   0.35714
   0.35571
   0.35428
   0.35279
   0.35133
   0.34991
   0.34852
   0.34713
   0.34585
   0.34445
   0.34303
   0.34169
   0.34036
   0.33898
   0.33767
   0.33635
   0.33491
   0.33346
   0.33190
   0.33032
   0.32873
   0.32716
   0.32556
   0.32393
   0.32217
   0.32028
   0.31838
   0.31654
   0.31466
   0.31278
   0.31086
   0.30881
   0.30685
   0.30469
   0.30259
   0.30054
   0.29831
   0.29624
   0.29396
   0.29184
   0.29021
   0.28797
   0.28551
   0.28335
   0.28126
   0.27911
   0.27702
   0.27485
   0.27270
   0.27056
   0.26843
   0.26637
   0.26432
   0.26220
   0.26011
   0.25807
   0.25598
   0.25385
   0.25181
   0.24965
   0.24754
   0.24552
   0.24353
   0.24143
   0.23938
   0.23732
   0.23535
   0.23326
   0.23124
   0.22925
   0.22723
   0.22582
   0.22339
   0.22149
   0.21956
   0.21760
   0.21563
   0.21366
   0.21186
   0.20974
   0.20791
   0.20591
   0.20407
   0.20211
   0.20022
   0.19838
   0.19643
   0.19457
   0.19266
   0.19085
   0.18895
   0.18715
   0.18531
   0.18341
   0.18161
   0.17982
   0.17790
   0.17623
   0.17431
   0.17266
   0.17075
   0.16909
   0.16729
   0.16546
   0.16380
   0.16198
   0.16027
   0.15852
   0.15685
   0.15508
   0.15341
   0.15172
   0.15003
   0.14836
   0.14667
   0.14505
   0.14334
   0.14169
   0.14002
   0.13845
   0.13678
   0.13524
   0.13354
   0.13208
   0.13035
   0.12894
   0.12720
   0.12587
   0.12409
   0.12286
   0.12105
   0.11982
   0.11805
   0.11682
   0.11504
   0.11387
   0.11215
   0.11079
   0.10940
   0.10789
   0.10661
   0.10505
   0.10377
   0.10229
   0.10105
   0.09953
   0.09832
   0.09682
   0.09558
   0.09420
   0.09300
   0.09163
   0.09033
   0.08910
   0.08780
   0.08656
   0.08533
   0.08410
   0.08288
   0.08158
   0.08055
   0.07922
   0.07818
   0.07691
   0.07591
   0.07463
   0.07366
   0.07242
   0.07149
   0.07027
   0.06933
   0.06825
   0.06724
   0.06620
   0.06521
   0.06427
   0.06323
   0.06227
   0.06135
   0.06044
   0.05945
   0.05860
   0.05776
   0.05678
   0.05596
   0.05511
   0.05425
   0.05354
   0.05264
   0.05183
   0.05109
   0.05029
   0.04953
   0.04880
   0.04811
   0.04737
   0.04668
   0.04600
   0.04533
   0.04467
   0.04402
   0.04339
   0.04276
   0.04217
   0.04157
   0.04098
   0.04040
   0.03984
   0.03929
   0.03874
   0.03822
   0.03770
   0.03719
   0.03670
   0.03622
   0.03573
   0.03526
   0.03480
   0.03435
   0.03392
   0.03350
   0.03307
   0.03267
   0.03226
   0.03187
   0.03148
   0.03111
   0.03074
   0.03038
   0.03002
   0.02968
   0.02934
   0.02901
   0.02870
   0.02838
   0.02807
   0.02777
   0.02747
   0.02718
   0.02690
   0.02663
   0.02637
   0.02610
   0.02586
   0.02561
   0.02536
   0.02513
   0.02489
   0.02467
   0.02446
   0.02425
   0.02405
   0.02384
   0.02364
   0.02346
   0.02327
   0.02310
   0.02292
   0.02275
   0.02258
   0.02241
   0.02226
   0.02210
   0.02193
   0.02177
   0.02161
   0.02146
   0.02130
   0.02112
   0.02096
   0.02081
   0.02066
   0.02050
   0.02033
   0.02016
   0.01998
   0.01979
   0.01960
   0.01940
   0.01920
   0.01899
   0.01876
   0.01853
   0.01829
   0.01803
   0.01777
   0.01748
   0.01720
   0.01691
   0.01662
   0.01635
   0.01606
   0.01575
   0.01543
   0.01515
   0.01484
   0.01453
   0.01425
   0.01396
   0.01368
   0.01339
   0.01314
   0.01286
