   0.69325
   0.69130
   0.68976
   0.68918
   0.68657
   0.68730
   0.68660
   0.68676
   0.68711
   0.68503
   0.68339
   0.68333
   0.68215
   0.68143
   0.68082
   0.67949
   0.67849
   0.67785
   0.67667
   0.67560
   0.67452
   0.67386
   0.67282
   0.67168
   0.67059
   0.67118
   0.66936
   0.78656
   0.78037
   0.75155
   0.71305
   0.68053
   0.66999
   0.66554
   0.66311
   0.66162
   0.66060
   0.65918
   0.65775
   0.65684
   0.65602
   0.65527
   0.65455
   0.65388
   0.65559
   0.65289
   0.65892
   0.66538
   0.65914
   0.65776
   0.65526
   0.65553
   0.65595
   0.65844
   0.66144
   0.66611
   0.67072
   0.67200
   0.67990
   0.68631
   0.68987
   0.71019
   0.73165
   0.72908
   0.73088
   0.73205
   0.73397
   0.73599
   0.73606
   0.73710
   0.73796
   0.73739
   0.73695
   0.73497
   0.73223
   0.72628
   0.72528
   0.72052
   0.71727
   0.71382
   0.70810
   0.70239
   0.69775
   0.69447
   0.68859
   0.68351
   0.67838
   0.67465
   0.67035
   0.66434
   0.66114
   0.65554
   0.62702
   0.64618
   0.64021
   0.63484
   0.62815
   0.62193
   0.61675
   0.61055
   0.60350
   0.59814
   0.59111
   0.58628
   0.57770
   0.57152
   0.56420
   0.56131
   0.55206
   0.54134
   0.54075
   0.53528
   0.52636
   0.51823
   0.51257
   0.50684
   0.49850
   0.49284
   0.48577
   0.47939
   0.47289
   0.46647
   0.45933
   0.45249
   0.44614
   0.44005
   0.43451
   0.42883
   0.42392
   0.41980
   0.41564
   0.41209
   0.40874
   0.40489
   0.40218
   0.39954
   0.39755
   0.39618
   0.39504
   0.39451
   0.39418
   0.39544
   0.39648
   0.39694
   0.39767
   0.39799
   0.39831
   0.39782
   0.39759
   0.39635
   0.39529
   0.39257
   0.39115
   0.38873
   0.38699
   0.38516
   0.38262
   0.38026
   0.37732
   0.37483
   0.37259
   0.37014
   0.36748
   0.36426
   0.36293
   0.36140
   0.35918
   0.35471
   0.35227
   0.34976
   0.34811
   0.34426
   0.34257
   0.33923
   0.33782
   0.33376
   0.33199
   0.32774
   0.32659
   0.32227
   0.32086
   0.31629
   0.31391
   0.31007
   0.30686
   0.30313
   0.29986
   0.29690
   0.29629
   0.29078
   0.28916
   0.28578
   0.28317
   0.28057
   0.27502
   0.27394
   0.27107
   0.26753
   0.26369
   0.26117
   0.25841
   0.25350
   0.25126
   0.24934
   0.24775
   0.24212
   0.24162
   0.23738
   0.23457
   0.23293
   0.23131
   0.22638
   0.22435
   0.22021
   0.21802
   0.21626
   0.21440
   0.20904
   0.20662
   0.20470
   0.20340
   0.20052
   0.19584
   0.19491
   0.19178
   0.18877
   0.18748
   0.18472
   0.18096
   0.17728
   0.17536
   0.17353
   0.17197
   0.16820
   0.16459
   0.16419
   0.16220
   0.15662
   0.15705
   0.15699
   0.15184
   0.14860
   0.14810
   0.14554
   0.14213
   0.13881
   0.13666
   0.13406
   0.13358
   0.13006
   0.12558
   0.12570
   0.12493
   0.12056
   0.11760
   0.11762
   0.11598
   0.11140
   0.10775
   0.10888
   0.10458
   0.10270
   0.10183
   0.10041
   0.09763
   0.09510
   0.09279
   0.09289
   0.09013
   0.08749
   0.08591
   0.08573
   0.08356
   0.08024
   0.08012
   0.07786
   0.07801
   0.07433
   0.07312
   0.07230
   0.07018
   0.06863
   0.06851
   0.06633
   0.06474
   0.06402
   0.06338
   0.06193
   0.06074
   0.05979
   0.05907
   0.05754
   0.05668
   0.05602
   0.05500
   0.05417
   0.05325
   0.05227
   0.05156
   0.05055
   0.04999
   0.04917
   0.04790
   0.04770
   0.04722
   0.04655
   0.04633
   0.04495
   0.04482
   0.04589
   0.04449
   0.04515
   0.04474
   0.04455
   0.04392
   0.04283
   0.04145
   0.03927
   0.03737
   0.03651
   0.03430
   0.03288
   0.03314
   0.03873
   0.03175
   0.05276
   0.03218
   0.06280
   0.06698
   0.12576
   0.10773
   0.19034
   0.12840
   0.03147
   0.02935
   0.03474
   0.03330
   0.03371
   0.03381
   0.03391
   0.03304
   0.03409
   0.03262
   0.03338
   0.03206
   0.03367
   0.03056
   0.03441
   0.02948
   0.03456
   0.02832
   0.03434
   0.02738
   0.03400
   0.02670
   0.03365
   0.02544
   0.03388
   0.02472
   0.03253
   0.02399
   0.03103
   0.02465
   0.02804
   0.02488
   0.02607
   0.02420
   0.02406
   0.02410
   0.02251
   0.02104
   0.02238
   0.02100
   0.02055
   0.02036
   0.02015
   0.01942
   0.01917
   0.01847
   0.01841
   0.01808
   0.01765
   0.01695
   0.01645
   0.01626
   0.01588
   0.01525
   0.01497
   0.01482
   0.01466
   0.01413
   0.01441
   0.01343
   0.01309
   0.01280
   0.01247
   0.01228
   0.01193
   0.01193
   0.01144
   0.01118
   0.01096
   0.01079
   0.01073
   0.01042
   0.01014
   0.00991
   0.00968
   0.00954
   0.00949
   0.00929
   0.00915
   0.00887
   0.00878
   0.00858
   0.00854
   0.00843
   0.00825
   0.00804
   0.00789
   0.00774
   0.00761
   0.00750
   0.00743
   0.00728
   0.00715
   0.00702
   0.00694
   0.00681
   0.00670
   0.00661
   0.00647
   0.00638
   0.00628
   0.00617
   0.00607
   0.00604
   0.00599
   0.00594
   0.00580
   0.00570
   0.00565
   0.00554
   0.00551
   0.00534
   0.00518
   0.00512
   0.00496
   0.00487
   0.00484
   0.00471
   0.00454
   0.00450
   0.00438
   0.00424
   0.00419
   0.00403
   0.00398
   0.00384
   0.00384
   0.00367
   0.00359
   0.00354
   0.00343
   0.00339
   0.00328
   0.00327
   0.00313
   0.00311
   0.00298
   0.00296
   0.00287
   0.00283
   0.00274
   0.00270
   0.00262
   0.00257
   0.00252
   0.00247
   0.00243
   0.00237
   0.00233
   0.00229
   0.00225
   0.00220
   0.00219
   0.00212
   0.00211
   0.00205
   0.00205
   0.00200
   0.00200
   0.00196
   0.00196
   0.00192
   0.00194
   0.00187
   0.00191
   0.00183
   0.00188
   0.00184
   0.00180
   0.00182
   0.00177
   0.00178
   0.00180
   0.00178
   0.00166
   0.00173
   0.00164
   0.00159
   0.00158
   0.00162
   0.00145
   0.00150
   0.00147
   0.00140
   0.00160
   0.00161
   0.00140
   0.00123
   0.00140
   0.00111
   0.00136
   0.00136
   0.00153
   0.00222
   0.13510
   0.02102
   0.01344
   0.01156
   0.01049
   0.00993
   0.00943
   0.00911
   0.00886
   0.00869
   0.00850
   0.00842
   0.00836
   0.00830
   0.00746
   0.00635
   0.00594
   0.00578
   0.00569
   0.00553
   0.00543
   0.00513
   0.00477
   0.00462
   0.00456
   0.00447
   0.00448
   0.00447
   0.00455
   0.00468
   0.00471
   0.00490
   0.00488
   0.00505
   0.00530
   0.00526
   0.00561
   0.00586
   0.09065
   0.46438
   0.05242
   0.10262
   0.08753
   0.06658
   0.07610
   0.06677
   0.06694
   0.06536
   0.05215
   0.07054
   0.03072
   0.07561
   0.00867
   0.09124
   0.01241
   0.07588
   0.00781
   0.07027
   0.00629
   0.08575
   0.00614
   0.10763
   0.00578
   0.11527
   0.00514
   0.11560
   0.00536
   0.12069
   0.00471
   0.13430
   0.01171
   0.10806
   0.00454
   0.13214
   0.00551
   0.13220
   0.00626
   0.11409
   0.03324
   0.00539
   0.00464
   0.00506
   0.00509
   0.00504
   0.00501
   0.00496
   0.00490
   0.00485
   0.00479
   0.00472
   0.00464
   0.00457
   0.00450
   0.00447
   0.00439
   0.00434
   0.00428
   0.00420
   0.00414
   0.00406
   0.00399
   0.00393
   0.00387
   0.00381
   0.00375
   0.00370
   0.00366
   0.00362
   0.00359
   0.00356
   0.00354
   0.00352
   0.00351
   0.00351
   0.00350
   0.00350
   0.00351
   0.00353
   0.00354
   0.00357
   0.00360
   0.00364
   0.00370
   0.00375
   0.00384
   0.00395
   0.00412
   0.00438
   0.00496
   0.00740
   0.01352
   0.00860
   0.01801
   0.00653
   0.02538
   0.00928
   0.02387
   0.01178
   0.02494
   0.01171
   0.02400
   0.01154
   0.02348
   0.00833
   0.00957
   0.00912
   0.01533
   0.00948
   0.02103
   0.00723
   0.00790
   0.00898
   0.01814
   0.00273
   0.00657
   0.00498
   0.00390
   0.00154
   0.00304
   0.01205
   0.00418
   0.01081
   0.00118
   3.35947
   0.03974
   0.00444
   0.00340
   0.00300
   0.00284
   0.00266
   0.00250
   0.00237
   0.00225
   0.00215
   0.00207
   0.00200
   0.00194
   0.00189
   0.00184
   0.00179
   0.00175
   0.00171
   0.00167
   0.00163
   0.00159
   0.00154
   0.00151
   0.00147
   0.00143
   0.00140
   0.00137
   0.00135
   0.00132
   0.00130
   0.00129
   0.00127
   0.00126
   0.00125
   0.00124
   0.00124
   0.00123
   0.00123
   0.00122
   0.00122
   0.00122
   0.00122
   0.00121
   0.00121
   0.00121
   0.00121
   0.00121
   0.00121
   0.00121
   0.00121
   0.00121
   0.00121
   0.00121
   0.00121
   0.00121
   0.00121
   0.00121
   0.00121
   0.00121
   0.00121
   0.00121
   0.00121
   0.00121
   0.00121
   0.00121
   0.00121
   0.00121
   0.00120
   0.00120
   0.00120
   0.00119
   0.00119
   0.00118
   0.00118
   0.00117
   0.00116
   0.00115
   0.00114
   0.00113
   0.00112
   0.00111
   0.00110
   0.00109
   0.00108
   0.00106
   0.00105
   0.00104
   0.00103
   0.00102
   0.00101
   0.00100
   0.00100
   0.00099
   0.00098
   0.00098
   0.00098
   0.00098
   0.00097
   0.00097
   0.00097
   0.00098
   0.00098
   0.00099
   0.00099
   0.00100
   0.00101
   0.00102
   0.00104
   0.00107
   0.00111
   0.00119
   0.00141
   0.00374
   0.00072
   0.00102
   0.00103
   0.00105
   0.00113
   0.00139
   0.00867
   0.00063
   0.00060
   0.00058
   0.00069
   0.00684
   1.53376
   0.48541
   0.37607
   0.41784
   0.40787
   0.40155
   0.39962
   0.39445
   0.38828
   0.38117
   0.37349
   0.36562
   0.35718
   0.34853
   0.33993
   0.33132
   0.32280
   0.31344
   0.26747
   0.25347
   0.24533
   0.23814
   0.23141
   0.22498
   0.21883
   0.21298
   0.20769
   0.20271
   0.19799
   0.19381
   0.18992
   0.18628
   0.18302
   0.17997
   0.17713
   0.17447
   0.17194
   0.16930
   0.15828
   0.15348
   0.15057
   0.14817
   0.14569
   0.14327
   0.14086
   0.13848
   0.13611
   0.13377
   0.13145
   0.12918
   0.12694
   0.12472
   0.12257
   0.12045
   0.11838
   0.11639
   0.11447
   0.11261
   0.11085
   0.10918
   0.10757
   0.10603
   0.10460
   0.10317
   0.10177
   0.10042
   0.09901
   0.09764
   0.09624
   0.09476
   0.09162
   0.08186
   0.08113
   0.07997
   0.07875
   0.07758
   0.07642
   0.07529
   0.07421
   0.07311
   0.07208
   0.07101
   0.07000
   0.06900
   0.06803
   0.06707
   0.06615
   0.06519
   0.06434
   0.06342
   0.06257
   0.06169
   0.06090
   0.06003
   0.05925
   0.05843
   0.05775
   0.05686
   0.05617
   0.05540
   0.05464
   0.05383
   0.05314
   0.05226
   0.05142
   0.05067
   0.04978
   0.04892
   0.04810
   0.04712
   0.04621
   0.04521
   0.04412
   0.04301
   0.04176
   0.04044
   0.03908
   0.03772
   0.03645
   0.03544
   0.03486
   0.03487
   0.03550
   0.03658
   0.03774
   0.03869
   0.03932
   0.03960
   0.03961
   0.03941
   0.03918
   0.03884
   0.03848
   0.03807
   0.03773
   0.03733
   0.03693
   0.03659
   0.03623
   0.03585
   0.03552
   0.03517
   0.03481
   0.03450
   0.03416
   0.03382
   0.03349
   0.03317
   0.03283
   0.03253
   0.03221
   0.03186
   0.03157
   0.03121
   0.03091
   0.03058
   0.03023
   0.02992
   0.02958
   0.02923
   0.02891
   0.02853
   0.02822
   0.02786
   0.02748
   0.02715
   0.02679
   0.02638
   0.02604
   0.02567
   0.02525
   0.02489
   0.02449
   0.02412
   0.02373
   0.02332
   0.02296
   0.02256
   0.02215
   0.02180
   0.02141
   0.02100
   0.02066
   0.02028
