   0.73143
   0.72812
   0.72917
   0.73054
   0.73043
   0.73135
   0.73290
   0.73265
   0.73230
   0.73433
   0.73348
   0.73095
   0.73464
   0.73456
   0.73502
   0.73648
   0.73632
   0.73860
   0.73930
   0.73546
   0.73844
   0.73979
   0.73868
   0.73714
   0.72749
   0.72681
   0.72391
   0.71821
   0.71619
   0.71370
   0.71232
   0.71163
   0.71119
   0.71042
   0.70998
   0.70965
   0.70914
   0.70895
   0.70952
   0.71072
   0.71241
   0.71473
   0.71670
   0.71879
   0.72065
   0.72217
   0.72341
   0.72423
   0.72505
   0.72557
   0.72611
   0.72695
   0.72748
   0.72812
   0.72881
   0.72952
   0.73019
   0.73140
   0.73413
   0.73934
   0.74030
   0.74233
   0.73634
   0.73459
   0.73291
   0.73252
   0.73182
   0.73072
   0.72963
   0.72850
   0.72765
   0.72652
   0.72517
   0.72427
   0.72281
   0.72126
   0.71963
   0.71787
   0.71605
   0.71647
   0.71418
   0.71201
   0.70983
   0.70764
   0.70537
   0.70278
   0.70006
   0.69697
   0.69404
   0.69087
   0.68781
   0.68409
   0.68068
   0.67716
   0.67338
   0.66944
   0.66627
   0.66227
   0.65808
   0.65387
   0.64933
   0.64484
   0.63997
   0.63560
   0.63066
   0.62529
   0.61965
   0.61373
   0.60769
   0.60116
   0.59388
   0.58642
   0.57834
   0.56996
   0.56111
   0.55144
   0.54108
   0.53033
   0.51893
   0.50660
   0.49367
   0.47988
   0.46550
   0.44987
   0.43389
   0.41649
   0.39911
   0.38138
   0.36273
   0.34387
   0.32444
   0.30487
   0.28523
   0.26574
   0.24684
   0.22841
   0.21077
   0.19413
   0.17829
   0.16344
   0.14934
   0.13706
   0.12531
   0.11426
   0.10432
   0.09489
   0.08623
   0.07834
   0.07105
   0.06405
   0.05728
   0.05100
   0.04508
   0.03989
   0.03534
   0.03212
   0.02986
   0.02869
   0.02832
   0.02293
   0.02310
   0.02110
   0.01725
   0.01544
   0.01407
   0.01264
   0.01144
   0.01051
   0.00963
   0.00855
   0.00804
   0.00727
   0.00846
   0.00807
   0.00678
   0.00669
   0.00717
   0.00631
   0.00696
   0.00784
   0.00723
   0.00675
   0.00616
   0.00516
   0.00443
   0.00337
   0.00287
   0.00269
   0.00285
   0.00252
   0.01286
   0.01035
   0.01738
   0.00279
   0.00233
   0.00944
   0.00474
   0.00330
   0.00321
   0.00315
   0.00298
   0.00271
   0.00250
   0.00237
   0.00231
   0.00232
   0.00237
   0.00233
   0.00227
   0.00216
   0.00205
   0.00195
   0.00193
   0.00173
   0.00215
   0.00200
   0.00263
   0.00331
   0.00369
   0.00412
   0.00206
   0.05826
   0.01370
   0.01279
   0.01619
   0.01028
   0.01398
   0.01318
   0.00839
   0.01023
   0.01077
   0.01194
   0.00507
   0.00584
   0.01063
   0.01238
   0.05520
   0.02858
   0.00194
   0.00156
   0.00266
   0.00184
   0.00157
   0.01747
   0.00787
   0.00191
   0.00152
   0.00126
   0.00115
   0.00092
   0.00452
   0.00099
   0.00084
   0.09634
   0.00766
   0.00129
   0.00106
   0.00295
   0.02234
   0.00141
   0.00112
   0.69321
   0.20078
   0.09501
   0.06444
   0.05161
   0.03133
   0.02376
   0.02428
   0.02498
   0.01049
   0.01571
   0.02981
   0.02898
   0.03505
   0.02756
   0.01589
   0.01660
   0.02165
   0.01954
   0.01713
   0.00330
   0.00305
   0.02842
   0.00285
   0.01384
   0.01216
   0.01499
   0.00217
   0.01010
   0.01035
   0.00815
   0.01711
   0.00153
   0.00187
   0.03311
   0.02977
   0.02336
   0.05440
   0.00215
   0.03587
   0.02906
   0.02449
   0.02679
   0.00159
   0.02304
   0.00854
   0.00682
   0.00677
   0.00111
   0.00117
   0.00106
   0.00102
   0.00111
   0.00087
   0.00416
   0.00094
   0.00083
   0.00092
   0.00091
   0.00109
   0.00119
   0.00082
   0.00093
   0.00288
   0.00081
   0.00088
   0.00078
   0.00076
   0.00082
   0.00077
   0.08637
   0.00076
   0.02189
   0.00076
   0.00065
   0.00266
   0.00305
   0.00062
   0.00063
   0.00065
   0.00063
   0.00064
   0.00062
   0.00063
   0.00062
   0.01559
   0.00058
   0.00057
   0.00052
   2.06373
   0.00051
   0.00050
   0.00049
   0.00046
   0.00051
   0.00043
   0.00052
   0.00045
   0.00044
   0.00044
   0.00043
   0.00052
   0.00043
   0.00042
   0.00041
   0.00040
   0.00039
   3.32590
   1.30496
   0.73287
   0.69576
   0.70886
   0.71428
   0.71582
   0.71622
   0.71634
   0.71638
   0.71639
   0.71640
   0.71641
   0.71641
   0.71641
   0.71642
   0.71642
   0.71642
   0.71642
   0.71642
   0.71642
   0.71642
   0.71642
   0.71642
   0.71641
   0.71641
   0.71641
   0.71641
   0.71641
   0.71641
   0.71641
   0.71641
   0.71641
   0.71641
   0.71641
   0.71641
   0.71641
   0.71641
   0.71641
   0.71641
   0.71641
   0.71641
   0.71641
   0.71641
   0.71641
   0.71641
   0.71641
   0.71641
   0.71641
   0.71641
   0.71641
   0.71641
   0.71641
   0.71641
   0.71641
   0.71641
   0.71641
   0.71640
   0.71640
   0.71640
   0.71640
   0.71640
   0.71640
   0.71640
   0.71640
   0.71640
   0.71640
   0.71640
   0.71640
   0.71640
   0.71640
   0.71640
   0.71640
   0.71640
   0.71640
   0.71640
   0.71640
   0.71640
   0.71640
   0.71640
   0.71640
   0.71640
   0.71640
   0.71640
   0.71639
   0.71639
   0.71639
   0.71639
   0.71639
   0.71639
   0.71639
   0.71639
   0.71639
   0.71639
   0.71639
   0.71639
   0.71639
   0.71639
   0.71639
   0.71639
   0.71639
   0.71639
   0.71639
   0.71639
   0.71639
   0.71639
   0.71639
   0.71639
   0.71639
   0.71639
   0.71639
   0.71639
   0.71639
   0.71639
   0.71639
   0.71639
   0.71639
   0.71639
   0.71639
   0.71639
   0.71639
   0.71639
   0.71639
   0.71639
   0.71639
   0.71639
   0.71639
   0.71639
   0.71639
   0.71639
   0.71639
   0.71639
