   0.70732
   0.71628
   0.71155
   0.71308
   0.70908
   0.70692
   0.70996
   0.70301
   0.70271
   0.70042
   0.70646
   0.69955
   0.70654
   0.69822
   0.71105
   0.69527
   0.69504
   0.69390
   0.69338
   0.69347
   0.69183
   0.69164
   0.69100
   0.69172
   0.69143
   0.69218
   0.69434
   0.70415
   0.69046
   0.69121
   0.69456
   0.70195
   0.71395
   0.71946
   0.74308
   0.74334
   0.75029
   0.75059
   0.75112
   0.75908
   0.75894
   0.75841
   0.75925
   0.75821
   0.75816
   0.75860
   0.75151
   0.74602
   0.74054
   0.73311
   0.72415
   0.71872
   0.71117
   0.70146
   0.69158
   0.68226
   0.67293
   0.66287
   0.65035
   0.63835
   0.62800
   0.61878
   0.60860
   0.59934
   0.59045
   0.58209
   0.57407
   0.56750
   0.56162
   0.55658
   0.55127
   0.54608
   0.54029
   0.53428
   0.52791
   0.52130
   0.51453
   0.50774
   0.50101
   0.49449
   0.48836
   0.48261
   0.47748
   0.47306
   0.46925
   0.46593
   0.46278
   0.45911
   0.45454
   0.44885
   0.44236
   0.43545
   0.42840
   0.42140
   0.41454
   0.40798
   0.40181
   0.39592
   0.39021
   0.38462
   0.37917
   0.37379
   0.36850
   0.36329
   0.35817
   0.35312
   0.34816
   0.34327
   0.33846
   0.33370
   0.32906
   0.32438
   0.31983
   0.31536
   0.31095
   0.30660
   0.30232
   0.29809
   0.29391
   0.28981
   0.28572
   0.28175
   0.27782
   0.27394
   0.27010
   0.26632
   0.26260
   0.25897
   0.25534
   0.25175
   0.24820
   0.24469
   0.24124
   0.23784
   0.23444
   0.23109
   0.22778
   0.22451
   0.22129
   0.21807
   0.21489
   0.21179
   0.20865
   0.20557
   0.20254
   0.19951
   0.19650
   0.19357
   0.19063
   0.18773
   0.18488
   0.18203
   0.17922
   0.17646
   0.17369
   0.17095
   0.16827
   0.16558
   0.16294
   0.16035
   0.15777
   0.15521
   0.15260
   0.15009
   0.14767
   0.14521
   0.14279
   0.14044
   0.13806
   0.13574
   0.13347
   0.13126
   0.12899
   0.12673
   0.12453
   0.12235
   0.12021
   0.11810
   0.11602
   0.11399
   0.11196
   0.10999
   0.10804
   0.10614
   0.10426
   0.10242
   0.10059
   0.09881
   0.09706
   0.09534
   0.09365
   0.09199
   0.09037
   0.08876
   0.08719
   0.08566
   0.08415
   0.08267
   0.08122
   0.07980
   0.07838
   0.07702
   0.07567
   0.07434
   0.07305
   0.07178
   0.07055
   0.06935
   0.06817
   0.06703
   0.06591
   0.06482
   0.06375
   0.06272
   0.06171
   0.06072
   0.05977
   0.05883
   0.05793
   0.05706
   0.05621
   0.05539
   0.05461
   0.05385
   0.05311
   0.05243
   0.05177
   0.05115
   0.05056
   0.05001
   0.04950
   0.04903
   0.04857
   0.04822
   0.04791
   0.04764
   0.04743
   0.04730
   0.04721
   0.04719
   0.04720
   0.04736
   0.04759
   0.04789
   0.04826
   0.04869
   0.04917
   0.04971
   0.05018
   0.05079
   0.05143
   0.05206
   0.05269
   0.05333
   0.05397
   0.05459
   0.05520
   0.05579
   0.05626
   0.05694
   0.05752
   0.05802
   0.05848
   0.05885
   0.05918
   0.05938
   0.05953
   0.05961
   0.05958
   0.05944
   0.05922
   0.05882
   0.05844
   0.05787
   0.05718
   0.05643
   0.05559
   0.05464
   0.05358
   0.05245
   0.05119
   0.04982
   0.04829
   0.04665
   0.04501
   0.04341
   0.04189
   0.04044
   0.03905
   0.03772
   0.03644
   0.03524
   0.03403
   0.03281
   0.03152
   0.02999
   0.02801
   0.02506
   0.02144
   0.01991
   0.02042
   0.01288
   0.00779
   0.00761
   0.00816
   0.00936
   0.00979
   0.00957
   0.00922
   0.00889
   0.00859
   0.00832
   0.00807
   0.00785
   0.00764
   0.00745
   0.00727
   0.00710
   0.00694
   0.00680
   0.00666
   0.00653
   0.00640
   0.00629
   0.00617
   0.00606
   0.00596
   0.00587
   0.00577
   0.00567
   0.00558
   0.00549
   0.00540
   0.00531
   0.00521
   0.00512
   0.00503
   0.00493
   0.00484
   0.00475
   0.00465
   0.00456
   0.00447
   0.00439
   0.00432
   0.00426
   0.00423
   0.00422
   0.00424
   0.00427
   0.00429
   0.00424
   0.00413
   0.00393
   0.00358
   0.00316
   0.00302
   0.00300
   0.00295
   0.00288
   0.00281
   0.00274
   0.00272
   0.00288
   0.00264
   0.00281
   0.00284
   0.00280
   0.00294
   0.00278
   0.00309
   0.00307
   0.00319
   0.00335
   0.00364
   0.00397
   0.00446
   0.00512
   0.00570
   0.00624
   0.00438
   0.00569
   0.00630
   0.00473
   0.00548
   0.00537
   0.00215
   0.02059
   1.73960
   0.06734
   0.04959
   0.03944
   0.02918
   0.02443
   0.02202
   0.02178
   0.02195
   0.02149
   0.02300
   0.03326
   0.03057
   0.03939
   0.01295
   0.03281
   0.02227
   0.01928
   0.01707
   0.03460
   0.01033
   0.00836
   0.00968
   0.01649
   0.01526
   0.03235
   0.00963
   0.01922
   0.01295
   0.02514
   0.00976
   0.01633
   0.01077
   0.00673
   0.01012
   0.01025
   0.01391
   0.00674
   0.00940
   0.01014
   0.00955
   0.01495
   0.00858
   0.01594
   0.01587
   0.01246
   0.02089
   0.00798
   0.00760
   0.01037
   0.01903
   0.00754
   0.00857
   0.01065
   0.01640
   0.00777
   0.01324
   0.00902
   0.01574
   0.00821
   0.01488
   0.00904
   0.01322
   0.00944
   0.01167
   0.01008
   0.01064
   0.01042
   0.01044
   0.01028
   0.01027
   0.01025
   0.01016
   0.00997
   0.00959
   0.00898
   0.00808
   0.00693
   0.00568
   0.00441
   0.00311
   0.00341
   0.00301
   0.00319
   0.00270
   0.00300
   0.00261
   0.00287
   0.00250
   0.00271
   0.00244
   0.00254
   0.00235
   0.00240
   0.00228
   0.00226
   0.00220
   0.00216
   0.00211
   0.00206
   0.00201
   0.00197
   0.00193
   0.00188
   0.00184
   0.00180
   0.00176
   0.00172
   0.00169
   0.00165
   0.00162
   0.00158
