   0.67285
   0.67316
   0.67287
   0.67454
   0.67480
   0.67491
   0.67360
   0.67500
   0.67317
   0.67267
   0.67151
   0.67049
   0.66947
   0.66847
   0.66763
   0.66685
   0.66421
   0.66554
   0.66390
   0.66365
   0.66175
   0.66159
   0.65955
   0.65884
   0.65659
   0.65601
   0.65458
   0.65244
   0.64972
   0.64871
   0.64514
   0.64212
   0.63651
   0.63645
   0.63533
   0.63150
   0.62757
   0.62301
   0.61711
   0.61389
   0.60908
   0.60223
   0.59778
   0.59323
   0.58864
   0.58410
   0.57886
   0.57033
   0.56199
   0.55458
   0.54776
   0.54086
   0.53274
   0.52225
   0.51028
   0.49778
   0.48568
   0.47446
   0.46423
   0.45493
   0.44645
   0.43866
   0.43148
   0.42476
   0.41853
   0.41267
   0.40715
   0.40193
   0.39706
   0.39245
   0.38821
   0.38427
   0.38044
   0.37690
   0.37357
   0.37033
   0.36710
   0.36392
   0.36077
   0.35767
   0.35456
   0.35149
   0.34853
   0.34552
   0.34259
   0.33980
   0.33708
   0.33452
   0.33212
   0.32988
   0.32785
   0.32596
   0.32425
   0.32277
   0.32141
   0.32025
   0.31918
   0.31825
   0.31740
   0.31657
   0.31571
   0.31480
   0.31372
   0.31244
   0.31089
   0.30896
   0.30661
   0.30376
   0.30034
   0.29632
   0.29165
   0.28636
   0.28028
   0.27361
   0.26627
   0.25838
   0.24992
   0.24101
   0.23183
   0.22233
   0.21272
   0.20310
   0.19362
   0.18434
   0.17546
   0.16700
   0.15903
   0.15164
   0.14482
   0.13860
   0.13296
   0.12787
   0.12329
   0.11918
   0.11545
   0.11206
   0.10893
   0.10603
   0.10328
   0.10066
   0.09811
   0.09561
   0.09314
   0.09068
   0.08822
   0.08574
   0.08325
   0.08074
   0.07823
   0.07570
   0.07319
   0.07070
   0.06826
   0.06589
   0.06363
   0.06152
   0.05961
   0.05800
   0.05673
   0.05587
   0.05545
   0.05543
   0.05570
   0.05608
   0.05632
   0.05646
   0.05623
   0.05571
   0.05505
   0.05486
   0.05630
   0.05479
   0.04627
   0.03729
   0.03121
   0.03032
   0.02663
   0.02513
   0.11494
   0.11255
   0.10928
   0.08489
   0.10071
   0.09900
   0.08373
   0.02205
   0.01738
   0.02121
   0.10825
   0.15710
   0.15073
   0.14282
   0.13424
   0.12593
   0.11804
   0.11179
   0.10803
   0.10495
   0.06499
   0.13113
   0.00679
   0.13019
   0.11220
   0.10643
   0.10053
   0.09454
   0.08873
   0.08337
   0.07855
   0.07417
   0.07005
   0.06623
   0.06275
   0.06103
   0.06691
   0.12694
   0.08900
   0.01765
   0.00647
   0.00614
   0.00617
   0.00641
   0.00677
   0.00674
   0.00477
   0.00298
   0.00393
   0.00269
   0.01710
   0.00511
   0.00551
   0.00592
   0.00521
   0.00361
   0.00200
   0.00732
   0.00271
   0.00237
   0.05265
   0.00381
   1.05582
   0.00364
   0.00358
   0.00337
   0.00328
   0.00334
   0.00349
   0.00370
   0.00414
   0.00396
   0.00324
   0.00225
   0.00443
   0.00251
   0.00244
   0.00130
   0.01997
   0.62250
   0.00237
   0.00232
   0.00217
   0.00204
   0.00195
   0.00193
   0.00201
   0.02781
   0.00193
   0.00199
   0.00185
   0.00178
   0.00174
   0.00176
   0.00188
   0.00205
   0.00250
   0.00147
   0.01440
   0.05173
   0.00150
   0.00149
   0.00153
   0.00142
   0.00139
   0.00126
   0.00124
   0.00161
   0.00157
   0.00156
   0.00154
   0.00148
   0.00141
   0.00133
   0.00126
   0.00121
   0.00120
   0.00120
   0.00107
   0.00080
   0.00098
   0.00093
   0.00391
   0.00137
   0.00143
   0.00134
   0.00126
   0.00122
   0.00120
   0.00116
   0.00106
   0.00099
   0.00105
   0.00085
   0.00083
   0.00080
   0.00079
   0.00078
   0.00057
   0.00432
   0.00294
   0.00246
   0.00204
   0.00179
   0.00166
   0.00154
   0.00143
   0.00133
   0.00124
   0.00117
   0.00113
   0.00086
   0.00057
   0.01107
   0.00448
   0.00398
   0.00313
   0.00270
   0.00250
   0.00229
   0.00207
   0.00189
   0.00174
   0.00134
   0.00193
   0.00190
   0.00166
   0.00224
   0.00354
   0.00261
   0.00087
   0.00138
   0.61086
   0.01195
   0.00246
   0.00230
   0.00204
   0.00180
   0.00161
   0.00150
   0.00143
   0.00135
   0.00126
   0.00118
   0.00112
   0.00108
   0.00107
   0.00102
   0.00088
   0.00072
   0.00114
   0.00189
   0.00077
   0.00211
   0.00065
   0.00134
   0.00049
   0.00116
   0.00051
   0.00077
   1.53027
   0.00142
   0.00118
   0.00103
   0.00098
   0.00092
   0.00089
   0.00086
   0.00084
   0.00082
   0.00083
   0.00085
   0.00087
   0.00086
   0.00084
   0.00083
   0.00080
   0.00077
   0.00073
   0.00070
   0.00067
   0.00065
   0.00064
   0.00061
   0.00056
   0.00049
   0.00039
   0.00771
   0.00101
   0.00085
   0.00084
   0.00082
   0.00084
   0.00084
   0.00084
   0.00083
   0.00081
   0.00079
   0.00076
   0.00072
   0.00069
   0.00066
   0.00063
   0.00060
   0.00058
   0.00056
   0.00052
   0.00047
   0.00043
   0.00038
   0.00035
   0.00019
   0.00033
   0.00016
   0.00087
   2.03873
   0.04285
   0.02515
   0.02083
   0.02062
   0.02097
   0.02167
   0.02244
   0.02286
   0.02275
   0.02213
   0.02138
   0.02032
   0.01881
   0.01555
   0.01497
   0.01416
   0.01358
   0.01134
   0.01551
   0.00602
   0.00664
   0.00706
   0.00762
   0.00858
   0.00622
   0.00752
   0.00594
   0.00685
   0.00582
   0.00594
   0.00549
   0.00520
   0.00492
   0.00466
   0.00440
   0.00416
   0.00393
   0.00370
   0.00349
   0.00329
   0.00309
   0.00291
   0.00274
   0.00257
   0.00241
   0.00226
   0.00212
   0.00199
   0.00187
   0.00176
   0.00165
   0.00155
   0.00146
   0.00138
   0.00130
   0.00122
   0.00115
   0.00109
   0.00102
   0.00095
   0.00104
   0.00069
   0.00070
   0.00071
   0.00072
   0.00073
