   0.63445
   0.62549
   0.57599
   0.54993
   0.51804
   0.49294
   0.48504
   0.47384
   0.46437
   0.51195
   0.41820
   0.41493
   0.45029
   0.42041
   0.43020
   0.41397
   0.43094
   0.40117
   0.49049
   0.44082
   0.45901
   0.47391
   0.49130
   0.50869
   0.53463
   0.55723
   0.56682
   0.57533
   0.57590
   0.57290
   0.56054
   0.54528
   0.52572
   0.50793
   0.49594
   0.49423
   0.49963
   0.50793
   0.50826
   0.50237
   0.49060
   0.47442
   0.45182
   0.42471
   0.39477
   0.36445
   0.33552
   0.30855
   0.28404
   0.26227
   0.24264
   0.22507
   0.20941
   0.19517
   0.18255
   0.17106
   0.16082
   0.15149
   0.14305
   0.13539
   0.12845
   0.12213
   0.11645
   0.11123
   0.10660
   0.10220
   0.09845
   0.09493
   0.09173
   0.08876
   0.08599
   0.08336
   0.08084
   0.07840
   0.07594
   0.07346
   0.07093
   0.06826
   0.06545
   0.06249
   0.05932
   0.05604
   0.05275
   0.04931
   0.04581
   0.04232
   0.03890
   0.03561
   0.03244
   0.02947
   0.02669
   0.02404
   0.02171
   0.01958
   0.01765
   0.01592
   0.01438
   0.01300
   0.01177
   0.01072
   0.00980
   0.00901
   0.00834
   0.00775
   0.00726
   0.00683
   0.00642
   0.00604
   0.00565
   0.00527
   0.00490
   0.00452
   0.00413
   0.00374
   0.00335
   0.00299
   0.00269
   0.00253
   0.00265
   0.00339
   0.00460
   0.00553
   0.00618
   0.00663
   0.00693
   0.00709
   0.00709
   0.00691
   0.00655
   0.00592
   0.00512
   0.00412
   0.00320
   0.00246
   0.00229
   0.00218
   0.00007
   0.00046
   0.00143
   0.00158
   0.00080
   0.00055
   0.00048
   0.00048
   0.00045
   0.00043
   0.00041
   0.00039
   0.00037
   0.00035
   0.00034
   0.00032
   0.00030
   0.00029
   0.00028
   0.00025
   0.00023
   0.00023
   0.00022
   0.00018
   0.00017
   0.00015
   0.00014
   0.00012
   0.00010
   0.00009
   0.00010
   0.00008
   0.00011
   0.00013
   0.00021
   0.00016
   0.00050
   0.00053
   0.00080
   0.00019
   0.00138
   0.00051
   0.00099
   0.00072
   0.00054
   0.00043
   0.00066
   0.00004
   0.00006
   0.00051
   0.00001
   0.00058
   0.00038
   0.00097
   0.00070
   0.00072
   0.00056
   0.00054
   0.00047
   0.00041
   0.00022
   0.00032
   0.00029
   0.00025
   0.00014
   0.02632
   0.01105
   0.00927
   0.00536
   0.00569
   0.00476
   0.00245
   0.00394
   0.00156
   0.00292
   0.00138
   0.00204
   0.00185
   0.00170
   0.00157
   0.00149
   0.00145
   0.00008
   0.00079
   0.00086
   0.00064
   0.00047
   0.00042
   0.00045
   0.00047
   0.00080
   0.00357
   0.00352
   0.00184
   0.00027
   0.00044
   0.00080
   0.00135
   0.00154
   0.00129
   0.00178
   0.00186
   0.00200
   0.00032
   0.00078
   0.00110
   0.00078
   0.00013
   0.00013
   0.00014
   0.00016
   0.00024
   0.00037
   0.00067
   0.00129
   0.00150
   0.00138
   0.00031
   0.00012
   0.00015
   0.00024
   0.00010
   0.00073
   0.00129
   0.00139
   0.00124
   0.00086
   0.00082
   0.00076
   0.00185
   0.00026
   0.00632
   0.00037
   0.00008
   0.00185
   0.00175
   0.00043
   0.00005
   0.00355
   0.00006
   0.00001
   0.00004
   0.00015
   0.00017
   0.00030
   0.00076
   0.00097
   0.00037
   0.00001
   0.00001
   0.00001
   0.00008
   0.00010
   0.00016
   0.00039
   0.00065
   0.00066
   0.00052
   0.00025
   0.00003
   0.00001
   0.00004
   0.00010
   0.00028
   0.00016
   0.00010
   0.00010
   0.00016
   0.00030
   0.00039
   0.00035
   0.00024
   0.00024
   0.00024
   0.00005
   0.00005
   0.00006
   0.00006
   0.00005
   0.00003
   0.00002
   0.00003
   0.00005
   0.00009
   0.00008
   0.00007
   0.00006
   0.00007
   0.00009
   0.00011
   0.00015
   0.00004
   0.00025
   0.00024
   0.00016
   0.00012
   0.00008
   0.00006
   0.00008
   0.00006
   0.00010
   0.00006
   0.00005
   0.00005
   0.00006
   0.00009
   0.00008
   0.00006
   0.00004
   0.00004
   0.00006
   0.00006
   0.00007
   0.00006
   0.00005
   0.00003
   0.00003
   0.00005
   0.00005
   0.00041
   0.00034
   0.00029
   0.00027
   0.00026
   0.00027
   0.00022
   0.00023
   0.00020
   0.00021
   0.00019
   0.00019
   0.00018
   0.00018
   0.00019
   0.00021
   0.00020
   0.00019
   0.00017
   0.00016
   0.00015
   0.00015
   0.00015
   0.00014
   0.00015
   0.00015
   0.00014
   0.00015
   0.00016
   0.00017
   0.00018
   0.00013
   0.00013
   0.00013
   0.00013
   0.00013
   0.00013
   0.00013
   0.00012
   0.00012
   0.00011
   0.00011
   0.00010
   0.00008
   0.00009
   0.00009
   0.00008
   0.00008
   0.00008
   0.00008
   0.00008
   0.00009
   0.00008
   0.00007
   0.00007
   0.00007
   0.00006
   0.00006
   0.00047
   0.00028
   0.00020
   0.00014
   0.00012
   0.00011
   0.00010
   0.00010
   0.00009
   0.00009
   0.00008
   0.00008
   0.00007
   0.00007
   0.00006
   0.00305
   0.00165
   0.00112
   0.00092
   0.00070
   0.00056
   0.00049
   0.00034
   0.00107
   0.00089
   0.00072
   0.00063
   0.00054
   0.00049
   0.00044
   0.00040
   0.00037
   0.00034
   0.00136
   0.00053
   0.00047
   0.00042
   0.00039
   0.00036
   0.00033
   0.00030
   0.00029
   0.00029
   0.00022
   0.00029
   0.00027
   0.00025
   0.00024
   0.00024
   0.00021
   0.00026
   0.00024
   0.00023
   0.00022
   0.00021
   0.00020
   0.00019
   0.00018
   0.00017
   0.00017
   0.00018
   0.00019
   0.00017
   0.00015
   0.00015
   0.00013
   0.00009
   0.00009
   0.00008
   0.00004
   0.00004
   0.00006
   0.00005
   0.00004
   0.00002
   0.00002
   0.00002
   0.00002
   0.00002
   0.00002
   0.00002
   0.00003
   0.00003
   0.00003
   0.00003
   0.00004
   0.00004
   0.00004
   0.00004
   0.00004
   0.00004
   0.00004
   0.00004
   0.00004
   0.00004
   0.00003
   0.00003
   0.00003
   0.00003
   0.00004
   0.00004
   0.00004
   0.00004
   0.00005
   0.00007
   0.00006
   0.05437
   0.03599
   0.02808
   0.02097
   0.01569
   0.01253
   0.01060
   0.00922
   0.00808
   0.00720
   0.00643
   0.00577
   0.00518
   0.00465
   0.00413
   0.00364
   0.00314
   0.00266
   0.00220
   0.00175
   0.00133
   0.00102
   0.00084
   0.00072
   0.00064
   0.00060
   0.00054
   0.00041
   0.00033
   0.00041
   0.00328
   0.00038
   0.00122
   0.00210
   0.00098
   0.00144
   0.00681
   0.00083
   0.00168
   0.00214
   0.00521
   0.00626
   0.00230
   0.00334
   0.00299
   0.00348
   0.00306
   0.00005
   0.00108
   0.00094
   0.00078
   0.00261
   0.00059
   0.00128
   0.00138
   0.00179
   0.00161
   0.00137
   0.00148
   0.00123
   0.00151
   0.00019
   0.00051
   0.00048
   0.00050
   0.00052
   0.00048
   0.00039
   0.00078
   0.00034
   0.00032
   0.00025
   0.00020
   0.00020
   0.00030
   0.00005
   0.00175
   0.00213
   0.00018
   0.00170
   0.00021
   0.00179
   0.00152
   0.00097
   0.00058
   0.00009
   0.00028
   0.00083
   0.00014
   0.00013
   0.00012
   0.00012
   0.00017
   0.00007
   0.00072
   0.00008
   0.00013
   0.00011
   0.00010
   0.00010
   0.00009
   0.00008
   0.00011
   0.00028
   0.00050
   0.00043
   0.00036
   0.00030
   0.00026
   0.00024
   0.00022
   0.00018
   0.00137
   0.00006
   0.00006
   0.00006
   0.00006
   0.00006
   0.00005
   0.00005
   0.00005
   0.00005
   0.00005
   0.00005
   0.00005
   0.00006
   0.00006
   0.00005
   0.00005
   0.00005
   0.00005
   0.00005
   0.00005
   0.00004
   0.00004
   0.00004
   0.00004
   0.00004
   0.00004
   0.00004
   0.00004
   0.00003
   0.00003
   0.00003
   0.00003
   0.00003
   0.00003
   0.00003
   0.00003
   0.00004
   0.00006
   0.00006
   0.00006
   0.00000
   0.00002
   0.00002
   0.00002
   0.00002
   0.00002
   0.00002
   0.00002
   0.00002
   0.00002
   0.00002
   0.00001
   0.00001
   0.00001
   0.00001
   0.00001
   0.00002
   0.00002
   0.00002
   0.00002
   0.00001
   0.00001
   0.00001
   0.00001
   0.00001
   0.00001
   0.00001
   0.00001
   0.00001
   0.00001
   0.00001
   0.00001
   0.00001
   0.00001
   0.00001
   0.00001
   0.00001
   0.00001
   0.00001
   0.00002
   0.00002
   0.00001
   0.00001
   0.00002
   0.00003
   0.00003
   0.00003
   0.00002
   0.00002
   0.00002
   0.00002
   0.00002
   0.00002
   0.00002
   0.00002
   0.00002
   0.00002
   0.00002
   0.00002
   0.00002
   0.00002
   0.00002
   0.00002
   0.00002
   0.00002
   0.00002
   0.00001
   0.00002
   0.00002
   0.00002
   0.00002
   0.00002
   0.00001
   0.00001
   0.00001
   0.00001
   0.00001
   0.00001
   0.00001
   0.00001
   0.00001
   0.00001
   0.00001
   0.00001
   0.00001
   0.00001
   0.00001
   0.00001
   0.00001
   0.00001
   0.00001
   0.00001
   0.00001
   0.00001
   0.00001
   0.00001
   0.00001
   0.00001
   0.00001
   0.00001
   0.00001
   0.00001
   0.00001
   0.00001
   0.00001
   0.00001
   0.00001
   0.00001
   0.00001
   0.00001
   0.00001
   0.00001
   0.00001
   0.00001
   0.00001
   0.00001
   0.00001
   0.00009
   0.00008
   0.00007
   0.00007
   0.00007
   0.00006
   0.00006
   0.00005
   0.00005
   0.00004
   0.00004
   0.00004
   0.00004
   0.00003
   0.00003
   0.00003
   0.00003
   0.00003
   0.00002
   0.00002
   0.00002
   0.00002
   0.00002
   0.00002
   0.00002
   0.00002
   0.00002
   0.00002
   0.00001
   0.00023
   0.00021
   0.00018
   0.00015
   0.00013
   0.00012
   0.00010
   0.00009
   0.00008
   0.00007
   0.00006
   0.00006
   0.00005
   0.00005
   0.00004
   0.00004
   0.00003
   0.00003
   0.00003
   0.00003
   0.00002
   0.00002
   0.00002
   0.00002
   0.00002
   0.00002
   0.00002
   0.00002
   0.00001
   0.00001
   0.00001
   0.00001
   0.00021
   0.00018
   0.00016
   0.00014
   0.00012
   0.00011
   0.00009
   0.00008
   0.00007
   0.00007
   0.00006
   0.00005
   0.00005
   0.00004
   0.00004
   0.00004
   0.00003
   0.00003
   0.00003
   0.00002
   0.00002
   0.00002
   0.00002
   0.00002
   0.00002
   0.00002
   0.00002
   0.00001
   0.00001
   0.00001
   0.00001
   0.00001
   0.00001
   0.00003
   0.00003
   0.00003
   0.00003
   0.00003
   0.00003
   0.00003
   0.00003
   0.00003
   0.00002
   0.00002
   0.00002
   0.00002
   0.00002
   0.00002
   0.00002
   0.00002
   0.00002
   0.00002
   0.00001
   0.00001
   0.00001
   0.00001
   0.00001
   0.00001
   0.00001
   0.00001
   0.00001
   0.00001
   0.00001
   0.00001
   0.00001
   0.00001
   0.00001
   0.00002
   0.00002
   0.00002
   0.00002
   0.00002
   0.00002
   0.00002
   0.00002
   0.00002
   0.00002
   0.00002
   0.00002
   0.00002
   0.00002
   0.00002
   0.00002
   0.00002
   0.00002
   0.00002
   0.00002
   0.00002
   0.00001
   0.00001
   0.00001
   0.00001
   0.00001
   0.00001
   0.00001
   0.00001
   0.00001
   0.00001
   0.00001
   0.00001
   0.00001
   0.00001
   0.00001
   0.00001
   0.00001
   0.00001
   0.00001
   0.00001
   0.00001
   0.00001
   0.00001
   0.00001
   0.00001
   0.00001
   0.00001
   0.00006
   0.00008
   0.00007
   0.00007
   0.00006
   0.00006
   0.00006
   0.00005
   0.00005
   0.00004
   0.00004
   0.00004
   0.00004
   0.00003
   0.00003
   0.00003
   0.00003
   0.00002
   0.00002
   0.00002
   0.00002
   0.00002
   0.00002
   0.00002
   0.00001
   0.00001
   0.00001
   0.00001
   0.00001
   0.00001
   0.00001
   0.00001
   0.00001
   0.00001
   0.00001
