   0.61991
   0.60561
   0.60289
   0.60061
   0.59864
   0.59653
   0.59396
   0.59222
   0.59022
   0.58773
   0.58584
   0.58346
   0.58152
   0.57900
   0.57711
   0.57482
   0.57272
   0.56995
   0.56757
   0.56476
   0.56271
   0.56008
   0.55747
   0.55484
   0.55200
   0.54922
   0.54645
   0.54353
   0.54055
   0.53769
   0.53456
   0.53157
   0.52830
   0.52495
   0.52162
   0.51838
   0.51490
   0.51117
   0.50791
   0.50439
   0.50075
   0.49728
   0.49356
   0.49010
   0.48642
   0.48256
   0.47894
   0.47509
   0.47138
   0.46776
   0.46383
   0.46028
   0.45657
   0.45284
   0.44924
   0.44582
   0.44251
   0.43906
   0.43562
   0.43252
   0.42970
   0.42642
   0.42381
   0.42087
   0.41819
   0.41629
   0.41405
   0.41218
   0.41090
   0.40982
   0.40861
   0.40801
   0.40784
   0.40803
   0.40772
   0.40739
   0.40520
   0.40295
   0.39877
   0.39359
   0.38765
   0.38094
   0.37536
   0.36891
   0.36382
   0.35871
   0.35361
   0.34920
   0.34476
   0.34002
   0.33684
   0.33232
   0.32757
   0.32297
   0.31799
   0.31433
   0.30839
   0.30491
   0.29997
   0.29405
   0.29011
   0.28449
   0.27834
   0.27453
   0.27041
   0.26511
   0.25945
   0.25399
   0.25044
   0.24576
   0.24049
   0.23689
   0.23319
   0.22740
   0.22178
   0.21887
   0.21509
   0.20884
   0.20564
   0.20246
   0.19645
   0.19245
   0.18902
   0.18522
   0.18278
   0.17689
   0.17339
   0.17134
   0.16537
   0.16240
   0.16047
   0.15489
   0.15200
   0.15021
   0.14543
   0.14386
   0.13914
   0.13743
   0.13261
   0.13000
   0.12873
   0.12430
   0.12136
   0.11927
   0.11645
   0.11469
   0.11102
   0.10962
   0.10784
   0.10458
   0.10311
   0.09996
   0.09811
   0.09744
   0.09329
   0.09255
   0.08883
   0.08819
   0.08456
   0.08505
   0.08201
   0.08167
   0.07855
   0.07751
   0.07634
   0.07318
   0.07277
   0.07046
   0.07000
   0.06771
   0.06679
   0.06476
   0.06440
   0.06312
   0.06111
   0.06078
   0.05934
   0.05727
   0.05626
   0.05534
   0.05414
   0.05372
   0.05214
   0.05116
   0.04982
   0.04983
   0.04843
   0.04787
   0.04622
   0.04549
   0.04489
   0.04446
   0.04255
   0.04229
   0.04172
   0.04055
   0.04043
   0.03907
   0.03858
   0.03809
   0.03714
   0.03639
   0.03569
   0.03513
   0.03472
   0.03385
   0.03313
   0.03296
   0.03226
   0.03120
   0.03120
   0.03053
   0.03019
   0.02905
   0.02920
   0.02865
   0.02755
   0.02774
   0.02657
   0.02637
   0.02613
   0.02508
   0.02507
   0.02427
   0.02374
   0.02336
   0.02267
   0.02211
   0.02158
   0.02121
   0.02061
   0.01990
   0.01960
   0.01894
   0.01845
   0.01841
   0.01753
   0.01717
   0.01658
   0.01657
   0.01580
   0.01527
   0.01515
   0.01452
   0.01426
   0.01378
   0.01358
   0.01304
   0.01271
   0.01232
   0.01204
   0.01173
   0.01142
   0.01120
   0.01078
   0.01052
   0.01023
   0.00995
   0.00970
   0.00941
   0.00928
   0.00895
   0.00872
   0.00855
   0.00828
   0.00802
   0.00783
   0.00761
   0.00741
   0.00722
   0.00705
   0.00683
   0.00668
   0.00650
   0.00632
   0.00617
   0.00597
   0.00572
   0.00561
   0.00544
   0.00532
   0.00511
   0.00499
   0.00486
   0.00473
   0.00461
   0.00451
   0.00439
   0.00426
   0.00414
   0.00404
   0.00393
   0.00383
   0.00373
   0.00362
   0.00354
   0.00344
   0.00334
   0.00320
   0.00314
   0.00305
   0.00297
   0.00286
   0.00286
   0.00273
   0.00272
   0.00262
   0.00261
   0.00250
   0.00249
   0.00243
   0.00236
   0.00235
   0.00228
   0.00229
   0.00223
   0.00221
   0.00217
   0.00217
   0.00216
   0.00211
   0.00213
   0.00208
   0.00212
   0.00208
   0.00212
   0.00209
   0.00211
   0.00212
   0.00208
   0.00210
   0.00209
   0.00215
   0.00219
   0.00225
   0.00237
   0.00247
   0.00254
   0.00258
   0.00388
   0.00317
   0.00314
   0.00270
   0.00142
   0.00097
   0.00102
   0.00093
   0.00090
   0.00091
   0.00086
   0.00091
   0.00083
   0.00089
   0.00080
   0.00087
   0.00079
   0.00086
   0.00077
   0.00084
   0.00077
   0.00082
   0.00076
   0.00081
   0.00076
   0.00081
   0.00076
   0.00080
   0.00077
   0.00080
   0.00076
   0.00081
   0.00078
   0.00083
   0.00081
   0.00086
   0.00084
   0.00106
   0.00098
   0.00097
   0.00097
   0.00107
   0.00104
   0.00123
   0.00094
   0.00100
   0.00148
   0.00086
   0.00088
   0.00104
   0.00233
   0.00177
   0.00077
   0.00099
   0.00310
   0.00088
   0.00100
   0.00065
   0.00052
   0.00048
   0.00052
   0.00054
   0.00061
   0.00357
   0.00085
   0.01553
   0.00284
   0.00058
   0.03259
   0.00163
   0.00432
   0.00171
   0.00096
   0.00062
   0.00066
   0.00067
   0.00066
   0.00066
   0.00066
   0.00066
   0.00066
   0.00066
   0.00066
   0.00066
   0.00065
   0.00066
   0.00066
   0.00065
   0.00065
   0.00065
   0.00065
   0.00065
   0.00065
   0.00065
   0.00065
   0.00066
   0.00066
   0.00066
   0.00067
   0.00068
   0.00069
   0.00070
   0.00071
   0.00073
   0.00075
   0.00078
   0.00083
   0.00089
   0.00097
   0.00109
   0.00122
   0.00125
   0.00124
   0.00120
   0.00118
   0.00115
   0.00114
   0.00111
   0.00110
   0.00108
   0.00106
   0.00104
   0.00103
   0.00100
   0.00099
   0.00098
   0.00096
   0.00095
   0.00093
   0.00092
   0.00090
   0.00089
   0.00087
   0.00086
   0.00084
   0.00082
   0.00081
   0.00080
   0.00079
   0.00077
   0.00076
   0.00076
   0.00074
   0.00073
   0.00072
   0.00071
   0.00069
   0.00067
   0.00065
   0.00065
   0.00063
   0.00064
   0.00061
   0.00062
   0.00057
   0.00061
   0.00054
   0.00061
   0.00049
   0.00061
   0.00045
   0.00066
   0.00034
   0.00061
   0.00030
   0.00064
   0.00027
   0.00063
   0.00024
   0.00063
   0.00021
   0.00062
   0.00019
   0.00063
   0.00017
   0.00064
   0.00018
   0.00064
   0.00016
   0.00061
   0.00016
   0.00061
   0.00015
   0.00059
   0.00015
   0.00058
   0.00014
   0.00056
   0.00014
   0.00055
   0.00013
   0.00052
   0.00011
   0.00042
   0.00010
   0.00039
   0.00009
   0.00039
   0.00009
   0.00037
   0.00009
   0.00036
   0.00009
   0.00035
   0.00008
   0.00034
   0.00008
   0.00033
   0.00008
   0.00032
   0.00008
   0.00031
   0.00008
   0.00030
   0.00007
   0.00029
   0.00007
   0.00028
   0.00007
   0.00027
   0.00007
   0.00026
   0.00007
   0.00025
   0.00007
   0.00024
   0.00007
   0.00023
   0.00007
   0.00022
   0.00007
   0.00021
   0.00007
   0.00020
   0.00007
   0.00019
   0.00007
   0.00017
   0.00008
   0.00016
   0.00008
   0.00014
   0.00009
   0.00013
   0.00010
   0.00012
   0.00010
   0.00011
   0.00011
   0.00010
   0.00010
   0.00010
   0.00010
   0.00009
   0.00010
   0.00009
   0.00010
   0.00009
   0.00009
   0.00009
   0.00009
   0.00009
   0.00009
   0.00009
   0.00009
   0.00008
   0.00008
   0.00008
   0.00008
   0.00008
   0.00008
   0.00008
   0.00008
   0.00008
   0.00007
   0.00007
   0.00007
   0.00007
   0.00007
   0.00007
   0.00007
   0.00007
   0.00007
   0.00007
   0.00006
   0.00006
   0.00006
   0.00006
   0.00006
   0.00006
   0.00006
   0.00006
   0.00006
   0.00006
   0.00006
   0.00006
   0.00006
   0.00005
   0.00005
   0.00005
   0.00005
   0.00005
   0.00005
   0.00005
   0.00005
   0.00005
   0.00005
   0.00005
   0.00005
   0.00005
   0.00005
   0.00005
   0.00004
   0.00004
   0.00004
   0.00004
   0.00004
   0.00004
   0.00004
   0.00004
   0.00004
   0.00004
   0.00004
   0.00004
   0.00004
   0.00004
   0.00004
   0.00004
   0.00003
   0.00003
   0.00003
   0.00003
   0.00003
   0.00003
   0.00003
   0.00003
   0.00003
   0.00003
   0.00003
   0.00003
   0.00003
   0.00003
   0.00003
   0.00003
   0.00003
   0.00003
   0.00003
   0.00003
   0.00003
   0.00003
   0.00003
   0.00003
   0.00003
   0.00002
   0.00002
   0.00001
   0.00001
   0.00006
   0.00004
   0.00004
   0.00003
   0.00003
   0.00003
   0.00003
   0.00003
   0.00003
   0.00003
   0.00003
   0.00003
   0.00003
   0.00003
   0.00003
   0.00003
   0.00003
   0.00003
   0.00003
   0.00002
   0.00002
   0.00002
   0.00002
   0.00002
   0.00002
   0.00001
   0.00001
   0.00001
   0.00001
   0.00001
   0.00001
   0.00001
   0.00001
   0.00001
   0.08915
   0.05704
   0.03334
   0.00405
   0.00247
   0.00290
   0.00243
   0.00222
   0.00190
   0.00171
   0.00159
   0.00153
   0.00150
   0.00143
   0.00139
   0.00108
   0.00120
   0.00089
   0.00105
   0.00077
   0.00101
   0.00067
   0.00105
   0.00057
   0.00112
   0.00052
   0.00110
   0.00050
   0.00104
   0.00051
   0.00098
   0.00053
   0.00094
   0.00053
   0.00089
   0.00055
   0.00084
   0.00056
   0.00080
   0.00057
   0.00076
   0.00059
   0.00071
   0.00060
   0.00067
   0.00062
   0.00062
   0.00062
   0.00060
   0.00060
   0.00059
   0.00058
   0.00058
   0.00057
   0.00055
   0.00055
   0.00054
   0.00053
   0.00052
   0.00051
   0.00050
   0.00049
   0.00048
   0.00047
   0.00045
   0.00041
   0.00041
   0.00043
   0.00046
   0.00048
   0.00047
   0.00045
   0.00045
   0.00042
   0.00040
   0.00037
   0.00033
   0.00027
   0.00020
   0.00022
   0.00022
   0.00021
   0.00021
   0.00021
   0.00020
   0.00020
   0.00020
   0.00020
   0.00019
   0.00019
   0.00018
   0.00017
   0.00016
   0.00016
   0.00016
   0.00016
   0.00017
   0.00018
   0.00021
   0.00044
   0.00212
   0.00009
   0.00009
   0.00018
   0.00036
   0.00181
   0.00016
   0.00190
   0.00013
   0.00008
   0.00013
   0.00009
   0.00014
   0.00027
   0.00142
   0.00007
   0.00008
   0.00007
   0.00012
   0.00012
   0.00010
   0.00009
   0.00008
   0.00008
   0.00008
   0.00008
   0.00008
   0.00008
   0.00008
   0.00008
   0.00008
   0.00008
   0.00008
   0.00009
   0.00009
   0.00012
   0.00035
   0.00506
   1.48141
   0.11204
   0.06061
   0.05511
   0.03913
   0.03495
   0.03264
   0.03101
   0.02983
   0.02856
   0.02624
   0.02095
   0.02039
   0.01957
   0.01843
   0.01638
   0.01519
   0.01500
   0.01431
   0.01396
   0.01355
   0.01319
   0.01282
   0.01248
   0.01214
   0.01177
   0.01132
   0.01069
   0.01022
   0.00971
   0.00882
   0.00846
   0.00826
   0.00799
   0.00782
   0.00762
   0.00746
   0.00727
   0.00711
   0.00687
   0.00651
   0.00600
   0.00596
   0.00571
   0.00562
   0.00547
   0.00538
   0.00523
   0.00513
   0.00502
   0.00491
   0.00482
   0.00472
   0.00462
   0.00448
   0.00431
   0.00404
   0.00379
   0.00377
   0.00350
   0.00333
   0.00317
   0.00311
   0.00303
   0.00298
   0.00291
   0.00287
   0.00281
   0.00277
   0.00271
   0.00267
   0.00262
   0.00257
   0.00253
   0.00248
   0.00244
   0.00240
   0.00235
   0.00232
   0.00227
   0.00223
   0.00219
   0.00216
   0.00212
   0.00208
   0.00204
   0.00201
   0.00198
   0.00194
   0.00191
   0.00187
   0.00184
   0.00181
   0.00178
   0.00175
   0.00172
   0.00169
   0.00166
   0.00163
   0.00161
   0.00157
   0.00155
   0.00152
   0.00150
   0.00147
   0.00145
   0.00142
   0.00140
   0.00138
   0.00135
   0.00133
   0.00131
   0.00129
   0.00126
   0.00124
   0.00122
   0.00120
   0.00118
   0.00116
   0.00114
   0.00112
   0.00110
   0.00108
   0.00107
   0.00105
   0.00103
   0.00101
   0.00100
   0.00098
   0.00096
   0.00094
   0.00091
