   0.66025
   0.65270
   0.64606
   0.63963
   0.63565
   0.63175
   0.63089
   0.63197
   0.63276
   0.63175
   0.63016
   0.63264
   0.63310
   0.62569
   0.62806
   0.62787
   0.62730
   0.62623
   0.62678
   0.62363
   0.62444
   0.62353
   0.61987
   0.63583
   0.62491
   0.62102
   0.63702
   0.61596
   0.61804
   0.61880
   0.61916
   0.61783
   0.61686
   0.61610
   0.61249
   0.60297
   0.58895
   0.57335
   0.55800
   0.54401
   0.53177
   0.52108
   0.51149
   0.50296
   0.49528
   0.48802
   0.48105
   0.47429
   0.46768
   0.46255
   0.45611
   0.44978
   0.44405
   0.43876
   0.43365
   0.42923
   0.42531
   0.42144
   0.41794
   0.41406
   0.40993
   0.40533
   0.40084
   0.39526
   0.38856
   0.38161
   0.37469
   0.36712
   0.35979
   0.35231
   0.34502
   0.33755
   0.33013
   0.32269
   0.31529
   0.30759
   0.29982
   0.29188
   0.28383
   0.27567
   0.26743
   0.25908
   0.25067
   0.24216
   0.23363
   0.22452
   0.21596
   0.20743
   0.19896
   0.19072
   0.18244
   0.17409
   0.16611
   0.15832
   0.15077
   0.14348
   0.13649
   0.12975
   0.12334
   0.11718
   0.11153
   0.10615
   0.10112
   0.09644
   0.09209
   0.08809
   0.08438
   0.08098
   0.07786
   0.07489
   0.07218
   0.06959
   0.06716
   0.06482
   0.06259
   0.06041
   0.05828
   0.05615
   0.05423
   0.05209
   0.04992
   0.04772
   0.04550
   0.04326
   0.04101
   0.03874
   0.03635
   0.03419
   0.03196
   0.02989
   0.02789
   0.02606
   0.02452
   0.02344
   0.02290
   0.02262
   0.02286
   0.02312
   0.02362
   0.02435
   0.02535
   0.02609
   0.02696
   0.02773
   0.03120
   0.02853
   0.04026
   0.05217
   0.00918
   0.00962
   0.00878
   0.01982
   0.02904
   0.01302
   0.02941
   0.05855
   0.00775
   0.00703
   0.00674
   0.00662
   0.00701
   0.01206
   0.00787
   0.03603
   0.02426
   0.06505
   0.09088
   0.08449
   0.07695
   0.07010
   0.06364
   0.05773
   0.05260
   0.04830
   0.04339
   0.03967
   0.03550
   0.03171
   0.02776
   0.02395
   0.02141
   0.01642
   0.01418
   0.01087
   0.00933
   0.01847
   0.01133
   0.08099
   0.04492
   0.03757
   0.03407
   0.03159
   0.02673
   0.02414
   0.02230
   0.02062
   0.01924
   0.01792
   0.01625
   0.01535
   0.01412
   0.01208
   0.01110
   0.01071
   0.00992
   0.00962
   0.00901
   0.00869
   0.00824
   0.00792
   0.00756
   0.00725
   0.00695
   0.00668
   0.00641
   0.00617
   0.00595
   0.00566
   0.00545
   0.00524
   0.00499
   0.00483
   0.00475
   0.00486
   0.00524
   0.00607
   0.00671
   0.01025
   0.01458
   0.01660
   0.02068
   0.01152
   0.01364
   0.01197
   0.01102
   0.01020
   0.00904
   0.00852
   0.00416
   0.00987
   0.00642
   0.00495
   0.00494
   0.00482
   0.00471
   0.00456
   0.00443
   0.00423
   0.00412
   0.00400
   0.00397
   0.00463
   0.00202
   0.00474
   0.00278
   0.00274
   0.00280
   0.00283
   0.00334
   0.01477
   0.00219
   0.00207
   0.00196
   0.00186
   0.00177
   0.00170
   0.00163
   0.00157
   0.00114
   0.00118
   0.00120
   0.00120
   0.00128
   0.00127
   0.00121
   0.00116
   0.00111
   0.00108
   0.00104
   0.00100
   0.00096
   0.00093
   0.00089
   0.00101
   0.00090
   0.00084
   0.00127
   0.00082
   0.00123
   0.61128
   0.01003
   0.00448
   0.00289
   0.00228
   0.00190
   0.00161
   0.00141
   0.00126
   0.00115
   0.00107
   0.00099
   0.00092
   0.00086
   0.00081
   0.00076
   0.00072
   0.00068
   0.00065
   0.00064
   0.00063
   0.00062
   0.00062
   0.00062
   0.00059
   0.00053
   0.00049
   0.00049
   0.00047
   0.00045
   0.00045
   0.00047
   0.01513
   0.00713
   0.00516
   0.00438
   0.00388
   0.00354
   0.00326
   0.00285
   0.00237
   0.00210
   0.00193
   0.00178
   0.00162
   0.00141
   0.00126
   0.00117
   0.00106
   0.00099
   0.00094
   0.00090
   0.00086
   0.00082
   0.00079
   0.00075
   0.00072
   0.00069
   0.00066
   0.00063
   0.00060
   0.00058
   0.00056
   0.00054
   0.00052
   0.00050
   0.00048
   0.00047
   0.00045
   0.00044
   0.00043
   0.00043
   0.00042
   0.00041
   0.00040
   0.00039
   0.00037
   0.00036
   0.00034
   0.00032
   0.00031
   0.00390
   0.00118
   0.00090
   0.00129
   0.00104
   0.00104
   0.00084
   0.00065
   0.00074
   0.00098
   0.00042
   0.00038
   0.00067
   0.00073
   0.00075
   0.00073
   0.00070
   0.00067
   0.00064
   0.00060
   0.00057
   0.00054
   0.00052
   0.00051
   0.00046
   0.00039
   0.00040
   0.00500
   0.00095
   0.00053
   0.00120
   0.00041
   0.00043
   0.00147
   0.00094
   0.00088
   0.00078
   0.00078
   0.00086
   0.00069
   0.00102
   0.00092
   0.00092
   0.00026
   0.00085
   0.00027
   0.00051
   0.00018
   0.00041
   0.00072
   0.00050
   0.00033
   0.00028
   0.23291
   0.03869
   0.02723
   0.02105
   0.01715
   0.01471
   0.01246
   0.01106
   0.01000
   0.00903
   0.01046
   0.00806
   0.00791
   0.00668
   0.00759
   0.00529
   0.00881
   0.00491
   0.00787
   0.00420
   0.00694
   0.00376
   0.00388
   0.00360
   0.00361
   0.00432
   0.00446
   0.00444
   0.00397
   0.00296
   0.01681
   0.01050
   0.00539
   0.00441
   0.00397
   0.00371
   0.00392
   0.00517
   0.00561
   0.00599
   0.00609
   0.00597
   0.00571
   0.00538
   0.00506
   0.00490
   0.00469
   0.00456
   0.00434
   0.00410
   0.00376
   0.00357
   0.00341
   0.00320
   0.00300
   0.00277
   0.00256
   0.00236
   0.00224
   0.00219
   0.00216
   0.00211
   0.00198
   0.00183
   0.00175
   0.00161
   0.00153
   0.00145
   0.00139
   0.00136
   0.00140
   0.00162
   0.00235
   0.00171
   0.00170
   0.00184
   0.00180
