   0.70751
   0.70455
   0.70390
   0.70307
   0.70210
   0.70106
   0.69995
   0.69893
   0.69791
   0.69692
   0.69597
   0.69501
   0.69408
   0.69324
   0.69238
   0.69159
   0.69079
   0.69001
   0.68927
   0.68847
   0.68774
   0.68693
   0.68623
   0.68524
   0.68495
   0.68427
   0.68371
   0.68309
   0.68257
   0.68200
   0.68154
   0.68093
   0.68047
   0.68011
   0.67961
   0.67967
   0.67953
   0.67963
   0.67978
   0.68012
   0.68059
   0.68135
   0.68253
   0.68375
   0.68470
   0.68725
   0.68877
   0.69102
   0.69350
   0.69623
   0.69898
   0.70191
   0.70505
   0.70755
   0.70975
   0.71118
   0.71225
   0.71234
   0.71293
   0.71278
   0.69389
   0.70481
   0.70099
   0.69581
   0.68887
   0.68208
   0.67483
   0.66686
   0.65833
   0.64983
   0.64076
   0.63131
   0.62156
   0.61155
   0.59766
   0.58586
   0.57583
   0.56646
   0.55755
   0.54964
   0.54258
   0.53622
   0.53051
   0.52515
   0.51996
   0.51495
   0.50976
   0.50432
   0.49877
   0.49288
   0.48694
   0.48083
   0.47470
   0.46869
   0.46275
   0.45699
   0.45151
   0.44629
   0.44147
   0.43708
   0.43314
   0.42961
   0.42630
   0.42307
   0.41957
   0.41558
   0.41102
   0.40595
   0.40045
   0.39472
   0.38884
   0.38303
   0.37730
   0.37170
   0.36632
   0.36110
   0.35614
   0.35133
   0.34666
   0.34213
   0.33768
   0.33325
   0.32901
   0.32473
   0.32051
   0.31590
   0.31164
   0.30753
   0.30343
   0.29939
   0.29538
   0.29144
   0.28750
   0.28368
   0.27981
   0.27602
   0.27234
   0.26870
   0.26511
   0.26156
   0.25813
   0.25466
   0.25126
   0.24789
   0.24455
   0.24129
   0.23808
   0.23491
   0.23176
   0.22864
   0.22555
   0.22253
   0.21950
   0.21649
   0.21351
   0.21055
   0.20763
   0.20471
   0.20182
   0.19897
   0.19612
   0.19328
   0.19043
   0.18770
   0.18492
   0.18216
   0.17947
   0.17675
   0.17407
   0.17140
   0.16887
   0.16621
   0.16359
   0.16099
   0.15841
   0.15578
   0.15328
   0.15079
   0.14831
   0.14586
   0.14344
   0.14107
   0.13868
   0.13637
   0.13402
   0.13173
   0.12945
   0.12721
   0.12500
   0.12271
   0.12059
   0.11843
   0.11630
   0.11420
   0.11214
   0.11010
   0.10810
   0.10613
   0.10416
   0.10222
   0.10032
   0.09846
   0.09656
   0.09473
   0.09291
   0.09106
   0.08933
   0.08745
   0.08582
   0.08409
   0.08241
   0.08076
   0.07909
   0.07747
   0.07577
   0.07416
   0.07258
   0.07101
   0.06956
   0.06799
   0.06641
   0.06500
   0.06353
   0.06220
   0.06075
   0.05931
   0.05800
   0.05660
   0.05522
   0.05392
   0.05265
   0.05140
   0.05018
   0.04900
   0.04784
   0.04672
   0.04565
   0.04461
   0.04363
   0.04269
   0.04179
   0.04095
   0.04015
   0.03941
   0.03871
   0.03806
   0.03748
   0.03694
   0.03643
   0.03597
   0.03557
   0.03521
   0.03490
   0.03461
   0.03435
   0.03412
   0.03389
   0.03371
   0.03354
   0.03339
   0.03325
   0.03295
   0.03276
   0.03272
   0.03259
   0.03227
   0.03223
   0.03188
   0.03185
   0.03156
   0.03122
   0.03117
   0.03080
   0.03056
   0.03025
   0.02995
   0.02964
   0.02929
   0.02896
   0.02858
   0.02822
   0.02784
   0.02745
   0.02702
   0.02661
   0.02621
   0.02577
   0.02534
   0.02490
   0.02446
   0.02400
   0.02358
   0.02313
   0.02257
   0.02229
   0.02180
   0.02140
   0.02085
   0.02060
   0.02018
   0.01967
   0.01944
   0.01908
   0.01875
   0.01841
   0.01810
   0.01783
   0.01755
   0.01732
   0.01713
   0.01699
   0.01692
   0.01699
   0.01725
   0.01781
   0.01858
   0.01929
   0.02149
   0.02094
   0.02307
   0.01647
   0.23290
   0.00740
   0.00705
   0.00695
   0.00689
   0.00683
   0.00677
   0.00672
   0.00667
   0.00662
   0.00659
   0.00654
   0.00652
   0.00647
   0.00645
   0.00641
   0.00638
   0.00636
   0.00633
   0.00630
   0.00627
   0.00625
   0.00625
   0.00621
   0.00619
   0.00615
   0.00611
   0.00608
   0.00603
   0.00598
   0.00592
   0.00586
   0.00579
   0.00572
   0.00567
   0.00562
   0.00549
   0.00474
   0.00466
   0.00338
   0.00337
   0.00341
   0.00593
   0.00353
   0.00637
   0.00331
   0.00405
   0.00352
   0.00511
   0.00408
   0.00809
   0.00439
   0.00738
   0.00327
   0.00696
   0.00287
   0.00710
   0.00276
   0.00652
   0.00267
   0.00535
   0.00259
   0.00427
   0.00252
   0.00408
   0.00246
   0.00416
   0.00239
   0.00485
   0.00236
   0.00341
   0.00227
   0.00248
   0.01869
   0.00687
   0.00493
   0.00503
   0.00471
   0.00440
   0.00424
   0.00407
   0.00399
   0.00399
   0.00390
   0.00382
   0.00371
   0.00363
   0.00354
   0.00347
   0.00340
   0.00336
   0.00334
   0.00333
   0.00335
   0.00342
   0.00356
   0.00389
   0.00492
   0.00845
   0.06624
   0.00598
   0.00188
   0.00391
   0.00270
   0.00282
   0.00281
   0.00285
   0.00294
   0.00311
   0.00351
   0.00507
   0.00175
   0.00194
   0.00179
   0.00204
   0.00177
   0.00307
   0.00174
   0.00431
   0.00203
   0.00467
   0.00176
   0.00178
   0.00243
   0.00264
   0.00266
   0.00269
   0.00270
   0.00271
   0.00271
   0.00269
   0.00267
   0.00265
   0.00262
   0.00258
   0.00254
   0.00250
   0.00247
   0.00243
   0.00241
   0.00240
   0.00240
   0.00242
   0.00246
   0.00255
   0.00272
   0.00311
   0.00446
   0.00171
   0.00264
   0.00149
   0.00352
   0.00148
   0.00433
   0.00757
   0.00390
   0.00143
   0.00381
   0.00135
   0.00380
   0.00331
   0.00571
   0.44023
   0.00153
   0.00153
   0.00152
   0.00154
   0.00155
   0.00157
   0.00159
   0.00160
   0.00162
   0.00165
   0.00167
   0.00169
   0.00172
   0.00174
   0.00177
   0.00180
