   0.52165
   0.45021
   0.42038
   0.40620
   0.41171
   0.38842
   0.39227
   0.39144
   0.40029
   0.40336
   0.39835
   0.40550
   0.43594
   0.38960
   0.40609
   0.40152
   0.40158
   0.39943
   0.39964
   0.40042
   0.40255
   0.40127
   0.39560
   0.39841
   0.39634
   0.38230
   0.39057
   0.38955
   0.38895
   0.40012
   0.44178
   0.44044
   0.45182
   0.48469
   0.54161
   0.54442
   0.54398
   0.56276
   0.56040
   0.55009
   0.53625
   0.51478
   0.49323
   0.47377
   0.46136
   0.46250
   0.46354
   0.46181
   0.45582
   0.44564
   0.43299
   0.41853
   0.40235
   0.38515
   0.36784
   0.35000
   0.33236
   0.31557
   0.29937
   0.28373
   0.26877
   0.25452
   0.24123
   0.22855
   0.21655
   0.20523
   0.19445
   0.18431
   0.17472
   0.16560
   0.15704
   0.14900
   0.14135
   0.13417
   0.12739
   0.12102
   0.11506
   0.10956
   0.10436
   0.09950
   0.09495
   0.09078
   0.08686
   0.08325
   0.07993
   0.07680
   0.07393
   0.07131
   0.06889
   0.06663
   0.06458
   0.06269
   0.06096
   0.05933
   0.05781
   0.05634
   0.05499
   0.05373
   0.05252
   0.05135
   0.05027
   0.04916
   0.04809
   0.04702
   0.04595
   0.04482
   0.04369
   0.04252
   0.04145
   0.04014
   0.03878
   0.03738
   0.03593
   0.03451
   0.03294
   0.03132
   0.02969
   0.02804
   0.02640
   0.02474
   0.02311
   0.02151
   0.01994
   0.01843
   0.01698
   0.01559
   0.01429
   0.01306
   0.01192
   0.01087
   0.00989
   0.00899
   0.00816
   0.00741
   0.00671
   0.00608
   0.00550
   0.00497
   0.00449
   0.00406
   0.00368
   0.00334
   0.00305
   0.00282
   0.00266
   0.00258
   0.00260
   0.00268
   0.00263
   0.00228
   0.00185
   0.00154
   0.00133
   0.00117
   0.00104
   0.00093
   0.00083
   0.00074
   0.00066
   0.00057
   0.00049
   0.00042
   0.00035
   0.00030
   0.00026
   0.00023
   0.00021
   0.00020
   0.00019
   0.00017
   0.00014
   0.00012
   0.00011
   0.00011
   0.00011
   0.00011
   0.00011
   0.00010
   0.00009
   0.00008
   0.00008
   0.00007
   0.00007
   0.00006
   0.00006
   0.00005
   0.00005
   0.00004
   0.00004
   0.00004
   0.00003
   0.00003
   0.00003
   0.00234
   0.00517
   0.00337
   0.00260
   0.00261
   0.00210
   0.00144
   0.00141
   0.00150
   0.00109
   0.00128
   0.00104
   0.00095
   0.00069
   0.00010
   0.00064
   0.00060
   0.00083
   0.00078
   0.00030
   0.00033
   0.00028
   0.00027
   0.00035
   0.00050
   0.00019
   0.00018
   0.00020
   0.00024
   0.00018
   0.00011
   0.00012
   0.00015
   0.00012
   0.00010
   0.00019
   0.00008
   0.00010
   0.00001
   0.00006
   0.00008
   0.00007
   0.00005
   0.00003
   0.00004
   0.00003
   0.00004
   0.00003
   0.00003
   0.00003
   0.00003
   0.00004
   0.00003
   0.00005
   0.00007
   0.00006
   0.00005
   0.00005
   0.00730
   0.00492
   0.00329
   0.00285
   0.00235
   0.00204
   0.00180
   0.00163
   0.00150
   0.00138
   0.00126
   0.00114
   0.00103
   0.00093
   0.00084
   0.00074
   0.00063
   0.00110
   0.00118
   0.00109
   0.00102
   0.00095
   0.00090
   0.00085
   0.00081
   0.00078
   0.00074
   0.00067
   0.00067
   0.00069
   0.00058
   0.00058
   0.00051
   0.00052
   0.00009
   0.00043
   0.00006
   0.00019
   0.00035
   0.00031
   0.00018
   0.00014
   0.00015
   0.00016
   0.00017
   0.00018
   0.00020
   0.00022
   0.00006
   0.00020
   0.00007
   0.00003
   0.00017
   0.00012
   0.00016
   0.00016
   0.00016
   0.00016
   0.00016
   0.00016
   0.00016
   0.00017
   0.00020
   0.00018
   0.00001
   0.00014
   0.00013
   0.00011
   0.00009
   0.00006
   0.00010
   0.00008
   0.00009
   0.00008
   0.00008
   0.00008
   0.00008
   0.00008
   0.00012
   0.00009
   0.00144
   0.00031
   0.00023
   0.00019
   0.00012
   0.00013
   0.00011
   0.00011
   0.00039
   0.00054
   0.00037
   0.00028
   0.00023
   0.00019
   0.00014
   0.00013
   0.00012
   0.00010
   0.00009
   0.00014
   0.00012
   0.00002
   0.00007
   0.00007
   0.00006
   0.00006
   0.00006
   0.00006
   0.00005
   0.00005
   0.00004
   0.00004
   0.00004
   0.00004
   0.00004
   0.00003
   0.00003
   0.00011
   0.00003
   0.00003
   0.00003
   0.00003
   0.00003
   0.00002
   0.00002
   0.00003
   0.00002
   0.00002
   0.06712
   0.01952
   0.00951
   0.00290
   0.00200
   0.00154
   0.00122
   0.00102
   0.00119
   0.00132
   0.00129
   0.00154
   0.00161
   0.00077
   0.00033
   0.00031
   0.00027
   0.00025
   0.00024
   0.00026
   0.00029
   0.00022
   0.00020
   0.00019
   0.00018
   0.00018
   0.00017
   0.00016
   0.00015
   0.00014
   0.00013
   0.00013
   0.00012
   0.00011
   0.00010
   0.00010
   0.00009
   0.00009
   0.00009
   0.00008
   0.00008
   0.00007
   0.00010
   0.00004
   0.00006
   0.00026
   0.00024
   0.00023
   0.00020
   0.00005
   0.00005
   0.00004
   0.00041
   0.00049
   0.00046
   0.00041
   0.00045
   0.00094
   0.00032
   0.00020
   0.00120
   0.00031
   0.00022
   0.00052
   0.00018
   0.00017
   0.00015
   0.00020
   0.00028
   0.00012
   0.00020
   0.00012
   0.00008
   0.00013
   0.00010
   0.00022
   0.00011
   0.00008
   0.00006
   0.00003
   0.00008
   0.00179
   0.00034
   0.00028
   0.00024
   0.00020
   0.00015
   0.00017
   0.00034
   0.00019
   0.00019
   0.00019
   0.00019
   0.00017
   0.00015
   0.00008
   0.00007
   0.00010
   0.00011
   0.00010
   0.00020
   0.00267
   0.00170
   0.00123
   0.00081
   0.00044
   0.00032
   0.00026
   0.00020
   0.00016
   0.00018
   0.00019
   0.00020
   0.00017
   0.00013
   0.00011
   0.00010
   0.00012
   0.00037
   0.00024
   0.00020
