   0.73620
   0.75726
   0.74842
   0.75129
   0.75352
   0.75944
   0.73117
   0.75634
   0.77879
   0.79192
   0.78335
   0.78970
   0.78315
   0.78343
   0.78142
   0.77919
   0.77732
   0.77073
   0.77143
   0.77324
   0.76266
   0.76812
   0.76130
   0.76305
   0.74789
   0.75260
   0.75231
   0.75095
   0.69980
   0.70854
   0.72347
   0.71347
   0.70842
   0.70075
   0.69349
   0.68224
   0.65065
   0.65940
   0.65449
   0.63232
   0.61679
   0.61886
   0.61684
   0.61357
   0.60786
   0.60114
   0.59275
   0.58246
   0.57434
   0.56495
   0.55289
   0.54586
   0.53854
   0.53074
   0.52388
   0.51357
   0.50587
   0.49378
   0.48428
   0.47524
   0.46673
   0.46081
   0.45171
   0.44465
   0.43792
   0.43120
   0.42392
   0.41704
   0.40913
   0.40079
   0.39089
   0.38063
   0.37038
   0.36078
   0.35132
   0.34260
   0.33439
   0.32681
   0.31958
   0.31267
   0.30599
   0.29968
   0.29368
   0.28788
   0.28228
   0.27687
   0.27163
   0.26663
   0.26170
   0.25701
   0.25243
   0.24803
   0.24362
   0.23944
   0.23537
   0.23173
   0.22802
   0.22429
   0.22066
   0.21737
   0.21405
   0.21085
   0.20770
   0.20444
   0.20198
   0.19852
   0.19635
   0.19356
   0.19062
   0.18811
   0.18543
   0.18369
   0.18082
   0.17946
   0.17659
   0.17463
   0.17223
   0.16910
   0.16822
   0.16575
   0.16336
   0.16150
   0.15915
   0.15692
   0.15507
   0.15264
   0.15040
   0.14765
   0.14509
   0.14272
   0.14060
   0.13826
   0.13558
   0.13311
   0.13092
   0.12948
   0.12760
   0.12509
   0.12338
   0.12159
   0.11872
   0.11701
   0.11473
   0.11443
   0.11223
   0.11278
   0.11007
   0.11098
   0.11061
   0.10860
   0.11095
   0.11153
   0.10982
   0.11204
   0.11095
   0.11434
   0.11325
   0.11695
   0.11625
   0.12045
   0.11929
   0.12374
   0.12211
   0.12560
   0.12274
   0.12520
   0.11921
   0.11905
   0.10671
   0.09582
   0.08005
   0.06786
   0.05774
   0.05467
   0.04793
   0.02957
   0.03552
   0.03436
   0.03392
   0.03346
   0.03309
   0.03264
   0.03240
   0.03229
   0.03212
   0.03205
   0.03181
   0.03170
   0.03150
   0.03117
   0.03087
   0.03042
   0.02985
   0.02933
   0.02863
   0.02794
   0.02741
   0.02656
   0.02592
   0.02532
   0.02444
   0.02385
   0.02304
   0.02259
   0.02189
   0.02117
   0.02055
   0.02000
   0.01949
   0.01893
   0.01854
   0.01806
   0.01768
   0.01718
   0.01695
   0.01629
   0.01628
   0.01528
   0.01637
   0.01601
   0.01352
   0.01373
   0.01412
   0.01412
   0.01351
   0.01309
   0.01246
   0.01146
   0.00919
   0.46458
   0.07577
   0.06375
   0.05756
   0.05058
   0.04759
   0.04518
   0.04304
   0.04111
   0.03885
   0.03734
   0.03606
   0.03494
   0.03393
   0.03300
   0.03213
   0.03130
   0.03048
   0.02969
   0.02892
   0.02815
   0.02741
   0.02665
   0.02593
   0.02522
   0.02454
   0.02387
   0.02323
   0.02260
   0.02202
   0.02142
   0.02085
   0.02029
   0.01974
   0.01919
   0.01864
   0.01809
   0.01755
   0.01702
   0.01647
   0.01594
   0.01543
   0.01493
   0.01442
   0.01393
   0.01346
   0.01299
   0.01254
   0.01211
   0.01167
   0.01126
   0.01085
   0.01045
   0.01008
   0.00970
   0.00934
   0.00899
   0.00865
   0.00833
   0.00801
   0.00770
   0.00741
   0.00713
   0.00686
   0.00661
   0.00636
   0.00613
   0.00590
   0.00569
   0.00550
   0.00531
   0.00512
   0.00495
   0.00478
   0.00461
   0.00444
   0.00428
   0.00414
   0.00400
   0.00387
   0.00376
   0.00364
   0.00352
   0.00340
   0.00325
   0.00310
   0.06888
   0.01776
   0.01243
   0.01143
   0.00980
   0.00932
   0.00887
   0.00819
   0.00729
   0.00662
   0.00638
   0.00596
   0.00573
   0.00554
   0.00512
   0.00479
   0.00453
   0.00465
   0.00498
   0.00554
   0.00574
   0.00547
   0.00536
   0.00524
   0.00514
   0.00506
   0.00494
   0.00478
   0.00457
   0.00436
   0.00415
   0.00399
   0.00378
   0.00363
   0.00343
   0.00334
   0.00314
   0.00306
   0.00293
   0.00283
   0.00267
   0.00263
   0.00247
   0.00241
   0.00226
   0.00225
   0.00208
   0.00208
   0.00192
   0.00193
   0.00178
   0.00177
   0.00164
   0.00166
   0.00152
   0.00153
   0.00141
   0.00141
   0.00131
   0.00127
   0.00117
   0.00104
   0.00079
   0.91663
   0.05274
   0.04066
   0.02104
   0.01751
   0.01582
   0.01446
   0.01353
   0.01296
   0.01330
   0.01556
   0.01541
   0.01495
   0.01422
   0.01350
   0.01285
   0.01223
   0.01170
   0.01132
   0.01087
   0.01039
   0.00994
   0.00970
   0.00936
   0.00899
   0.00858
   0.00820
   0.00792
   0.00764
   0.00739
   0.00716
   0.00692
   0.00669
   0.00646
   0.00624
   0.00601
   0.00578
   0.00555
   0.00530
   0.00506
   0.00481
   0.00457
   0.00432
   0.00405
   0.00379
   0.00354
   0.00344
   0.00333
   0.00330
   0.00322
   0.00310
   0.00300
   0.00296
   0.00286
   0.00285
   0.00274
   0.00272
   0.00259
   0.00260
   0.00245
   0.00248
   0.00231
   0.00235
   0.00218
   0.00222
   0.00206
   0.00208
   0.00194
   0.00191
   0.00178
   0.00175
   0.00167
   0.00165
   0.00158
   0.00155
   0.00150
   0.00146
   0.00141
   0.00137
   0.00133
   0.00129
   0.00126
   0.00122
   0.00118
   0.00115
   0.00111
   0.00108
   0.00105
   0.00102
   0.00099
   0.00095
   0.00093
   0.00090
   0.00087
   0.00084
   0.00082
   0.00079
   0.00077
   0.00074
   0.00072
   0.00070
   0.00068
   0.00065
   0.00063
   0.00061
   0.00059
   0.00058
   0.00056
   0.00054
   0.00052
   0.00050
   0.00049
   0.00047
   0.00046
   0.00044
   0.00043
   0.00041
   0.00040
   0.00039
   0.00037
   0.00036
   0.00035
