   0.68683
   0.68192
   0.68272
   0.68149
   0.68128
   0.68103
   0.68077
   0.68053
   0.68028
   0.68004
   0.67979
   0.67953
   0.67928
   0.67901
   0.67875
   0.67847
   0.67820
   0.67791
   0.67762
   0.67733
   0.67702
   0.67671
   0.67639
   0.67606
   0.67572
   0.67537
   0.67501
   0.67464
   0.67427
   0.67387
   0.67345
   0.66978
   0.67212
   0.67158
   0.67097
   0.67055
   0.67012
   0.66954
   0.66896
   0.66839
   0.66779
   0.66718
   0.66655
   0.66590
   0.66524
   0.66453
   0.66382
   0.66299
   0.66237
   0.66154
   0.66073
   0.65996
   0.65917
   0.65837
   0.65754
   0.65670
   0.65585
   0.65498
   0.65409
   0.65319
   0.65227
   0.65133
   0.65038
   0.64941
   0.64841
   0.64740
   0.64637
   0.64533
   0.64426
   0.64318
   0.64209
   0.64097
   0.63983
   0.63869
   0.63754
   0.63639
   0.63486
   0.63375
   0.63341
   0.64315
   0.64409
   0.64292
   0.64159
   0.64047
   0.63881
   0.64688
   0.64453
   0.64197
   0.64075
   0.63910
   0.63685
   0.63399
   0.63062
   0.62696
   0.62311
   0.61923
   0.61521
   0.61122
   0.60723
   0.60327
   0.59935
   0.59548
   0.59159
   0.58769
   0.58381
   0.57994
   0.57615
   0.57227
   0.56846
   0.56460
   0.56079
   0.55698
   0.55323
   0.54953
   0.54577
   0.54211
   0.53853
   0.53490
   0.53132
   0.52781
   0.52432
   0.52091
   0.51755
   0.51424
   0.51096
   0.50770
   0.50451
   0.50134
   0.49825
   0.49517
   0.49210
   0.48909
   0.48612
   0.48317
   0.48026
   0.47745
   0.47465
   0.47185
   0.46908
   0.46639
   0.46370
   0.46108
   0.45850
   0.45594
   0.45341
   0.45098
   0.44855
   0.44615
   0.44378
   0.44141
   0.43910
   0.43682
   0.43460
   0.43240
   0.43021
   0.42809
   0.42601
   0.42396
   0.42193
   0.41999
   0.41806
   0.41618
   0.41435
   0.41252
   0.41072
   0.40898
   0.40727
   0.40559
   0.40392
   0.40229
   0.40071
   0.39914
   0.39757
   0.39599
   0.39447
   0.39292
   0.39136
   0.38983
   0.38825
   0.38670
   0.38505
   0.38338
   0.38169
   0.37994
   0.37815
   0.37629
   0.37441
   0.37245
   0.37040
   0.36834
   0.36625
   0.36408
   0.36187
   0.35964
   0.35740
   0.35512
   0.35280
   0.35050
   0.34817
   0.34579
   0.34346
   0.34111
   0.33872
   0.33639
   0.33402
   0.33165
   0.32926
   0.32694
   0.32459
   0.32222
   0.31989
   0.31757
   0.31524
   0.31289
   0.31061
   0.30829
   0.30600
   0.30366
   0.30140
   0.29913
   0.29688
   0.29457
   0.29236
   0.29012
   0.28788
   0.28563
   0.28342
   0.28122
   0.27900
   0.27678
   0.27464
   0.27245
   0.27028
   0.26809
   0.26600
   0.26385
   0.26170
   0.25956
   0.25748
   0.25535
   0.25327
   0.25116
   0.24908
   0.24704
   0.24496
   0.24293
   0.24086
   0.23886
   0.23682
   0.23482
   0.23279
   0.23082
   0.22883
   0.22685
   0.22489
   0.22292
   0.22099
   0.21905
   0.21713
   0.21518
   0.21331
   0.21140
   0.20951
   0.20763
   0.20577
   0.20389
   0.20206
   0.20022
   0.19838
   0.19656
   0.19472
   0.19295
   0.19114
   0.18935
   0.18757
   0.18581
   0.18403
   0.18231
   0.18056
   0.17883
   0.17711
   0.17539
   0.17371
   0.17200
   0.17032
   0.16865
   0.16698
   0.16532
   0.16368
   0.16204
   0.16041
   0.15879
   0.15719
   0.15557
   0.15400
   0.15241
   0.15084
   0.14927
   0.14772
   0.14617
   0.14465
   0.14312
   0.14160
   0.14010
   0.13861
   0.13711
   0.13563
   0.13417
   0.13271
   0.13126
   0.12981
   0.12838
   0.12696
   0.12555
   0.12415
   0.12276
   0.12137
   0.12000
   0.11864
   0.11728
   0.11594
   0.11461
   0.11328
   0.11197
   0.11067
   0.10937
   0.10809
   0.10682
   0.10555
   0.10430
   0.10305
   0.10182
   0.10060
   0.09938
   0.09818
   0.09699
   0.09580
   0.09463
   0.09347
   0.09232
   0.09118
   0.09005
   0.08893
   0.08782
   0.08672
   0.08563
   0.08455
   0.08348
   0.08242
   0.08138
   0.08034
   0.07932
   0.07830
   0.07730
   0.07630
   0.07532
   0.07435
   0.07338
   0.07243
   0.07149
   0.07056
   0.06964
   0.06873
   0.06783
   0.06694
   0.06606
   0.06520
   0.06434
   0.06349
   0.06266
   0.06183
   0.06102
   0.06021
   0.05942
   0.05863
   0.05786
   0.05710
   0.05634
   0.05560
   0.05486
   0.05414
   0.05342
   0.05272
   0.05202
   0.05134
   0.05066
   0.05000
   0.04934
   0.04869
   0.04805
   0.04742
   0.04680
   0.04619
   0.04559
   0.04500
   0.04441
   0.04384
   0.04327
   0.04271
   0.04216
   0.04162
   0.04109
   0.04056
   0.04004
   0.03953
   0.03903
   0.03854
   0.03805
   0.03757
   0.03710
   0.03663
   0.03618
   0.03573
   0.03528
   0.03485
   0.03442
   0.03400
   0.03358
   0.03317
   0.03277
   0.03237
   0.03198
   0.03159
   0.03121
   0.03084
   0.03047
   0.03011
   0.02976
   0.02941
   0.02906
   0.02872
   0.02839
   0.02806
   0.02773
   0.02741
   0.02710
   0.02679
   0.02648
   0.02618
   0.02588
   0.02559
   0.02531
   0.02502
   0.02474
   0.02446
   0.02419
   0.02392
   0.02366
   0.02340
   0.02314
   0.02288
   0.02263
   0.02238
   0.02214
   0.02190
   0.02166
   0.02142
   0.02119
   0.02095
   0.02072
   0.02050
   0.02027
   0.02005
   0.01983
   0.01961
   0.01939
   0.01918
   0.01896
   0.01875
   0.01854
   0.01833
   0.01812
   0.01792
   0.01771
   0.01751
   0.01731
   0.01711
   0.01691
   0.01671
   0.01651
   0.01632
   0.01612
   0.01593
   0.01573
   0.01554
   0.01535
   0.01516
   0.01497
   0.01478
   0.01460
   0.01441
   0.01423
   0.01404
   0.01386
   0.01368
   0.01351
   0.01333
   0.01315
   0.01298
   0.01281
   0.01264
   0.01247
   0.01230
   0.01214
   0.01198
   0.01182
   0.01166
   0.01150
   0.01134
   0.01119
   0.01104
   0.01089
   0.01074
   0.01060
   0.01046
   0.01031
   0.01018
   0.01004
   0.00990
   0.00977
   0.00964
   0.00951
   0.00939
   0.00926
   0.00914
   0.00902
   0.00890
   0.00878
   0.00866
   0.00855
   0.00844
   0.00833
   0.00822
   0.00811
   0.00801
   0.00790
   0.00780
   0.00770
   0.00760
   0.00750
   0.00741
   0.00731
   0.00722
   0.00713
   0.00704
   0.00695
   0.00686
   0.00678
   0.00669
   0.00661
   0.00653
   0.00644
   0.00636
   0.00628
   0.00621
   0.00613
   0.00605
   0.00598
   0.00591
   0.00583
   0.00576
   0.00569
   0.00562
   0.00555
   0.00548
   0.00542
   0.00535
   0.00528
   0.00522
   0.00516
   0.00509
   0.00503
   0.00497
   0.00491
   0.00485
   0.00479
   0.00473
   0.00468
   0.00462
   0.00456
   0.00451
   0.00445
   0.00440
   0.00435
   0.00430
   0.00424
   0.00419
   0.00414
   0.00409
   0.00404
   0.00399
   0.00395
   0.00390
   0.00385
   0.00381
   0.00376
   0.00372
   0.00367
   0.00363
   0.00358
   0.00354
   0.00350
   0.00346
   0.00341
   0.00337
   0.00333
   0.00329
   0.00325
   0.00321
   0.00318
   0.00314
   0.00310
   0.00306
   0.00303
   0.00299
   0.00296
   0.00292
   0.00289
   0.00285
   0.00282
   0.00278
   0.00275
   0.00272
   0.00269
   0.00265
   0.00262
   0.00259
   0.00256
   0.00253
   0.00250
   0.00247
   0.00244
   0.00241
   0.00238
   0.00236
   0.00233
   0.00230
   0.00227
   0.00225
   0.00222
   0.00219
   0.00217
   0.00214
   0.00212
   0.00209
   0.00207
   0.00204
   0.00202
   0.00200
   0.00197
   0.00195
   0.00193
   0.00191
   0.00188
   0.00186
   0.00184
   0.00182
   0.00180
   0.00178
   0.00176
   0.00174
   0.00172
   0.00170
   0.00168
   0.00166
   0.00164
   0.00162
   0.00160
   0.00158
   0.00156
   0.00155
   0.00153
   0.00151
   0.00149
   0.00148
   0.00146
   0.00144
   0.00142
   0.00141
   0.00139
   0.00138
   0.00136
   0.00135
   0.00133
   0.00131
   0.00130
   0.00128
   0.00127
   0.00126
   0.00124
   0.00123
   0.00121
   0.00120
   0.00119
   0.00117
   0.00116
   0.00115
   0.00113
   0.00112
   0.00111
   0.00109
   0.00108
   0.00107
   0.00106
   0.00105
   0.00103
   0.00102
   0.00101
   0.00100
   0.00099
   0.00098
   0.00097
   0.00096
   0.00095
   0.00093
   0.00092
   0.00091
   0.00090
   0.00089
   0.00088
   0.00087
   0.00086
   0.00085
   0.00084
   0.00084
   0.00083
   0.00082
   0.00081
   0.00080
   0.00079
   0.00078
   0.00077
   0.00076
   0.00076
   0.00075
   0.00074
   0.00073
   0.00072
   0.00071
   0.00071
   0.00070
   0.00069
   0.00068
   0.00068
   0.00067
   0.00066
   0.00065
   0.00065
   0.00064
   0.00063
   0.00063
   0.00062
   0.00061
   0.00061
   0.00060
   0.00059
   0.00059
   0.00058
   0.00057
   0.00057
   0.00056
   0.00056
   0.00055
   0.00054
   0.00054
   0.00053
   0.00053
   0.00052
   0.00051
   0.00051
   0.00050
   0.00050
   0.00049
   0.00049
   0.00048
   0.00048
   0.00047
   0.00047
   0.00046
   0.00046
   0.00045
   0.00045
   0.00044
   0.00044
   0.00043
   0.00043
   0.00042
   0.00042
   0.00041
   0.00041
   0.00041
   0.00040
   0.00040
   0.00039
   0.00039
   0.00038
   0.00038
   0.00038
   0.00037
   0.00037
   0.00037
   0.00036
   0.00036
   0.00035
   0.00035
   0.00035
   0.00034
   0.00034
   0.00034
   0.00033
   0.00033
   0.00032
   0.00032
   0.00032
   0.00031
   0.00031
   0.00031
   0.00031
   0.00030
   0.00030
   0.00030
   0.00029
   0.00029
   0.00029
   0.00028
   0.00028
   0.00028
   0.00027
   0.00027
   0.00027
   0.00027
   0.00026
   0.00026
   0.00026
   0.00026
   0.00025
   0.00025
   0.00025
   0.00024
   0.00024
   0.00024
   0.00024
   0.00023
   0.00023
   0.00023
   0.00023
   0.00023
   0.00022
   0.00022
   0.00022
   0.00022
   0.00021
   0.00021
   0.00021
   0.00021
   0.00021
   0.00020
   0.00020
   0.00020
   0.00020
   0.00019
   0.00019
   0.00019
   0.00019
   0.00019
   0.00019
   0.00018
   0.00018
   0.00018
   0.00018
   0.00018
   0.00017
   0.00017
   0.00017
   0.00017
   0.00017
   0.00017
   0.00016
   0.00016
   0.00016
   0.00016
   0.00016
   0.00016
   0.00015
   0.00015
   0.00015
   0.00015
   0.00015
   0.00015
   0.00014
   0.00014
   0.00014
   0.00014
   0.00014
   0.00014
   0.00014
   0.00013
   0.00013
   0.00013
   0.00013
   0.00013
   0.00013
   0.00013
   0.00013
   0.00012
   0.00012
   0.00012
   0.00012
   0.00012
   0.00012
   0.00012
   0.00012
   0.00011
   0.00011
   0.00011
   0.00011
   0.00011
   0.00011
   0.00011
   0.00011
   0.00011
   0.00010
   0.00010
   0.00010
   0.00010
   0.00010
   0.00010
   0.00010
   0.00010
   0.00010
   0.00009
   0.00009
   0.00009
   0.00009
   0.00009
   0.00009
   0.00009
   0.00009
   0.00009
   0.00009
   0.00009
   0.00008
   0.00008
   0.00008
   0.00008
   0.00008
   0.00008
   0.00008
   0.00008
   0.00008
   0.00008
   0.00008
   0.00008
   0.00007
   0.00007
   0.00007
   0.00007
   0.00007
   0.00007
   0.00007
   0.00007
   0.00007
   0.00007
   0.00007
   0.00007
   0.00007
   0.00007
   0.00007
   0.00007
   0.00007
   0.00007
   0.00007
   0.00006
   0.00006
   0.00006
   0.00006
   0.00006
   0.00006
   0.00006
   0.00006
   0.00008
   0.00327
   1.46410
   0.12387
   0.16190
   0.09431
   0.05862
   0.04120
   0.03264
   0.02778
   0.02462
   0.02226
   0.02038
   0.01879
   0.01746
   0.01637
   0.01544
   0.01461
   0.01389
   0.01324
