   0.67667
   0.67984
   0.68138
   0.68095
   0.68104
   0.68122
   0.68097
   0.68015
   0.67952
   0.67831
   0.67771
   0.67647
   0.67548
   0.67427
   0.67305
   0.67203
   0.65662
   0.66276
   0.66547
   0.66569
   0.66424
   0.66341
   0.66190
   0.66062
   0.65925
   0.65729
   0.65547
   0.65353
   0.65041
   0.64302
   0.63416
   0.63567
   0.63010
   0.62887
   0.62098
   0.61553
   0.61110
   0.60656
   0.60199
   0.59695
   0.59245
   0.58775
   0.58239
   0.57623
   0.56971
   0.56378
   0.55829
   0.55232
   0.54529
   0.53488
   0.52324
   0.51109
   0.49954
   0.48884
   0.47895
   0.47015
   0.46217
   0.45501
   0.44839
   0.44215
   0.43640
   0.43097
   0.42600
   0.42127
   0.41691
   0.41276
   0.40904
   0.40537
   0.40189
   0.39841
   0.39502
   0.39153
   0.38809
   0.38453
   0.38091
   0.37735
   0.37370
   0.37015
   0.36686
   0.36343
   0.35973
   0.35635
   0.35305
   0.34985
   0.34658
   0.34335
   0.34014
   0.33658
   0.33375
   0.33064
   0.32762
   0.32247
   0.32178
   0.31858
   0.31501
   0.31197
   0.30837
   0.30296
   0.30050
   0.29482
   0.29061
   0.28596
   0.28091
   0.27423
   0.27119
   0.26390
   0.26035
   0.25241
   0.24852
   0.24146
   0.23615
   0.22992
   0.22349
   0.21661
   0.21014
   0.20430
   0.19783
   0.19151
   0.18574
   0.18014
   0.17462
   0.16947
   0.16457
   0.15992
   0.15568
   0.15171
   0.14799
   0.14451
   0.14121
   0.13812
   0.13515
   0.13238
   0.12958
   0.12674
   0.12408
   0.12122
   0.11833
   0.11539
   0.11228
   0.10930
   0.10603
   0.10240
   0.09951
   0.09599
   0.09249
   0.08892
   0.08562
   0.08219
   0.07913
   0.07579
   0.07259
   0.06962
   0.06659
   0.06372
   0.06125
   0.05876
   0.05615
   0.05378
   0.05174
   0.05002
   0.04874
   0.04771
   0.04704
   0.04653
   0.04598
   0.04527
   0.04046
   0.04105
   0.03798
   0.03752
   0.03997
   0.03329
   0.03452
   0.02970
   0.02688
   0.02907
   0.03381
   0.03965
   0.04563
   0.05000
   0.05484
   0.05412
   0.02906
   0.04443
   0.02462
   0.02220
   0.02212
   0.01923
   0.01560
   0.01426
   0.01220
   0.01238
   0.01172
   0.01166
   0.01157
   0.01136
   0.01143
   0.01127
   0.01114
   0.01056
   0.01009
   0.00941
   0.00863
   0.00731
   0.00857
   0.01361
   0.00763
   0.00657
   0.00666
   0.00743
   0.00498
   0.00571
   0.00682
   0.00491
   0.00502
   0.00551
   0.00498
   0.00439
   0.00412
   0.00399
   0.00385
   0.00371
   0.00360
   0.00378
   0.00350
   0.00389
   0.00319
   0.00344
   0.00306
   0.00288
   0.00286
   0.00261
   0.00248
   0.04421
   0.04771
   0.04603
   0.04291
   0.03849
   0.03451
   0.03165
   0.02972
   0.02823
   0.02716
   0.02618
   0.02527
   0.02438
   0.02354
   0.02278
   0.02213
   0.02158
   0.02106
   0.02052
   0.01992
   0.01931
   0.01871
   0.01814
   0.01753
   0.01671
   0.01566
   0.01472
   0.01458
   0.01558
   0.01660
   0.01764
   0.01694
   0.01638
   0.01607
   0.01529
   0.01441
   0.01387
   0.01364
   0.01298
   0.01192
   0.01154
   0.01063
   0.01020
   0.00929
   0.00930
   0.01012
   0.00695
   0.00486
   0.00726
   0.02526
   0.00628
   0.00477
   0.00452
   0.00438
   0.00439
   0.00442
   0.00464
   0.00500
   0.00597
   0.00809
   0.00562
   0.00545
   0.00425
   0.00377
   0.00373
   0.00380
   0.00393
   0.00400
   0.00382
   0.00392
   1.31825
   0.00710
   0.00664
   0.00610
   0.00560
   0.00521
   0.00492
   0.00448
   0.00332
   0.00293
   0.00279
   0.00271
   0.00272
   0.00279
   0.00286
   0.00308
   0.00353
   0.00473
   0.00356
   0.00204
   0.00380
   0.00365
   0.00179
   0.00338
   0.00343
   0.00436
   0.00178
   0.00565
   0.00261
   0.00215
   0.00215
   0.00229
   0.00244
   0.00296
   0.00367
   0.00198
   0.00330
   0.00680
   0.00689
   0.00627
   0.00555
   0.00510
   0.00453
   0.00410
   0.00367
   0.00333
   0.00293
   0.00255
   0.00231
   0.00217
   0.00211
   0.00210
   0.00214
   0.00221
   0.00232
   0.00269
   0.00170
   0.00216
   0.00224
   0.00155
   0.00173
   0.00187
   0.00110
   0.00207
   0.00135
   0.00162
   0.00180
   0.00154
   0.00160
   0.00130
   0.00147
   0.00198
   0.00074
   0.00213
   0.00208
   0.00197
   0.00182
   0.00167
   0.00151
   0.00136
   0.00122
   0.00110
   0.00100
   0.00091
   0.00074
   0.00064
   0.00068
   0.00073
   0.00074
   0.00072
   0.00072
   0.00073
   0.00079
   0.00092
   0.00072
   0.00970
   0.00523
   0.00402
   0.00337
   0.00286
   0.00263
   0.00239
   0.00222
   0.00206
   0.00194
   0.00176
   0.00152
   0.00135
   0.00124
   0.00114
   0.00106
   0.00094
   0.00084
   0.00076
   0.00071
   0.00069
   0.00068
   0.00068
   0.00068
   0.00070
   0.00071
   0.00073
   0.00076
   0.00082
   0.00103
   0.00144
   0.00170
   0.00172
   0.00175
   0.00179
   0.00179
   0.00179
   0.00179
   0.00178
   0.00176
   0.00174
   0.00172
   0.00170
   0.00163
   0.00154
   0.00141
   0.00129
   0.00118
   0.00107
   0.00097
   0.00089
   0.00083
   0.00077
   0.00070
   0.00056
   0.00050
   0.00048
   0.00048
   0.00048
   0.00048
   0.00048
   0.00049
   0.00051
   0.00053
   0.00069
   0.00071
   0.00263
   0.00087
   0.00093
   0.00097
   0.00101
   0.00105
   0.00108
   0.00111
   0.00114
   0.00115
   0.00116
   0.00116
   0.00116
   0.00116
   0.00115
   0.00114
   0.00113
   0.00112
   0.00109
   0.00103
   0.00096
   0.00088
   0.00081
   0.00074
   0.00068
   0.00062
   0.00058
   0.00053
   0.00045
   0.00033
   0.00033
   0.00033
   0.00033
   0.00034
   0.00034
   0.00034
   0.00035
   0.00036
   0.00042
   0.00059
   0.00233
   0.00056
   0.00057
   0.00058
   0.00059
   0.00061
   0.00063
   0.00065
   0.00068
   0.00071
   0.00075
   0.00079
   0.00083
   0.00087
   0.00091
   0.00095
   0.00097
   0.00100
   0.00103
   0.00105
   0.00106
   0.00106
   0.00106
   0.00105
   0.00104
   0.00104
   0.00103
   0.00102
   0.00100
   0.00095
   0.00088
   0.00081
   0.00074
   0.00068
   0.00062
   0.00057
   0.00053
   0.00050
   0.00046
   0.00034
   0.00029
   0.00029
   0.00029
   0.00028
   0.00028
   0.00028
   0.00029
   0.00029
   0.00030
   0.00045
   0.00037
   0.00113
   0.00109
   0.00095
   0.00078
   0.00071
   0.00066
   0.00062
   0.00063
   0.00066
   0.00070
   0.00073
   0.00075
   0.00077
   0.00079
   0.00081
   0.00082
   0.00083
   0.00083
   0.00082
   0.00082
   0.00082
   0.00082
   0.00081
   0.00079
   0.00074
   0.00068
   0.00062
   0.00056
   0.00051
   0.00047
   0.00043
   0.00040
   0.00038
   0.00034
   0.00023
   0.00021
   0.00022
   0.00022
   0.00021
   0.00021
   0.00022
   0.00022
   0.00022
   0.00030
   0.00022
   0.00035
   0.00036
   0.00035
   0.00034
   0.00034
   0.00036
   0.00038
   0.00040
   0.00043
   0.00045
   0.00048
   0.00051
   0.00053
   0.00056
   0.00058
   0.00060
   0.00062
   0.00063
   0.00064
   0.00065
   0.00066
   0.00066
   0.00065
   0.00065
   0.00065
   0.00065
   0.00065
   0.00063
   0.00060
   0.00055
   0.00050
   0.00045
   0.00041
   0.00037
   0.00035
   0.00032
   0.00030
   0.00028
   0.00023
   0.00017
   0.00017
   0.00017
   0.00017
   0.00017
   0.00017
   0.00017
   0.00018
   0.00018
   0.00019
   0.00028
   0.00022
   0.00022
   0.00028
   0.00029
   0.00031
   0.00032
   0.00034
   0.00036
   0.00038
   0.00040
   0.00042
   0.00044
   0.00045
   0.00047
   0.00049
   0.00050
   0.00051
   0.00052
   0.00052
   0.00052
   0.00052
   0.00051
   0.00051
   0.00051
   0.00050
   0.00050
   0.00049
   0.00046
   0.00042
   0.00038
   0.00034
   0.00031
   0.00028
   0.00026
   0.00024
   0.00023
   0.00021
   0.00019
   0.00015
   0.00013
   0.00013
   0.00013
   0.00013
   0.00013
   0.00013
   0.00014
   0.00014
   0.00014
   0.00015
   0.00019
   0.00014
   0.00014
   0.00013
   0.00014
   0.00014
   0.00015
   0.00016
   0.00016
   0.00017
   0.00018
   0.00020
   0.00021
   0.00022
   0.00023
   0.00025
   0.00026
   0.00027
   0.00028
   0.00029
   0.00030
   0.00030
   0.00031
   0.00031
   0.00031
   0.00031
   0.00030
   0.00030
   0.00030
   0.00030
   0.00030
   0.00029
   0.00028
   0.00025
   0.00023
   0.00021
   0.00019
   0.00017
   0.00016
   0.00015
   0.00014
   0.00013
   0.00012
   0.00010
   0.00008
   0.00008
   0.00008
   0.00008
   0.00008
   0.00008
   0.00008
   0.00009
   0.00009
   0.00009
   0.00009
   0.00009
   0.00011
   0.00008
   0.00006
   0.00006
   0.00006
   0.00006
   0.00006
   0.00006
   0.00006
   0.00006
   0.00006
   0.00006
   0.00007
   0.00007
   0.00007
   0.00007
   0.00007
   0.00008
   0.00008
   0.00008
   0.00009
   0.00009
   0.00010
   0.00011
   0.00011
   0.00012
   0.00013
   0.00013
   0.00014
   0.00015
   0.00015
   0.00016
   0.00016
   0.00016
   0.00017
   0.00017
   0.00017
   0.00017
   0.00016
   0.00016
   0.00016
   0.00016
   0.00016
   0.00015
   0.00015
   0.00014
   0.00013
   0.00012
   0.00011
   0.00010
   0.00009
   0.00008
   0.00008
   0.00007
   0.00007
   0.00006
   0.00004
   0.00005
   0.00005
   0.00005
   0.00005
   0.00005
   0.00005
   0.00005
   0.00005
   0.00005
   0.00005
   0.00005
   0.00005
   0.00003
   0.00097
   0.00008
   0.00006
   0.00006
   0.00006
   0.00006
   0.00006
   0.00006
   0.00006
   0.00006
   0.00006
   0.00006
   0.00006
   0.00006
   0.00006
   0.00006
   0.00006
   0.00006
   0.00006
   0.00006
   0.00006
   0.00006
   0.00006
   0.00006
   0.00006
   0.00006
   0.00006
   0.00006
   0.00006
   0.00007
   0.00007
   0.00007
   0.00007
   0.00008
   0.00008
   0.00009
   0.00009
   0.00010
   0.00010
   0.00011
   0.00011
   0.00012
   0.00012
   0.00012
   0.00013
   0.00013
   0.00013
   0.00013
   0.00013
   0.00013
   0.00013
   0.00012
   0.00012
   0.00012
   0.00012
   0.00012
   0.00011
   0.00011
   0.00010
   0.00009
   0.00008
   0.00007
   0.00007
   0.00006
   0.00006
   0.00006
   0.00005
   0.00004
   0.00004
   0.00004
   0.00003
   0.00003
   0.00003
   0.00003
   0.00003
   0.00003
   0.00004
   0.00004
   0.00004
   0.00004
   0.00004
   0.01700
   0.01065
   0.00887
   0.00777
   0.00696
   0.00631
   0.00577
   0.00528
   0.00479
   0.00415
   0.00320
   0.00295
   0.00269
   0.00251
   0.00228
   0.00212
   0.00186
   0.00165
   0.00147
   0.00135
   0.00128
   0.00122
   0.00118
   0.00114
   0.00110
   0.00107
   0.00103
   0.00099
   0.00094
   0.00089
   0.00086
   0.00083
   0.00080
   0.00076
   0.00073
   0.00071
   0.00071
   0.00071
   0.00058
   0.00063
   0.00056
   0.00050
   0.00047
   0.20000
   0.00138
   0.00134
   0.00123
   0.00118
   0.00114
   0.00110
   0.00107
   0.00103
   0.00099
   0.00096
   0.00092
   0.00090
   0.00092
   0.00092
   0.00092
   0.00093
   0.00093
   0.00094
   0.00094
   0.00094
   0.00094
   0.00092
   0.00088
   0.00082
   0.00075
   0.00070
   0.00065
   0.00060
   0.00057
   0.00054
   0.00052
   0.00051
   0.00050
   0.00048
   0.00047
   0.00044
   0.00043
   0.00042
   0.00041
   0.00039
   0.00038
   0.00038
   0.00041
   0.00039
   0.00028
   0.00029
   0.00029
   0.00024
   0.00025
   0.00023
