   0.81053
   0.85017
   0.83805
   0.83496
   0.83188
   0.82745
   0.82187
   0.81944
   0.81601
   0.80998
   0.80837
   0.81189
   0.80850
   0.80148
   0.79641
   0.79241
   0.78966
   0.78745
   0.78551
   0.78323
   0.78165
   0.78233
   0.78189
   0.77924
   0.77667
   0.77454
   0.77211
   0.76944
   0.76718
   0.76444
   0.76102
   0.75829
   0.75524
   0.74922
   0.74542
   0.74133
   0.73672
   0.73182
   0.72554
   0.71904
   0.71328
   0.70574
   0.69834
   0.69110
   0.68290
   0.67363
   0.66546
   0.65603
   0.64672
   0.63725
   0.62750
   0.61851
   0.61018
   0.60132
   0.59415
   0.58849
   0.58355
   0.57911
   0.57507
   0.57058
   0.56574
   0.56037
   0.55446
   0.54815
   0.54135
   0.53430
   0.52699
   0.51945
   0.51211
   0.50507
   0.49671
   0.49051
   0.48524
   0.48085
   0.47707
   0.47304
   0.46751
   0.46015
   0.45211
   0.44361
   0.43625
   0.42898
   0.42209
   0.41542
   0.40920
   0.40311
   0.39715
   0.39172
   0.38624
   0.38071
   0.37670
   0.37121
   0.36768
   0.36416
   0.35919
   0.35498
   0.35037
   0.34746
   0.34216
   0.33729
   0.33436
   0.33138
   0.32685
   0.32113
   0.31396
   0.30746
   0.30101
   0.29274
   0.28770
   0.27813
   0.27012
   0.26500
   0.25596
   0.24756
   0.24312
   0.23417
   0.22685
   0.22049
   0.21442
   0.20946
   0.20361
   0.19818
   0.19365
   0.18865
   0.18513
   0.17972
   0.17665
   0.17185
   0.16805
   0.16531
   0.16110
   0.15810
   0.15536
   0.15128
   0.14863
   0.14534
   0.14287
   0.14019
   0.13697
   0.13486
   0.13200
   0.12833
   0.12696
   0.12445
   0.12186
   0.11924
   0.11682
   0.11459
   0.11178
   0.10924
   0.10708
   0.10403
   0.10171
   0.09922
   0.09657
   0.09344
   0.09187
   0.08905
   0.08426
   0.08264
   0.08001
   0.07737
   0.07574
   0.07320
   0.07047
   0.06848
   0.06631
   0.06543
   0.06270
   0.06077
   0.05861
   0.05651
   0.05456
   0.05242
   0.05079
   0.04873
   0.04783
   0.04580
   0.04336
   0.04176
   0.04042
   0.03797
   0.03639
   0.03500
   0.03327
   0.03167
   0.03022
   0.02886
   0.02727
   0.02607
   0.02454
   0.02334
   0.02182
   0.02106
   0.01979
   0.01877
   0.01784
   0.01698
   0.01609
   0.01543
   0.01476
   0.01419
   0.01367
   0.01309
   0.01287
   0.01263
   0.01221
   0.01243
   0.01250
   0.01295
   0.01381
   0.01474
   0.01482
   0.01459
   0.01291
   0.01230
   0.01283
   0.01680
   0.01531
   0.00795
   0.92146
   0.00893
   0.00750
   0.00719
   0.00741
   0.01014
   0.01308
   0.00854
   0.01165
   0.00696
   0.00972
   0.00660
   0.00872
   0.00604
   0.00751
   0.00602
   0.00739
   0.00559
   0.00642
   0.00533
   0.00627
   0.00570
   0.00671
   0.09235
   0.00491
   0.00632
   0.00524
   0.00658
   0.00493
   0.00612
   0.00508
   0.00575
   0.00476
   0.00538
   0.00465
   0.00503
   0.00482
   0.00466
   0.00442
   0.00450
   0.00436
   0.00422
   0.00408
   0.00395
   0.00384
   0.00374
   0.00363
   0.00354
   0.00343
   0.00334
   0.00324
   0.00315
   0.00308
   0.00300
   0.00293
   0.00284
   0.00277
   0.00269
   0.00263
   0.00255
   0.00249
   0.00243
   0.00235
   0.00231
   0.00225
   0.00219
   0.00214
   0.00208
   0.00202
   0.00198
   0.00189
   0.00188
   0.00179
   0.00180
   0.00167
   0.00176
   0.00153
   0.00186
   0.00139
   0.00201
   0.00129
   0.00534
   0.00123
   0.00123
   0.00119
   0.00118
   0.00112
   0.00113
   0.00105
   0.00123
   0.00097
   0.00143
   0.00093
   0.00117
   0.00088
   0.00118
   0.00083
   0.00097
   0.00078
   0.00145
   0.00074
   0.00095
   0.00071
   0.00071
   0.00079
   0.00065
   0.00071
   0.00061
   0.00079
   0.00058
   0.00058
   0.00065
   0.00054
   0.00056
   0.00052
   0.00052
   0.00049
   0.00049
   0.00046
   0.00045
   0.00044
   0.00043
   0.00042
   0.00040
   0.00039
   0.00038
   0.00037
   0.00037
   0.00036
   0.00035
   0.00034
   0.00034
   0.00034
   0.00033
   0.00034
   0.00035
   0.00032
   0.00035
   0.00035
   0.00034
   0.54367
   0.42379
   0.43308
   0.42128
   0.33726
   0.32836
   0.31851
   0.30927
   0.30006
   0.29074
   0.28159
   0.27293
   0.26472
   0.25687
   0.24932
   0.24208
   0.23515
   0.22855
   0.22226
   0.21624
   0.21049
   0.20496
   0.19965
   0.19446
   0.18943
   0.18460
   0.17989
   0.17532
   0.17085
   0.16643
   0.16220
   0.15799
   0.15391
   0.14988
   0.14588
   0.14194
   0.13803
   0.13421
   0.13038
   0.12664
   0.12294
   0.11935
   0.11581
   0.11236
   0.10900
   0.10575
   0.10260
   0.09954
   0.09662
   0.09380
   0.09109
   0.08848
   0.08597
   0.08356
   0.08123
   0.07899
   0.07682
   0.07473
   0.07272
   0.07076
   0.06887
   0.06705
   0.06529
   0.06358
   0.06191
   0.06031
   0.05875
   0.05723
   0.05577
   0.05437
   0.05295
   0.05159
   0.05031
   0.04900
   0.04778
   0.04655
   0.04532
   0.04419
   0.04300
   0.04188
   0.03560
   0.03314
   0.03191
   0.03089
   0.03003
   0.02916
   0.02829
   0.02748
   0.02669
   0.02592
   0.02517
   0.02448
   0.02378
   0.02310
   0.02245
   0.02182
   0.02119
   0.02060
   0.02002
   0.01945
   0.01891
   0.01837
   0.01786
   0.01735
   0.01687
   0.01639
   0.01593
   0.01548
   0.01504
   0.01461
   0.01420
   0.01380
   0.01341
   0.01302
   0.01266
   0.01230
   0.01194
   0.01160
   0.01127
   0.01095
   0.01063
   0.01033
   0.01003
   0.00974
   0.00946
   0.00919
   0.00890
   0.00867
   0.00841
   0.00814
   0.00793
   0.00770
   0.00745
   0.00728
   0.00701
   0.00688
   0.00660
   0.00646
   0.00624
   0.00609
   0.00589
   0.00574
   0.00556
   0.00543
   0.00525
   0.00512
   0.00498
   0.00481
   0.00475
   0.00450
   0.00459
   0.00417
   0.00484
   0.00402
   0.00684
   0.00403
   0.00353
   0.00396
   0.00403
   1.75248
   0.01601
   0.00364
   0.00790
   0.00545
   0.00565
   0.00584
   0.00602
   0.00618
   0.00633
   0.00647
   0.00661
   0.00673
   0.00686
   0.00699
   0.00710
   0.00722
   0.00733
   0.00741
   0.00746
   0.00744
   0.00735
   0.00714
   0.00684
   0.00658
   0.00677
   0.00829
   0.00890
   0.00813
   0.00520
   0.00278
   0.00279
   0.00446
   0.00288
   0.01228
   0.01004
   0.00451
   0.01017
   0.01038
   0.01157
   0.02561
   0.00229
   0.00372
   0.00428
   0.00446
   0.00457
   0.00465
   0.00469
   0.00471
   0.00471
   0.00470
   0.00468
   0.00467
   0.00466
   0.00467
   0.00471
   0.00479
   0.00498
   0.00542
   0.00738
   0.01734
   0.00353
   0.00729
   0.00877
   0.03671
   0.00607
   0.00584
   0.00598
   0.00604
   0.00611
   0.00618
   0.00627
   0.00637
   0.00648
   0.00661
   0.00675
   0.00690
   0.00706
   0.00721
   0.00733
   0.00743
   0.00751
   0.00753
   0.00755
   0.00758
   0.00746
   0.00759
   0.00722
   0.00754
   0.00687
   0.00729
   0.00690
   0.00675
   0.00631
   0.00631
   0.01032
   0.00398
   0.00754
   0.00454
   0.00447
   0.00911
   0.00888
   0.00939
   0.00616
   0.01623
   0.00136
   0.00130
   0.00125
   0.00127
   0.00129
   0.00131
   0.00133
   0.00136
   0.00139
   0.00142
   0.00146
   0.00150
   0.00155
   0.00159
   0.00164
   0.00169
   0.00173
   0.00176
   0.00178
   0.00179
   0.00179
   0.00178
   0.00177
   0.00176
   0.00175
   0.00173
   0.00172
   0.00171
   0.00171
   0.00173
   0.00178
   0.00194
   0.00347
   0.00377
   0.00418
   0.00429
   0.00419
   0.00149
   0.00084
   0.00321
   0.00328
   0.00244
   0.50580
   0.00080
   0.00089
   0.00085
   0.00084
   0.00085
   0.00086
   0.00088
   0.00089
   0.00091
   0.00092
   0.00094
   0.00097
   0.00099
   0.00101
   0.00104
   0.00106
   0.00108
   0.00110
   0.00110
   0.00111
   0.00111
   0.00111
   0.00110
   0.00110
   0.00109
   0.00108
   0.00108
   0.00108
   0.00109
   0.00112
   0.00118
   0.00146
   0.00260
   0.00087
   0.00228
   0.00153
   0.00182
   0.00233
   0.00134
   0.00152
   0.00095
   0.00087
   0.05397
   0.08671
   0.00114
   0.00055
   0.00055
   0.00055
   0.00054
   0.00054
   0.00054
   0.00054
   0.00054
   0.00053
   0.00053
   0.00053
   0.00053
   0.00053
   0.00053
   0.00053
   0.00053
   0.00053
   0.00053
   0.00054
   0.00054
   0.00054
   0.00054
   0.00054
   0.00054
   0.00055
   0.00055
   0.00055
   0.00056
   0.00056
   0.00057
   0.00057
   0.00058
   0.00058
   0.00059
   0.00060
   0.00061
   0.00062
   0.00063
   0.00065
   0.00066
   0.00067
   0.00068
   0.00070
   0.00070
   0.00071
   0.00071
   0.00071
   0.00071
   0.00071
   0.00071
   0.00071
   0.00071
   0.00071
   0.00072
   0.00074
   0.00079
   0.00104
   1.72341
   0.00207
   0.00164
   0.00162
   0.00159
   0.00157
   0.00155
   0.00154
   0.00152
   0.00151
   0.00150
   0.00149
   0.00149
   0.00149
   0.00149
   0.00150
   0.00151
   0.00153
   0.00155
   0.00157
   0.00159
   0.00161
   0.00164
   0.00167
   0.00171
   0.00174
   0.00178
   0.00182
   0.00187
   0.00191
   0.00196
   0.00200
   0.00204
   0.00208
   0.00211
   0.00214
   0.00216
   0.00218
   0.00219
   0.00220
   0.00221
   0.00222
   0.00224
   0.00227
   0.00232
   0.00240
   0.00253
   0.00287
   0.00356
   0.00269
   0.00109
   0.00101
   0.00122
   0.00255
   0.00102
   0.00444
   0.11165
   0.00099
   0.00154
   0.00144
   0.00145
   0.00146
   0.00147
   0.00148
   0.00150
   0.00153
   0.00158
   0.00168
   0.00195
   0.00329
   0.00472
   0.00077
   0.01521
   0.00098
   0.00079
   0.00080
   0.00080
   0.00081
   0.00081
   0.00082
   0.00082
   0.00083
   0.00083
   0.00084
   0.00085
   0.00086
   0.00087
   0.00088
   0.00089
   0.00090
   0.00092
   0.00093
   0.00095
   0.00097
   0.00099
   0.00101
   0.00103
   0.00105
   0.00107
   0.00109
   0.00110
   0.00112
   0.00113
   0.00114
   0.00115
   0.00115
   0.00116
   0.00117
   0.00118
   0.00119
   0.00122
   0.00125
   0.00131
   0.00142
   0.00181
   0.00117
   0.00269
   0.00120
   0.00173
   0.00062
   0.00509
   0.00072
   0.00070
   0.00068
   0.00067
   0.00066
   0.00066
   0.00065
   0.00065
   0.00064
   0.00064
   0.00064
   0.00064
   0.00063
   0.00063
   0.00063
   0.00063
   0.00063
   0.00063
   0.00063
   0.00063
   0.00063
   0.00063
   0.00063
   0.00063
   0.00064
   0.00064
   0.00064
   0.00064
   0.00064
   0.00065
   0.00065
   0.00065
   0.00066
   0.00066
   0.00067
   0.00067
   0.00068
   0.00068
   0.00069
   0.00070
   0.00071
   0.00072
   0.00073
   0.00074
   0.00075
   0.00077
   0.00078
   0.00080
   0.00082
   0.00084
   0.00085
   0.00087
   0.00088
   0.00089
   0.00090
   0.00091
   0.00092
   0.00093
   0.00093
   0.00094
   0.00095
   0.00096
   0.00097
   0.00099
   0.00101
   0.00106
   0.00114
   0.00134
   0.00197
   0.00109
   0.00049
   0.00091
   0.00117
   0.00097
   0.00294
   4.89001
   0.01862
   0.00052
   0.00045
   0.00045
   0.00045
   0.00045
   0.00044
   0.00044
   0.00044
   0.00044
   0.00044
   0.00044
   0.00044
   0.00043
   0.00043
   0.00043
   0.00043
   0.00043
   0.00043
   0.00043
   0.00043
   0.00043
   0.00042
   0.00042
   0.00042
   0.00042
   0.00042
   0.00042
   0.00042
   0.00042
   0.00042
   0.00042
   0.00042
   0.00042
