   0.38683
   0.38767
   0.40993
   0.42444
   0.40625
   0.40007
   0.42531
   0.44128
   0.44428
   0.44741
   0.44651
   0.45150
   0.46116
   0.46152
   0.46087
   0.45899
   0.45846
   0.45725
   0.44515
   0.45492
   0.45399
   0.44277
   0.45682
   0.46034
   0.45695
   0.45375
   0.45393
   0.44143
   0.43683
   0.39651
   0.41461
   0.42484
   0.42274
   0.42025
   0.41872
   0.41342
   0.41270
   0.40629
   0.39927
   0.40670
   0.39240
   0.39236
   0.38098
   0.39698
   0.40771
   0.40815
   0.41107
   0.41354
   0.41899
   0.42380
   0.43047
   0.44102
   0.45015
   0.45985
   0.47087
   0.48086
   0.48905
   0.49715
   0.50426
   0.50878
   0.51206
   0.51238
   0.50991
   0.50370
   0.49659
   0.48497
   0.46878
   0.45353
   0.44162
   0.42738
   0.41406
   0.40257
   0.39260
   0.38411
   0.37664
   0.37011
   0.36422
   0.35824
   0.35313
   0.34715
   0.34253
   0.33802
   0.33338
   0.32849
   0.32392
   0.31878
   0.31363
   0.31004
   0.30494
   0.29978
   0.29444
   0.28910
   0.28380
   0.27835
   0.27314
   0.26778
   0.26361
   0.25800
   0.25284
   0.24758
   0.24232
   0.23713
   0.23202
   0.22694
   0.22178
   0.21671
   0.21383
   0.20887
   0.20378
   0.19868
   0.19358
   0.18861
   0.18371
   0.17880
   0.17389
   0.16906
   0.16419
   0.15930
   0.15475
   0.15006
   0.14537
   0.14075
   0.13612
   0.13157
   0.12713
   0.12279
   0.11842
   0.11419
   0.10996
   0.10585
   0.10184
   0.09783
   0.09393
   0.09009
   0.08640
   0.08280
   0.07936
   0.07597
   0.07266
   0.06948
   0.06644
   0.06350
   0.06069
   0.05791
   0.05526
   0.05269
   0.05025
   0.04791
   0.04565
   0.04355
   0.04148
   0.03950
   0.03761
   0.03584
   0.03416
   0.03252
   0.03096
   0.02947
   0.02810
   0.02677
   0.02551
   0.02435
   0.02325
   0.02215
   0.02110
   0.02012
   0.01916
   0.01826
   0.01738
   0.01657
   0.01579
   0.01503
   0.01431
   0.01361
   0.01295
   0.01231
   0.01169
   0.01112
   0.01057
   0.01003
   0.00953
   0.00904
   0.00858
   0.00814
   0.00772
   0.00731
   0.00693
   0.00657
   0.00622
   0.00590
   0.00559
   0.00529
   0.00502
   0.00476
   0.00452
   0.00428
   0.00407
   0.00386
   0.00367
   0.00349
   0.00332
   0.00316
   0.00301
   0.00286
   0.00273
   0.00260
   0.00248
   0.00237
   0.00226
   0.00216
   0.00206
   0.00197
   0.00189
   0.00181
   0.00174
   0.00167
   0.00161
   0.00155
   0.00149
   0.00143
   0.00138
   0.00133
   0.00128
   0.00123
   0.00119
   0.00115
   0.00111
   0.00107
   0.00103
   0.00100
   0.00096
   0.00093
   0.00090
   0.00087
   0.00084
   0.00081
   0.00078
   0.00076
   0.00073
   0.00070
   0.00068
   0.00065
   0.00063
   0.00060
   0.00058
   0.00055
   0.00052
   0.00050
   0.00047
   0.00044
   0.00042
   0.00040
   0.00038
   0.00036
   0.00034
   0.00033
   0.00031
   0.00029
   0.00028
   0.00026
   0.00025
   0.00024
   0.00023
   0.00022
   0.00022
   0.00022
   0.00022
   0.00019
   0.00018
   0.00017
   0.00018
   0.00018
   0.00015
   0.00015
   0.00014
   0.00003
   0.00039
   0.00022
   0.00019
   0.00020
   0.00020
   0.00024
   0.00026
   0.00022
   0.00035
   0.00032
   0.00030
   0.00038
   0.00039
   0.00028
   0.00030
   0.00033
   0.00033
   0.00027
   0.00051
   0.00051
   0.00051
   0.00045
   0.00037
   0.00027
   0.00013
   0.00013
   0.00010
   0.00011
   0.00009
   0.00009
   0.00004
   0.00005
   0.00012
   0.00017
   0.00005
   0.00006
   0.00010
   0.00009
   0.00007
   0.00020
   0.00008
   0.00014
   0.00014
   0.00016
   0.00009
   0.00014
   0.00507
   0.00093
   0.00089
   0.00086
   0.00086
   0.00089
   0.00097
   0.00105
   0.00113
   0.00121
   0.00129
   0.00134
   0.00141
   0.00144
   0.00142
   0.00138
   0.00133
   0.00125
   0.00117
   0.00109
   0.00102
   0.00095
   0.00089
   0.00084
   0.00079
   0.00074
   0.00069
   0.00065
   0.00060
   0.00056
   0.00051
   0.00045
   0.00037
   0.00019
   0.00019
   0.00019
   0.00019
   0.00020
   0.00020
   0.00021
   0.00023
   0.00028
   0.00037
   0.00055
   0.00068
   0.00067
   0.00061
   0.00054
   0.00048
   0.00044
   0.00040
   0.00037
   0.00033
   0.00030
   0.00028
   0.00025
   0.00024
   0.00233
   0.00018
   0.00018
   0.00017
   0.00017
   0.00016
   0.00016
   0.00016
   0.00015
   0.00015
   0.00015
   0.00014
   0.00014
   0.00013
   0.00013
   0.00013
   0.00012
   0.00012
   0.00011
   0.00011
   0.00011
   0.00009
   0.00009
   0.00009
   0.00009
   0.00009
   0.00007
   0.00007
   0.00007
   0.00007
   0.00007
   0.00007
   0.00007
   0.00007
   0.00007
   0.00007
   0.00007
   0.00006
   0.00006
   0.00006
   0.00006
   0.00006
   0.00006
   0.00006
   0.00006
   0.00006
   0.00005
   0.00006
   0.00006
   0.00006
   0.00006
   0.00006
   0.00005
   0.00006
   0.00004
   0.00004
   0.00004
   0.00004
   0.00005
   0.00005
   0.00005
   0.00005
   0.00005
   0.00005
   0.00005
   0.00005
   0.00005
   0.00005
   0.00004
   0.00004
   0.00004
   0.00004
   0.00005
   0.00005
   0.00006
   0.00008
   0.00010
   0.00008
   0.00009
   0.00010
   0.00009
   0.00006
   0.00003
   0.00002
   0.00002
   0.00002
   0.00002
   0.00002
   0.00002
   0.00002
   0.00002
   0.00003
   0.00003
   0.00003
   0.00003
   0.00003
   0.00003
   0.00002
   0.00002
   0.00002
   0.00002
   0.00003
   0.00003
   0.00003
   0.00002
   0.00002
   0.00002
   0.00002
   0.00002
   0.00002
   0.00002
   0.00003
   0.00003
   0.00003
   0.00003
   0.00003
   0.00003
   0.00002
   0.00002
   0.00002
   0.00002
