   0.55468
   0.53306
   0.50928
   0.47904
   0.53617
   0.45517
   0.42449
   0.43450
   0.41763
   0.41555
   0.41485
   0.44196
   0.41522
   0.43183
   0.41481
   0.39673
   0.41119
   0.40373
   0.40299
   0.41987
   0.41119
   0.45665
   0.45564
   0.45987
   0.49568
   0.49444
   0.50063
   0.50598
   0.52053
   0.54060
   0.55106
   0.56330
   0.57674
   0.58509
   0.59253
   0.58166
   0.56063
   0.54223
   0.52610
   0.51647
   0.51447
   0.51885
   0.52644
   0.53152
   0.53173
   0.52724
   0.51887
   0.50706
   0.49212
   0.47384
   0.45344
   0.43171
   0.40961
   0.38722
   0.36579
   0.34496
   0.32463
   0.30446
   0.28595
   0.26826
   0.25162
   0.23634
   0.22218
   0.20913
   0.19721
   0.18602
   0.17537
   0.16596
   0.15739
   0.14956
   0.14233
   0.13543
   0.12943
   0.12405
   0.11895
   0.11429
   0.11028
   0.10623
   0.10272
   0.09962
   0.09680
   0.09406
   0.09172
   0.08931
   0.08724
   0.08518
   0.08335
   0.08131
   0.07948
   0.07761
   0.07565
   0.07415
   0.07268
   0.07127
   0.06940
   0.06723
   0.06552
   0.06345
   0.06150
   0.05930
   0.05712
   0.05497
   0.05263
   0.05033
   0.04802
   0.04570
   0.04336
   0.04108
   0.03885
   0.03668
   0.03457
   0.03256
   0.03063
   0.02880
   0.02706
   0.02542
   0.02388
   0.02245
   0.02109
   0.01982
   0.01864
   0.01757
   0.01648
   0.01547
   0.01454
   0.01359
   0.01274
   0.01187
   0.01108
   0.01026
   0.00953
   0.00879
   0.00813
   0.00748
   0.00687
   0.00630
   0.00575
   0.00526
   0.00480
   0.00441
   0.00408
   0.00383
   0.00365
   0.00357
   0.00361
   0.00381
   0.00404
   0.00417
   0.00406
   0.00374
   0.00320
   0.00276
   0.00256
   0.00237
   0.00200
   0.00183
   0.00176
   0.00116
   0.00150
   0.00149
   0.00139
   0.00049
   0.00133
   0.00044
   0.00128
   0.00039
   0.00134
   0.00036
   0.00035
   0.00052
   0.00029
   0.00029
   0.00028
   0.00049
   0.00024
   0.00023
   0.00027
   0.00030
   0.00042
   0.00044
   0.00064
   0.00081
   0.00058
   0.00056
   0.00068
   0.00085
   0.00084
   0.00085
   0.00087
   0.00084
   0.00083
   0.00084
   0.00079
   0.00082
   0.00075
   0.00076
   0.00067
   0.00064
   0.00065
   0.00056
   0.00054
   0.00054
   0.00045
   0.00046
   0.00043
   0.00043
   0.00042
   0.00041
   0.00040
   0.00037
   0.00033
   0.00032
   0.00027
   0.00023
   0.00006
   0.00006
   0.00006
   0.00006
   0.00005
   0.00008
   0.00008
   0.00005
   0.00008
   0.00007
   0.00007
   0.00006
   0.00004
   0.00004
   0.00006
   0.00004
   0.00038
   0.00004
   0.00005
   0.00004
   0.00003
   0.00003
   0.00003
   0.00003
   0.00003
   0.00003
   0.00003
   0.00003
   0.00003
   0.00001
   0.00003
   0.00003
   0.00004
   0.00003
   0.00002
   0.00002
   0.00002
   0.00002
   0.00002
   0.00002
   0.00002
   0.00002
   0.00002
   0.00002
   0.00001
   0.02641
   0.00055
   0.00043
   0.00039
   0.00042
   0.00047
   0.00048
   0.00043
   0.00034
   0.00038
   0.00052
   0.00045
   0.00062
   0.00108
   0.00125
   0.00127
   0.00111
   0.00099
   0.00076
   0.00064
   0.00089
   0.00095
   0.00087
   0.00032
   0.00112
   0.00040
   0.00022
   0.00030
   0.00027
   0.00081
   0.00047
   0.00041
   0.00041
   0.00040
   0.00042
   0.00053
   0.00065
   0.00087
   0.00037
   0.00061
   0.00066
   0.00066
   0.00010
   0.00016
   0.00028
   0.00039
   0.00055
   0.00045
   0.00046
   0.00045
   0.00042
   0.00008
   0.00022
   0.00193
   0.00027
   0.00022
   0.00021
   0.00021
   0.00020
   0.00021
   0.00024
   0.00032
   0.00053
   0.00046
   0.00041
   0.00038
   0.00029
   0.00031
   0.00000
   0.00010
   0.00011
   0.00012
   0.00012
   0.00012
   0.00012
   0.00012
   0.00012
   0.00013
   0.00015
   0.00020
   0.00032
   0.00030
   0.00026
   0.00006
   0.00010
   0.00011
   0.00011
   0.00011
   0.00010
   0.00011
   0.00012
   0.00014
   0.00019
   0.00026
   0.00023
   0.00022
   0.00020
   0.00099
   0.00041
   0.00033
   0.00030
   0.00028
   0.00026
   0.00026
   0.00026
   0.00027
   0.00031
   0.00037
   0.00038
   0.00034
   0.00032
   0.00029
   0.00023
   0.00014
   0.00023
   0.00043
   0.00009
   0.00009
   0.00009
   0.00009
   0.00011
   0.00013
   0.00016
   0.00015
   0.00014
   0.00017
   0.00013
   0.00013
   0.00013
   0.00012
   0.00007
   0.00007
   2.34525
   0.00001
   0.00001
   0.00001
   0.00001
   0.00001
   0.00001
   0.00001
   0.00001
   0.00001
   0.00002
   0.00002
   0.00002
   0.00002
   0.00002
   0.00002
   0.00002
   0.00002
   0.00003
   0.00004
   0.00004
   0.00004
   0.00004
   0.00004
   0.00003
   0.00004
   0.00001
   0.00001
   0.00001
   0.00001
   0.00001
   0.00001
   0.00001
   0.00001
   0.00001
   0.00001
   0.00001
   0.00001
   0.00002
   0.00002
   0.00003
   0.00003
   0.00003
   0.00002
   0.00002
   0.00000
   0.00000
   0.00000
   0.00000
   0.00000
   0.00000
   0.00000
   0.00000
   0.00000
   0.00001
   0.00001
   0.00001
   0.00001
   0.00001
   0.00001
   0.00001
   0.00001
   0.00001
   0.00001
   0.00002
   0.00002
   0.00002
   0.00001
   0.00001
   0.00000
   0.00000
   0.00000
   0.00000
   0.00000
   0.00000
   0.00000
   0.00000
   0.00000
   0.00000
   0.00000
   0.00000
   0.00000
   0.00000
   0.00000
   0.00000
   0.00000
   0.00000
   0.00000
   0.00000
   0.00000
   0.00000
   0.00000
   0.00000
   0.00000
   0.00001
   0.00001
   0.00001
   0.00001
   0.00001
   0.00001
   0.00001
   0.00000
   0.00000
   0.00000
   0.00000
   0.00000
   0.00000
   0.00000
   0.00000
   0.00000
   0.00000
   0.00000
   0.00000
   0.00000
   0.00000
   0.00000
   0.00000
   0.00000
   0.00000
   0.00000
   0.00000
   0.00000
   0.00000
   0.00000
   0.00000
   0.00000
   0.00000
   0.00000
   0.00000
   0.00001
   0.00001
   0.00001
   0.00001
   0.00000
   0.00000
   0.00035
   0.00000
   0.00000
   0.00000
   0.00000
   0.00000
   0.00000
   0.00000
   0.00000
   0.00000
   0.00000
   0.00000
   0.00000
   0.00000
   0.00000
   0.00000
   0.00000
   0.00000
   0.00000
   0.00000
   0.00000
   0.00000
   0.00000
   0.00000
   0.00000
   0.00000
   0.00000
   0.00000
   0.00001
   0.00001
   0.00001
   0.00001
   0.00000
   0.00000
   0.00000
   0.00000
   0.00000
   0.00000
   0.00000
   0.00000
   0.00000
   0.00000
   0.00000
   0.00000
   0.00000
   0.00000
   0.00000
   0.00000
   0.00000
   0.00000
   0.00000
   0.00000
   0.00000
   0.00000
   0.00000
   0.00000
   0.00000
   0.00000
   0.00000
   0.00000
   0.00000
   0.00000
   0.00000
   0.00000
   0.00000
   0.00000
   0.00000
   0.00000
   0.00000
   0.00000
   0.00000
   0.00001
   0.00001
   0.00001
   0.00000
   0.00000
   0.00000
   0.00000
   0.00000
   0.00000
   0.00000
   0.00000
   0.00000
   0.00000
   0.00000
   0.00000
   0.00000
   0.00000
   0.00000
   0.00000
   0.00000
   0.00000
   0.00001
   0.00004
   0.00007
   0.00002
   0.00001
   0.00001
   0.00005
   0.00002
   0.00001
   0.00001
   0.00001
   0.00001
   0.00001
   0.00001
   0.00001
   0.00001
   0.00001
   0.30650
   0.00000
   0.00000
   0.00000
   0.00000
   0.00000
   0.00000
   0.00000
   0.00000
   0.00000
   0.00000
   0.00000
   0.00000
   0.00000
   0.00000
   0.00000
   0.00000
   0.00000
   0.00000
   0.00000
   0.00000
   0.00000
   0.00000
   0.00002
   0.00001
   0.00001
   0.00001
   0.00001
   0.00000
   0.00000
   0.00000
   0.00000
   0.00000
   0.00627
   0.00000
   0.00000
   0.00000
   0.00000
   0.00000
   0.00000
   0.00000
   0.00000
   0.00000
   0.00000
   0.00000
   0.00000
   0.00000
   0.00000
   0.00000
   0.00000
   0.00000
   0.00000
   0.00000
   0.00000
   0.00000
   0.00000
   0.00000
   0.00000
   0.00000
   0.00000
   0.00000
   0.00009
   0.00001
   0.00000
   0.00000
   0.00000
   0.00000
   0.00000
   0.00000
   0.00000
   0.00000
   0.00000
   0.00000
   0.00000
   0.00000
   0.00152
   0.00000
   0.00000
   0.00000
   0.00000
   0.00000
   0.00000
   0.00000
   0.00000
   0.00000
   0.00000
   0.00000
   0.00000
   0.00000
   0.00000
   0.00000
   0.00000
   0.00000
   0.00000
   0.00000
   0.00000
   0.00000
   0.00000
   0.00000
   0.00000
   0.00000
   0.00000
   0.00000
   0.00000
   0.00000
   0.00000
   0.00000
   0.00000
   0.00000
   0.00000
   0.00000
   0.00000
   0.00000
   0.00000
   0.00000
   0.00000
   0.00000
   0.00000
   0.00000
   0.00000
   0.00000
   0.00000
   0.00000
   0.00000
   0.00000
   0.00000
   0.00000
   0.00000
   0.00000
   0.00000
   0.00000
   0.00000
   0.00000
   0.00000
   0.00000
   0.00000
   0.00000
   0.00000
   0.00000
   0.00000
   0.00000
   0.00000
   0.00000
   0.00000
   0.00000
   0.00000
   0.00000
   0.00000
   0.00000
   0.00000
   0.00000
   0.00000
   0.00000
   0.00000
   0.00000
   0.00000
   0.00000
   0.00000
   0.00000
   0.00000
   0.00000
   0.00000
   0.00000
   0.00000
   0.00000
   0.00000
   0.00000
   0.00000
   0.00000
   0.00000
   0.00000
   0.00000
   0.00000
   0.00000
   0.00000
   0.00000
   0.00000
   0.00000
   0.00000
   0.00000
   0.00000
   0.00000
   0.00000
   0.00000
   0.00000
   0.00000
   0.00000
   0.00000
   0.00000
   0.00000
   0.00000
   0.00000
   0.00000
   0.00000
   0.00000
   0.00000
   0.00000
   0.00000
   0.00000
   0.00000
   0.00000
   0.00000
   0.00000
   0.00000
   0.00000
   0.00000
   0.00000
   0.00000
   0.00000
   0.00000
   0.00000
   0.00000
   0.00000
   0.00000
   0.00000
   0.00000
   0.00000
   0.00000
   0.00000
   0.00000
   0.00000
   0.00000
   0.00000
   0.00000
   0.00000
   0.00000
   0.00000
   0.00000
   0.00000
   0.00000
   0.00000
   0.00000
   0.00000
   0.00000
   0.00000
   0.00000
   0.00000
   0.00000
   0.00000
   0.00000
   0.00000
   0.00000
   0.00000
   0.00000
   0.00000
   0.00000
   0.00000
   0.00000
   0.00000
   0.00000
   0.00000
   0.00000
   0.00000
   0.00000
   0.00000
   0.00000
   0.00000
   0.00000
   0.00000
   0.00000
   0.00000
   0.00000
   0.00000
   0.00000
   0.00000
   0.00000
   0.00000
   0.00000
   0.00000
   0.00000
   0.00002
   0.00000
   0.00000
   0.00000
   0.00000
   0.00000
   0.00000
   0.00000
   0.00000
   0.00000
   0.00000
   0.00000
   0.00000
   0.00000
   0.00000
   0.00000
   0.00000
   0.00000
   0.00000
   0.00000
   0.00000
   0.00000
   0.00000
   0.00000
   0.00000
   0.00000
   0.00000
   0.00000
   0.00000
   0.00000
   0.00000
   0.00000
   0.00000
   0.00000
   0.00000
   0.00000
   0.00000
   0.00000
   0.00000
   0.00000
   0.00000
   0.00000
   0.00000
   0.00000
   0.00000
   0.00000
   0.00000
   0.00000
   0.00000
   0.00000
   0.00000
   0.00003
   0.00002
   0.00001
   0.00001
   0.00001
   0.00001
   0.00001
   0.00001
   0.00001
   0.00001
   0.00001
   0.00000
   0.00005
   0.00003
   0.00001
   0.00000
   0.00000
   0.00000
   0.00000
   0.00000
   0.00001
   0.00018
   0.00000
   0.00000
   0.00000
   0.00000
   0.00000
   0.00000
   0.00000
   0.00000
   0.00000
   0.00000
   0.00000
   0.00000
   0.00000
   0.00000
   0.00000
   0.00000
   0.00000
   0.00000
   0.00000
   0.00000
   0.00000
   1.24439
