   0.65556
   0.65756
   0.65509
   0.64725
   0.64515
   0.64753
   0.64192
   0.64256
   0.64115
   0.64293
   0.63980
   0.63818
   0.63448
   0.63081
   0.63646
   0.63192
   0.63693
   0.63426
   0.63477
   0.63429
   0.63219
   0.63053
   0.63139
   0.63344
   0.63053
   0.63050
   0.62975
   0.63047
   0.62882
   0.62897
   0.62746
   0.62777
   0.62772
   0.62422
   0.62511
   0.62330
   0.62167
   0.61872
   0.61482
   0.61135
   0.60754
   0.60454
   0.59843
   0.59318
   0.58838
   0.58482
   0.58095
   0.57759
   0.57444
   0.57122
   0.56799
   0.56510
   0.56244
   0.56027
   0.55872
   0.55669
   0.55458
   0.55152
   0.54743
   0.54247
   0.53727
   0.53243
   0.52804
   0.52432
   0.52106
   0.51820
   0.51561
   0.51314
   0.51022
   0.50703
   0.50369
   0.49911
   0.49414
   0.48836
   0.48208
   0.47564
   0.46971
   0.46356
   0.45735
   0.45130
   0.44545
   0.43983
   0.43441
   0.42917
   0.42409
   0.41916
   0.41437
   0.40967
   0.40506
   0.40053
   0.39608
   0.39168
   0.38733
   0.38302
   0.37876
   0.37450
   0.37027
   0.36606
   0.36185
   0.35765
   0.35344
   0.34923
   0.34501
   0.34078
   0.33654
   0.33227
   0.32799
   0.32369
   0.31938
   0.31504
   0.31070
   0.30633
   0.30194
   0.29754
   0.29312
   0.28869
   0.28429
   0.27985
   0.27542
   0.27098
   0.26654
   0.26212
   0.25773
   0.25336
   0.24902
   0.24470
   0.24039
   0.23615
   0.23190
   0.22772
   0.22361
   0.21955
   0.21555
   0.21163
   0.20777
   0.20398
   0.20027
   0.19663
   0.19309
   0.18960
   0.18620
   0.18286
   0.17961
   0.17659
   0.17344
   0.17035
   0.16757
   0.16464
   0.16176
   0.15895
   0.15614
   0.15340
   0.15117
   0.14849
   0.14598
   0.14354
   0.14111
   0.13875
   0.13624
   0.13399
   0.13174
   0.12951
   0.12730
   0.12509
   0.12284
   0.12067
   0.11852
   0.11637
   0.11424
   0.11212
   0.11038
   0.10861
   0.10648
   0.10505
   0.10265
   0.10043
   0.09805
   0.09576
   0.09349
   0.09124
   0.08900
   0.08677
   0.08528
   0.08294
   0.08070
   0.07846
   0.07630
   0.07412
   0.07197
   0.06984
   0.06775
   0.06571
   0.06370
   0.06173
   0.05981
   0.05792
   0.05609
   0.05429
   0.05254
   0.05084
   0.04918
   0.04757
   0.04601
   0.04449
   0.04303
   0.04162
   0.04027
   0.03898
   0.03776
   0.03661
   0.03554
   0.03455
   0.03366
   0.03286
   0.03218
   0.03162
   0.03119
   0.03093
   0.03084
   0.03098
   0.03136
   0.03203
   0.03304
   0.03446
   0.03636
   0.03880
   0.04184
   0.04536
   0.04902
   0.05201
   0.05308
   0.05239
   0.05163
   0.05079
   0.04977
   0.04852
   0.04684
   0.04438
   0.04064
   0.03585
   0.03228
   0.03132
   0.03126
   0.03047
   0.02961
   0.02875
   0.02791
   0.02707
   0.02625
   0.02544
   0.02464
   0.02387
   0.02311
   0.02236
   0.02164
   0.02092
   0.02023
   0.01955
   0.01888
   0.01823
   0.01760
   0.01698
   0.01638
   0.01580
   0.01523
   0.01467
   0.01413
   0.01360
   0.01309
   0.01259
   0.01212
   0.01166
   0.01123
   0.01088
   0.01068
   0.01168
   0.01410
   0.01530
   0.01563
   0.01702
   0.00756
   0.01539
   0.00572
   0.00492
   0.00424
   0.00421
   0.00479
   0.00644
   0.00792
   0.00434
   0.00479
   0.00487
   0.00411
   0.00355
   0.00707
   0.00349
   0.00345
   0.00343
   0.00439
   0.00358
   0.00698
   0.00313
   0.00703
   0.00684
   0.00353
   0.00413
   0.00307
   0.00358
   0.00281
   0.00339
   0.00529
   0.00275
   0.00389
   0.00295
   0.00487
   0.00292
   0.00621
   0.00254
   0.00246
   0.00242
   0.00238
   0.00247
   0.00244
   0.00518
   0.00207
   0.00514
   0.00217
   0.00194
   0.00402
   0.00233
   0.00186
   0.00193
   0.00216
   0.00239
   0.00256
   0.00266
   0.00221
   0.00269
   0.00244
   0.00966
   0.00252
   0.00250
   0.00238
   0.00222
   0.00209
   0.00204
   0.00198
   0.00195
   0.00195
   0.00204
   0.00520
   0.00180
   0.00283
   0.00180
   0.00158
   0.00343
   0.00161
   0.00122
   0.00121
   0.00206
   0.00194
   0.00184
   0.00177
   0.00168
   0.00159
   0.00152
   0.00145
   0.00139
   0.00133
   0.00128
   0.00122
   0.00116
   0.00111
   0.00106
   0.00101
   0.00097
   0.00092
   0.00088
   0.00084
   0.00081
   0.00077
   0.00074
   0.00071
   0.00069
   0.00066
   0.00064
   0.00062
   0.00060
   0.00058
   0.00056
   0.00054
   0.00053
   0.00051
   0.00050
   0.00048
   0.00047
   0.00045
   0.00044
   0.00043
   0.00041
   0.00040
   0.00038
   0.00037
   0.00036
   0.00035
   0.00033
   0.00032
   0.00031
   0.00030
   0.00029
   0.00028
   0.00027
   0.00026
   0.00025
   0.00024
   0.00023
   0.00022
   0.00021
   0.00020
   0.00020
   0.00020
   0.00018
   0.00018
   0.00016
   0.00016
   0.00017
   0.00018
   0.00672
   0.00764
   0.00697
   0.00623
   0.00570
   0.00524
   0.00482
   0.00444
   0.00411
   0.00383
   0.00355
   0.00332
   0.00309
   0.00289
   0.00271
   0.00255
   0.00243
   0.00229
   0.00217
   0.00207
   0.00196
   0.00185
   0.00177
   0.00170
   0.00163
   0.00156
   0.00148
   0.00140
   0.00132
   0.00124
   0.00117
   0.00110
   0.00103
   0.00096
   0.00089
   0.00081
   0.00075
   0.00074
   0.00071
   0.00068
   0.00065
   0.00062
   0.00060
   0.00057
   0.00054
   0.00052
   0.00049
   0.00037
   0.00044
   0.00168
   0.00072
   0.00082
   0.00082
   0.00082
   0.00081
   0.00081
   0.00085
   0.00079
   0.00078
   0.00077
   0.00076
   0.00077
   0.00077
   0.00076
   0.00075
   0.00073
   0.00071
   0.00069
   0.00065
   0.00061
   0.00058
   0.00056
   0.00053
   0.00049
   0.00046
   0.00043
   0.00042
   0.00042
   0.00042
   0.00042
   0.00042
   0.00042
   0.00041
   0.00041
   0.00040
   0.00039
   0.00038
   0.00039
   0.00039
   0.00040
   0.00041
   0.00039
   0.00037
   0.00035
   0.00033
   0.00030
   0.00028
   0.00026
   0.00023
   0.00022
   0.00020
   0.00019
   0.00018
   0.00017
   0.00017
   0.00016
   0.00016
   0.00016
   0.00017
   0.00018
   0.00008
   0.00017
   0.07247
   0.00008
   0.00011
   0.00011
   0.00011
   0.00011
   0.00012
   0.00012
   0.00012
   0.00012
   0.00012
   0.00012
   0.00013
   0.00013
   0.00013
   0.00014
   0.00014
   0.00015
   0.00015
   0.00016
   0.00016
   0.00017
   0.00017
   0.00018
   0.00019
   0.00019
   0.00020
   0.00021
   0.00021
   0.00022
   0.00023
   0.00023
   0.00024
   0.00025
   0.00027
   0.00029
   0.00030
   0.00029
   0.00028
   0.00027
   0.00027
   0.00027
   0.00028
   0.00029
   0.00030
   0.00030
   0.00031
   0.00031
   0.00029
   0.00026
   0.00024
   0.00022
   0.00020
   0.00018
   0.00016
   0.00015
   0.00014
   0.00013
   0.00013
   0.00012
   0.00012
   0.00012
   0.00012
   0.00012
   0.00011
   0.00011
   0.00011
   0.00011
   0.00009
   0.00008
   0.00006
   0.00005
   0.00011
   0.04436
   0.03292
   0.02968
   0.02718
   0.02407
   0.02153
   0.01977
   0.01858
   0.01764
   0.01674
   0.01576
   0.01455
   0.01357
   0.01244
   0.01158
   0.01075
   0.00993
   0.00921
   0.00855
   0.00795
   0.00743
   0.00702
   0.00667
   0.00636
   0.00613
   0.00594
   0.00578
   0.00558
   0.00538
   0.00521
   0.00513
   0.00507
   0.00498
   0.00486
   0.00470
   0.00456
   0.00444
   0.00433
   0.00425
   0.00422
   0.00419
   0.00415
   0.00408
   0.00400
   0.00389
   0.00377
   0.00360
   0.00351
   0.00344
   0.00334
   0.00322
   0.00306
   0.00291
   0.00277
   0.00263
   0.00250
   0.00239
   0.00231
   0.00224
   0.00217
   0.00210
   0.00203
   0.00197
   0.00192
   0.00189
   0.00186
   0.00186
   0.00192
   0.00203
   0.00217
   0.00222
   0.00215
   0.00200
   0.00181
   0.00163
   0.00144
   0.00124
   0.00105
   0.00087
   0.00078
   0.00074
   0.00070
   0.00067
   0.00063
   0.00059
   0.00057
   0.00076
   0.00062
   0.01974
   0.00151
   0.00154
   0.00156
   0.00159
   0.00162
   0.00165
   0.00169
   0.00173
   0.00177
   0.00182
   0.00187
   0.00192
   0.00197
   0.00202
   0.00207
   0.00212
   0.00217
   0.00221
   0.00226
   0.00231
   0.00236
   0.00242
   0.00249
   0.00258
   0.00268
   0.00276
   0.00282
   0.00282
   0.00277
   0.00270
   0.00258
   0.00248
   0.00247
   0.00243
   0.00087
   0.00215
   0.00079
   0.00180
   0.00081
   0.00151
   0.00063
   0.00078
   0.00091
   0.00093
   0.00080
   0.00069
   0.00058
   0.00053
   0.00051
   0.00050
   0.00049
   0.00047
   0.00046
   0.00045
   0.00045
   0.00044
   0.00043
   0.00043
   0.00042
   0.00042
   0.00041
   0.00041
   0.00040
   0.00040
   0.00039
   0.00038
   0.00037
   0.00036
   0.00035
   0.00035
   0.01295
   0.00110
   0.00081
   0.00081
   0.00081
   0.00081
   0.00081
   0.00081
   0.00082
   0.00082
   0.00083
   0.00084
   0.00085
   0.00087
   0.00089
   0.00090
   0.00093
   0.00095
   0.00098
   0.00100
   0.00103
   0.00106
   0.00109
   0.00112
   0.00116
   0.00119
   0.00122
   0.00125
   0.00127
   0.00130
   0.00133
   0.00137
   0.00141
   0.00146
   0.00153
   0.00160
   0.00165
   0.00167
   0.00165
   0.00161
   0.00156
   0.00153
   0.00153
   0.00155
   0.00163
   0.00153
   0.00145
   0.00136
   0.00123
   0.00109
   0.00095
   0.00082
   0.00071
   0.00062
   0.00050
   0.00058
   0.00056
   0.00048
   0.00042
   0.00037
   0.00031
   0.00029
   0.00027
   0.00028
   0.00025
   0.00026
   0.00024
   0.00024
   0.00023
   0.00022
   0.00022
   0.00021
   0.00020
   0.00020
   0.00019
   0.00019
   0.00018
   0.00018
   0.00018
   0.00017
   0.00017
   0.00016
   0.00016
   0.00015
   0.00015
   0.00015
   0.00014
   0.00014
   0.00559
   0.00051
   0.00040
   0.00040
   0.00040
   0.00039
   0.00039
   0.00038
   0.00038
   0.00037
   0.00037
   0.00037
   0.00036
   0.00036
   0.00035
   0.00035
   0.00035
   0.00034
   0.00034
   0.00033
   0.00033
   0.00033
   0.00032
   0.00032
   0.00032
   0.00031
   0.00031
   0.00031
   0.00031
   0.00031
   0.00031
   0.00031
   0.00031
   0.00031
   0.00031
   0.00031
   0.00032
   0.00032
   0.00033
   0.00033
   0.00034
   0.00034
   0.00035
   0.00035
   0.00036
   0.00036
   0.00037
   0.00038
   0.00038
   0.00039
   0.00039
   0.00040
   0.00040
   0.00041
   0.00042
   0.00044
   0.00046
   0.00047
   0.00048
   0.00047
   0.00046
   0.00044
   0.00042
   0.00052
   0.00028
   0.00069
   0.00049
   0.00024
   0.00042
   0.00027
   0.00027
   0.00022
   0.00025
   0.00018
   0.00015
   0.00018
   0.00013
   0.00017
   0.00012
   0.00016
   0.00012
   0.00014
   0.00011
   0.00013
   0.00011
   0.00011
   0.00010
   0.00010
   0.00010
   0.00009
   0.00009
   0.00008
   0.00008
   0.00008
   0.00007
   0.00007
   0.00007
   0.00007
   0.00006
   0.00006
   0.00006
   0.00006
   0.00006
   0.00005
   0.00005
   0.00005
   0.00005
   0.00005
   0.00004
   0.00013
   0.00004
   0.00640
   0.00019
   0.00007
   0.00008
   0.00009
   0.00009
   0.00009
   0.00009
   0.00009
   0.00009
   0.00009
   0.00009
   0.00009
   0.00009
   0.00009
   0.00009
   0.00009
   0.00009
   0.00009
   0.00009
   0.00009
   0.00009
   0.00009
   0.00009
   0.00009
   0.00009
   0.00009
   0.00009
   0.00008
   0.00008
