   0.70866
   0.73257
   0.72947
   0.72941
   0.72803
   0.72750
   0.72844
   0.72743
   0.72776
   0.73735
   0.73453
   0.73581
   0.73350
   0.73251
   0.73773
   0.73489
   0.73473
   0.73565
   0.73652
   0.73760
   0.73859
   0.73975
   0.74086
   0.74195
   0.74362
   0.74410
   0.74037
   0.73985
   0.73871
   0.73501
   0.73257
   0.73024
   0.72833
   0.72736
   0.72749
   0.72871
   0.73094
   0.73399
   0.73789
   0.74286
   0.75050
   0.75846
   0.76734
   0.77667
   0.78622
   0.79653
   0.80700
   0.81824
   0.83422
   0.84779
   0.86257
   0.87591
   0.89320
   0.90724
   0.92416
   0.93521
   0.94786
   0.96025
   0.97457
   0.98667
   1.00076
   1.01006
   1.02118
   1.03071
   1.03913
   1.04700
   1.05778
   1.06319
   1.07053
   1.07935
   1.08952
   1.10348
   1.11045
   1.11181
   1.12827
   1.13222
   1.13721
   1.14451
   1.15389
   1.15956
   1.16475
   1.17135
   1.18261
   1.18803
   1.19551
   1.20124
   1.20448
   1.20543
   1.20898
   1.21180
   1.20913
   1.19977
   1.20033
   1.18983
   1.18624
   1.17248
   1.15990
   1.14161
   1.11736
   1.10368
   1.07735
   1.05574
   1.03226
   1.00998
   0.98556
   0.96410
   0.94101
   0.91777
   0.90422
   0.88655
   0.87203
   0.85186
   0.83093
   0.81158
   0.79132
   0.77099
   0.74826
   0.73976
   0.71100
   0.69849
   0.67021
   0.64455
   0.59642
   0.58591
   0.54074
   0.51518
   0.51290
   0.47249
   0.48674
   0.46111
   0.44280
   0.41995
   0.39693
   0.38134
   0.37249
   0.35602
   0.32265
   0.29475
   0.27539
   0.26213
   0.25695
   0.29206
   0.32408
   0.29392
   0.15730
   0.15133
   0.21204
   0.13712
   0.32629
   0.48120
   0.79305
   0.64665
   0.55048
   0.14535
   0.31370
   0.10586
   0.38974
   0.04321
   0.01697
   0.24855
   0.01023
   0.13248
   0.50766
   0.00753
   0.00743
   0.00725
   0.00718
   0.00724
   0.00761
   0.00821
   0.64095
   0.01638
   0.00585
   0.31559
   0.00607
   0.00858
   0.02699
   0.43340
   0.56352
   0.00407
   0.02009
   0.00300
   0.00280
   0.00372
   0.00277
   0.00300
   0.18298
   0.20546
   0.00685
   0.00632
   0.00287
   0.00202
   0.00324
   0.00219
   0.00150
   0.00120
   1.04479
   0.00301
   0.01614
   0.00273
   0.00214
   0.00343
   0.00328
   0.13783
   0.16685
   0.15415
   0.14331
   0.13130
   0.11793
   0.10324
   0.08754
   0.07168
   0.05664
   0.04524
   0.03704
   0.03190
   0.03068
   0.03312
   0.02948
   0.07498
   0.52867
   0.08083
   0.12814
   0.13825
   0.12794
   0.10137
   0.07879
   0.05998
   0.04413
   0.03367
   0.02898
   0.01519
   0.01347
   0.01208
   0.01113
   0.01078
   0.01050
   0.01086
   0.00931
   0.00904
   0.00899
   0.00862
   0.01147
   0.01117
   0.01023
   0.00900
   0.00685
   0.00365
   0.00704
   0.00628
   0.00434
   0.00447
   0.00308
   0.00373
   0.00402
   0.00466
   0.00556
   0.00545
   0.00542
   0.00588
   0.00371
   0.00421
   0.00344
   0.00276
   0.00225
   0.00992
   0.61051
   0.01836
   0.05044
   0.03638
   0.02421
   0.01191
   0.01077
   0.01192
   0.02152
   0.04083
   0.00987
   0.00957
   0.02165
   0.02802
   0.01704
   0.02012
   0.01285
   0.00390
   0.02759
   0.01511
   0.00600
   0.01601
   0.02746
   0.02608
   0.02753
   0.00524
   0.00516
   0.00380
   0.00446
   0.00412
   0.01919
   0.02004
   0.13266
   0.10686
   0.10257
   0.09793
   0.09342
   0.08898
   0.08471
   0.08054
   0.07652
   0.07268
   0.06909
   0.06568
   0.06243
   0.05931
   0.05633
   0.05345
   0.04866
   0.03825
   0.03145
   0.02852
   0.02780
   0.02741
   0.02688
   0.02624
   0.02546
   0.02464
   0.02375
   0.02286
   0.02196
   0.02108
   0.02025
   0.01947
   0.01872
   0.01801
   0.01731
   0.01660
   0.01586
   0.01576
   0.01709
   0.01579
   0.01646
   0.01786
   0.01501
   0.01256
   0.01164
   0.01062
   0.00932
   0.00874
   0.00847
   0.01507
   0.01434
   0.01210
   0.01049
   0.00892
   0.00804
   0.00715
   0.01461
   0.01280
   0.01122
   0.00927
   0.00757
   0.00723
   0.00685
   0.01150
   0.01236
   0.01155
   0.01142
   0.01027
   0.00974
   0.00896
   0.00810
   0.00723
   0.00626
   0.00356
   0.00390
   0.00368
   0.00502
   0.00793
   0.00324
   0.00328
   0.00830
   0.00353
   0.00709
   0.00567
   0.00423
   0.00311
   0.00298
   0.00295
   0.00828
   0.00427
   0.00315
   0.00624
   0.00474
   0.00271
   0.00546
   0.00389
   0.00265
   0.00543
   0.26288
   0.00204
   0.00199
   0.00200
   0.00197
   0.00530
   0.00400
   0.00185
   0.00460
   0.00703
   0.00167
   0.00410
   0.00165
   0.00743
   0.00169
   0.00149
   0.00143
   0.00140
   0.00143
   0.00375
   0.00171
   0.00351
   0.00257
   0.00643
   0.00192
   0.00158
   0.00140
   0.00128
   0.00120
   0.00115
   0.00116
   0.00508
   0.00425
   0.00324
   0.00281
   0.00096
   0.00263
   0.00131
   0.00115
   0.00104
   0.00097
   0.00091
   0.00088
   0.00092
   0.00408
   0.00281
   0.00166
   0.00147
   0.00126
   0.00112
   0.00102
   0.00094
   0.00089
   0.00091
   0.00395
   0.01191
   0.00137
   0.00143
   0.00123
   0.00109
   0.00099
   0.00091
   0.00086
   0.00083
   0.00119
   0.00469
   0.00153
   0.00136
   0.00119
   0.00107
   0.00098
   0.00089
   0.00084
   0.00083
   0.00345
   0.00298
   0.00087
   0.00124
   0.00109
   0.00094
   0.00084
   0.00076
   0.00070
   0.00067
   0.00066
   0.00084
   0.00294
   0.00107
   0.00060
   0.00110
   0.00095
   0.00083
   0.00074
   0.00066
   0.00060
   0.00057
   0.00057
   0.00055
   0.00084
   0.00180
   0.00085
   0.00073
   0.00065
   0.00058
