   0.68109
   0.68276
   0.68199
   0.68078
   0.68157
   0.68068
   0.68022
   0.67963
   0.67895
   0.67836
   0.67789
   0.67694
   0.67581
   0.67519
   0.67448
   0.67383
   0.67320
   0.67254
   0.67191
   0.67131
   0.67066
   0.67012
   0.66954
   0.66886
   0.66827
   0.67300
   0.67506
   0.67401
   0.67151
   0.66960
   0.66805
   0.66691
   0.66591
   0.66502
   0.66421
   0.66346
   0.66277
   0.66209
   0.66140
   0.66075
   0.66011
   0.65949
   0.65932
   0.65840
   0.65765
   0.65699
   0.65636
   0.65575
   0.65563
   0.65479
   0.65413
   0.65352
   0.65299
   0.65247
   0.65197
   0.65152
   0.65106
   0.65070
   0.65085
   0.65106
   0.65052
   0.64990
   0.64955
   0.64949
   0.65030
   0.65017
   0.64996
   0.65026
   0.65234
   0.65190
   0.65429
   0.65359
   0.65556
   0.65641
   0.65676
   0.65712
   0.65720
   0.65678
   0.65622
   0.65536
   0.65376
   0.65246
   0.64964
   0.64719
   0.64490
   0.64219
   0.63937
   0.63644
   0.63343
   0.63052
   0.62729
   0.62418
   0.62101
   0.61781
   0.61444
   0.61116
   0.60773
   0.60437
   0.60084
   0.59739
   0.59365
   0.59010
   0.58655
   0.58289
   0.57921
   0.57560
   0.57194
   0.56840
   0.56491
   0.56149
   0.55801
   0.55472
   0.55144
   0.54833
   0.54503
   0.54203
   0.53841
   0.53499
   0.53178
   0.52877
   0.52594
   0.52318
   0.52047
   0.51786
   0.51529
   0.51272
   0.51024
   0.50777
   0.50531
   0.50296
   0.50078
   0.49862
   0.49674
   0.49487
   0.49320
   0.49153
   0.49008
   0.48865
   0.48749
   0.48627
   0.48541
   0.48459
   0.48419
   0.48388
   0.48350
   0.48361
   0.48349
   0.48367
   0.48402
   0.48380
   0.48376
   0.48318
   0.48225
   0.48103
   0.47931
   0.47700
   0.47420
   0.47148
   0.46839
   0.46514
   0.46190
   0.45871
   0.45545
   0.45230
   0.44913
   0.44607
   0.44285
   0.43984
   0.43681
   0.43381
   0.43084
   0.42796
   0.42493
   0.42180
   0.41906
   0.41617
   0.41302
   0.41017
   0.40735
   0.40405
   0.40111
   0.39827
   0.39534
   0.39226
   0.38962
   0.38634
   0.38372
   0.38051
   0.37784
   0.37473
   0.37195
   0.36876
   0.36603
   0.36304
   0.36025
   0.35720
   0.35446
   0.35148
   0.34879
   0.34587
   0.34291
   0.34033
   0.33734
   0.33471
   0.33149
   0.32905
   0.32607
   0.32348
   0.32052
   0.31794
   0.31508
   0.31250
   0.30951
   0.30684
   0.30430
   0.30140
   0.29846
   0.29599
   0.29323
   0.29064
   0.28790
   0.28543
   0.28301
   0.28035
   0.27776
   0.27504
   0.27253
   0.26976
   0.26740
   0.26464
   0.26218
   0.25972
   0.25722
   0.25480
   0.25212
   0.24979
   0.24716
   0.24486
   0.24218
   0.23967
   0.23739
   0.23471
   0.23252
   0.22984
   0.22748
   0.22520
   0.22262
   0.22034
   0.21794
   0.21559
   0.21316
   0.21091
   0.20839
   0.20629
   0.20367
   0.20152
   0.19910
   0.19687
   0.19458
   0.19231
   0.18970
   0.18741
   0.18523
   0.18339
   0.18028
   0.17849
   0.17644
   0.17389
   0.17205
   0.16926
   0.16734
   0.16521
   0.16286
   0.16072
   0.15856
   0.15626
   0.15420
   0.15200
   0.14984
   0.14756
   0.14551
   0.14330
   0.14114
   0.13907
   0.13700
   0.13488
   0.13278
   0.13066
   0.12857
   0.12650
   0.12444
   0.12238
   0.12035
   0.11826
   0.11622
   0.11415
   0.11214
   0.11015
   0.10831
   0.10637
   0.10424
   0.10219
   0.10017
   0.09821
   0.09628
   0.09452
   0.09245
   0.09060
   0.08872
   0.08681
   0.08489
   0.08303
   0.08127
   0.07948
   0.07761
   0.07593
   0.07421
   0.07254
   0.07076
   0.06908
   0.06747
   0.06591
   0.06439
   0.06291
   0.06143
   0.06002
   0.05866
   0.05735
   0.05609
   0.05484
   0.05365
   0.05252
   0.05144
   0.05039
   0.04942
   0.04845
   0.04753
   0.04666
   0.04581
   0.04500
   0.04421
   0.04343
   0.04270
   0.04200
   0.04132
   0.04066
   0.04001
   0.03938
   0.03877
   0.03816
   0.03757
   0.03699
   0.03643
   0.03587
   0.03532
   0.03479
   0.03426
   0.03374
   0.03323
   0.03274
   0.03225
   0.03177
   0.03129
   0.03083
   0.03038
   0.02994
   0.02950
   0.02907
   0.02866
   0.02825
   0.02785
   0.02746
   0.02707
   0.02670
   0.02634
   0.02598
   0.02563
   0.02530
   0.02497
   0.02465
   0.02434
   0.02404
   0.02375
   0.02346
   0.02319
   0.02292
   0.02267
   0.02241
   0.02216
   0.02193
   0.02169
   0.02147
   0.02125
   0.02103
   0.02080
   0.02059
   0.02040
   0.02016
   0.01990
   0.01962
   0.01935
   0.01905
   0.01866
   0.01820
   0.01773
   0.01727
   0.01670
   0.01620
   0.01584
   0.01570
   0.01584
   0.01639
   0.01717
   0.01795
   0.01935
   0.02033
   0.02277
   0.02251
   0.02810
   0.02089
   0.03882
   0.06198
   0.01271
   0.05767
   0.03794
   0.06786
   0.01182
   0.08869
   0.08074
   0.05325
   0.03218
   0.01163
   0.01569
   0.01610
   0.01467
   0.01505
   0.01479
   0.01464
   0.01448
   0.01436
   0.01417
   0.01406
   0.01386
   0.01377
   0.01357
   0.01348
   0.01328
   0.01319
   0.01300
   0.01291
   0.01272
   0.01263
   0.01245
   0.01234
   0.01224
   0.01207
   0.01198
   0.01179
   0.01171
   0.01160
   0.01143
   0.01136
   0.01117
   0.01109
   0.01099
   0.01082
   0.01076
   0.01058
   0.01050
   0.01041
   0.01027
   0.01017
   0.01008
   0.00992
   0.00984
   0.00975
   0.00960
   0.00954
   0.00944
   0.00930
   0.00922
   0.00914
   0.00900
   0.00893
   0.00885
   0.00871
   0.00864
   0.00856
   0.00842
   0.00836
   0.00828
   0.00816
   0.00809
   0.00801
   0.00793
   0.00781
   0.00775
   0.00768
   0.00756
   0.00749
