   0.55965
   0.46293
   0.48572
   0.39853
   0.41666
   0.39595
   0.40737
   0.42904
   0.42306
   0.39414
   0.39689
   0.41313
   0.40025
   0.39259
   0.42000
   0.40125
   0.39115
   0.38677
   0.39022
   0.38769
   0.38772
   0.39091
   0.38486
   0.39547
   0.39185
   0.38339
   0.38400
   0.39140
   0.40367
   0.41954
   0.42724
   0.43936
   0.45835
   0.47615
   0.50581
   0.53553
   0.56321
   0.55078
   0.54021
   0.52714
   0.50817
   0.48647
   0.46782
   0.45257
   0.44363
   0.44064
   0.44007
   0.43922
   0.43607
   0.42895
   0.42104
   0.41075
   0.39914
   0.38601
   0.37163
   0.35746
   0.34289
   0.32712
   0.31185
   0.29694
   0.28215
   0.26781
   0.25409
   0.24053
   0.22759
   0.21483
   0.20246
   0.19058
   0.17907
   0.16804
   0.15752
   0.14784
   0.13876
   0.13037
   0.12232
   0.11513
   0.10819
   0.10164
   0.09577
   0.09026
   0.08508
   0.08030
   0.07590
   0.07172
   0.06823
   0.06507
   0.06207
   0.05947
   0.05690
   0.05461
   0.05246
   0.05073
   0.04902
   0.04765
   0.04631
   0.04530
   0.04427
   0.04333
   0.04261
   0.04186
   0.04105
   0.04042
   0.03973
   0.03910
   0.03848
   0.03816
   0.03766
   0.03710
   0.03692
   0.03641
   0.03592
   0.03536
   0.03482
   0.03426
   0.03369
   0.03334
   0.03267
   0.03197
   0.03118
   0.03039
   0.02955
   0.02876
   0.02797
   0.02697
   0.02600
   0.02496
   0.02391
   0.02286
   0.02179
   0.02073
   0.01964
   0.01857
   0.01701
   0.01591
   0.01483
   0.01379
   0.01277
   0.01178
   0.01071
   0.00980
   0.00895
   0.00814
   0.00739
   0.00668
   0.00604
   0.00545
   0.00490
   0.00440
   0.00395
   0.00355
   0.00320
   0.00287
   0.00254
   0.00229
   0.00206
   0.00187
   0.00170
   0.00154
   0.00141
   0.00130
   0.00120
   0.00112
   0.00105
   0.00098
   0.00093
   0.00090
   0.00090
   0.00090
   0.00091
   0.00089
   0.00087
   0.00086
   0.00080
   0.00071
   0.00064
   0.00054
   0.00048
   0.00048
   0.00027
   0.00026
   0.00022
   0.00011
   0.00025
   0.00008
   0.00007
   0.00006
   0.00004
   0.00004
   0.00004
   0.00004
   0.00004
   0.00003
   0.00003
   0.00003
   0.00002
   0.00002
   0.00002
   0.00002
   0.00002
   0.00002
   0.00001
   0.00001
   0.00001
   0.00001
   0.00001
   0.00001
   0.00001
   0.00001
   0.00000
   0.00000
   0.00000
   0.00000
   0.00006
   0.00004
   0.00005
   0.00009
   0.00018
   0.00018
   0.00014
   0.00019
   0.00019
   0.00018
   0.00017
   0.00016
   0.00014
   0.00013
   0.00012
   0.00006
   0.00006
   0.00005
   0.00007
   0.00007
   0.00004
   0.00005
   0.00005
   0.00082
   0.00020
   0.00024
   0.00022
   0.00026
   0.00015
   0.00028
   0.00052
   0.00028
   0.00030
   0.00020
   0.00020
   0.00020
   0.00004
   0.00016
   0.00011
   0.00011
   0.00011
   0.00011
   0.00019
   0.00022
   0.00006
   0.00013
   0.00018
   0.00020
   0.00025
   0.00024
   0.00015
   0.00005
   0.00013
   0.00002
   0.00005
   0.00009
   0.00008
   0.00006
   0.00009
   0.00006
   0.00007
   0.00085
   0.00003
   0.00004
   0.00004
   0.00003
   0.00003
   0.00002
   0.00002
   0.00002
   0.00002
   0.00002
   0.00002
   0.00002
   0.00002
   0.00004
   0.00004
   0.00002
   0.00003
   0.00002
   0.00003
   0.00002
   0.00003
   0.00002
   0.00003
   0.00002
   0.00003
   0.00014
   0.00012
   0.00002
   0.00003
   0.00001
   0.00001
   0.00001
   0.00041
   0.00004
   0.00000
   0.00001
   0.00001
   0.00003
   0.00001
   0.00001
   0.00000
   0.00000
   0.00000
   0.00000
   0.00000
   0.00000
   0.00000
   0.00000
   0.00000
   0.00000
   0.00006
   0.00006
   0.00000
   0.00005
   0.00005
   0.00004
   0.00002
   0.00002
   0.00001
   0.00000
   0.00007
   0.00004
   0.00003
   0.00002
   0.00003
   0.00004
   0.00004
   0.00003
   0.00011
   0.00010
   0.00009
   0.00007
   0.00007
   0.00009
   0.00006
   0.00006
   0.00006
   0.00005
   0.00005
   0.00004
   0.00004
   0.00004
   0.00004
   0.00005
   0.00008
   0.00002
   0.00071
   0.00033
   0.00005
   0.00005
   0.00005
   0.00004
   0.00002
   0.00000
   0.00001
   0.00001
   0.00000
   0.00005
   0.00000
   0.00009
   0.00000
   0.00000
   0.00009
   0.00002
   0.00002
   0.00002
   0.00002
   0.00002
   0.00002
   0.00002
   0.00002
   0.00001
   0.00000
   0.00001
   0.00001
   0.00001
   0.00001
   0.00001
   0.00001
   0.00001
   0.00001
   0.00001
   0.00001
   0.00001
   0.00000
   0.00000
   0.00612
   0.00387
   0.00283
   0.00221
   0.00171
   0.00148
   0.00129
   0.00112
   0.00099
   0.00089
   0.00080
   0.00073
   0.00066
   0.00060
   0.00054
   0.00049
   0.00044
   0.00039
   0.00034
   0.00031
   0.00029
   0.00027
   0.00025
   0.00024
   0.00023
   0.00022
   0.00022
   0.00022
   0.00023
   0.00023
   0.00024
   0.00024
   0.00024
   0.00023
   0.00022
   0.00021
   0.00020
   0.00019
   0.00018
   0.00017
   0.00016
   0.00015
   0.00014
   0.00013
   0.00012
   0.00012
   0.00011
   0.00010
   0.00009
   0.00009
   0.00008
   0.00008
   0.00007
   0.00006
   0.00006
   0.00006
   0.00005
   0.00005
   0.00002
   0.00002
   0.00005
   0.00003
   0.00004
   0.00004
   0.00005
   0.00005
   0.00005
   0.00002
   0.00003
   0.00004
   0.00003
   0.00004
   0.00003
   0.00002
   0.00003
   0.00003
   0.00002
   0.00002
   0.00002
   0.00001
   0.00002
   0.00002
   0.00002
   0.00002
   0.00001
   0.00002
   0.00001
   0.00001
   0.00001
   0.00001
   0.00001
   0.00001
   0.00001
   0.00001
   0.00001
   0.00001
   0.00001
   0.00001
   0.00001
   0.00001
