   0.50167
   0.39900
   0.41872
   0.42087
   0.42262
   0.42285
   0.42466
   0.42642
   0.42712
   0.42744
   0.42836
   0.42841
   0.42816
   0.42829
   0.42741
   0.42689
   0.42623
   0.42518
   0.42389
   0.42256
   0.42101
   0.41811
   0.41785
   0.41508
   0.41318
   0.40963
   0.40800
   0.40466
   0.40147
   0.39920
   0.39582
   0.39398
   0.39093
   0.38526
   0.38479
   0.38263
   0.38147
   0.38114
   0.38300
   0.38566
   0.39429
   0.39672
   0.48722
   0.48470
   0.51351
   0.53743
   0.54183
   0.54417
   0.49476
   0.48351
   0.46360
   0.44687
   0.43951
   0.43860
   0.43684
   0.42980
   0.41808
   0.40304
   0.38600
   0.36776
   0.34863
   0.32973
   0.31134
   0.29353
   0.27654
   0.26086
   0.24615
   0.23232
   0.21894
   0.20687
   0.19537
   0.18431
   0.17378
   0.16411
   0.15491
   0.14638
   0.13823
   0.13052
   0.12312
   0.11622
   0.11042
   0.10451
   0.09902
   0.09380
   0.08890
   0.08472
   0.08046
   0.07663
   0.07319
   0.07006
   0.06703
   0.06468
   0.06221
   0.05993
   0.05786
   0.05593
   0.05426
   0.05257
   0.05113
   0.04990
   0.04862
   0.04749
   0.04630
   0.04550
   0.04460
   0.04366
   0.04316
   0.04237
   0.04145
   0.04060
   0.03980
   0.03880
   0.03788
   0.03687
   0.03580
   0.03470
   0.03339
   0.03206
   0.03064
   0.02920
   0.02769
   0.02616
   0.02463
   0.02323
   0.02179
   0.02039
   0.01905
   0.01775
   0.01654
   0.01532
   0.01423
   0.01314
   0.01218
   0.01138
   0.01045
   0.00966
   0.00897
   0.00843
   0.00771
   0.00709
   0.00654
   0.00595
   0.00533
   0.00471
   0.00406
   0.00338
   0.00275
   0.00225
   0.00188
   0.00159
   0.00135
   0.00117
   0.00102
   0.00092
   0.00088
   0.00085
   0.00078
   0.00071
   0.00063
   0.00057
   0.00051
   0.00044
   0.00031
   0.00020
   0.00017
   0.00017
   0.00035
   0.00039
   0.00036
   0.00021
   0.00011
   0.00008
   0.00007
   0.00006
   0.00006
   0.00007
   0.00005
   0.00003
   0.00003
   0.00002
   0.00005
   0.00003
   0.00003
   0.00003
   0.00002
   0.00003
   0.00006
   0.00004
   0.00004
   0.00003
   0.00003
   0.00002
   0.00006
   0.00010
   0.00006
   0.00011
   0.00011
   0.00011
   0.00010
   0.00010
   0.00010
   0.00003
   0.00012
   0.00013
   0.00016
   0.00009
   0.00011
   0.00002
   0.00001
   0.00002
   0.00001
   0.00001
   0.00002
   0.00001
   0.00001
   0.00001
   0.00001
   0.00001
   0.00001
   0.00001
   0.00001
   0.00001
   0.00001
   0.00001
   0.00001
   0.00001
   0.00001
   0.00157
   0.00002
   0.00001
   0.00001
   0.00001
   0.00001
   0.00001
   0.00001
   0.00002
   0.00001
   0.00001
   0.00001
   0.00001
   0.00001
   0.00001
   0.00001
   0.00001
   0.00001
   0.00000
   0.00000
   0.00000
   0.00000
   0.00000
   0.00000
   0.00001
   0.00001
   0.00001
   0.00000
   0.00000
   0.00000
   0.00000
   0.00000
   0.00000
   0.00000
   0.00000
   0.00001
   0.00001
   0.84299
   0.00009
   0.00003
   0.00002
   0.00002
   0.00001
   0.00001
   0.00001
   0.00001
   0.00001
   0.00000
   0.00000
   0.00001
   2.19470
   0.00002
   0.00001
   0.00001
   0.00001
   0.00001
   0.00001
   0.00000
   0.00000
   0.00000
   0.00000
   0.00000
   0.00000
   0.00109
   0.00010
   0.00005
   0.00003
   0.00003
   0.00002
   0.00002
   0.00002
   0.00001
   0.00002
   0.00017
   0.00006
   0.00005
   0.00004
   0.00003
   0.00003
   0.00002
   0.00002
   0.00002
   0.00002
   0.00002
   0.00002
   0.00002
   0.00002
   0.00002
   0.00001
   0.00001
   0.00001
   0.00001
   0.00001
   0.00001
   0.00001
   0.00001
   0.44949
   0.00095
   0.00035
   0.00106
   0.00027
   0.00189
   0.00031
   0.00023
   0.00084
   0.00005
   0.00017
   0.00034
   0.00018
   0.00007
   0.00025
   0.00024
   0.00021
   0.00003
   0.00009
   0.00008
   0.00034
   0.00007
   0.00006
   0.00006
   0.00005
   0.00005
   0.00003
   0.00000
   0.00087
   0.00042
   0.00025
   0.00019
   0.00016
   0.00014
   0.00014
   0.00015
   0.00014
   0.00014
   0.00013
   0.00012
   0.00060
   0.00010
   0.00009
   0.00009
   0.00009
   0.00008
   0.00007
   0.00007
   0.00006
   0.00006
   0.00006
   0.00006
   0.00006
   0.00006
   0.00006
   0.00006
   0.00006
   0.00012
   0.00005
   0.00006
   0.00003
   0.00003
   0.00003
   0.00003
   0.00002
   0.00002
   0.00006
   0.00370
   0.00003
   0.00003
   0.00003
   0.00003
   0.00003
   0.00003
   0.00003
   0.00003
   0.00002
   0.00002
   0.00002
   0.00002
   0.00002
   0.00002
   0.00002
   0.00002
   0.00002
   0.00002
   0.00001
   0.00007
   0.00003
   0.00003
   0.00003
   0.00002
   0.00002
   0.00002
   0.00002
   0.00002
   0.00001
   0.00001
   0.00001
   0.00001
   0.00001
   0.00001
   0.00001
   0.00001
   0.00000
   0.00128
   0.00053
   0.00032
   0.00023
   0.00016
   0.00013
   0.00010
   0.00007
   0.00006
   0.00005
   0.00004
   0.00004
   0.00004
   0.00004
   0.00004
   0.00001
   0.00014
   0.00012
   0.00011
   0.00010
   0.00009
   0.00009
   0.00008
   0.00008
   0.00007
   0.00006
   0.00005
   0.00004
   0.00003
   0.00003
   0.00003
   0.00003
   0.00003
   0.00003
   0.00019
   0.00008
   0.00007
   0.00007
   0.00007
   0.00006
   0.00006
   0.00006
   0.00005
   0.00004
   0.00003
   0.00003
   0.00003
   0.00002
   0.00002
   0.00002
   0.00002
   0.00002
   0.00002
   0.00002
   0.00002
   0.00002
   0.00002
   0.00001
   0.00003
   0.00003
   0.00003
   0.00003
   0.00003
   0.00002
   0.00002
   0.00002
   0.00002
   0.00002
   0.00002
   0.00002
   0.00002
   0.00002
   0.00002
   0.00001
   0.00001
   0.00001
   0.00001
   0.00001
   0.00001
   0.00001
   0.00001
   0.00001
   0.00001
   0.00001
   0.00001
   0.00001
   0.00001
   0.00001
   0.00001
   0.00001
   0.00001
   0.00001
   0.00000
   0.00000
   0.00000
   0.00000
   0.00000
   0.00000
   0.00000
   0.00000
   0.00000
   0.00000
   0.00000
   0.00000
   0.00000
   0.00000
   0.00000
   0.00000
   0.00000
   0.00000
   0.00000
   0.00000
   0.00000
   0.00000
   0.00000
   0.00000
   0.00000
   0.00000
   0.00000
   0.00000
   0.00000
   0.00000
   0.00000
   0.00000
   0.00000
   0.00000
   0.00000
   0.00000
   0.00000
   0.00000
   0.00001
   0.00001
   0.00001
   0.00001
   0.00001
   0.00001
   0.00001
   0.00001
   0.00001
   0.00001
   0.00001
   0.00001
   0.00001
   0.00001
   0.00000
   0.00000
   0.00000
   0.00000
   0.00000
   0.00000
   0.00000
   0.00000
   0.00000
   0.00000
   0.00000
   0.00000
   0.00000
   0.00000
   0.00000
   0.00000
   0.00000
   0.00000
   0.00000
   0.00000
   0.00000
   0.00175
   0.00003
   0.00003
   0.00003
   0.00002
   0.00002
   0.00002
   0.00002
   0.00001
   0.00001
   0.00001
   0.00001
   0.00001
   0.00001
   0.00001
   0.00001
   0.00001
   0.00001
   0.00001
   0.00000
   0.00000
   0.00000
   0.00000
   0.00000
   0.00000
   0.00000
   0.00000
   0.00000
   0.00000
   0.00000
   0.00000
   0.00000
   0.00000
   0.00000
   0.00000
   0.00000
   0.00000
   0.00000
   0.00000
   0.00000
   0.00000
   0.00001
   0.00002
   0.00002
   0.00001
   0.00001
   0.00001
   0.00001
   0.00001
   0.00001
   0.00001
   0.00001
   0.00001
   0.00001
   0.00001
   0.00001
   0.00000
   0.00000
   0.00000
   0.00000
   0.00000
   0.00000
   0.00000
   0.00000
   0.00000
   0.00000
   0.00000
   0.00000
   0.00000
   0.00000
   0.00000
   0.00000
   0.00000
   0.00000
   0.00000
   0.00000
   0.00000
   0.00000
   0.00000
   0.00000
   0.00000
   0.00000
   0.00000
   0.00000
   0.00000
   0.00000
   0.00005
   0.00000
   0.00000
   0.00000
   0.00000
   0.00000
   0.00000
   0.00000
   0.00000
   0.00000
   0.00000
   0.00000
   0.00000
   0.00000
   0.00000
   0.00000
   0.00000
   0.00000
   0.00000
   0.00000
   0.00000
   0.00000
   0.00000
   0.00000
   0.00000
   0.00000
   0.00000
   0.00000
   0.00000
   0.00000
   0.00000
   0.00000
   0.00000
   0.00000
   0.00000
   0.00000
   0.00000
   0.00000
   0.00000
   0.00000
   0.00000
   0.00000
   0.00323
   0.00262
   0.00228
   0.00207
   0.00191
   0.00183
   0.00190
   0.00211
   0.00234
   0.00247
   0.00247
   0.00239
   0.00216
   0.00192
   0.00201
   0.00204
   0.00194
   0.00190
   0.00182
   0.00174
   0.00165
   0.00155
   0.00140
   0.00123
   0.00112
   0.00103
   0.00092
   0.00084
   0.00078
   0.00072
   0.00065
   0.00061
   0.00055
   0.00048
   0.00030
   0.00020
   0.00032
   0.00019
   0.00013
   0.00007
   0.00012
   0.00019
   0.00009
   0.00007
   0.00018
   0.00223
   0.00006
   0.00007
   0.00008
   0.00009
   0.00010
   0.00009
   0.00008
   0.00007
   0.00015
   0.00006
   0.00005
   0.00043
   0.00008
   0.00008
   0.00009
   0.00009
   0.00010
   0.00010
   0.00010
   0.00010
   0.00009
   0.00008
   0.00008
   0.00008
   0.00008
   0.00009
   0.00009
   0.00010
   0.00010
   0.00009
   0.00009
   0.00007
   0.00006
   0.00005
   0.00004
   0.00004
   0.00003
   0.00008
   0.00006
   0.00006
   0.00006
   0.00007
   0.00007
   0.00007
   0.00006
   0.00006
   0.00006
   0.00005
   0.00005
   0.00005
   0.00004
   0.00004
   0.00004
   0.00005
   0.00005
   0.00005
   0.00005
   0.00005
   0.00004
   0.00003
   0.00002
   0.00002
   0.00001
   0.00001
   0.00002
   0.00002
   0.00002
   0.00002
   0.00002
   0.00002
   0.00002
   0.00002
   0.00002
   0.00002
   0.00002
   0.00002
   0.00002
   0.00002
   0.00001
   0.00001
   0.00001
   0.00001
   0.00001
   0.00005
   0.00004
   0.00004
   0.00005
   0.00005
   0.00005
   0.00005
   0.00005
   0.00005
   0.00005
   0.00005
   0.00005
   0.00005
   0.00005
   0.00005
   0.00006
   0.00006
   0.00006
   0.00006
   0.00005
   0.00004
   0.00003
   0.00003
   0.00002
   0.00002
   0.00002
   0.00003
   0.00003
   0.00002
   0.00002
   0.00002
   0.00003
   0.00001
   0.00001
   0.00001
   0.00001
   0.00001
   0.00001
   0.00001
   0.00001
   0.00001
   0.00001
   0.00002
   0.00002
   0.00002
   0.00001
   0.00001
   0.00001
   0.00001
   0.00001
   0.00002
   0.00002
   0.00002
   0.00002
   0.00002
   0.00002
   0.00001
   0.00001
   0.00001
   0.00001
   0.00001
   0.00001
   0.00001
   0.00004
   0.00000
   0.00000
   0.00000
   0.00000
   0.00001
   0.00001
   0.00001
   0.00001
   0.00001
   0.00001
   0.00001
   0.00001
   0.00001
   0.00001
   0.00001
   0.00001
   0.00001
   0.00001
   0.00001
   0.00001
   0.00001
   0.00001
   0.00001
   0.00000
   0.00000
   0.00000
   0.00000
   0.00000
   0.00000
   0.00050
   0.00000
   0.00000
   0.00000
   0.00000
   0.00000
   0.00000
   0.00000
   0.00000
   0.00000
   0.00000
   0.00000
   0.00000
   0.00000
   0.00000
   0.00000
   0.00000
   0.00000
   0.00000
   0.00000
   0.00000
   0.00000
   0.00000
   0.00000
   0.00000
   0.00000
   0.00000
   0.00000
   0.00000
   0.00000
   0.00000
   0.00000
   0.00000
   0.00000
   0.00000
   0.00000
   0.00000
   0.00000
   0.00000
   0.00000
   0.00000
   0.00000
   0.00000
   0.00000
   0.00007
   0.00000
   0.00000
   0.00000
   0.00000
   0.00000
   0.00000
   0.00000
   0.00000
   0.00000
   0.00000
   0.00000
   0.00000
