   0.73116
   0.73274
   0.73298
   0.73342
   0.73374
   0.73402
   0.73206
   0.73109
   0.73185
   0.73246
   0.73305
   0.73322
   0.73357
   0.73390
   0.73412
   0.73434
   0.73477
   0.73521
   0.73572
   0.73630
   0.73690
   0.73764
   0.73818
   0.73901
   0.73982
   0.74072
   0.74179
   0.74227
   0.74311
   0.74397
   0.74463
   0.74420
   0.74433
   0.74396
   0.74360
   0.74324
   0.74243
   0.72538
   0.72708
   0.72807
   0.72937
   0.73125
   0.73374
   0.73691
   0.74107
   0.74630
   0.75294
   0.76021
   0.76793
   0.77648
   0.78462
   0.79260
   0.80090
   0.80949
   0.81791
   0.82750
   0.83843
   0.84850
   0.85937
   0.86995
   0.88227
   0.89341
   0.90462
   0.91689
   0.92717
   0.93861
   0.94988
   0.96065
   0.97091
   0.98034
   0.98896
   0.99987
   1.01049
   1.02051
   1.03004
   1.04254
   1.05266
   1.06267
   1.07537
   1.08590
   1.09449
   1.10438
   1.11249
   1.12039
   1.13477
   1.14528
   1.15649
   1.16458
   1.17247
   1.18288
   1.18861
   1.19897
   1.20615
   1.20770
   1.21118
   1.21539
   1.21585
   1.22078
   1.21850
   1.21412
   1.20791
   1.19920
   1.18755
   1.17479
   1.15610
   1.12827
   1.10247
   1.07259
   1.03937
   0.99723
   0.96406
   0.92913
   0.88734
   0.84454
   0.79426
   0.75647
   0.70672
   0.66894
   0.61930
   0.57718
   0.54883
   0.50945
   0.46636
   0.41903
   0.36620
   0.31997
   0.27407
   0.22306
   0.18580
   0.13714
   0.10758
   0.22742
   0.21791
   0.20712
   0.19910
   0.19713
   0.20050
   0.21777
   0.27245
   0.37397
   0.46002
   0.56399
   0.54897
   0.67974
   0.90128
   0.29277
   0.15732
   0.13135
   0.10664
   0.09388
   0.07891
   0.06806
   0.06353
   0.06507
   0.06917
   0.04717
   0.06798
   0.24468
   0.15938
   0.03603
   0.75451
   0.03307
   0.01265
   0.11418
   0.01934
   0.00890
   0.01152
   0.02341
   0.01366
   0.01081
   0.01000
   0.01164
   0.01280
   0.02285
   0.01718
   0.03271
   0.02613
   0.01738
   0.00567
   0.00551
   0.13013
   0.86922
   0.00476
   0.00499
   0.58554
   0.00444
   0.18962
   1.00101
   0.00270
   0.85682
   0.00249
   0.74789
   0.76944
   0.00954
   0.00524
   0.00546
   1.03415
   0.00340
   0.08870
   0.00303
   0.00294
   0.00597
   0.00575
   0.00574
   0.00559
   0.00553
   0.00539
   0.00525
   0.00510
   0.00497
   0.00507
   0.00599
   0.00581
   0.00496
   0.00441
   0.74963
   0.00420
   0.00377
   0.00407
   0.00365
   0.60324
   0.00960
   0.01149
   0.00919
   0.00943
   0.00908
   0.00900
   0.00652
   0.00571
   0.01586
   0.00905
   0.01114
   0.03837
   0.04508
   0.01077
   0.57113
   0.00789
   0.50309
   0.01248
   0.00512
   0.00417
   0.00473
   0.00504
   0.00477
   0.00499
   0.01784
   0.00596
   0.68106
   0.00815
   0.00558
   0.02924
   0.00758
   0.00605
   0.00586
   0.00467
   0.00450
   0.00666
   0.00526
   0.00418
   0.00404
   0.00641
   0.00416
   0.00418
   0.00390
   0.00950
   0.00421
   0.00388
   0.00372
   0.00328
   0.00316
   0.00300
   0.00594
   0.00380
   0.00330
   0.00354
   0.01279
   0.01445
   0.00865
   0.00642
   0.00716
   0.01260
   0.00624
   0.00506
   0.00561
   0.00511
   0.00470
   0.00461
   0.01362
   0.00455
   0.01673
   0.00413
   0.00380
   0.00424
   0.00693
   0.00378
   0.00364
   0.00340
   0.00335
   0.29169
   0.00317
   0.00280
   0.00306
   0.00358
   0.00273
   0.00270
   0.00252
   0.00260
   0.00587
   0.00235
   0.00229
   0.00214
   0.00217
   0.00234
   0.00214
   0.00187
   0.00197
   0.00155
   0.00772
   0.00738
   0.00724
   0.00743
   0.01206
   0.00774
   0.00655
   0.02220
   0.01024
   0.00613
   0.00590
   0.00901
   0.01940
   0.01035
   0.01156
   0.00889
   0.00844
   0.00701
   0.00850
   0.00918
   0.00821
   0.00647
   0.00604
   0.00692
   0.00643
   0.00563
   0.00615
   0.00604
   0.00600
   0.00483
   0.00538
   0.00530
   0.00564
   0.00456
   0.00427
   0.00433
   0.00446
   0.00445
   0.00477
   0.00378
   0.00405
   0.00369
   0.00396
   0.00398
   0.00402
   0.00418
   0.00326
   0.00296
   0.00335
   0.00331
   0.00366
   0.00324
   0.00243
   0.00462
   0.00323
   0.00312
   0.00346
   0.00333
   0.00234
   0.00246
   0.00264
   0.00266
   0.00300
   0.00288
   0.00201
   0.00314
   0.02364
   0.00799
   0.00423
   0.00315
   0.00344
   0.00304
   0.00197
   0.00223
   0.00250
   0.00262
   0.00273
   0.00317
   0.00254
   0.00171
   0.00199
   0.00214
   0.00223
   0.00272
   0.00225
   0.00140
   0.01632
   0.00509
   0.00261
   0.00212
   0.00234
   0.00273
   0.00195
   0.00119
   0.00127
   0.00142
   0.00157
   0.00165
   0.00217
   0.00207
   0.00134
   0.00122
   0.01733
   0.01597
   0.00622
   0.00264
   0.00183
   0.00151
   0.00158
   0.00193
   0.00143
   0.00088
   0.00472
   0.00332
   0.00317
   0.00388
   0.00376
   0.00309
   0.00388
   0.00333
   0.00268
   0.00612
   0.00409
   0.00363
   0.00358
   0.00303
   0.00327
   0.00346
   0.00257
   0.00356
   0.01248
   0.00455
   0.00373
   0.00296
   0.00242
   0.00314
   0.00316
   0.00236
   0.00214
   0.03301
   0.01972
   0.03109
   0.05006
   0.04475
   0.01461
   0.02055
   0.03512
   0.03508
   0.01376
   0.01219
   0.01103
   0.02351
   0.02015
   0.02703
   0.02666
   0.02827
   0.01438
   0.02312
   0.02077
   0.02372
   0.01232
   0.00724
   0.00761
   0.00778
   0.00620
   0.00669
   0.00579
   0.00596
   0.00685
   0.00125
   0.00102
   0.00106
   0.00154
   0.00143
   0.00108
   0.03428
   0.01103
   0.00576
   0.00356
   0.00252
   0.00301
   0.00273
   0.00202
