   0.46811
   0.44895
   0.41477
   0.39695
   0.40032
   0.40711
   0.41786
   0.42610
   0.43923
   0.44126
   0.43975
   0.44127
   0.44173
   0.43816
   0.43025
   0.43906
   0.43787
   0.42218
   0.43440
   0.42289
   0.41343
   0.41950
   0.41954
   0.41777
   0.41004
   0.41046
   0.40517
   0.41024
   0.40055
   0.38984
   0.39474
   0.38871
   0.38379
   0.37284
   0.38019
   0.40634
   0.38755
   0.40289
   0.41043
   0.40420
   0.42254
   0.44442
   0.42716
   0.44810
   0.46840
   0.48021
   0.48787
   0.49732
   0.50635
   0.51268
   0.51330
   0.51008
   0.49613
   0.47208
   0.44722
   0.43087
   0.41650
   0.40768
   0.40045
   0.39937
   0.38760
   0.38997
   0.38603
   0.37999
   0.37321
   0.36515
   0.35652
   0.34658
   0.33768
   0.32933
   0.32038
   0.31199
   0.30339
   0.29496
   0.28365
   0.27550
   0.26763
   0.25916
   0.25135
   0.24433
   0.23757
   0.23043
   0.22416
   0.21744
   0.21150
   0.20575
   0.19999
   0.19469
   0.18929
   0.18406
   0.17904
   0.17399
   0.16908
   0.16427
   0.15953
   0.15488
   0.15019
   0.14558
   0.14109
   0.13662
   0.13219
   0.12782
   0.12346
   0.11917
   0.11496
   0.11081
   0.10670
   0.10270
   0.09730
   0.09351
   0.09097
   0.08624
   0.08272
   0.08040
   0.07708
   0.07386
   0.07077
   0.06769
   0.06486
   0.06073
   0.05820
   0.05597
   0.05363
   0.05135
   0.04920
   0.04713
   0.04517
   0.04332
   0.04155
   0.03989
   0.03832
   0.03683
   0.03543
   0.03410
   0.03288
   0.03169
   0.03056
   0.02950
   0.02850
   0.02754
   0.02665
   0.02579
   0.02498
   0.02421
   0.02348
   0.02278
   0.02211
   0.02145
   0.02084
   0.02024
   0.01966
   0.01910
   0.01856
   0.01802
   0.01750
   0.01699
   0.01647
   0.01597
   0.01546
   0.01497
   0.01445
   0.01394
   0.01344
   0.01292
   0.01241
   0.01190
   0.01137
   0.01086
   0.01034
   0.00984
   0.00933
   0.00884
   0.00836
   0.00788
   0.00743
   0.00699
   0.00657
   0.00618
   0.00582
   0.00549
   0.00521
   0.00496
   0.00474
   0.00456
   0.00441
   0.00426
   0.00412
   0.00397
   0.00381
   0.00362
   0.00342
   0.00320
   0.00297
   0.00274
   0.00252
   0.00230
   0.00209
   0.00189
   0.00171
   0.00154
   0.00137
   0.00123
   0.00110
   0.00098
   0.00088
   0.00081
   0.00075
   0.00072
   0.00072
   0.00075
   0.00080
   0.00088
   0.00089
   0.00068
   0.00012
   0.00007
   0.00005
   0.00006
   0.00006
   0.00006
   0.00006
   0.00006
   0.00006
   0.00006
   0.00006
   0.00006
   0.00007
   0.00007
   0.00007
   0.00007
   0.00007
   0.00007
   0.00007
   0.00007
   0.00007
   0.00007
   0.00007
   0.00007
   0.00007
   0.00007
   0.00007
   0.00007
   0.00007
   0.00006
   0.00007
   0.00006
   0.00008
   0.00008
   0.00006
   0.00005
   0.00006
   0.00001
   0.00008
   0.00001
   0.00005
   0.00004
   0.00006
   0.00006
   0.00142
   0.00005
   0.00003
   0.00007
   0.00001
   0.00004
   0.00002
   0.00026
   0.00001
   0.00001
   0.00001
   0.00001
   0.00001
   0.00001
   0.00000
   0.00000
   0.00000
   0.00000
   0.00001
   0.00000
   0.00000
   0.00000
   0.00001
   0.00001
   0.00000
   0.00000
   0.00001
   0.00001
   0.00000
   0.00000
   0.00000
   0.00000
   0.00000
   0.00000
   0.00000
   0.00000
   0.00000
   0.00000
   0.00001
   0.00001
   0.00001
   0.00000
   0.00000
   0.00000
   0.00000
   0.00000
   0.00000
   0.00000
   0.00000
   0.00000
   0.00000
   0.00000
   0.00000
   0.00000
   0.00000
   0.00000
   0.00001
   0.00000
   0.00000
   0.00000
   0.00000
   0.00000
   0.00000
   0.00000
   0.00000
   0.00000
   0.00000
   0.00000
   0.00000
   0.00000
   0.00000
   0.00000
   0.00000
   0.00000
   0.00000
   0.00000
   0.00000
   0.00000
   0.00000
   0.00000
   0.00000
   0.00000
   0.00000
   0.00000
   0.00000
   0.00000
   0.00000
   0.00000
   0.00000
   0.00000
   0.00000
   0.00000
   0.00000
   0.00000
   0.00000
   0.00000
   0.00000
   0.00000
   0.00000
   0.00000
   0.00000
   0.12910
   0.04822
   0.02929
   0.00247
   0.09723
   0.00139
   0.12575
   0.00182
   0.13679
   0.00175
   0.16639
   0.00138
   0.00041
   0.00047
   0.00055
   0.04782
   0.00057
   0.06470
   0.00040
   0.00057
   0.00048
   0.00042
   0.01927
   0.00035
   0.00029
   0.01885
   0.00034
   0.00028
   0.00021
   0.00014
   0.00023
   0.00023
   0.00002
   0.00026
   0.00025
   0.00019
   0.00011
   0.00006
   0.00030
   0.00140
   0.00019
   0.00004
   0.00035
   0.00023
   0.00001
   0.00002
   0.00001
   0.00000
   0.00000
   0.00000
   0.00000
   0.00000
   0.00000
   0.00000
   0.00000
   0.00000
   0.00000
   0.00000
   0.00000
   0.00000
   0.00000
   0.00000
   0.00002
   0.00002
   0.00002
   0.00003
   0.00007
   0.00007
   0.00008
   0.00004
   0.00000
   0.00003
   0.00002
   0.00002
   0.00002
   0.00005
   0.00006
   0.00007
   0.00595
   0.00021
   0.00019
   0.00014
   0.00003
   0.00012
   0.00015
   0.00010
   0.00003
   0.00003
   0.00006
   0.00007
   0.00007
   0.00006
   0.00006
   0.00005
   0.00006
   0.00004
   0.19157
   0.00002
   0.00003
   0.00003
   0.00004
   0.00005
   0.00005
   0.00007
   0.00003
   0.00006
   0.00009
   0.00008
   0.00009
   0.00009
   0.00009
   0.00401
   0.00002
   0.00002
   0.00003
   0.00003
   0.00004
   0.00004
   0.00005
   0.00003
   0.00003
   0.00006
   0.00007
   0.00021
   0.00001
   0.00001
   0.00001
   0.00001
   0.00001
   0.00002
   0.00002
   0.00002
   0.00003
   0.00003
   0.00004
   0.00004
   0.00005
   0.00005
   0.00005
   0.00004
   0.00004
   0.00004
   0.00002
   0.00003
   0.00003
   0.00003
   0.00000
   0.00001
   0.00001
   0.00001
   0.00001
   0.00001
   0.00001
   0.00001
   0.00001
   0.00001
   0.00002
   0.00002
   0.00002
   0.00003
   0.00003
   0.00003
   0.00003
   0.00003
   0.00003
   0.00003
   0.00002
   0.00002
   1.88766
   0.01455
   0.02243
   0.02985
   0.03398
   0.03666
   0.03923
   0.04025
   0.04087
   0.04099
   0.04068
   0.04015
   0.03920
   0.03822
   0.03721
   0.03585
   0.03462
   0.03345
   0.03209
   0.03064
   0.02927
   0.02783
   0.02647
   0.02507
   0.02367
   0.02232
   0.02100
   0.01980
   0.01883
   0.01818
   0.01814
   0.01936
   0.02342
   0.03249
   0.05610
   0.07450
   0.08120
   0.07601
   0.06110
   0.03669
   0.01635
   0.00867
   0.00292
   0.00055
   0.00033
   0.00025
   0.00019
   0.00022
   0.00016
   0.00018
   0.00014
   0.00015
   0.00013
   0.00012
   0.00012
   0.00011
   0.00010
   0.00010
   0.00009
   0.00009
   0.00008
   0.00007
   0.00007
   0.00006
   0.00008
   0.00005
   0.00362
   0.00002
   0.00006
   0.00003
   0.00029
   0.00017
   0.00012
   0.00010
   0.00009
   0.00010
   0.00012
   0.00010
   0.00013
   0.00019
   0.00023
   0.00139
   0.00051
   0.00112
   0.00052
   0.00059
   0.00034
   0.00032
   0.00036
   0.00039
   0.00051
   0.00097
   0.00079
   0.00059
   0.00059
   0.00051
   0.00004
   0.00050
   0.00016
   0.00083
   0.00018
   0.00027
   0.00029
   0.00031
   0.00034
   0.00037
   0.00041
   0.00044
   0.00040
   0.00038
   0.09977
   0.00027
   0.00031
   0.00036
   0.00041
   0.10829
   0.00020
   0.00023
   0.00027
   0.00031
   0.00034
   0.00024
   0.00025
   0.00032
   0.00024
   0.00022
   0.00025
   0.00022
   0.00036
   0.00027
   0.00013
   0.00027
   0.00020
   0.00018
   0.00019
   0.00035
   0.00023
   0.00023
   0.00019
   0.00019
   0.00019
   0.00020
   0.00020
   0.00117
   0.00010
   0.00010
   0.00011
   0.00012
   0.00013
   0.00015
   0.00017
   0.00020
   0.00023
   0.00017
   0.00017
   0.00019
   0.00002
   0.00018
   0.00019
   0.00021
   0.00013
   0.00019
   0.00009
   0.00010
   0.00012
   0.00014
   0.00016
   0.00017
   0.00017
   0.00008
   0.00002
   0.00006
   0.00007
   0.00008
   0.00009
   0.00011
   0.00012
   0.00013
   0.00013
   0.00007
   0.00483
   0.00003
   0.00003
   0.00004
   0.00004
   0.00005
   0.00006
   0.00007
   0.00008
   0.00009
   0.00009
   0.00009
   0.00004
   0.00001
   0.00004
   0.00004
   0.00005
   0.00006
   0.00007
   0.00008
   0.00008
   0.00005
   0.00017
   0.00000
   0.00543
   0.00001
   0.00001
   0.00002
   0.00002
   0.00002
   0.00002
   0.00002
   0.00003
   0.00003
   0.00004
   0.00004
   0.00005
   0.00005
   0.00005
   0.00002
   0.00000
   0.00001
   0.00001
   0.00001
   0.00001
   0.00001
   0.00001
   0.00001
   0.00001
   0.00002
   0.00002
   0.00002
   0.00002
   0.00003
   0.00003
   0.00004
   0.00004
   0.00005
   0.00004
   0.00002
   0.00001
   0.00001
   0.00001
   0.00001
   0.00001
   0.00001
   0.00001
   0.00001
   0.00002
   0.00002
   0.00002
   0.00003
   0.00003
   0.00003
   0.00004
   0.00004
   0.00002
   0.00002
   0.04588
   0.00001
   0.00001
   0.00001
   0.00001
   0.00001
   0.00001
   0.00001
   0.00001
   0.00001
   0.00001
   0.00001
   0.00001
   0.00001
   0.00001
   0.00001
   0.00002
   0.00002
   0.00002
   0.00002
   0.00003
   0.00003
   0.00002
   0.00002
   0.00009
   0.00001
   0.00001
   0.00001
   0.00001
   0.00001
   0.00001
   0.00001
   0.00001
   0.00001
   0.00001
   0.00001
   0.00001
   0.00001
   0.00002
   0.00002
   0.00002
   0.00002
   0.00002
   0.00001
   0.00001
   0.00001
   0.00001
   0.00001
   0.00001
   0.00001
   0.00001
   0.00001
   0.00001
   0.00001
   0.00001
   0.00001
   0.00001
   0.00001
   0.00001
   0.00001
   0.00001
   0.00001
   0.00001
   0.00001
   0.00002
   0.00002
   0.00002
   0.00000
   0.00001
   0.00001
   0.00001
   0.00001
   0.00001
   0.00001
   0.00001
   0.00001
   0.00001
   0.00001
   0.00001
   0.00001
   0.00001
   0.00001
   0.00001
   0.00001
   0.00001
   0.00001
   0.00001
   0.00001
   0.00002
   0.00002
   0.00001
   0.00001
   0.00000
   0.00001
   0.00001
   0.00001
   0.00001
   0.00001
   0.00001
   0.00001
   0.00001
   0.00000
   0.00000
   0.00000
   0.00000
   0.00000
   0.00000
   0.00000
   0.00000
   0.00001
   0.00001
   0.00001
   0.00001
   0.00001
   0.00001
   0.00001
   0.00001
   0.00001
   0.00001
   0.00001
   0.00000
   0.00001
   0.00001
   0.00001
   0.00001
   0.00001
   0.00001
   0.00001
   0.00001
   0.00000
   0.00000
   0.00000
   0.00000
   0.00000
   0.00000
   0.00000
   0.00000
   0.00000
   0.00000
   0.00000
   0.00000
   0.00001
   0.00001
   0.00001
   0.00001
   0.00001
   0.00001
   0.00001
   0.00001
   0.00001
   0.00001
   0.00000
   0.00001
   0.00001
   0.00001
   0.00001
   0.00001
   0.00001
   0.00000
   0.00000
   0.00000
   0.00000
   0.00000
   0.00000
   0.00000
   0.00000
   0.00000
   0.00000
   0.00000
   0.00000
   0.00000
   0.00000
   0.00000
   0.00000
   0.00000
   0.00000
   0.00000
   0.00001
   0.00001
   0.00001
   0.00000
   0.00001
   0.00001
   0.00000
   0.00000
   0.00000
   0.00000
   0.00000
   0.00000
   0.00000
   0.00000
   0.00000
   0.00000
   0.00000
   0.00000
   0.00000
   0.00000
   0.00000
   0.00000
   0.00000
   0.00000
   0.00000
   0.00014
   0.00001
   0.00001
   0.00001
   0.00001
   0.00001
   0.00001
   0.00000
   0.00000
   0.00000
   0.00000
   0.00000
   0.00000
