   0.70532
   0.71240
   0.71633
   0.71714
   0.71401
   0.71171
   0.71018
   0.70853
   0.70703
   0.70565
   0.70436
   0.70319
   0.70195
   0.70080
   0.69970
   0.69852
   0.69773
   0.69625
   0.69540
   0.69450
   0.69349
   0.70375
   0.68988
   0.69065
   0.69008
   0.68908
   0.68825
   0.68771
   0.69065
   0.68555
   0.68452
   0.68437
   0.68495
   0.68393
   0.68294
   0.68233
   0.68176
   0.69002
   0.70086
   0.71686
   0.68544
   0.68734
   0.68224
   0.67940
   0.67921
   0.67845
   0.67890
   0.67901
   0.67911
   0.69042
   0.69174
   0.69164
   0.69225
   0.69306
   0.69480
   0.69595
   0.69884
   0.70339
   0.70655
   0.71200
   0.71742
   0.73633
   0.73584
   0.74253
   0.75019
   0.75082
   0.76811
   0.76510
   0.77468
   0.79760
   0.78938
   0.78745
   0.78420
   0.78155
   0.77867
   0.77612
   0.77425
   0.77085
   0.76715
   0.76500
   0.76070
   0.75847
   0.75540
   0.75145
   0.74649
   0.74488
   0.74161
   0.73776
   0.73440
   0.73040
   0.72603
   0.72083
   0.71770
   0.71291
   0.70849
   0.70427
   0.69996
   0.69692
   0.69073
   0.68547
   0.68161
   0.67633
   0.67171
   0.66546
   0.66061
   0.65543
   0.65057
   0.64083
   0.63381
   0.62828
   0.62127
   0.61537
   0.60796
   0.60098
   0.59477
   0.58926
   0.58599
   0.57485
   0.56789
   0.56224
   0.55279
   0.54060
   0.53204
   0.52395
   0.51689
   0.50784
   0.50028
   0.49290
   0.48515
   0.47786
   0.47111
   0.46478
   0.45908
   0.45386
   0.44929
   0.44507
   0.44139
   0.43771
   0.43465
   0.43176
   0.42955
   0.42757
   0.42599
   0.42551
   0.42429
   0.42329
   0.42225
   0.42085
   0.41867
   0.41627
   0.41420
   0.40989
   0.40615
   0.40065
   0.39560
   0.39155
   0.38456
   0.37695
   0.37011
   0.36378
   0.35438
   0.34651
   0.34049
   0.33377
   0.32743
   0.32027
   0.31637
   0.31109
   0.30618
   0.30071
   0.29595
   0.29039
   0.28559
   0.28073
   0.27632
   0.27094
   0.26612
   0.26095
   0.25670
   0.25170
   0.24835
   0.24398
   0.23992
   0.23637
   0.23201
   0.22874
   0.22369
   0.22015
   0.21655
   0.21210
   0.20833
   0.20331
   0.19977
   0.19510
   0.19119
   0.18749
   0.18255
   0.18043
   0.17503
   0.17092
   0.16803
   0.16375
   0.15938
   0.15608
   0.15288
   0.14927
   0.14704
   0.14279
   0.14124
   0.13647
   0.13510
   0.13117
   0.12857
   0.12645
   0.12384
   0.12122
   0.11869
   0.11730
   0.11432
   0.11243
   0.10917
   0.10914
   0.10658
   0.10477
   0.10273
   0.10105
   0.09831
   0.09738
   0.09569
   0.09378
   0.09135
   0.09040
   0.08752
   0.08735
   0.08507
   0.08289
   0.08023
   0.07957
   0.07757
   0.07557
   0.07210
   0.07161
   0.06848
   0.06635
   0.06426
   0.06357
   0.05983
   0.05592
   0.05486
   0.05224
   0.05113
   0.04843
   0.04626
   0.04448
   0.04170
   0.04154
   0.04061
   0.03941
   0.04490
   0.04137
   0.06156
   0.04913
   0.11229
   0.07166
   0.20579
   0.12180
   0.28873
   0.19937
   0.22861
   0.12188
   0.03451
   0.05638
   0.03368
   0.04825
   0.03198
   0.04355
   0.02981
   0.04062
   0.02862
   0.03924
   0.02884
   0.03926
   0.03136
   0.04200
   0.03339
   0.04959
   0.02702
   0.04289
   0.02591
   0.04822
   0.04779
   0.02599
   0.05285
   0.12167
   0.09618
   0.14977
   0.22217
   0.17417
   0.13118
   0.02362
   0.04958
   0.04510
   0.02750
   0.05592
   0.02562
   0.07313
   0.03555
   0.06756
   0.03645
   0.06845
   0.03002
   0.06532
   0.02485
   0.06212
   0.02510
   0.06670
   0.01815
   0.07217
   0.02622
   0.03384
   0.01896
   0.05681
   0.01575
   0.07119
   0.02437
   0.02458
   0.01563
   0.03626
   0.02784
   0.06473
   0.02986
   0.03013
   0.06295
   0.02017
   0.01465
   0.03039
   0.02603
   0.06345
   0.01938
   0.01448
   0.04461
   0.01510
   0.06476
   0.01654
   0.01182
   0.03107
   0.02235
   0.06092
   0.01176
   0.03496
   0.02011
   0.06062
   0.01041
   0.04043
   0.01735
   0.06071
   0.01006
   0.04390
   0.01355
   0.05850
   0.01056
   0.05216
   0.01166
   0.05421
   0.01083
   0.05201
   0.01134
   0.05000
   0.01095
   0.05028
   0.01137
   0.04962
   0.01097
   0.04840
   0.01153
   0.04846
   0.01090
   0.04677
   0.01164
   0.04605
   0.01177
   0.04957
   0.01208
   0.04815
   0.01175
   0.04656
   0.01199
   0.04653
   0.01208
   0.04638
   0.01194
   0.04477
   0.01179
   0.04435
   0.01239
   0.04443
   0.01229
   0.04295
   0.01198
   0.04165
   0.01238
   0.04267
   0.01215
   0.04067
   0.01231
   0.04029
   0.01253
   0.04026
   0.01185
   0.03906
   0.01207
   0.03851
   0.01245
   0.03865
   0.01204
   0.03741
   0.01217
   0.03673
   0.01215
   0.03625
   0.01187
   0.03688
   0.01166
   0.03518
   0.01173
   0.03486
   0.01134
   0.03362
   0.01137
   0.03348
   0.01124
   0.03361
   0.01105
   0.03338
   0.01118
   0.03592
   0.01059
   0.03866
   0.00993
   0.04748
   0.00389
   0.02127
   0.00622
   0.03550
   0.00934
   0.04578
   0.00555
   0.03151
   0.00655
   0.03851
   0.00740
   0.04314
   0.00217
   0.00579
   0.00982
   0.02626
   0.00386
   0.02867
   0.00373
   0.03361
   0.03444
   0.00628
   0.04110
   7.47249
   0.74791
   0.29552
   0.19923
   0.18438
   0.17524
   0.16848
   0.16562
   0.16293
   0.16054
   0.15848
   0.15659
   0.15346
   0.15193
   0.15015
   0.14824
   0.14615
   0.14412
   0.14179
   0.13950
   0.13711
   0.13269
   0.12647
   0.12335
   0.12109
   0.11858
   0.11461
   0.11260
   0.11086
   0.10903
   0.10740
   0.10584
   0.10433
   0.10288
   0.10147
   0.10010
   0.09884
   0.09764
   0.09645
   0.09537
   0.09429
   0.09334
   0.09235
   0.09150
   0.09079
   0.08993
   0.08919
   0.08855
   0.08796
   0.08740
   0.08694
   0.08648
   0.08613
   0.08590
   0.08550
   0.08528
   0.08506
   0.08487
   0.08469
   0.08453
   0.08435
   0.08422
   0.08400
   0.08374
   0.08359
   0.08291
   0.08237
   0.08163
   0.08061
   0.07950
   0.07795
   0.07585
   0.07328
   0.07016
   0.06613
   0.06146
   0.05602
   0.04976
   0.04322
   0.03763
   0.03531
   0.03865
   0.04220
   0.04040
   0.03968
   0.03905
   0.03838
   0.03770
   0.03703
   0.03637
   0.03568
   0.03502
   0.03436
   0.03370
   0.03307
   0.03245
   0.03185
   0.03127
   0.03072
   0.03020
   0.02969
   0.02921
   0.02876
   0.02830
   0.02781
   0.02703
   0.02653
   0.02616
   0.02582
   0.02550
   0.02518
   0.02487
   0.02456
   0.02425
   0.02394
   0.02363
   0.02332
   0.02300
   0.02269
   0.02238
   0.02207
   0.02177
   0.02146
   0.02117
   0.02086
   0.02057
   0.02028
   0.01999
   0.01970
   0.01942
   0.01914
   0.01887
   0.01860
   0.01834
   0.01807
   0.01782
   0.01756
   0.01731
   0.01706
   0.01682
   0.01658
   0.01635
   0.01612
   0.01590
   0.01567
   0.01545
   0.01524
   0.01503
   0.01483
   0.01463
   0.01444
   0.01424
   0.01407
   0.01389
   0.01371
   0.01354
   0.01337
   0.01322
   0.01306
   0.01291
   0.01277
   0.01263
   0.01249
   0.01236
   0.01223
   0.01211
   0.01199
   0.01187
   0.01176
   0.01166
   0.01156
   0.01147
   0.01137
   0.01129
   0.01120
   0.01113
   0.01105
   0.01098
   0.01091
   0.01085
   0.01080
   0.01074
   0.01069
   0.01064
   0.01061
   0.01057
   0.01054
   0.01051
   0.01048
   0.01046
   0.01045
   0.01043
   0.01042
   0.01041
   0.01041
   0.01041
   0.01041
   0.01042
   0.01042
   0.01044
   0.01044
   0.01046
   0.01048
   0.01050
   0.01051
   0.01056
   0.01057
   0.01062
   0.01064
   0.01068
   0.01072
   0.01076
   0.01081
   0.01086
   0.01092
   0.01098
   0.01098
   0.01104
   0.01096
   0.01082
   0.01031
   0.00924
   0.01016
   0.00879
   0.01378
   0.01408
   0.01445
   0.01452
   0.01338
   0.00281
   0.00380
   0.03427
   0.01607
   0.01625
   0.01665
   0.00261
   0.00787
   0.03009
   0.01821
   0.00929
   0.00232
   0.05801
   0.00338
   0.00295
   0.00218
   0.00699
   0.00306
   0.00369
   0.01839
   0.00224
   0.01295
   0.00275
   0.01327
   0.00492
   0.00682
   0.00599
   0.00787
   0.00869
   0.01036
   0.01318
   0.01733
   0.01953
   0.02022
   0.02086
   0.02192
   0.02340
   0.02489
   0.02613
   0.02738
   0.02849
   0.02972
   0.03060
   0.03219
   0.03195
   0.03649
   0.02746
   0.05249
   0.05874
   0.07953
   0.00296
   0.00135
   0.00137
   0.00136
   0.00135
   0.00134
   0.00132
   0.00131
   0.00130
   0.00129
   0.00128
   0.00128
   0.00127
   0.00126
   0.00126
   0.00125
   0.00124
   0.00124
   0.00124
   0.00123
   0.00123
   0.00122
   0.00122
   0.00122
   0.00121
   0.00121
   0.00121
   0.00121
   0.00120
   0.00120
   0.00120
   0.00120
   0.00119
   0.00119
   0.00119
   0.00119
   0.00119
   0.00118
   0.00118
   0.00118
   0.00118
   0.00118
   0.00117
   0.00117
   0.00117
   0.00117
   0.00117
   0.00117
   0.00116
   0.00116
   0.00116
   0.00116
   0.00116
   0.00115
   0.00115
   0.00115
   0.00115
   0.00115
   0.00115
   0.00115
   0.00114
   0.00114
   0.00114
   0.00114
   0.00114
   0.00114
   0.00115
   0.00115
   0.00115
   0.00115
   0.00116
   0.00116
   0.00117
   0.00118
   0.00119
   0.00120
   0.00121
   0.00123
   0.00125
   0.00127
   0.00129
   0.00130
   0.00132
   0.00134
   0.00135
   0.00137
   0.00138
   0.00138
   0.00139
   0.00139
   0.00139
   0.00140
   0.00140
   0.00140
   0.00141
   0.00141
   0.00142
   0.00143
   0.00145
   0.00148
   0.00154
   0.00174
   0.00922
   0.91935
   0.04075
   0.00355
   0.00133
   0.00127
   0.00128
   0.00129
   0.00129
   0.00129
   0.00129
   0.00129
   0.00128
   0.00128
   0.00128
   0.00128
   0.00128
   0.00128
   0.00127
   0.00127
   0.00127
   0.00126
   0.00126
   0.00125
   0.00125
   0.00124
   0.00123
   0.00122
   0.00122
   0.00121
   0.00120
   0.00119
   0.00118
   0.00117
   0.00116
   0.00115
   0.00115
   0.00114
   0.00113
   0.00112
   0.00111
   0.00110
   0.00109
   0.00109
   0.00108
   0.00107
   0.00106
   0.00106
   0.00105
   0.00105
   0.00104
   0.00104
   0.00103
   0.00103
   0.00102
   0.00102
   0.00101
   0.00101
   0.00100
   0.00100
   0.00100
   0.00099
   0.00099
   0.00099
   0.00098
   0.00098
   0.00098
   0.00097
   0.00097
   0.00097
   0.00096
   0.00096
   0.00096
   0.00096
   0.00095
   0.00095
   0.00095
   0.00094
   0.00094
   0.00094
   0.00093
   0.00093
   0.00093
   0.00093
   0.00092
   0.00092
   0.00092
   0.00091
   0.00091
   0.00091
   0.00091
   0.00090
   0.00090
   0.00090
   0.00090
   0.00089
   0.00089
   0.00089
   0.00089
   0.00089
   0.00088
   0.00088
   0.00089
   0.00089
   0.00089
   0.00089
   0.00090
   0.00090
   0.00091
   0.00092
   0.00093
   0.00095
   0.00096
   0.00098
   0.00099
   0.00101
   0.00102
   0.00103
   0.00105
   0.00106
   0.00107
   0.00107
   0.00108
   0.00108
   0.00109
   0.00109
   0.00109
   0.00109
   0.00109
   0.00109
   0.00110
   0.00110
   0.00110
   0.00111
   0.00112
   0.00113
   0.00115
   0.00119
   0.00129
   0.00177
   0.03029
   0.73242
   0.03788
   0.00336
   0.00226
   0.00210
   0.00204
   0.00199
   0.00194
   0.00189
   0.00185
   0.00181
   0.00177
   0.00174
   0.00170
   0.00167
