   0.77567
   0.76326
   0.72463
   0.72124
   0.70793
   0.70396
   0.70532
   0.70101
   0.69512
   0.69390
   0.69329
   0.69228
   0.70495
   0.70219
   0.69316
   0.70254
   0.69345
   0.69085
   0.69578
   0.69606
   0.69117
   0.69054
   0.68771
   0.68656
   0.68570
   0.68527
   0.68777
   0.69206
   0.69152
   0.69675
   0.70344
   0.71748
   0.72930
   0.74195
   0.74323
   0.73531
   0.72663
   0.70778
   0.70578
   0.69617
   0.68993
   0.68172
   0.67084
   0.65733
   0.64349
   0.63330
   0.62585
   0.61989
   0.61414
   0.60616
   0.59790
   0.58966
   0.58090
   0.57213
   0.56259
   0.55346
   0.54466
   0.53622
   0.52849
   0.52159
   0.51522
   0.50877
   0.50187
   0.49471
   0.48762
   0.48055
   0.47336
   0.46604
   0.45878
   0.45169
   0.44478
   0.43801
   0.43139
   0.42490
   0.41855
   0.41235
   0.40625
   0.40028
   0.39442
   0.38865
   0.38303
   0.37744
   0.37198
   0.36661
   0.36133
   0.35613
   0.35100
   0.34594
   0.34093
   0.33601
   0.33117
   0.32636
   0.32159
   0.31686
   0.31217
   0.30752
   0.30290
   0.29830
   0.29371
   0.28914
   0.28463
   0.28018
   0.27568
   0.27122
   0.26681
   0.26247
   0.25819
   0.25400
   0.24992
   0.24594
   0.24208
   0.23836
   0.23476
   0.23134
   0.22802
   0.22484
   0.22179
   0.21885
   0.21604
   0.21335
   0.21075
   0.20826
   0.20586
   0.20356
   0.20133
   0.19918
   0.19710
   0.19507
   0.19310
   0.19117
   0.18929
   0.18741
   0.18559
   0.18379
   0.18201
   0.18025
   0.17847
   0.17671
   0.17521
   0.17345
   0.17165
   0.16982
   0.16799
   0.16613
   0.16422
   0.16230
   0.16033
   0.15831
   0.15625
   0.15420
   0.15206
   0.14985
   0.14762
   0.14541
   0.14310
   0.14073
   0.13841
   0.13604
   0.13361
   0.13117
   0.12873
   0.12629
   0.12381
   0.12132
   0.11883
   0.11635
   0.11386
   0.11138
   0.10893
   0.10645
   0.10400
   0.10155
   0.09913
   0.09671
   0.09433
   0.09196
   0.08962
   0.08729
   0.08501
   0.08274
   0.08050
   0.07829
   0.07611
   0.07448
   0.07188
   0.06978
   0.06774
   0.06572
   0.06374
   0.06180
   0.05990
   0.05803
   0.05654
   0.05442
   0.05267
   0.05096
   0.04930
   0.04769
   0.04612
   0.04460
   0.04313
   0.04172
   0.04035
   0.03905
   0.03775
   0.03653
   0.03533
   0.03416
   0.03296
   0.03177
   0.03057
   0.02939
   0.02811
   0.02682
   0.02554
   0.02431
   0.02317
   0.02207
   0.02115
   0.02005
   0.01946
   0.01783
   0.01936
   0.01206
   0.01280
   0.27358
   0.01261
   0.01189
   0.01172
   0.01153
   0.01135
   0.01119
   0.01104
   0.01092
   0.01082
   0.01076
   0.01072
   0.01070
   0.01070
   0.01070
   0.01069
   0.01064
   0.01050
   0.01026
   0.00993
   0.00955
   0.00918
   0.00885
   0.00855
   0.00831
   0.00809
   0.00789
   0.00771
   0.00753
   0.00737
   0.00720
   0.00704
   0.00689
   0.00675
   0.00659
   0.00645
   0.00631
   0.00617
   0.00602
   0.00588
   0.00574
   0.00560
   0.00546
   0.00533
   0.00519
   0.00506
   0.00493
   0.00481
   0.00469
   0.00456
   0.00444
   0.00433
   0.00421
   0.00410
   0.00400
   0.00389
   0.00378
   0.00368
   0.00358
   0.00349
   0.00339
   0.00330
   0.00321
   0.00312
   0.00303
   0.00295
   0.00286
   0.00278
   0.00271
   0.00263
   0.00256
   0.00248
   0.00241
   0.00234
   0.00227
   0.00220
   0.00214
   0.00207
   0.00201
   0.00195
   0.00189
   0.00183
   0.00178
   0.00172
   0.00167
   0.00161
   0.00156
   0.00151
   0.00146
   0.00142
   0.00137
   0.00133
   0.00128
   0.00124
   0.00120
   0.00117
   0.00114
   2.24868
   0.02080
   0.01717
   0.01838
   0.01450
   0.01513
   0.01230
   0.01190
   0.00991
   0.00862
   0.00737
   0.00680
   0.00631
   0.00604
   0.00606
   0.00696
   0.00509
   0.00893
   0.00497
   0.00901
   0.00418
   0.00900
   0.00335
   0.00837
   0.00329
   0.00777
   0.00335
   0.00726
   0.00361
   0.00681
   0.00393
   0.00634
   0.00433
   0.00588
   0.00458
   0.00539
   0.00468
   0.00491
   0.00455
   0.00457
   0.00432
   0.00423
   0.00407
   0.00397
   0.00380
   0.00370
   0.00356
   0.00344
   0.00330
   0.00322
   0.00318
   0.00312
   0.00303
   0.00293
   0.00280
   0.00271
   0.00259
   0.00250
   0.00242
   0.00231
   0.00224
   0.00214
   0.00208
   0.00199
   0.00192
   0.00186
   0.00179
   0.00174
   0.00167
   0.00162
   0.00155
   0.00150
   0.00146
   0.00140
   0.00137
   0.00132
   0.00128
   0.00126
   0.00121
   0.00119
   0.00115
   0.00112
   0.00111
   0.00108
   0.00106
   0.00105
   0.00106
   0.00110
   0.00117
   0.00053
   0.00067
   0.00099
   0.00070
   0.00065
   0.00090
   0.00103
   0.00105
   0.00051
   0.00054
   0.00060
   0.00053
   0.00050
   0.00049
   0.00047
   0.00045
   0.00043
   0.00042
   0.00041
   0.00040
   0.00039
   0.00041
   0.00047
   0.00045
   0.00044
   0.00042
   0.00039
   0.00037
   0.00034
   0.00031
   0.00029
   0.00030
   0.00098
   0.04231
   0.00166
   0.00106
   0.00105
   0.00109
   0.00114
   0.00120
   0.00126
   0.00134
   0.00144
   0.00154
   0.00164
   0.00175
   0.00180
   0.00185
   0.00186
   0.00187
   0.00187
   0.00188
   0.00190
   0.00194
   0.00202
   0.00222
   0.00280
   0.00226
   0.00352
   0.00080
   0.02774
   0.00370
   0.00333
   0.00327
   0.00320
   0.00313
   0.00307
   0.00302
   0.00297
   0.00296
   0.00296
   0.00296
   0.00293
   0.00290
   0.00290
   0.00287
   0.00285
   0.00283
   0.00283
   0.00280
   0.00281
   0.00277
   0.00277
   0.00272
   0.00267
   0.00262
   0.00256
   0.00252
   0.00246
   0.00238
   0.00235
   0.00231
   0.00225
   0.00218
   0.00212
   0.00207
   0.00199
   0.00193
   0.00187
   0.00182
   0.00179
   0.00179
   0.00180
   0.00187
   0.00198
   0.00207
   0.00209
   0.00185
   0.00171
   0.00158
   0.00147
   0.00137
   0.00126
   0.00074
   0.00137
   0.00070
   0.00141
   0.11162
   0.00115
   0.00087
   0.00085
   0.00083
   0.00082
   0.00080
   0.00079
   0.00078
   0.00077
   0.00077
   0.00078
   0.00078
   0.00080
   0.00082
   0.00084
   0.00086
   0.00089
   0.00093
   0.00096
   0.00102
   0.00106
   0.00110
   0.00114
   0.00116
   0.00119
   0.00123
   0.00127
   0.00130
   0.00135
   0.00140
   0.00147
   0.00156
   0.00164
   0.00145
   0.00133
   0.00115
   0.00107
   0.00097
   0.00052
   0.00099
   0.00064
   0.00092
   0.00078
   0.00408
   0.00474
   0.00068
   0.00066
   0.00065
   0.00064
   0.00064
   0.00063
   0.00062
   0.00061
   0.00061
   0.00060
   0.00059
   0.00059
   0.00059
   0.00058
   0.00058
   0.00057
   0.00057
   0.00057
   0.00057
   0.00057
   0.00057
   0.00058
   0.00058
   0.00059
   0.00060
   0.00054
   0.00054
   0.00055
   0.00057
   0.00059
   0.00061
   0.00064
   0.00067
   0.00070
   0.00073
   0.00076
   0.00079
   0.00082
   0.00085
   0.00087
   0.00089
   0.00091
   0.00093
   0.00096
   0.00100
   0.00104
   0.00109
   0.00112
   0.00106
   0.00094
   0.00086
   0.00078
   0.00072
   0.00138
   0.00110
   0.00260
   0.00063
   0.00062
   0.00061
   0.00060
   0.00060
   0.00059
   0.00058
   0.00057
   0.00056
   0.00055
   0.00055
   0.00054
   0.00053
   0.00053
   0.00052
   0.00051
   0.00050
   0.00050
   0.00049
   0.00048
   0.00048
   0.00047
   0.00047
   0.00046
   0.00045
   0.00045
   0.00044
   0.00044
   0.00044
   0.00043
   0.00043
   0.00043
   0.00043
   0.00043
   0.00043
   0.00043
   0.00043
   0.00044
   0.00044
   0.00045
   0.00045
   0.00046
   0.00048
   0.00050
   0.00052
   0.00054
   0.00057
   0.00060
   0.00063
   0.00066
   0.00069
   0.00072
   0.00075
   0.00077
   0.00079
   0.00081
   0.00084
   0.00086
   0.00089
   0.00092
   0.00096
   0.00101
   0.00102
   0.00093
   0.00083
   0.00075
   0.00068
   0.00057
   0.00038
   0.00072
   0.00031
   0.00058
   0.00216
   0.80210
   0.02074
   0.01142
   0.01081
   0.01010
   0.00953
   0.00909
   0.00864
   0.00836
   0.00815
   0.00791
   0.00762
   0.00738
   0.00708
   0.00684
   0.00662
   0.00639
   0.00620
   0.00603
   0.00580
   0.00561
   0.00546
   0.00523
   0.00499
   0.00481
   0.00457
   0.00436
   0.00422
   0.00405
   0.00391
   0.00373
   0.00358
   0.00344
   0.00325
   0.00310
   0.00291
   0.00273
   0.00257
   0.00240
   0.00227
   0.00218
   0.00208
   0.00196
   0.00192
   0.00186
   0.00181
   0.00180
   0.00179
   0.00206
   0.00510
   0.00122
   0.00183
   0.00116
   0.01680
   0.00376
   0.00368
   0.00356
   0.00344
   0.00333
   0.00323
   0.00314
   0.00305
   0.00298
   0.00292
   0.00288
   0.00283
   0.00279
   0.00274
   0.00270
   0.00266
   0.00263
   0.00262
   0.00259
   0.00262
   0.00262
   0.00265
   0.00266
   0.00271
   0.00275
   0.00279
   0.00283
   0.00285
   0.00288
   0.00291
   0.00289
   0.00288
   0.00288
   0.00286
   0.00284
   0.00281
   0.00279
   0.00272
   0.00268
   0.00262
   0.00257
   0.00253
   0.00247
   0.00244
   0.00237
   0.00232
   0.00226
   0.00221
   0.00214
   0.00207
   0.00199
   0.00190
   0.00179
   0.00167
   0.00155
   0.00143
   0.00133
   0.00127
   0.00121
   0.00117
   0.00113
   0.00111
   0.00109
   0.00108
   0.00108
   0.00111
   0.00120
   0.00182
   0.00085
   0.00147
   0.00113
   0.00115
   0.00113
   0.00112
   0.00110
   0.00109
   0.00107
   0.00106
   0.00105
   0.00104
   0.00103
   0.00102
   0.00102
   0.00101
   0.00101
   0.00101
   0.00101
   0.00101
   0.00102
   0.00103
   0.00104
   0.00106
   0.00109
   0.00112
   0.00116
   0.00120
   0.00125
   0.00130
   0.00135
   0.00140
   0.00145
   0.00149
   0.00154
   0.00157
   0.00159
   0.00160
   0.00160
   0.00160
   0.00159
   0.00158
   0.00156
   0.00155
   0.00152
   0.00150
   0.00148
   0.00147
   0.00144
   0.00141
   0.00139
   0.00135
   0.00132
   0.00127
   0.00122
   0.00116
   0.00109
   0.00102
   0.00095
   0.00089
   0.00083
   0.00079
   0.00077
   0.00075
   0.00074
   0.00074
   0.00075
   0.00077
   0.00083
   0.00105
   0.00282
   1.39252
   0.00375
   0.00111
   0.00116
   0.00113
   0.00111
   0.00109
   0.00106
   0.00104
   0.00102
   0.00100
   0.00098
   0.00096
   0.00094
   0.00092
   0.00090
   0.00088
   0.00087
   0.00085
   0.00084
   0.00082
   0.00081
   0.00080
   0.00079
   0.00077
   0.00077
   0.00076
   0.00075
   0.00074
   0.00074
   0.00073
   0.00073
   0.00073
   0.00073
   0.00072
   0.00069
   0.00065
   0.00064
   0.00065
   0.00066
   0.00068
   0.00071
   0.00074
   0.00077
   0.00080
   0.00084
   0.00088
   0.00091
   0.00094
   0.00096
   0.00098
   0.00100
   0.00100
   0.00100
   0.00100
   0.00099
   0.00099
   0.00098
   0.00097
   0.00096
   0.00095
   0.00094
   0.00093
   0.00091
   0.00089
   0.00087
   0.00085
   0.00082
   0.00079
   0.00075
   0.00071
   0.00067
   0.00063
   0.00058
   0.00054
   0.00050
   0.00047
   0.00045
   0.00043
   0.00043
   0.00042
   0.00042
   0.00042
   0.00043
   0.00045
   0.00049
   0.00071
   0.00172
   0.00159
   0.00165
   0.00158
   0.00059
   0.07299
   0.01162
   0.00892
   0.00821
   0.00746
   0.00682
   0.00619
   0.00566
   0.00512
   0.00464
   0.00428
   0.00397
