   0.63379
   0.64254
   0.65113
   0.64287
   0.64444
   0.64386
   0.64354
   0.64329
   0.64302
   0.64270
   0.64235
   0.64196
   0.64176
   0.64129
   0.64088
   0.64056
   0.64011
   0.63971
   0.63934
   0.63889
   0.63816
   0.63831
   0.63754
   0.63688
   0.63684
   0.63599
   0.63555
   0.63506
   0.63478
   0.63360
   0.63377
   0.63243
   0.63251
   0.63117
   0.63098
   0.63021
   0.62915
   0.62897
   0.62736
   0.62710
   0.62526
   0.62523
   0.62335
   0.62302
   0.62121
   0.62027
   0.61957
   0.61732
   0.61628
   0.61486
   0.61367
   0.61204
   0.61104
   0.60845
   0.60780
   0.60474
   0.60406
   0.60153
   0.60050
   0.59751
   0.59655
   0.59376
   0.59212
   0.58985
   0.58738
   0.58237
   0.57937
   0.57681
   0.57459
   0.57251
   0.57045
   0.56836
   0.56617
   0.56398
   0.56171
   0.55939
   0.55710
   0.55487
   0.55259
   0.55035
   0.54810
   0.54583
   0.54352
   0.54110
   0.53857
   0.53588
   0.53296
   0.52975
   0.52633
   0.52263
   0.51877
   0.51474
   0.51056
   0.50628
   0.50188
   0.49740
   0.49285
   0.48818
   0.48351
   0.47874
   0.47392
   0.46906
   0.46413
   0.45904
   0.45385
   0.44862
   0.44339
   0.43807
   0.43272
   0.42734
   0.42195
   0.41657
   0.41122
   0.40590
   0.40063
   0.39540
   0.39023
   0.38508
   0.38001
   0.37502
   0.37010
   0.36522
   0.36044
   0.35574
   0.35112
   0.34659
   0.34214
   0.33777
   0.33348
   0.32928
   0.32516
   0.32112
   0.31718
   0.31334
   0.30957
   0.30590
   0.30230
   0.29879
   0.29536
   0.29202
   0.28876
   0.28559
   0.28252
   0.27953
   0.27661
   0.27377
   0.27102
   0.26838
   0.26581
   0.26331
   0.26091
   0.25855
   0.25630
   0.25409
   0.25197
   0.24991
   0.24793
   0.24595
   0.24401
   0.24215
   0.24027
   0.23841
   0.23649
   0.23455
   0.23249
   0.23035
   0.22810
   0.22571
   0.22308
   0.22034
   0.21746
   0.21445
   0.21129
   0.20810
   0.20486
   0.20160
   0.19833
   0.19508
   0.19188
   0.18869
   0.18553
   0.18242
   0.17940
   0.17642
   0.17342
   0.17052
   0.16763
   0.16478
   0.16197
   0.15922
   0.15648
   0.15377
   0.15111
   0.14850
   0.14590
   0.14333
   0.14079
   0.13827
   0.13583
   0.13336
   0.13097
   0.12857
   0.12619
   0.12392
   0.12162
   0.11939
   0.11715
   0.11497
   0.11281
   0.11069
   0.10863
   0.10659
   0.10454
   0.10262
   0.10065
   0.09873
   0.09690
   0.09503
   0.09322
   0.09148
   0.08970
   0.08801
   0.08631
   0.08467
   0.08307
   0.08148
   0.07989
   0.07840
   0.07687
   0.07541
   0.07396
   0.07259
   0.07119
   0.06984
   0.06855
   0.06719
   0.06592
   0.06469
   0.06347
   0.06223
   0.06106
   0.05991
   0.05878
   0.05765
   0.05657
   0.05551
   0.05446
   0.05341
   0.05242
   0.05141
   0.05045
   0.04950
   0.04856
   0.04766
   0.04674
   0.04587
   0.04501
   0.04416
   0.04332
   0.04251
   0.04172
   0.04092
   0.04015
   0.03940
   0.03867
   0.03794
   0.03723
   0.03653
   0.03584
   0.03516
   0.03452
   0.03386
   0.03323
   0.03260
   0.03198
   0.03139
   0.03080
   0.03022
   0.02965
   0.02910
   0.02855
   0.02801
   0.02748
   0.02696
   0.02646
   0.02596
   0.02548
   0.02499
   0.02452
   0.02406
   0.02359
   0.02314
   0.02270
   0.02227
   0.02186
   0.02144
   0.02104
   0.02064
   0.02024
   0.01985
   0.01947
   0.01911
   0.01874
   0.01837
   0.01802
   0.01768
   0.01734
   0.01701
   0.01668
   0.01636
   0.01606
   0.01574
   0.01546
   0.01514
   0.01488
   0.01456
   0.01430
   0.01401
   0.01374
   0.01347
   0.01321
   0.01295
   0.01271
   0.01246
   0.01222
   0.01198
   0.01174
   0.01152
   0.01129
   0.01107
   0.01086
   0.01064
   0.01043
   0.01022
   0.01002
   0.00983
   0.00964
   0.00945
   0.00926
   0.00908
   0.00890
   0.00872
   0.00855
   0.00839
   0.00822
   0.00806
   0.00791
   0.00774
   0.00760
   0.00745
   0.00729
   0.00716
   0.00701
   0.00688
   0.00674
   0.00662
   0.00648
   0.00636
   0.00624
   0.00612
   0.00600
   0.00589
   0.00578
   0.00567
   0.00556
   0.00545
   0.00535
   0.00525
   0.00515
   0.00505
   0.00496
   0.00487
   0.00478
   0.00469
   0.00460
   0.00451
   0.00443
   0.00435
   0.00427
   0.00419
   0.00412
   0.00404
   0.00396
   0.00390
   0.00382
   0.00375
   0.00369
   0.00362
   0.00355
   0.00348
   0.00342
   0.00336
   0.00329
   0.00324
   0.00317
   0.00312
   0.00306
   0.00300
   0.00295
   0.00289
   0.00284
   0.00279
   0.00273
   0.00268
   0.00263
   0.00258
   0.00253
   0.00248
   0.00244
   0.00239
   0.00235
   0.00230
   0.00226
   0.00222
   0.00218
   0.00214
   0.00210
   0.00206
   0.00202
   0.00198
   0.00194
   0.00190
   0.00187
   0.00183
   0.00180
   0.00176
   0.00173
   0.00170
   0.00166
   0.00163
   0.00160
   0.00157
   0.00154
   0.00151
   0.00148
   0.00146
   0.00143
   0.00140
   0.00137
   0.00135
   0.00132
   0.00130
   0.00127
   0.00125
   0.00122
   0.00120
   0.00118
   0.00116
   0.00113
   0.00111
   0.00109
   0.00107
   0.00105
   0.00103
   0.00101
   0.00099
   0.00097
   0.00095
   0.00093
   0.00092
   0.00090
   0.00088
   0.00086
   0.00085
   0.00083
   0.00082
   0.00080
   0.00079
   0.00077
   0.00076
   0.00074
   0.00073
   0.00071
   0.00070
   0.00069
   0.00067
   0.00066
   0.00065
   0.00063
   0.00062
   0.00061
   0.00060
   0.00059
   0.00058
   0.00057
   0.00056
   0.00054
   0.00053
   0.00052
   0.00051
   0.00051
   0.00050
   0.00049
   0.00048
   0.00047
   0.00046
   0.00045
   0.00044
   0.00044
   0.00043
   0.00042
   0.00041
   0.00040
   0.00040
   0.00039
   0.00038
   0.00038
   0.00037
   0.00036
   0.00036
   0.00035
   0.00035
   0.00034
   0.00034
   0.00033
   0.00033
   0.00032
   0.00032
   0.00032
   0.00031
   0.00031
   0.00031
   0.00030
   0.00030
   0.00030
   0.00030
   0.00030
   0.00030
   0.00030
   0.00030
   0.00030
   0.00031
   0.00030
   0.00033
   0.00025
   0.00028
   0.00039
   0.00021
   0.00021
   0.00021
   0.00020
   0.00020
   0.00020
   0.00020
   0.00187
   0.00022
   0.00026
   0.00048
   0.00034
   0.00052
   0.00047
   0.00044
   0.00043
   0.00043
   0.00043
   0.00043
   0.00042
   0.00042
   0.00042
   0.00041
   0.00041
   0.00041
   0.00041
   0.00040
   0.00040
   0.00040
   0.00040
   0.00039
   0.00039
   0.00039
   0.00039
   0.00038
   0.00038
   0.00038
   0.00038
   0.00037
   0.00037
   0.00037
   0.00037
   0.00037
   0.00036
   0.00036
   0.00036
   0.00036
   0.00035
   0.00035
   0.00035
   0.00035
   0.00035
   0.00034
   0.00034
   0.00034
   0.00034
   0.00034
   0.00033
   0.00033
   0.00033
   0.00033
   0.00032
   0.00032
   0.00032
   0.00032
   0.00032
   0.00031
   0.00031
   0.00031
   0.00031
   0.00030
   0.00030
   0.00030
   0.00030
   0.00030
   0.00029
   0.00029
   0.00029
   0.00029
   0.00028
   0.00028
   0.00028
   0.00028
   0.00028
   0.00027
   0.00027
   0.00027
   0.00027
   0.00026
   0.00026
   0.00026
   0.00026
   0.00026
   0.00025
   0.00025
   0.00025
   0.00025
   0.00024
   0.00024
   0.00024
   0.00024
   0.00023
   0.00023
   0.00023
   0.00023
   0.00023
   0.00022
   0.00022
   0.00022
   0.00022
   0.00021
   0.00021
   0.00021
   0.00021
   0.00021
   0.00020
   0.00020
   0.00020
   0.00020
   0.00020
   0.00019
   0.00019
   0.00019
   0.00019
   0.00018
   0.00018
   0.00018
   0.00018
   0.00018
   0.00017
   0.00017
   0.00017
   0.00017
   0.00017
   0.00016
   0.00016
   0.00016
   0.00016
   0.00016
   0.00015
   0.00015
   0.00015
   0.00015
   0.00015
   0.00014
   0.00014
   0.00014
   0.00014
   0.00014
   0.00014
   0.00013
   0.00013
   0.00013
   0.00013
   0.00013
   0.00013
   0.00012
   0.00012
   0.00012
   0.00012
   0.00012
   0.00012
   0.00011
   0.00011
   0.00011
   0.00011
   0.00011
   0.00011
   0.00010
   0.00010
   0.00010
   0.00010
   0.00010
   0.00010
   0.00010
   0.00009
   0.00009
   0.00009
   0.00009
   0.00009
   0.00009
   0.00009
   0.00009
   0.00008
   0.00008
   0.00008
   0.00008
   0.00008
   0.00008
   0.00008
   0.00008
   0.00008
   0.00007
   0.00007
   0.00007
   0.00007
   0.00007
   0.00007
   0.00007
   0.00007
   0.00007
   0.00006
   0.00006
   0.00006
   0.00006
   0.00006
   0.00006
   0.00006
   0.00006
   0.00006
   0.00006
   0.00006
   0.00005
   0.00005
   0.00005
   0.00005
   0.00005
   0.00005
   0.00005
   0.00005
   0.00005
   0.00005
   0.00005
   0.00005
   0.00005
   0.00004
   0.00004
   0.00004
   0.00004
   0.00004
   0.00004
   0.00004
   0.00004
   0.00004
   0.00004
   0.00004
   0.00004
   0.00004
   0.00004
   0.00004
   0.00003
   0.00003
   0.00003
   0.00003
   0.00003
   0.00003
   0.00003
   0.00003
   0.00003
   0.00003
   0.00003
   0.00003
   0.00003
   0.00003
   0.00003
   0.00003
   0.00003
   0.00003
   0.00003
   0.00003
   0.00002
   0.00002
   0.00002
   0.00002
   0.00002
   0.00002
   0.00002
   0.00002
   0.00002
   0.00002
   0.00002
   0.00002
   0.00002
   0.00002
   0.00002
   0.00002
   0.00002
   0.00002
   0.00002
   0.00002
   0.00002
   0.00002
   0.00002
   0.00002
   0.00002
   0.00002
   0.00002
   0.00002
   0.00002
   0.00001
   0.00001
   0.00001
   0.00001
   0.00001
   0.00001
   0.00001
   0.00001
   0.00001
   0.00001
   0.00001
   0.00001
   0.00001
   0.00001
   0.00001
   0.00001
   0.00001
   0.00001
   0.00001
   0.00001
   0.00001
   0.00001
   0.00001
   0.00001
   0.00001
   0.00001
   0.00001
   0.00001
   0.00001
   0.00001
   0.00001
   0.00001
   0.00001
   0.00001
   0.00001
   0.00001
   0.00001
   0.00001
   0.00001
   0.00001
   0.00001
   0.00001
   0.00001
   0.00001
   0.00001
   0.00001
   0.00001
   0.00001
   0.00001
   0.00001
   0.00001
   0.00001
   0.00001
   0.00001
   0.00001
   0.00001
   0.00001
   0.00001
   0.00001
   0.00001
   0.00001
   0.00001
   0.00000
   0.00000
   0.00000
   0.00000
   0.00000
   0.00000
   0.00000
   0.00000
   0.00000
   0.00000
   0.00000
   0.00000
   0.00000
   0.00000
   0.00000
   0.00000
   0.00000
   0.00000
   0.00000
   0.00000
   0.00000
   0.00000
   0.00000
   0.00000
   0.00000
   0.00000
   0.00000
   0.00000
   0.00000
   0.00000
   0.00000
   0.00000
   0.00000
   0.00000
   0.00000
   0.00000
   0.00000
   0.00000
   0.00000
   0.00000
   0.00000
   0.00000
   0.00000
   0.00000
   0.00000
   0.00000
   0.00000
   0.00000
   0.00000
   0.00000
   0.00000
   0.00000
   0.00000
   0.00000
   0.00000
   0.00000
   0.00000
   0.00000
   0.00000
   0.00000
   0.00000
   0.00000
   0.00000
   0.00000
   0.00000
   0.00000
   0.00000
   0.00000
   0.00000
   0.00000
   0.00000
   0.00000
   0.00000
   0.00000
   0.00000
   0.00000
   0.00000
   0.00000
   0.00000
   0.00000
   0.00000
   0.00000
   0.00000
   0.00000
   0.00000
   0.00000
   0.00000
   0.00000
   0.00000
   0.00000
   0.00000
   0.00000
   0.00000
   0.00000
   0.00000
   0.00000
   0.00000
   0.00000
   0.00000
   0.00000
   0.00000
   0.00000
   0.00000
   0.00000
   0.00000
   0.00000
   0.00000
   0.00000
   0.00000
   0.00000
   0.00000
   0.00000
