   0.75484
   0.71203
   0.70717
   0.70858
   0.70506
   0.70121
   0.69879
   0.69660
   0.69347
   0.69229
   0.68922
   0.68751
   0.68412
   0.68241
   0.68228
   0.67837
   0.67700
   0.67503
   0.67306
   0.67092
   0.66892
   0.66662
   0.66448
   0.66220
   0.65987
   0.65760
   0.65519
   0.65283
   0.65035
   0.64792
   0.64530
   0.64266
   0.64024
   0.63742
   0.63480
   0.63207
   0.62869
   0.62295
   0.62099
   0.61433
   0.61029
   0.61061
   0.60919
   0.60630
   0.60405
   0.60291
   0.59816
   0.59442
   0.59183
   0.58977
   0.58736
   0.58481
   0.58206
   0.57943
   0.57678
   0.57410
   0.57142
   0.56877
   0.56612
   0.56345
   0.56088
   0.55834
   0.55574
   0.55323
   0.55078
   0.54834
   0.54590
   0.54369
   0.54120
   0.53884
   0.53666
   0.53471
   0.53239
   0.53058
   0.52879
   0.52697
   0.52543
   0.52396
   0.52251
   0.52130
   0.52032
   0.51942
   0.51872
   0.51834
   0.51827
   0.51832
   0.51877
   0.51963
   0.52058
   0.52194
   0.52342
   0.52564
   0.52720
   0.52912
   0.53080
   0.53298
   0.53320
   0.53262
   0.53038
   0.52716
   0.52329
   0.51909
   0.51468
   0.51047
   0.50659
   0.50277
   0.49916
   0.49548
   0.49190
   0.48862
   0.48557
   0.48274
   0.47978
   0.47640
   0.47454
   0.47106
   0.46856
   0.46548
   0.46342
   0.45979
   0.45682
   0.45391
   0.45102
   0.44758
   0.44510
   0.44173
   0.43866
   0.43553
   0.43249
   0.42931
   0.42630
   0.42280
   0.41988
   0.41680
   0.41355
   0.41056
   0.40731
   0.40410
   0.40047
   0.39789
   0.39397
   0.39169
   0.38723
   0.38507
   0.38135
   0.37861
   0.37525
   0.37234
   0.36951
   0.36588
   0.36359
   0.35952
   0.35711
   0.35351
   0.35132
   0.34732
   0.34531
   0.34123
   0.33934
   0.33554
   0.33298
   0.33000
   0.32742
   0.32423
   0.32125
   0.31859
   0.31564
   0.31324
   0.30955
   0.30745
   0.30355
   0.30238
   0.29833
   0.29581
   0.29298
   0.29086
   0.28782
   0.28530
   0.28271
   0.27962
   0.27722
   0.27403
   0.27128
   0.26862
   0.26654
   0.26340
   0.26082
   0.25792
   0.25538
   0.25262
   0.25031
   0.24789
   0.24495
   0.24222
   0.23932
   0.23736
   0.23499
   0.23198
   0.22935
   0.22673
   0.22471
   0.22194
   0.21958
   0.21761
   0.21428
   0.21222
   0.20948
   0.20912
   0.20499
   0.20046
   0.19924
   0.19619
   0.19551
   0.19245
   0.18973
   0.18845
   0.18654
   0.18292
   0.18261
   0.17832
   0.17487
   0.17314
   0.17028
   0.16919
   0.16556
   0.16411
   0.16085
   0.15701
   0.15582
   0.15427
   0.15221
   0.14970
   0.14699
   0.14455
   0.13827
   0.13502
   0.13497
   0.13308
   0.13089
   0.12909
   0.12606
   0.12403
   0.12169
   0.11968
   0.11685
   0.11488
   0.11164
   0.11005
   0.10789
   0.10610
   0.10277
   0.10056
   0.09909
   0.09620
   0.09451
   0.09254
   0.09068
   0.08816
   0.08620
   0.08411
   0.08190
   0.08021
   0.07804
   0.07638
   0.07425
   0.07270
   0.07051
   0.06897
   0.06711
   0.06561
   0.06403
   0.06252
   0.06168
   0.06018
   0.05875
   0.05739
   0.05645
   0.05530
   0.05437
   0.05325
   0.05247
   0.05129
   0.05062
   0.04983
   0.04873
   0.04811
   0.04720
   0.04637
   0.04576
   0.04491
   0.04423
   0.04353
   0.04276
   0.04223
   0.04156
   0.04074
   0.04031
   0.03941
   0.03907
   0.03814
   0.03802
   0.03698
   0.03654
   0.03590
   0.03547
   0.03463
   0.03441
   0.03348
   0.03350
   0.03246
   0.03220
   0.03146
   0.03121
   0.03043
   0.03013
   0.02960
   0.02918
   0.02854
   0.02812
   0.02773
   0.02720
   0.02679
   0.02635
   0.02592
   0.02548
   0.02505
   0.02467
   0.02424
   0.02384
   0.02345
   0.02306
   0.02268
   0.02231
   0.02194
   0.02158
   0.02124
   0.02087
   0.02053
   0.02021
   0.01986
   0.01954
   0.01923
   0.01888
   0.01863
   0.01829
   0.01801
   0.01770
   0.01742
   0.01715
   0.01687
   0.01660
   0.01633
   0.01609
   0.01580
   0.01557
   0.01531
   0.01507
   0.01484
   0.01461
   0.01435
   0.01416
   0.01391
   0.01370
   0.01349
   0.01329
   0.01306
   0.01287
   0.01269
   0.01251
   0.01232
   0.01210
   0.01190
   0.01175
   0.01159
   0.01138
   0.01123
   0.01108
   0.01091
   0.01075
   0.01057
   0.01043
   0.01028
   0.01014
   0.00996
   0.00985
   0.00970
   0.00954
   0.00943
   0.00930
   0.00915
   0.00904
   0.00893
   0.00878
   0.00867
   0.00857
   0.00847
   0.00839
   0.00822
   0.00817
   0.00804
   0.00796
   0.00787
   0.00776
   0.00768
   0.00758
   0.00749
   0.00744
   0.00733
   0.00726
   0.00718
   0.00709
   0.00698
   0.00695
   0.00689
   0.00677
   0.00672
   0.00671
   0.00659
   0.00652
   0.00655
   0.00641
   0.00635
   0.00645
   0.00635
   0.00619
   0.00616
   0.00625
   0.00629
   0.00620
   0.00624
   0.00593
   0.00568
   0.00488
   0.00433
   0.00444
   0.00464
   0.00477
   0.00511
   0.00633
   0.00424
   0.00386
   0.30056
   0.41253
   0.24150
   0.24783
   0.27569
   0.28484
   0.27849
   0.26877
   0.26069
   0.25426
   0.24860
   0.24316
   0.23804
   0.23330
   0.22879
   0.22456
   0.22054
   0.21672
   0.21310
   0.20966
   0.20635
   0.20321
   0.20023
   0.19732
   0.19453
   0.19189
   0.18937
   0.18682
   0.18447
   0.18213
   0.17994
   0.17770
   0.17559
   0.17353
   0.17150
   0.16951
   0.16756
   0.16563
   0.16370
   0.16183
   0.15996
   0.15810
   0.15625
   0.15439
   0.15254
   0.15069
   0.14884
   0.14697
   0.14510
   0.14326
   0.14137
   0.13949
   0.13759
   0.13574
   0.13386
   0.13199
   0.13010
   0.12824
   0.12637
