   0.66843
   0.66412
   0.65643
   0.65292
   0.64969
   0.64617
   0.64285
   0.64023
   0.63753
   0.63522
   0.63239
   0.63011
   0.62778
   0.62585
   0.62301
   0.62053
   0.61797
   0.61536
   0.61216
   0.60901
   0.60539
   0.60200
   0.59809
   0.59460
   0.59135
   0.58801
   0.58411
   0.57848
   0.57037
   0.56032
   0.54882
   0.53701
   0.52558
   0.51448
   0.50435
   0.49486
   0.48561
   0.47673
   0.46933
   0.46433
   0.46028
   0.45561
   0.45097
   0.44746
   0.44424
   0.44095
   0.43687
   0.43228
   0.42722
   0.42178
   0.41619
   0.41012
   0.40404
   0.39718
   0.39105
   0.38346
   0.37591
   0.36879
   0.36028
   0.35121
   0.34168
   0.33188
   0.32170
   0.31110
   0.30053
   0.28993
   0.27943
   0.26920
   0.25934
   0.24997
   0.24119
   0.23286
   0.22572
   0.21902
   0.21292
   0.20742
   0.20252
   0.19815
   0.19427
   0.19085
   0.18905
   0.18618
   0.18334
   0.18063
   0.17798
   0.17518
   0.17255
   0.16967
   0.16662
   0.16331
   0.15978
   0.15619
   0.15242
   0.14865
   0.14473
   0.14086
   0.13712
   0.13338
   0.12978
   0.12635
   0.12314
   0.12012
   0.11722
   0.11446
   0.11222
   0.11013
   0.10858
   0.10755
   0.10674
   0.10645
   0.10638
   0.10707
   0.10814
   0.10976
   0.11178
   0.11412
   0.11644
   0.11939
   0.12276
   0.12537
   0.12862
   0.13223
   0.13625
   0.14158
   0.14993
   0.17106
   0.19016
   0.04782
   0.15753
   0.04358
   0.16582
   0.04132
   0.04098
   0.08380
   0.03506
   0.03903
   0.06171
   0.03451
   0.04267
   0.03095
   0.03157
   0.03904
   0.03902
   0.06679
   0.03111
   0.02485
   0.02319
   0.01745
   0.02250
   0.05275
   0.10861
   0.20933
   0.04805
   0.20550
   0.01191
   0.04107
   0.14296
   0.01237
   0.03715
   0.00982
   0.02883
   0.01959
   0.00908
   0.02061
   0.04547
   0.01203
   0.01206
   0.01682
   0.01767
   0.06440
   0.02159
   0.04757
   0.01085
   0.01341
   0.01048
   0.00692
   0.01228
   0.10209
   0.01468
   0.01186
   0.00680
   0.00893
   0.00949
   0.00373
   0.11842
   0.00483
   0.83377
   0.09490
   0.06935
   0.05648
   0.05281
   0.05055
   0.05013
   0.05328
   0.06598
   0.08708
   0.09325
   0.06951
   0.01980
   0.01813
   0.01771
   0.01709
   0.01639
   0.01489
   0.01354
   0.01294
   0.01241
   0.01190
   0.01141
   0.01096
   0.01057
   0.01023
   0.00990
   0.00956
   0.00922
   0.00889
   0.00839
   0.25863
   0.00794
   0.01557
   0.12205
   0.00620
   0.07657
   0.12020
   0.00418
   0.09655
   0.06622
   0.00356
   0.12429
   0.00733
   0.01509
   0.06732
   0.01977
   0.00481
   0.00584
   0.00690
   0.00645
   0.00582
   0.00293
   0.00276
   0.00317
   0.00284
   0.00248
   0.00351
   0.00241
   0.14826
   0.00472
   0.00370
   0.00331
   0.00505
   0.00568
   0.00544
   0.00221
   0.00179
   0.00700
   0.00330
   0.00264
   0.14445
   0.00611
   0.00209
   0.00222
   0.00217
   0.00211
   0.00204
   0.00193
   0.00179
   0.00171
   0.00162
   0.00136
   0.00326
   0.00128
   0.00120
   0.00124
   0.02726
   0.00129
   0.00107
   0.00094
   0.00092
   0.00092
   0.00095
   0.00076
   0.00122
   1.31816
   0.00209
   0.00209
   0.00214
   0.00215
   0.00200
   0.00189
   0.00175
   0.00155
   0.00136
   0.00121
   0.00112
   0.00100
   0.00097
   0.00090
   0.00083
   0.00076
   0.00065
   0.00062
   0.00113
   0.00147
   0.00082
   0.00080
   0.00081
   0.00099
   0.00098
   0.00091
   0.00082
   0.00080
   0.00075
   0.00071
   0.00066
   0.00059
   0.00054
   0.00052
   0.00048
   0.00047
   0.00046
   0.00079
   0.00065
   0.12552
   0.08417
   0.08397
   0.07837
   0.07042
   0.05986
   0.05018
   0.04127
   0.03371
   0.02720
   0.02250
   0.01933
   0.01755
   0.01652
   0.01577
   0.01514
   0.01463
   0.01429
   0.01411
   0.01413
   0.01403
   0.01405
   0.01465
   0.01639
   0.01842
   0.01986
   0.08639
   0.01215
   0.10256
   0.09644
   0.04470
   0.00589
   0.01223
   0.00720
   0.08841
   0.01213
   0.10785
   0.13282
   0.01043
   0.09670
   0.00933
   0.02313
   0.08423
   0.00343
   0.08360
   0.00312
   0.00297
   0.00288
   0.00281
   0.00965
   0.02468
   0.11251
   0.00232
   0.00247
   0.00254
   0.00239
   0.00954
   0.00214
   0.00200
   0.00187
   0.00180
   0.00185
   0.00247
   0.00315
   0.07995
   0.00236
   0.01944
   0.00792
   0.00465
   0.00381
   0.00278
   0.00327
   0.00272
   0.00335
   0.00261
   0.00278
   0.00198
   0.00303
   0.00262
   0.00254
   0.00245
   0.00226
   0.00197
   0.00160
   0.00167
   0.04199
   0.00156
   0.03799
   0.01435
   0.01137
   0.00715
   0.00455
   0.00299
   0.00225
   0.00176
   0.00149
   0.00132
   0.00119
   0.00108
   0.00100
   0.00094
   0.00090
   0.00086
   0.00083
   0.00079
   0.00078
   0.00090
   0.00075
   0.00074
   0.00073
   0.00087
   0.00077
   0.00078
   0.00076
   0.00074
   0.00072
   0.00069
   0.00064
   0.00057
   0.00108
   0.26635
   0.00046
   0.00044
   0.00043
   0.00043
   0.00043
   0.00042
   0.00042
   0.00041
   0.00040
   0.00039
   0.00038
   0.00040
   0.00036
   0.00036
   0.00035
   0.00034
   0.00033
   0.00033
   0.00032
   0.00033
   0.00037
   0.00035
   0.00029
   0.00030
   0.00029
   0.00029
   0.00028
   0.00028
   0.00028
   0.00028
   0.00028
   0.00027
   0.00027
   0.00026
   0.00026
   0.00025
   0.00025
   0.00024
   0.00037
   0.00031
   0.00023
   0.00424
   0.00024
   0.00023
   0.00023
   0.00023
   0.00023
   0.00023
   0.00023
   0.00023
   0.00022
   0.00022
   0.00022
   0.00023
   0.00023
   0.00022
   0.00022
   0.00021
   0.00021
   0.00021
   0.00021
   0.00020
   0.00020
   0.00020
   0.57388
   0.02900
   0.01960
   0.01582
   0.01346
   0.01230
   0.01058
   0.00967
   0.00818
   0.00707
   0.00663
   0.00937
   0.00621
   0.00610
   0.00591
   0.00580
   0.00575
   0.00572
   0.00567
   0.00554
   0.00536
   0.00516
   0.00496
   0.00478
   0.00460
   0.00443
   0.00427
   0.00411
   0.00396
   0.00382
   0.00370
   0.00360
   0.00351
   0.00343
   0.00337
   0.00333
   0.00332
   0.00334
   0.00340
   0.00349
   0.00365
   0.00396
   0.00411
   0.00396
   0.00429
   0.00434
   0.00428
   0.00415
   0.00379
   0.00141
   0.00421
   0.00374
   0.00344
   0.00315
   0.00285
   0.00263
   0.00249
   0.00237
   0.00226
   0.00216
   0.00209
   0.00203
   0.00196
   0.00191
   0.00219
   0.00330
   0.00218
   0.00231
   0.00302
   0.00288
   0.00306
   0.00275
   0.21430
   0.00196
   0.00199
   0.00195
   0.00191
   0.00185
   0.00181
   0.00176
   0.00171
   0.00168
   0.00167
   0.00162
   0.00156
   0.00149
   0.00142
   0.00136
   0.00131
   0.00128
   0.00124
   0.00121
   0.00118
   0.00117
   0.00130
   0.00216
   0.00195
   0.00187
   0.00159
   0.00133
   0.00122
   0.00117
   0.00142
   0.00083
   0.00096
   0.00328
   0.00079
   0.00072
   0.00078
   0.00073
   0.00082
   3.46004
   0.01196
   0.00807
   0.00577
   0.00474
   0.00396
   0.00336
   0.00289
   0.00246
   0.00214
   0.00189
   0.00172
   0.00157
   0.00146
   0.00138
   0.00132
   0.00126
   0.00121
   0.00116
   0.00112
   0.00107
   0.00103
   0.00098
   0.00095
   0.00091
   0.00088
   0.00086
   0.00084
   0.00086
   0.00098
   0.00125
   0.00116
   0.02628
   0.01381
   0.00863
   0.00602
   0.00452
   0.00354
   0.00286
   0.00250
   0.00230
   0.00218
   0.00210
   0.00217
   0.00334
   0.00190
   0.51253
   0.00170
   0.39890
   0.00156
   0.00155
   0.00150
   0.00147
   0.00144
   0.00141
   0.00137
   0.00134
   0.00133
   0.00145
   0.17909
   0.00126
   0.13606
   0.00113
   0.17118
   0.00098
   0.09310
   0.00082
   0.00099
   0.00104
   0.00331
   0.00094
   0.00090
   0.00085
   0.00080
   0.00075
   0.00075
   0.00072
   0.00069
   0.00068
   0.00066
   0.00065
   0.00063
   0.00062
   0.00061
   0.00061
   0.00063
   0.00081
   0.06644
   0.00052
   0.00050
   0.00068
   0.00065
   0.00066
   0.00063
   0.00060
   0.00058
   0.00055
   0.00052
   0.00049
   0.00046
   0.00044
   0.00043
   0.00042
   0.00041
   0.00040
   0.00040
   0.00039
   0.00038
   0.00038
   0.00038
   0.00040
   0.00048
   0.00091
   0.00060
   0.00056
   0.00055
   0.00055
   0.00052
   0.00051
   0.00050
   0.00050
   0.00051
   0.00052
   0.00054
   0.00056
   0.00055
   0.00047
   0.00046
   0.00048
   0.00050
   0.00050
   0.00049
   0.00046
   0.00044
   0.00042
   0.00040
   0.00038
   0.00036
   0.00034
   0.00032
   0.00030
   0.00029
   0.00028
   0.00028
   0.00027
   0.00027
   0.00026
   0.00026
   0.00027
   0.00030
   0.00036
   0.00639
   0.00031
   0.00032
   0.00032
   0.00033
   0.00035
   0.00036
   0.00031
   0.00028
   0.00029
   0.00030
   0.00030
   0.00030
   0.00030
   0.00030
   0.00029
   0.00028
   0.00026
   0.00025
   0.00023
   0.00022
   0.00021
   0.00020
   0.00019
   0.00019
   0.00018
   0.00018
   0.00017
   0.00017
   0.00017
   0.00017
   0.00019
   0.00022
   0.00022
   0.00025
   0.00030
   0.00022
   0.00022
   0.00022
   0.00022
   0.00022
   0.00022
   0.00022
   0.00021
   0.00021
   0.00021
   0.00020
   0.00020
   0.00021
   0.00021
   0.00021
   0.00022
   0.00023
   0.00023
   0.00020
   0.00018
   0.00018
   0.00019
   0.00019
   0.00019
   0.00019
   0.00019
   0.00018
   0.00017
   0.00017
   0.00016
   0.00015
   0.00014
   0.00014
   0.00013
   0.00013
   0.00012
   0.00012
   0.00012
   0.00011
   0.00011
   0.00011
   0.00012
   0.00014
   0.00016
   0.00010
   0.00016
   0.00014
   0.00012
   0.00718
   0.00472
   0.00141
   0.00165
   0.00143
   0.00120
   0.00102
   0.00087
   0.00076
   0.00067
   0.00060
   0.00054
   0.00049
   0.00045
   0.00042
   0.00039
   0.00036
   0.00034
   0.00031
   0.00029
   0.00027
   0.00026
   0.00024
   0.00023
   0.00022
   0.00021
   0.00020
   0.00019
   0.00018
   0.00018
   0.00018
   0.00017
   0.00017
   0.00018
   0.00015
   0.00014
   0.00014
   0.00014
   0.00014
   0.00014
   0.00014
   0.00014
   0.00013
   0.00013
   0.00012
   0.00011
   0.00011
   0.00010
   0.00009
   0.00009
   0.00009
   0.00008
   0.00008
   0.00008
   0.00007
   0.00007
   0.00007
   0.00007
   0.00007
   0.00008
   0.00010
   0.00010
   0.02635
   0.00867
   0.00675
   0.00584
   0.00506
   0.00441
   0.00381
   0.00335
   0.00300
   0.00264
   0.00235
   0.00215
   0.00198
   0.00182
   0.00167
   0.00154
   0.00142
   0.00132
   0.00122
   0.00112
   0.00103
   0.00095
   0.00090
   0.00087
   0.00089
   0.00124
   0.00223
   0.00236
   0.00955
   0.00103
   0.00110
   0.00111
   0.00109
   0.00105
   0.00100
   0.00096
   0.00091
   0.00087
   0.00082
   0.00078
   0.00074
   0.00070
   0.00065
   0.00061
   0.00058
   0.00056
   0.00055
   0.00056
   0.00060
   0.00077
   0.00124
   0.00118
   0.00063
   0.00512
   0.00393
   0.01236
   0.00682
   0.00203
   0.00180
   0.00167
   0.00154
   0.00142
   0.00134
   0.00121
   0.00110
   0.00101
   0.00093
   0.00086
   0.00081
   0.00077
   0.00075
   0.00074
   0.00076
   0.00081
   0.00085
   0.00086
   0.00084
   0.00082
   0.00079
   0.00076
   0.00073
   0.00070
   0.00066
   0.00063
   0.00060
