   0.73585
   0.72234
   0.73837
   0.73972
   0.73698
   0.73099
   0.73332
   0.73358
   0.73235
   0.73273
   0.73312
   0.73368
   0.73418
   0.73473
   0.73560
   0.73612
   0.73706
   0.73776
   0.73752
   0.73980
   0.74073
   0.74095
   0.74222
   0.74335
   0.74598
   0.74662
   0.74788
   0.74987
   0.75064
   0.75100
   0.75147
   0.75147
   0.75141
   0.75050
   0.74882
   0.74792
   0.75359
   0.75407
   0.75498
   0.75949
   0.76439
   0.77186
   0.77976
   0.78938
   0.80154
   0.81379
   0.82843
   0.84415
   0.85962
   0.87475
   0.88884
   0.90241
   0.91441
   0.92655
   0.93867
   0.94906
   0.96454
   0.97841
   0.98397
   0.99726
   1.00241
   1.01182
   1.01198
   1.01111
   1.01119
   1.01719
   1.01462
   1.01332
   1.00993
   1.00644
   1.00283
   0.99940
   0.99442
   0.99082
   0.98591
   0.98076
   0.97618
   0.97076
   0.96727
   0.96283
   0.95606
   0.95121
   0.94695
   0.94121
   0.93706
   0.93115
   0.92362
   0.91642
   0.91060
   0.90524
   0.89799
   0.89077
   0.88418
   0.87785
   0.87039
   0.86312
   0.85589
   0.84776
   0.84010
   0.83190
   0.82337
   0.81545
   0.80647
   0.79608
   0.77326
   0.75472
   0.74027
   0.72698
   0.71304
   0.70104
   0.68957
   0.67845
   0.66665
   0.65467
   0.64284
   0.62973
   0.61697
   0.60748
   0.59625
   0.58214
   0.56864
   0.55500
   0.54100
   0.52729
   0.51336
   0.49824
   0.48275
   0.46712
   0.45161
   0.43564
   0.41986
   0.40430
   0.38855
   0.37314
   0.35815
   0.34374
   0.32953
   0.31566
   0.30218
   0.28882
   0.27613
   0.26381
   0.25188
   0.24044
   0.22960
   0.21923
   0.20941
   0.20011
   0.19166
   0.18347
   0.17564
   0.16832
   0.16154
   0.15514
   0.14912
   0.14346
   0.13819
   0.13321
   0.12844
   0.12372
   0.11905
   0.11459
   0.11047
   0.10667
   0.10244
   0.09936
   0.09635
   0.09373
   0.09427
   0.09332
   0.09334
   0.09441
   0.10004
   0.09982
   0.09922
   0.09765
   0.09624
   0.09064
   0.08705
   0.08231
   0.07986
   0.07744
   0.06393
   0.05335
   0.05324
   0.04350
   0.03867
   0.03417
   0.03257
   0.03200
   0.03042
   0.03331
   0.04233
   0.04752
   0.05210
   0.05161
   0.05618
   0.03997
   0.04897
   0.04427
   0.05361
   0.05195
   0.04982
   0.11058
   0.13033
   0.14536
   0.16165
   0.12302
   0.08910
   0.25539
   0.29007
   0.28948
   0.28332
   0.27445
   0.25867
   0.18786
   0.14747
   0.14170
   0.14540
   0.20202
   0.23149
   0.21527
   0.06636
   0.03393
   0.03129
   0.03039
   0.03877
   0.03782
   0.03493
   0.03249
   0.01622
   0.02799
   0.01645
   0.02186
   0.92834
   0.70453
   0.69550
   0.70534
   0.71123
   0.71386
   0.71495
   0.71539
   0.71556
   0.71562
   0.71565
   0.71566
   0.71567
   0.71567
   0.71567
   0.71567
   0.71567
   0.71567
   0.71567
   0.71567
   0.71567
   0.71567
   0.71567
   0.71567
   0.71567
   0.71567
   0.71567
   0.71567
   0.71567
   0.71567
   0.71567
   0.71567
   0.71567
   0.71567
   0.71567
   0.71567
   0.71567
   0.71567
   0.71567
   0.71567
   0.71567
   0.71567
   0.71567
   0.71567
   0.71567
   0.71567
   0.71567
   0.71567
   0.71567
   0.71567
   0.71567
   0.71567
   0.71567
   0.71567
   0.71567
   0.71567
   0.71567
   0.71567
   0.71567
   0.71567
   0.71567
   0.71567
   0.71567
   0.71567
   0.71567
   0.71567
   0.71567
   0.71566
   0.71566
   0.71566
   0.71566
   0.71566
   0.71566
   0.71566
   0.71566
   0.71566
   0.71566
   0.71566
   0.71566
   0.71566
   0.71566
   0.71566
   0.71566
   0.71566
   0.71566
   0.71566
   0.71566
   0.71566
   0.71566
   0.71566
   0.71566
   0.71566
   0.71566
   0.71566
   0.71566
   0.71566
   0.71566
   0.71566
   0.71566
   0.71566
   0.71566
   0.71566
   0.71566
   0.71566
   0.71566
   0.71566
   0.71566
   0.71566
   0.71566
   0.71566
   0.71566
   0.71566
   0.71566
   0.71566
   0.71566
   0.71566
   0.71566
   0.71566
   0.71566
   0.71566
   0.71566
   0.71566
   0.71566
   0.71566
   0.71566
   0.71566
   0.71566
   0.71566
   0.71566
   0.71566
   0.71566
   0.71566
   0.71566
   0.71566
   0.71566
   0.71566
   0.71566
   0.71566
   0.71566
   0.71566
   0.71566
   0.71566
   0.71566
   0.71566
   0.71566
   0.71566
   0.71566
   0.71566
   0.71566
   0.71566
   0.71566
   0.71566
   0.71566
   0.71566
   0.71566
   0.71566
   0.71566
   0.71566
   0.71566
   0.71566
   0.71566
   0.71566
   0.71566
   0.71566
   0.71566
   0.71566
   0.71566
   0.71566
   0.71566
   0.71566
   0.71565
   0.71565
   0.71565
   0.71565
   0.71565
   0.71565
   0.71565
   0.71565
   0.71565
   0.71565
   0.71565
   0.71565
   0.71565
   0.71565
   0.71565
   0.71565
   0.71565
   0.71565
   0.71565
   0.71565
   0.71565
   0.71565
   0.71565
   0.71565
   0.71565
   0.71565
   0.71565
   0.71565
   0.71565
   0.71565
   0.71565
   0.71565
   0.71565
   0.71565
   0.71565
   0.71565
   0.71565
   0.71565
   0.71565
   0.71565
   0.71565
   0.71565
   0.71565
   0.71565
   0.71565
   0.71565
   0.71565
   0.71565
   0.71565
   0.71565
   0.71565
   0.71565
   0.71565
   0.71565
   0.71565
   0.71565
   0.71565
   0.71565
   0.71565
   0.71565
   0.71565
   0.71565
   0.71565
   0.71565
   0.71565
   0.71565
   0.71565
   0.71565
   0.71565
   0.71565
   0.71565
   0.71565
   0.71565
   0.71565
   0.71565
   0.71565
   0.71565
   0.71565
   0.71565
   0.71565
   0.71565
   0.71565
   0.71565
   0.71565
   0.71565
   0.71565
   0.71565
   0.71565
   0.71565
   0.71565
   0.71565
   0.71565
   0.71565
   0.71565
   0.71565
   0.71565
   0.71565
   0.71565
   0.71565
   0.71565
   0.71565
   0.71565
   0.71565
   0.71565
   0.71565
   0.71564
   0.71564
   0.71564
   0.71564
   0.71564
   0.71564
   0.71564
   0.71564
   0.71564
   0.71564
   0.71564
   0.71564
   0.71564
   0.71564
   0.71564
   0.71564
   0.71564
   0.71564
   0.71564
   0.71564
   0.71564
   0.71564
   0.71564
   0.71564
   0.71564
   0.71564
   0.71564
   0.71564
   0.71564
   0.71564
   0.71564
   0.71564
   0.71564
   0.71564
   0.71564
   0.71564
   0.71564
   0.71564
   0.71564
   0.71564
   0.71564
   0.71564
   0.71564
   0.71564
   0.71564
   0.71564
   0.71564
   0.71564
   0.71564
   0.71564
   0.71564
   0.71564
   0.71564
   0.71564
   0.71564
   0.71564
   0.71564
   0.71564
   0.71564
   0.71564
   0.71564
   0.71564
   0.71564
   0.71564
   0.71564
   0.71564
   0.71564
   0.71564
   0.71564
   0.71564
   0.71564
   0.71564
   0.71564
   0.71564
   0.71564
   0.71564
   0.71564
   0.71564
   0.71564
   0.71564
   0.71564
   0.71564
   0.71564
   0.71564
   0.71564
   0.71564
   0.71564
   0.71564
   0.71564
   0.71564
   0.71564
   0.71564
   0.71564
   0.71564
   0.71564
   0.71564
   0.71564
   0.71564
   0.71564
   0.71564
   0.71564
   0.71564
   0.71564
   0.71564
   0.71564
   0.71564
   0.71563
   0.71563
   0.71563
   0.71563
   0.71563
   0.71563
   0.71563
   0.71563
   0.71563
   0.71563
   0.71563
   0.71563
   0.71563
   0.71563
   0.71563
   0.71563
   0.71563
   0.71563
   0.71563
   0.71563
   0.71563
   0.71563
   0.71563
   0.71563
   0.71563
   0.71563
   0.71563
   0.71563
   0.71563
   0.71563
   0.71563
   0.71563
   0.71563
   0.71563
   0.71563
   0.71563
   0.71563
   0.71563
   0.71563
   0.71563
   0.71563
   0.71563
   0.71563
   0.71563
   0.71563
   0.71563
   0.71563
   0.71563
   0.71563
   0.71563
   0.71563
   0.71563
   0.71563
   0.71563
   0.71563
   0.71563
   0.71563
   0.71563
   0.71563
   0.71563
   0.71563
   0.71563
   0.71563
   0.71563
   0.71563
   0.71563
   0.71563
   0.71563
   0.71563
   0.71563
   0.71563
   0.71563
   0.71563
   0.71563
   0.71563
   0.71563
   0.71563
   0.71563
   0.71563
   0.71563
   0.71563
   0.71563
   0.71563
   0.71563
   0.71563
   0.71563
   0.71563
   0.71563
   0.71563
   0.71563
   0.71563
   0.71563
   0.71563
   0.71563
   0.71563
   0.71563
   0.71563
   0.71563
   0.71563
   0.71563
   0.71563
   0.71563
   0.71563
   0.71563
   0.71562
   0.71562
   0.71562
   0.71562
   0.71562
   0.71562
   0.71562
   0.71562
   0.71562
   0.71562
   0.71562
   0.71562
   0.71562
   0.71562
   0.71562
   0.71562
   0.71562
   0.71562
   0.71562
   0.71562
   0.71562
   0.71562
   0.71562
   0.71562
   0.71562
   0.71562
   0.71562
   0.71562
   0.71562
   0.71562
   0.71562
   0.71562
   0.71562
   0.71562
   0.71562
   0.71562
   0.71562
   0.71562
   0.71562
   0.71562
   0.71562
   0.71562
   0.71562
   0.71562
   0.71562
   0.71562
   0.71562
   0.71562
   0.71562
   0.71562
   0.71562
   0.71562
   0.71562
   0.71562
   0.71562
   0.71562
   0.71562
   0.71562
   0.71562
   0.71562
   0.71562
   0.71562
   0.71562
   0.71562
   0.71562
   0.71562
   0.71562
   0.71562
   0.71562
   0.71562
   0.71562
   0.71562
   0.71562
   0.71562
   0.71562
   0.71562
   0.71562
   0.71562
   0.71562
   0.71562
   0.71562
   0.71562
   0.71562
   0.71562
   0.71562
   0.71562
   0.71562
   0.71562
   0.71562
   0.71562
   0.71562
   0.71562
   0.71562
   0.71562
   0.71562
   0.71562
   0.71562
   0.71562
   0.71562
   0.71562
   0.71562
   0.71562
   0.71562
   0.71562
   0.71562
   0.71562
   0.71561
   0.71561
   0.71561
   0.71561
   0.71561
   0.71561
   0.71561
   0.71561
   0.71561
   0.71561
   0.71561
   0.71561
   0.71561
   0.71561
   0.71561
   0.71561
   0.71561
   0.71561
   0.71561
   0.71561
   0.71561
   0.71561
   0.71561
   0.71561
   0.71561
   0.71561
   0.71561
   0.71561
   0.71561
   0.71561
   0.71561
   0.71561
   0.71561
   0.71561
   0.71561
   0.71561
   0.71561
   0.71561
   0.71561
   0.71561
   0.71561
   0.71561
   0.71561
   0.71561
   0.71561
   0.71561
   0.71561
   0.71561
   0.71561
   0.71561
   0.71561
   0.71561
   0.71561
   0.71561
   0.71561
   0.71561
   0.71561
   0.71561
   0.71561
   0.71561
   0.71561
   0.71561
   0.71561
   0.71561
   0.71561
   0.71561
   0.71561
   0.71561
   0.71561
   0.71561
   0.71561
   0.71561
   0.71561
   0.71561
   0.71561
   0.71561
   0.71561
   0.71561
   0.71561
   0.71561
   0.71561
   0.71561
   0.71561
   0.71561
   0.71561
   0.71561
   0.71561
   0.71561
   0.71561
   0.71561
   0.71561
   0.71561
   0.71561
   0.71561
   0.71561
   0.71561
   0.71561
   0.71561
   0.71561
   0.71561
   0.71561
   0.71561
   0.71561
   0.71561
   0.71560
   0.71560
   0.71560
   0.71560
   0.71560
   0.71560
   0.71560
   0.71560
   0.71560
   0.71560
   0.71560
   0.71560
   0.71560
   0.71560
   0.71560
   0.71560
   0.71560
   0.71560
   0.71560
   0.71560
   0.71560
   0.71560
   0.71560
   0.71560
   0.71560
   0.71560
   0.71560
   0.71560
   0.71560
   0.71560
   0.71560
   0.71560
   0.71560
   0.71560
   0.71560
   0.71560
   0.71560
   0.71560
   0.71560
   0.71560
   0.71560
   0.71560
   0.71560
   0.71560
   0.71560
   0.71560
   0.71560
   0.71560
   0.71560
   0.71560
   0.71560
   0.71560
   0.71560
   0.71560
   0.71560
   0.71560
   0.71560
   0.71560
   0.71560
   0.71560
   0.71560
   0.71560
   0.71560
   0.71560
   0.71560
   0.71560
   0.71560
   0.71560
   0.71560
   0.71560
   0.71560
