   0.55123
   0.57272
   0.55559
   0.53116
   0.48986
   0.47240
   0.46973
   0.46995
   0.46867
   0.46753
   0.46571
   0.46509
   0.46891
   0.46135
   0.46924
   0.46756
   0.46975
   0.46877
   0.46755
   0.46679
   0.46384
   0.46018
   0.45549
   0.45018
   0.44733
   0.44546
   0.45061
   0.46315
   0.61008
   0.55185
   0.52595
   0.51415
   0.50875
   0.50626
   0.50510
   0.50457
   0.50432
   0.50421
   0.50416
   0.50414
   0.50413
   0.50412
   0.50412
   0.50412
   0.50412
   0.50412
   0.50412
   0.50413
   0.50413
   0.50413
   0.50413
   0.50413
   0.50414
   0.50414
   0.50414
   0.50414
   0.50414
   0.50414
   0.50415
   0.50415
   0.50415
   0.50415
   0.50415
   0.50416
   0.50416
   0.50416
   0.50416
   0.50416
   0.50417
   0.50417
   0.50417
   0.50417
   0.50417
   0.50418
   0.50418
   0.50418
   0.50418
   0.50418
   0.50419
   0.50419
   0.50419
   0.50419
   0.50420
   0.50420
   0.50420
   0.50420
   0.50421
   0.50421
   0.50421
   0.50421
   0.50422
   0.50422
   0.50422
   0.50423
   0.50423
   0.50423
   0.50424
   0.50424
   0.50424
   0.50424
   0.50424
   0.50424
   0.50425
   0.50425
   0.50425
   0.50425
   0.50425
   0.50425
   0.50426
   0.50426
   0.50426
   0.50426
   0.50427
   0.50427
   0.50428
   0.50428
   0.50428
   0.50428
   0.50429
   0.50429
   0.50429
   0.50429
   0.50429
   0.50429
   0.50430
   0.50430
   0.50430
   0.50430
   0.50430
   0.50430
   0.50430
   0.50431
   0.50431
   0.50431
   0.50431
   0.50431
   0.50431
   0.50432
   0.50432
   0.50432
   0.50432
   0.50432
   0.50432
   0.50433
   0.50433
   0.50433
   0.50433
   0.50433
   0.50433
   0.50434
   0.50434
   0.50434
   0.50434
   0.50434
   0.50434
   0.50435
   0.50435
   0.50435
   0.50435
   0.50435
   0.50436
   0.50436
   0.50436
   0.50436
   0.50436
   0.50437
   0.50437
   0.50437
   0.50437
   0.50437
   0.50438
   0.50438
   0.50438
   0.50438
   0.50439
   0.50439
   0.50439
   0.50439
   0.50439
   0.50439
   0.50439
   0.50439
   0.50440
   0.50440
   0.50440
   0.50441
   0.50441
   0.50441
   0.50442
   0.50442
   0.50442
   0.50443
   0.50443
   0.50443
   0.50443
   0.50443
   0.50444
   0.50444
   0.50444
   0.50444
   0.50444
   0.50445
   0.50445
   0.50445
   0.50445
   0.50445
   0.50446
   0.50446
   0.50446
   0.50446
   0.50446
   0.50446
   0.50446
   0.50446
   0.50446
   0.50447
   0.50447
   0.50447
   0.50447
   0.50447
   0.50447
   0.50447
   0.50447
   0.50447
   0.50447
   0.50448
   0.50448
   0.50448
   0.50448
   0.50448
   0.50448
   0.50448
   0.50448
   0.50448
   0.50448
   0.50449
   0.50449
   0.50449
   0.50449
   0.50449
   0.50449
   0.50449
   0.50449
   0.50449
   0.50449
   0.50450
   0.50450
   0.50450
   0.50450
   0.50450
   0.50450
   0.50450
   0.50450
   0.50451
   0.50451
   0.50451
   0.50451
   0.50451
   0.50451
   0.50451
   0.50452
   0.50452
   0.50452
   0.50453
   0.50453
   0.50453
   0.50453
   0.50453
   0.50454
   0.50454
   0.50454
   0.50454
   0.50454
   0.50454
   0.50454
   0.50454
   0.50454
   0.50454
   0.50455
   0.50455
   0.50455
   0.50455
   0.50455
   0.50455
   0.50455
   0.50455
   0.50455
   0.50455
   0.50456
   0.50456
   0.50456
   0.50456
   0.50456
   0.50456
   0.50456
   0.50456
   0.50456
   0.50457
   0.50457
   0.50457
   0.50457
   0.50457
   0.50457
   0.50457
   0.50458
   0.50458
   0.50458
   0.50458
   0.50458
   0.50458
   0.50459
   0.50459
   0.50459
   0.50460
   0.50460
   0.50460
   0.50460
   0.50460
   0.50460
   0.50460
   0.50461
   0.50461
   0.50461
   0.50461
   0.50461
   0.50461
   0.50461
   0.50461
   0.50461
   0.50461
   0.50461
   0.50461
   0.50461
   0.50461
   0.50461
   0.50461
   0.50461
   0.50462
   0.50462
   0.50462
   0.50462
   0.50462
   0.50462
   0.50462
   0.50462
   0.50462
   0.50462
   0.50462
   0.50462
   0.50462
   0.50462
   0.50462
   0.50463
   0.50463
   0.50463
   0.50463
   0.50463
   0.50463
   0.50463
   0.50463
   0.50463
   0.50463
   0.50463
   0.50463
   0.50463
   0.50463
   0.50463
   0.50464
   0.50464
   0.50464
   0.50464
   0.50464
   0.50464
   0.50464
   0.50464
   0.50464
   0.50464
   0.50464
   0.50464
   0.50464
   0.50464
   0.50465
   0.50465
   0.50465
   0.50465
   0.50465
   0.50465
   0.50465
   0.50465
   0.50465
   0.50465
   0.50465
   0.50465
   0.50465
   0.50465
   0.50465
   0.50465
   0.50465
   0.50465
   0.50465
   0.50465
   0.50465
   0.50465
   0.50465
   0.50465
   0.50465
   0.50465
   0.50465
   0.50465
   0.50465
   0.50465
   0.50465
   0.50465
   0.50465
   0.50466
   0.50466
   0.50466
   0.50466
   0.50466
   0.50466
   0.50466
   0.50466
   0.50466
   0.50466
   0.50466
   0.50466
   0.50466
   0.50466
   0.50466
   0.50466
   0.50466
   0.50466
   0.50467
   0.50467
   0.50467
   0.50467
   0.50467
   0.50467
   0.50467
   0.50467
   0.50467
   0.50467
   0.50467
   0.50467
   0.50467
   0.50467
   0.50467
   0.50467
   0.50467
   0.50467
   0.50467
   0.50468
   0.50468
   0.50468
   0.50468
   0.50468
   0.50468
   0.50468
   0.50468
   0.50468
   0.50468
   0.50468
   0.50468
   0.50468
   0.50468
   0.50468
   0.50468
   0.50468
   0.50469
   0.50469
   0.50469
   0.50469
   0.50469
   0.50469
   0.50469
   0.50469
   0.50469
   0.50469
   0.50469
   0.50469
   0.50469
   0.50469
   0.50469
   0.50469
   0.50469
   0.50469
   0.50470
   0.50470
   0.50470
   0.50470
   0.50470
   0.50470
   0.50470
   0.50470
   0.50470
   0.50470
   0.50470
   0.50470
   0.50470
   0.50470
   0.50470
   0.50470
   0.50470
   0.50471
   0.50471
   0.50471
   0.50471
   0.50471
   0.50471
   0.50471
   0.50471
   0.50471
   0.50471
   0.50471
   0.50471
   0.50471
   0.50471
   0.50471
   0.50471
   0.50471
   0.50472
   0.50472
   0.50472
   0.50472
   0.50472
   0.50472
   0.50472
   0.50472
   0.50472
   0.50472
   0.50472
   0.50472
   0.50472
   0.50472
   0.50472
   0.50472
   0.50473
   0.50473
   0.50473
   0.50473
   0.50473
   0.50473
   0.50473
   0.50473
   0.50473
   0.50473
   0.50473
   0.50473
   0.50473
   0.50473
   0.50473
   0.50473
   0.50474
   0.50474
   0.50474
   0.50474
   0.50474
   0.50474
   0.50474
   0.50474
   0.50474
   0.50474
   0.50474
   0.50474
   0.50474
   0.50474
   0.50474
   0.50475
   0.50475
   0.50475
   0.50475
   0.50475
   0.50475
   0.50475
   0.50475
   0.50475
   0.50475
   0.50475
   0.50475
   0.50475
   0.50475
   0.50475
   0.50476
   0.50476
   0.50476
   0.50476
   0.50476
   0.50476
   0.50476
   0.50476
   0.50476
   0.50476
   0.50476
   0.50476
   0.50476
   0.50476
   0.50477
   0.50477
   0.50477
   0.50477
   0.50477
   0.50477
   0.50477
   0.50477
   0.50477
   0.50477
   0.50477
   0.50477
   0.50477
   0.50477
   0.50477
   0.50477
   0.50477
   0.50477
   0.50477
   0.50477
   0.50477
   0.50477
   0.50477
   0.50477
   0.50477
   0.50477
   0.50477
   0.50477
   0.50477
   0.50477
   0.50477
   0.50477
   0.50478
   0.50478
   0.50478
   0.50478
   0.50478
   0.50478
   0.50478
   0.50478
   0.50478
   0.50478
   0.50478
   0.50478
   0.50478
   0.50478
   0.50478
   0.50478
   0.50478
   0.50479
   0.50479
   0.50479
   0.50479
   0.50479
   0.50479
   0.50479
   0.50479
   0.50479
   0.50479
   0.50479
   0.50479
   0.50479
   0.50479
   0.50479
   0.50479
   0.50479
   0.50480
   0.50480
   0.50480
   0.50480
   0.50480
   0.50480
   0.50480
   0.50480
   0.50480
   0.50480
   0.50480
   0.50480
   0.50480
   0.50480
   0.50480
   0.50481
   0.50481
   0.50481
   0.50481
   0.50481
   0.50481
   0.50481
   0.50481
   0.50481
   0.50481
   0.50481
   0.50481
   0.50481
   0.50481
   0.50481
   0.50482
   0.50482
   0.50482
   0.50482
   0.50482
   0.50482
   0.50482
   0.50482
   0.50482
   0.50482
   0.50482
   0.50482
   0.50482
   0.50482
   0.50483
   0.50483
   0.50483
   0.50483
   0.50483
   0.50483
   0.50483
   0.50483
   0.50483
   0.50483
   0.50483
   0.50483
   0.50483
   0.50484
   0.50484
   0.50484
   0.50484
   0.50484
   0.50484
   0.50484
   0.50484
   0.50484
   0.50484
   0.50484
   0.50484
   0.50484
   0.50484
   0.50484
   0.50484
   0.50484
   0.50484
   0.50484
   0.50484
   0.50484
   0.50484
   0.50484
   0.50484
   0.50484
   0.50484
   0.50484
   0.50484
   0.50484
   0.50484
   0.50484
   0.50485
   0.50485
   0.50485
   0.50484
   0.50484
   0.50484
   0.50484
   0.50484
   0.50484
   0.50484
   0.50484
   0.50484
   0.50484
   0.50484
   0.50484
   0.50484
   0.50484
   0.50484
   0.50484
   0.50484
   0.50485
   0.50485
   0.50485
   0.50485
   0.50485
   0.50485
   0.50485
   0.50485
   0.50485
   0.50485
   0.50485
   0.50485
   0.50485
   0.50485
   0.50485
   0.50485
   0.50485
   0.50485
   0.50485
   0.50486
   0.50486
   0.50486
   0.50486
   0.50486
   0.50486
   0.50486
   0.50486
   0.50486
   0.50486
   0.50486
   0.50486
   0.50486
   0.50486
   0.50486
   0.50486
   0.50486
   0.50486
   0.50487
   0.50487
   0.50487
   0.50487
   0.50487
   0.50487
   0.50487
   0.50487
   0.50487
   0.50487
   0.50487
   0.50487
   0.50487
   0.50487
   0.50487
   0.50487
   0.50488
   0.50488
   0.50488
   0.50488
   0.50488
   0.50488
   0.50488
   0.50488
   0.50488
   0.50488
   0.50488
   0.50488
   0.50488
   0.50488
   0.50488
   0.50489
   0.50489
   0.50489
   0.50489
   0.50489
   0.50489
   0.50489
   0.50489
   0.50489
   0.50489
   0.50489
   0.50489
   0.50489
   0.50489
   0.50490
   0.50490
   0.50490
   0.50490
   0.50490
   0.50490
   0.50490
   0.50490
   0.50490
   0.50490
   0.50491
   0.50491
   0.50491
   0.50491
   0.50491
   0.50492
   0.50492
   0.50492
   0.50492
   0.50493
   0.50493
   0.50493
   0.50493
   0.50493
   0.50493
   0.50493
   0.50493
   0.50493
   0.50493
   0.50493
   0.50493
   0.50494
   0.50494
   0.50494
   0.50494
   0.50494
   0.50494
   0.50494
   0.50494
   0.50494
   0.50494
   0.50494
   0.50494
   0.50494
   0.50494
   0.50495
   0.50495
   0.50495
   0.50495
   0.50495
   0.50496
   0.50496
   0.50496
   0.50496
   0.50496
   0.50497
   0.50497
   0.50497
   0.50497
   0.50497
   0.50497
   0.50497
   0.50497
   0.50497
   0.50497
   0.50497
   0.50497
   0.50497
   0.50497
   0.50497
   0.50497
   0.50497
   0.50497
   0.50497
   0.50497
   0.50497
   0.50497
   0.50497
   0.50497
   0.50497
   0.50497
   0.50497
   0.50498
   0.50498
   0.50498
   0.50498
   0.50498
   0.50498
   0.50498
   0.50498
   0.50498
   0.50498
   0.50498
   0.50498
   0.50498
   0.50498
   0.50498
   0.50498
   0.50498
   0.50498
   0.50498
   0.50498
   0.50498
   0.50498
   0.50498
   0.50498
   0.50498
   0.50498
   0.50498
   0.50498
   0.50498
   0.50499
   0.50499
   0.50499
   0.50499
   0.50499
   0.50499
   0.50499
   0.50499
   0.50499
   0.50499
   0.50499
   0.50499
   0.50499
   0.50499
   0.50499
   0.50499
   0.50499
   0.50499
   0.50499
   0.50499
   0.50499
   0.50499
   0.50499
   0.50499
   0.50499
   0.50499
   0.50499
   0.50499
   0.50500
   0.50500
   0.50500
   0.50500
   0.50500
   0.50500
   0.50500
   0.50500
   0.50500
