   0.64357
   0.64367
   0.64435
   0.64897
   0.64801
   0.64386
   0.64226
   0.63960
   0.64202
   0.63783
   0.63423
   0.63406
   0.63170
   0.63085
   0.63305
   0.63175
   0.63081
   0.63666
   0.63422
   0.63015
   0.62887
   0.62790
   0.62654
   0.62855
   0.62566
   0.62524
   0.62486
   0.62588
   0.62334
   0.62227
   0.62459
   0.62180
   0.61795
   0.61639
   0.61167
   0.61097
   0.60464
   0.60523
   0.59846
   0.59254
   0.58842
   0.58409
   0.57842
   0.57601
   0.57375
   0.57275
   0.57180
   0.56905
   0.56515
   0.55984
   0.55388
   0.54827
   0.54411
   0.54119
   0.53902
   0.53742
   0.53512
   0.53148
   0.52553
   0.51800
   0.50913
   0.49969
   0.48990
   0.48085
   0.47257
   0.46476
   0.45759
   0.45098
   0.44483
   0.43915
   0.43380
   0.42882
   0.42396
   0.41928
   0.41473
   0.41032
   0.40592
   0.40171
   0.39758
   0.39352
   0.38953
   0.38558
   0.38165
   0.37774
   0.37384
   0.36997
   0.36610
   0.36221
   0.35834
   0.35445
   0.35055
   0.34663
   0.34265
   0.33866
   0.33464
   0.33058
   0.32649
   0.32233
   0.31810
   0.31398
   0.30964
   0.30524
   0.30075
   0.29619
   0.29156
   0.28686
   0.28210
   0.27725
   0.27238
   0.26744
   0.26241
   0.25733
   0.25222
   0.24708
   0.24194
   0.23681
   0.23166
   0.22653
   0.22137
   0.21634
   0.21129
   0.20637
   0.20145
   0.19664
   0.19194
   0.18729
   0.18274
   0.17830
   0.17396
   0.16971
   0.16556
   0.16151
   0.15755
   0.15369
   0.14990
   0.14619
   0.14256
   0.13898
   0.13544
   0.13200
   0.12857
   0.12516
   0.12179
   0.11844
   0.11514
   0.11185
   0.10859
   0.10536
   0.10217
   0.09903
   0.09593
   0.09289
   0.08990
   0.08703
   0.08417
   0.08138
   0.07868
   0.07606
   0.07352
   0.07108
   0.06873
   0.06648
   0.06432
   0.06225
   0.06028
   0.05840
   0.05661
   0.05490
   0.05329
   0.05175
   0.05028
   0.04890
   0.04756
   0.04630
   0.04509
   0.04391
   0.04278
   0.04171
   0.04063
   0.03961
   0.03856
   0.03753
   0.03650
   0.03549
   0.03440
   0.03331
   0.03218
   0.03104
   0.02981
   0.02856
   0.02729
   0.02595
   0.02462
   0.02325
   0.02193
   0.02059
   0.01932
   0.01808
   0.01689
   0.01579
   0.01477
   0.01382
   0.01299
   0.01225
   0.01159
   0.01103
   0.01054
   0.01008
   0.00966
   0.00927
   0.00890
   0.00855
   0.00823
   0.00792
   0.00762
   0.00733
   0.00706
   0.00680
   0.00655
   0.00629
   0.00606
   0.00586
   0.00576
   0.00610
   0.00521
   0.00527
   0.00496
   0.00473
   0.00460
   0.00426
   0.00404
   0.00391
   0.00532
   0.00348
   0.00377
   0.00320
   0.00444
   0.00496
   0.00256
   0.00541
   0.04087
   0.00282
   0.00436
   0.01541
   0.00243
   0.03471
   0.01502
   0.01854
   0.01259
   0.01287
   0.03953
   0.00297
   0.00283
   0.00282
   0.00282
   0.00282
   0.00280
   0.00278
   0.00279
   0.00284
   0.00292
   0.00304
   0.00322
   0.00360
   0.00754
   0.00132
   0.00291
   0.02272
   0.00230
   0.02155
   0.00458
   0.00298
   0.00108
   0.00119
   0.00252
   0.00275
   0.00283
   0.00216
   0.00151
   0.00228
   0.00155
   0.00192
   0.00137
   0.00163
   0.00148
   0.00145
   0.00142
   0.00139
   0.00137
   0.00134
   0.00132
   0.00130
   0.00129
   0.00129
   0.00130
   0.00132
   0.00135
   0.00135
   0.00129
   0.00115
   0.00105
   0.00102
   0.00108
   0.00737
   0.00194
   0.00147
   0.00122
   0.00072
   0.00092
   0.24884
   0.00113
   0.00156
   0.00140
   0.00131
   0.00117
   0.00101
   0.00076
   0.00071
   0.00309
   0.00084
   0.00033
   0.00065
   0.00040
   0.00033
   0.00080
   0.00704
   0.00403
   0.00082
   0.00090
   0.00086
   0.00084
   0.00085
   0.00097
   0.00138
   0.00160
   0.00148
   0.00133
   0.00121
   0.00114
   0.00109
   0.00099
   0.00089
   0.00081
   0.00074
   0.00070
   0.00065
   0.00060
   0.00056
   0.00050
   0.00044
   0.00036
   0.00022
   0.00036
   0.00022
   0.00026
   0.00027
   0.00023
   0.00025
   0.65953
   0.00350
   0.00107
   0.00097
   0.00089
   0.00082
   0.00075
   0.00070
   0.00066
   0.00066
   0.00072
   0.00092
   0.00108
   0.00107
   0.00102
   0.00094
   0.00084
   0.00076
   0.00069
   0.00062
   0.00059
   0.00055
   0.00052
   0.00049
   0.00045
   0.00042
   0.00037
   0.00032
   0.00022
   0.00018
   0.00026
   0.00017
   0.00017
   0.00017
   0.00023
   0.00022
   0.00021
   0.00025
   0.00012
   0.00046
   0.00046
   0.00046
   0.00045
   0.00045
   0.00044
   0.00043
   0.00041
   0.00039
   0.00038
   0.00036
   0.00035
   0.00035
   0.00037
   0.00044
   0.00060
   0.00064
   0.00061
   0.00055
   0.00050
   0.00049
   0.00045
   0.00040
   0.00031
   0.00034
   0.00032
   0.00030
   0.00028
   0.00026
   0.00024
   0.00021
   0.00018
   0.00015
   0.00012
   0.00011
   0.00010
   0.00011
   0.00012
   0.00014
   0.00016
   0.13492
   0.00434
   0.00246
   0.00199
   0.00164
   0.00137
   0.00115
   0.00096
   0.00081
   0.00069
   0.00060
   0.00054
   0.00048
   0.00045
   0.00042
   0.00039
   0.00037
   0.00035
   0.00033
   0.00031
   0.00029
   0.00028
   0.00026
   0.00025
   0.00023
   0.00022
   0.00022
   0.00022
   0.00024
   0.00028
   0.00033
   0.00035
   0.00034
   0.00033
   0.00031
   0.00028
   0.00025
   0.00023
   0.00018
   0.00020
   0.00019
   0.00018
   0.00017
   0.00015
   0.00014
   0.00012
   0.00010
   0.00009
   0.00007
   0.00007
   0.00006
   0.00006
   0.00006
   0.00007
   0.00007
   0.00007
   0.00010
   0.00008
   0.00009
   0.01728
   0.00010
   0.00011
   0.00011
