   0.71467
   0.72309
   0.73197
   0.75109
   0.73834
   0.74725
   0.74324
   0.74680
   0.74573
   0.73733
   0.73548
   0.73799
   0.75274
   0.74113
   0.74277
   0.74510
   0.74015
   0.74196
   0.74097
   0.74946
   0.74323
   0.74412
   0.74374
   0.74487
   0.73931
   0.73954
   0.73868
   0.73691
   0.72265
   0.69387
   0.68418
   0.68302
   0.68118
   0.67862
   0.67516
   0.67146
   0.66770
   0.66409
   0.66052
   0.65708
   0.65364
   0.65075
   0.64784
   0.64495
   0.64199
   0.63888
   0.63545
   0.63178
   0.62791
   0.62408
   0.62036
   0.61679
   0.61336
   0.61002
   0.60673
   0.60346
   0.60007
   0.59656
   0.59295
   0.58929
   0.58524
   0.58105
   0.57664
   0.57207
   0.56736
   0.56255
   0.55763
   0.55265
   0.54759
   0.54249
   0.53733
   0.53215
   0.52693
   0.52171
   0.51644
   0.51116
   0.50588
   0.50055
   0.49519
   0.48983
   0.48440
   0.47894
   0.47343
   0.46789
   0.46230
   0.45671
   0.45100
   0.44524
   0.43943
   0.43354
   0.42758
   0.42158
   0.41548
   0.40931
   0.40305
   0.39681
   0.39048
   0.38408
   0.37765
   0.37117
   0.36466
   0.35811
   0.35153
   0.34483
   0.33822
   0.33160
   0.32499
   0.31841
   0.31183
   0.30527
   0.29872
   0.29221
   0.28570
   0.27923
   0.27278
   0.26634
   0.25993
   0.25353
   0.24716
   0.24080
   0.23447
   0.22818
   0.22191
   0.21568
   0.20948
   0.20333
   0.19722
   0.19115
   0.18513
   0.17916
   0.17325
   0.16740
   0.16169
   0.15601
   0.15039
   0.14490
   0.13953
   0.13429
   0.12919
   0.12421
   0.11938
   0.11474
   0.11029
   0.10603
   0.10195
   0.09806
   0.09435
   0.09080
   0.08743
   0.08418
   0.08105
   0.07797
   0.07487
   0.07171
   0.06845
   0.06516
   0.06195
   0.05899
   0.05644
   0.05433
   0.05260
   0.05111
   0.04979
   0.04846
   0.04705
   0.04548
   0.04356
   0.04113
   0.03820
   0.03582
   0.03942
   0.04964
   0.04162
   0.03703
   0.03821
   0.04394
   0.06443
   0.02979
   0.02825
   0.02786
   0.02763
   0.02733
   0.02700
   0.02680
   0.02661
   0.02643
   0.02611
   0.02553
   0.02480
   0.02424
   0.02291
   0.02186
   0.02094
   0.02008
   0.01939
   0.01884
   0.01840
   0.01804
   0.01773
   0.01739
   0.01699
   0.01652
   0.01599
   0.01539
   0.01472
   0.01403
   0.01342
   0.01303
   0.01248
   0.01182
   0.01116
   0.01056
   0.00961
   0.01319
   0.01593
   0.00826
   0.01882
   0.01461
   0.00900
   0.02309
   0.01953
   0.01617
   0.01320
   0.01333
   0.00940
   0.00774
   0.00655
   0.00648
   0.00648
   0.00583
   0.00551
   0.00613
   0.00653
   0.00817
   0.00860
   0.00950
   0.01000
   0.01075
   0.01163
   0.01274
   0.01461
   0.01698
   0.02006
   0.02915
   0.00577
   0.02185
   0.16771
   0.10955
   0.04977
   0.19390
   0.04167
   0.00643
   0.00786
   0.00669
   0.00759
   0.00549
   0.00990
   0.00501
   0.00938
   0.00462
   0.00922
   0.00467
   0.00988
   0.00327
   0.00354
   0.06571
   0.01154
   0.00281
   0.00450
   0.00910
   0.00889
   0.00615
   0.00529
   0.00252
   0.00433
   0.00249
   0.01560
   0.00242
   0.00744
   0.00306
   0.00457
   0.00300
   0.00251
   0.00193
   0.00226
   0.00845
   0.00717
   0.00393
   0.00349
   0.00312
   0.00261
   0.00210
   0.00632
   0.00538
   0.00896
   0.00898
   0.00860
   0.00803
   0.00690
   0.00549
   0.00378
   0.00357
   0.02716
   0.00528
   0.00373
   0.00366
   0.00342
   0.00375
   0.00471
   0.11865
   0.02300
   0.01405
   0.01139
   0.00828
   0.00693
   0.00744
   0.00656
   0.00679
   0.00583
   0.00498
   0.01171
   0.00666
   0.01701
   0.04959
   0.02747
   0.02111
   0.01952
   0.01505
   0.01105
   0.00817
   0.00630
   0.00549
   0.00436
   0.00474
   0.01768
   0.03296
   0.02224
   0.01888
   0.01976
   0.01717
   0.01441
   0.01220
   0.00994
   0.00799
   0.03723
   0.02797
   0.02255
   0.01873
   0.01587
   0.01306
   0.01132
   0.00948
   0.00746
   0.00604
   0.00576
   0.00514
   0.00528
   0.00491
   0.00517
   0.00293
   0.00263
   0.00268
   0.00315
   0.00441
   0.00617
   0.00761
   0.00754
   0.00665
   0.00648
   0.00595
   0.00518
   0.00441
   0.00368
   0.00065
   0.00066
   0.00066
   0.00068
   0.00070
   0.00074
   0.00084
   0.00106
   0.00145
   0.00211
   0.00293
   0.00354
   0.00389
   0.00390
   0.00373
   0.00338
   0.00293
   0.00246
   0.00048
   0.00048
   0.00047
   0.00048
   0.00049
   0.00051
   0.00057
   0.00070
   0.00094
   0.00131
   0.00184
   0.00231
   0.00258
   0.00272
   0.00267
   0.00256
   0.00233
   0.00198
   0.00170
   0.01905
   0.00028
   0.00031
   0.00035
   0.00045
   0.00061
   0.00084
   0.00116
   0.00155
   0.00180
   0.00192
   0.00194
   0.00190
   0.00179
   0.00159
   0.00135
   0.00118
   0.00016
   0.00013
   0.00013
   0.00013
   0.00013
   0.00013
   0.00013
   0.00013
   0.00014
   0.00014
   0.00015
   0.00017
   0.00019
   0.00023
   0.00030
   0.00042
   0.00060
   0.00086
   0.00114
   0.00127
   0.00132
   0.00132
   0.00130
   0.00123
   0.00111
   0.00094
   0.00084
   0.00074
   0.00057
   0.00052
   0.00047
   0.00043
   0.00039
   0.00035
   0.00032
   0.00029
   0.00026
   0.00024
   0.00022
   0.00020
   0.00020
   0.00021
   0.00025
   0.00034
   0.00049
   0.00073
   0.00090
   0.00095
   0.00099
   0.00098
   0.00096
   0.00089
   0.00076
   0.00065
   0.05624
   0.00515
   0.00247
   0.00143
   0.00094
   0.00066
   0.00048
   0.00037
   0.00029
   0.00024
   0.00020
   0.00017
   0.00015
   0.00013
   0.00013
   0.00014
   0.00020
   0.00029
   0.00039
   0.00050
   0.00059
   0.00063
   0.00066
   0.00064
   0.00061
   0.00058
   0.00051
   0.00045
   0.00040
   0.01876
   0.00479
   0.00273
   0.00171
   0.00117
   0.00084
   0.00063
   0.00048
   0.00037
   0.00030
   0.00024
   0.00019
   0.00016
   0.00014
   0.00012
   0.00010
   0.00009
   0.00009
   0.00008
   0.00009
   0.00010
   0.00017
   0.00033
   0.00046
   0.00047
   0.00049
   0.00051
   0.00051
   0.00048
   0.00044
   0.00040
   0.00035
   0.00030
   0.22380
   0.00252
   0.00172
   0.00126
   0.00096
   0.00075
   0.00060
   0.00048
   0.00039
   0.00032
   0.00027
   0.00022
   0.00019
   0.00016
   0.00013
   0.00011
   0.00010
   0.00008
   0.00007
   0.00007
   0.00006
   0.00006
   0.00006
   0.00005
   0.00005
   0.00005
   0.00005
   0.00005
   0.00005
   0.00004
   0.00004
   0.00004
   0.00004
   0.00004
   0.00004
   0.00004
   0.00004
   0.00004
   0.00004
   0.00005
   0.00006
   0.00009
   0.00014
   0.00017
   0.00019
   0.00021
   0.00024
   0.00025
   0.00025
   0.00023
   0.00021
   0.00019
   0.00016
   0.00048
   0.00001
   0.00001
   0.00001
   0.00001
   0.00001
   0.00001
   0.00001
   0.00001
   0.00001
   0.00001
   0.00001
   0.00001
   0.00001
   0.00001
   0.00001
   0.00001
   0.00001
   0.00001
   0.00001
   0.00001
   0.00001
   0.00002
   0.00002
   0.00002
   0.00003
   0.00004
   0.00006
   0.00008
   0.00010
   0.00012
   0.00014
   0.00015
   0.00015
   0.00015
   0.00014
   0.00013
   0.00011
   0.05442
   0.03184
   0.02239
   0.01662
   0.01291
   0.01075
   0.00951
   0.00878
   0.00850
   0.00777
   0.00630
   0.00460
   0.00339
   0.00236
   0.00176
   0.00127
   0.00095
   0.00073
   0.00048
   0.00048
   0.00048
   0.00050
   0.00053
   0.00058
   0.00067
   0.00082
   0.00102
   0.00132
   0.00169
   0.00216
   0.00270
   0.00336
   0.00401
   0.00456
   0.00387
   0.00290
   0.00249
   0.00208
   0.00149
   0.00102
   0.00081
   0.00022
   0.00024
   0.00027
   0.00031
   0.00039
   0.00049
   0.00063
   0.00081
   0.00105
   0.00136
   0.00181
   0.00241
   0.00323
   0.00427
   0.00379
   0.00304
   0.00240
   0.00178
   0.00088
   0.00017
   0.00017
   0.00017
   0.00017
   0.00017
   0.00017
   0.00017
   0.00018
   0.00020
   0.00022
   0.00026
   0.00031
   0.00038
   0.00048
   0.00060
   0.00077
   0.00100
   0.00132
   0.00177
   0.00249
   0.00311
   0.00281
   0.00234
   0.00192
   0.00176
   0.00148
   0.00120
   0.00022
   0.00023
   0.00022
   0.00021
   0.00020
   0.00019
   0.00018
   0.00018
   0.00017
   0.00016
   0.00016
   0.00015
   0.00015
   0.00015
   0.00016
   0.00017
   0.00019
   0.00022
   0.00026
   0.00032
   0.00041
   0.00051
   0.00063
   0.00092
   0.00106
   0.00098
   0.00094
   0.00088
   0.00078
   0.16627
   0.15509
   0.12662
   0.10275
   0.08964
   0.07296
   0.06046
   0.05419
   0.04811
   0.04245
   0.03766
   0.03404
   0.03074
   0.02810
   0.02574
   0.02358
   0.02149
   0.01963
   0.01782
   0.01629
   0.01493
   0.01386
   0.01294
   0.01224
   0.01173
   0.01132
   0.01082
   0.01032
   0.00982
   0.00963
   0.00990
   0.00896
   0.00574
   0.00466
   0.00365
   0.00315
   0.00282
   0.00526
   0.00511
   0.00494
   0.00475
   0.00456
   0.00437
   0.00419
   0.00399
   0.00383
   0.00364
   0.00347
   0.00326
   0.00297
   0.00284
   0.00193
   0.00273
   0.00256
   0.00214
   0.00214
   0.00207
   0.00212
   0.00178
   0.00140
   0.00149
   0.00153
   0.00145
   0.00121
   0.00143
   0.00196
   0.00131
   0.00124
   0.00106
   0.00108
   0.00088
   1.24506
   0.69351
   0.70868
   0.71511
   0.71629
   0.71652
   0.71658
   0.71662
   0.71664
   0.71666
   0.71668
   0.71669
   0.71670
   0.71670
   0.71671
   0.71672
   0.71672
   0.71672
   0.71672
   0.71673
   0.71673
   0.71673
   0.71673
   0.71673
   0.71673
   0.71673
   0.71673
   0.71673
   0.71673
   0.71673
   0.71673
   0.71673
   0.71673
   0.71673
   0.71673
   0.71673
   0.71673
   0.71673
   0.71673
   0.71673
   0.71673
   0.71673
   0.71673
   0.71673
   0.71673
   0.71673
   0.71673
   0.71673
   0.71673
   0.71673
   0.71673
   0.71673
   0.71673
   0.71673
   0.71673
   0.71673
   0.71673
   0.71673
   0.71673
   0.71673
   0.71673
   0.71673
   0.71673
   0.71673
   0.71673
   0.71673
   0.71673
   0.71673
   0.71673
   0.71673
   0.71673
   0.71673
   0.71673
   0.71673
   0.71673
   0.71673
   0.71673
   0.71673
   0.71673
   0.71673
   0.71673
   0.71673
   0.71673
   0.71673
   0.71673
   0.71673
   0.71673
   0.71673
   0.71673
   0.71673
   0.71673
   0.71673
   0.71673
   0.71673
   0.71673
   0.71673
   0.71673
   0.71673
   0.71673
   0.71673
   0.71672
   0.71672
   0.71672
   0.71672
   0.71672
   0.71672
   0.71672
   0.71672
   0.71672
   0.71672
   0.71672
   0.71672
   0.71672
   0.71672
   0.71672
   0.71672
   0.71672
   0.71672
   0.71672
   0.71672
   0.71672
   0.71672
   0.71672
   0.71672
   0.71672
   0.71672
   0.71672
   0.71672
   0.71672
   0.71672
   0.71672
   0.71672
   0.71672
   0.71672
   0.71672
   0.71672
   0.71672
   0.71672
   0.71672
   0.71672
   0.71672
   0.71672
   0.71672
   0.71672
   0.71672
   0.71672
   0.71672
   0.71672
   0.71672
   0.71672
   0.71672
   0.71672
   0.71672
   0.71672
   0.71672
   0.71672
   0.71672
   0.71672
   0.71672
   0.71672
   0.71672
   0.71672
   0.71672
   0.71672
   0.71672
   0.71672
   0.71672
   0.71672
   0.71672
   0.71672
   0.71672
   0.71672
   0.71672
   0.71672
   0.71672
   0.71672
   0.71672
   0.71672
   0.71672
