   0.60095
   0.43668
   0.43589
   0.42916
   0.38967
   0.38434
   0.39408
   0.39317
   0.39580
   0.39942
   0.40265
   0.39917
   0.39224
   0.40226
   0.40996
   0.41034
   0.41912
   0.41656
   0.44306
   0.43756
   0.43302
   0.43194
   0.42960
   0.42845
   0.41391
   0.41886
   0.41941
   0.41491
   0.40451
   0.39934
   0.40444
   0.39222
   0.39259
   0.38512
   0.38462
   0.38292
   0.37671
   0.37397
   0.37849
   0.37818
   0.37884
   0.38220
   0.38794
   0.39115
   0.41793
   0.43222
   0.44718
   0.46320
   0.47015
   0.47792
   0.48426
   0.48639
   0.48366
   0.47515
   0.46215
   0.43434
   0.41108
   0.39354
   0.37751
   0.36624
   0.35795
   0.35088
   0.34392
   0.33788
   0.33014
   0.32192
   0.31368
   0.30511
   0.29827
   0.28918
   0.28057
   0.27276
   0.26441
   0.25663
   0.24911
   0.24158
   0.23426
   0.22715
   0.22030
   0.21363
   0.20723
   0.20100
   0.19433
   0.18846
   0.18302
   0.17708
   0.17114
   0.16586
   0.16071
   0.15622
   0.15126
   0.14627
   0.14113
   0.13649
   0.13189
   0.12742
   0.12302
   0.11868
   0.11443
   0.11017
   0.10609
   0.10208
   0.09811
   0.09424
   0.09045
   0.08674
   0.08312
   0.07958
   0.07612
   0.07275
   0.06948
   0.06631
   0.06325
   0.06038
   0.05759
   0.05479
   0.05223
   0.04971
   0.04731
   0.04503
   0.04284
   0.04080
   0.03887
   0.03708
   0.03535
   0.03372
   0.03219
   0.03075
   0.02943
   0.02816
   0.02696
   0.02586
   0.02479
   0.02381
   0.02288
   0.02199
   0.02116
   0.02037
   0.01962
   0.01890
   0.01822
   0.01759
   0.01697
   0.01637
   0.01579
   0.01523
   0.01469
   0.01416
   0.01365
   0.01315
   0.01266
   0.01218
   0.01171
   0.01125
   0.01080
   0.01034
   0.00990
   0.00947
   0.00904
   0.00862
   0.00820
   0.00779
   0.00738
   0.00698
   0.00658
   0.00620
   0.00582
   0.00545
   0.00509
   0.00474
   0.00440
   0.00407
   0.00376
   0.00346
   0.00317
   0.00290
   0.00264
   0.00240
   0.00217
   0.00196
   0.00176
   0.00158
   0.00142
   0.00127
   0.00114
   0.00102
   0.00091
   0.00082
   0.00073
   0.00065
   0.00058
   0.00051
   0.00046
   0.00041
   0.00038
   0.00034
   0.00032
   0.00030
   0.00028
   0.00026
   0.00025
   0.00024
   0.00023
   0.00022
   0.00021
   0.00020
   0.00019
   0.00019
   0.00018
   0.00017
   0.00016
   0.00016
   0.00015
   0.00014
   0.00014
   0.00013
   0.00013
   0.00012
   0.00011
   0.00011
   0.00010
   0.00009
   0.00009
   0.00008
   0.00008
   0.00007
   0.00007
   0.00006
   0.00006
   0.00005
   0.00005
   0.00005
   0.00004
   0.00004
   0.00004
   0.00003
   0.00003
   0.00003
   0.00003
   0.00002
   0.00002
   0.00002
   0.00002
   0.00002
   0.00001
   0.00002
   0.00002
   0.00001
   0.00002
   0.00002
   0.00001
   0.00001
   0.00001
   0.00001
   0.00001
   0.00001
   0.00001
   0.00001
   0.00001
   0.00001
   0.00001
   0.00001
   0.00001
   0.00001
   0.00002
   0.00001
   0.00001
   0.00000
   0.00002
   0.00002
   0.00001
   0.00001
   0.00001
   0.00002
   0.00000
   0.00000
   0.00000
   0.00000
   0.00000
   0.00000
   0.00000
   0.00001
   0.00001
   0.00001
   0.00001
   0.00001
   0.00000
   0.00000
   0.00000
   0.00000
   0.00000
   0.00000
   0.00000
   0.00001
   0.00000
   0.00000
   0.00000
   0.00000
   0.00000
   0.00000
   0.00000
   0.00000
   0.00000
   0.00000
   0.00000
   0.00000
   0.00000
   0.00000
   0.00000
   0.00000
   0.00000
   0.00000
   0.00001
   0.00000
   0.00000
   0.00000
   0.00000
   0.00000
   0.00000
   0.00000
   0.00000
   0.00000
   0.00000
   0.00001
   0.00000
   0.00000
   0.00000
   0.00000
   0.00000
   0.00000
   0.00000
   0.00000
   0.00000
   0.00000
   0.00000
   0.00000
   0.00000
   0.00000
   0.00000
   0.00000
   0.00000
   0.00000
   0.00000
   0.00000
   0.00000
   0.00000
   0.00000
   0.00000
   0.00000
   0.00000
   0.00000
   0.00000
   0.00000
   0.00000
   0.00000
   0.00000
   0.00000
   0.00000
   0.00000
   0.00000
   0.00000
   0.00001
   0.00000
   0.00000
   0.00000
   0.00000
   0.00000
   0.00000
   0.00000
   0.00000
   0.00000
   0.00000
   0.00000
   0.00000
   0.00000
   0.00000
   0.00000
   0.00000
   0.00000
   0.00000
   0.00000
   0.00000
   0.00000
   0.00000
   0.00000
   0.00000
   0.00000
   0.00000
   0.00000
   0.00004
   0.00000
   0.00000
   0.00000
   0.00000
   0.00000
   0.00000
   0.00000
   0.00000
   0.00000
   0.00000
   0.00000
   0.00000
   0.00000
   0.00000
   0.00000
   0.00004
   0.00000
   0.00000
   0.00000
   0.00000
   0.00000
   0.00000
   0.00000
   0.00000
   0.00000
   0.00000
   0.00000
   0.00000
   0.00000
   0.00000
   0.00000
   0.00000
   0.00000
   0.00062
   0.00000
   0.00000
   0.00000
   0.00000
   0.00000
   0.00000
   0.00000
   0.00000
   0.00000
   0.00000
   0.00000
   0.00000
   0.00000
   0.00000
   0.00000
   0.00000
   0.00000
   0.00000
   0.00000
   0.00000
   0.00000
   0.00000
   0.00000
   0.00000
   0.00000
   0.00000
   0.00000
   0.00000
   0.00000
   0.00000
   0.00000
   0.00000
   0.00002
   0.02255
   0.01352
   0.00996
   0.00801
   0.00677
   0.00587
   0.00518
   0.00463
   0.00418
   0.00379
   0.00345
   0.00315
   0.00289
   0.00264
   0.00242
   0.00221
   0.00202
   0.00185
   0.00168
   0.00153
   0.00139
   0.00126
   0.00114
   0.00104
   0.00094
   0.00086
   0.00078
   0.00072
   0.00067
   0.00063
   0.00060
   0.00057
   0.00054
   0.00050
   0.00046
   0.00043
   0.00041
   0.00039
   0.00038
   0.00036
   0.00035
   0.00034
   0.00033
   0.00032
   0.00031
   0.00031
   0.00030
   0.00030
   0.00031
   0.00030
   0.00030
   0.00028
   0.00027
   0.00025
   0.00024
   0.00022
   0.00022
   0.00021
   0.00020
   0.00019
   0.00018
   0.00017
   0.00016
   0.00015
   0.00014
   0.00013
   0.00013
   0.00012
   0.00011
   0.00011
   0.00010
   0.00009
   0.00009
   0.00008
   0.00008
   0.00007
   0.00007
   0.00006
   0.00006
   0.00005
   0.00005
   0.00005
   0.00004
   0.00004
   0.00004
   0.00003
   0.00003
   0.00003
   0.00003
   0.00003
   0.00003
   0.00003
   0.00002
   0.00002
   0.00015
   0.00012
   0.00011
   0.00014
   0.00012
   0.00012
   0.00017
   0.00014
   0.00022
   0.00018
   0.00002
   0.00002
   0.00002
   0.00002
   0.00002
   0.00002
   0.00002
   0.00005
   0.00002
   0.00020
   0.00005
   0.00014
   0.00014
   0.00001
   0.00004
   0.00006
   0.00019
   0.00001
   0.00001
   0.00001
   0.00001
   0.00001
   0.00001
   0.00001
   0.00001
   0.00001
   0.00001
   0.00001
   0.00001
   0.00001
   0.00001
   0.00001
   0.00001
   0.00001
   0.00001
   0.00001
   0.00001
   0.00001
   0.00001
   0.00018
   0.00007
   0.00000
   0.00001
   0.00012
   0.00008
   0.00007
   0.00010
   0.00000
   0.00001
   0.00008
   0.00007
   0.00006
   0.00408
   0.00000
   0.00000
   0.00000
   0.00000
   0.00000
   0.00000
   0.00000
   0.00000
   0.00000
   0.00000
   0.00000
   0.00000
   0.00000
   0.00000
   0.00000
   0.00009
   0.00107
   0.00001
   0.00000
   0.00000
   0.00000
   0.00000
   0.00000
   0.00000
   0.00000
   0.00000
   0.00000
   0.00000
   0.00000
   0.00000
   0.00000
   0.00000
   0.00000
   0.00000
   0.00000
   0.00000
   0.00000
   0.00000
   0.00000
   0.00000
   0.00000
   0.00000
   0.00000
   0.00000
   0.00000
   0.00000
   0.00000
   0.00000
   0.00000
   0.00000
   0.00000
   0.00000
   0.00000
   0.00000
   0.00000
   0.00000
   0.00000
   0.00000
   0.00000
   0.00000
   0.00000
   0.00000
   0.00000
   0.00000
   0.00000
   1.16919
   0.73871
   0.59896
   0.54500
   0.52256
   0.51239
   0.50761
   0.50532
   0.50421
   0.50367
   0.50340
   0.50327
   0.50320
   0.50317
   0.50316
   0.50315
   0.50314
   0.50314
   0.50314
   0.50314
   0.50313
   0.50313
   0.50313
   0.50313
   0.50313
   0.50313
   0.50313
   0.50313
   0.50313
   0.50313
   0.50313
   0.50313
   0.50313
   0.50313
   0.50313
   0.50313
   0.50313
   0.50313
   0.50313
   0.50313
   0.50313
   0.50313
   0.50313
   0.50313
   0.50313
   0.50313
   0.50313
   0.50313
   0.50313
   0.50313
   0.50313
   0.50313
   0.50313
   0.50313
   0.50313
   0.50313
   0.50313
   0.50313
   0.50313
   0.50313
   0.50313
   0.50313
   0.50313
   0.50313
   0.50313
   0.50313
   0.50313
   0.50313
   0.50313
   0.50313
   0.50313
   0.50313
   0.50313
   0.50313
   0.50313
   0.50313
   0.50313
   0.50313
   0.50313
   0.50313
   0.50313
   0.50313
   0.50313
   0.50313
   0.50313
   0.50313
   0.50313
   0.50313
   0.50313
   0.50313
   0.50313
   0.50313
   0.50313
   0.50313
   0.50313
   0.50313
   0.50313
   0.50313
   0.50313
   0.50313
   0.50313
   0.50313
   0.50313
   0.50313
   0.50313
   0.50313
   0.50313
   0.50313
   0.50313
   0.50313
   0.50313
   0.50313
   0.50313
   0.50313
   0.50313
   0.50313
   0.50313
   0.50313
   0.50313
   0.50313
   0.50313
   0.50313
   0.50313
   0.50313
   0.50313
   0.50313
   0.50313
   0.50313
   0.50313
   0.50313
   0.50313
   0.50313
   0.50313
   0.50313
   0.50313
   0.50313
   0.50313
   0.50313
   0.50313
   0.50313
   0.50313
   0.50313
   0.50313
   0.50313
   0.50313
   0.50313
   0.50313
   0.50313
   0.50313
   0.50313
   0.50313
   0.50313
   0.50313
   0.50313
   0.50313
   0.50313
   0.50313
   0.50313
   0.50313
   0.50313
   0.50313
   0.50313
   0.50313
   0.50313
   0.50313
   0.50313
   0.50313
   0.50313
   0.50313
   0.50313
   0.50313
   0.50313
   0.50313
   0.50313
   0.50313
   0.50313
   0.50313
   0.50313
   0.50313
   0.50313
   0.50313
   0.50313
   0.50313
   0.50313
   0.50313
   0.50313
   0.50313
   0.50313
   0.50313
   0.50313
   0.50313
   0.50313
   0.50313
   0.50313
   0.50313
   0.50313
   0.50313
   0.50313
   0.50313
   0.50313
   0.50313
   0.50313
   0.50313
   0.50313
   0.50313
   0.50313
   0.50313
   0.50313
   0.50313
   0.50313
   0.50313
   0.50313
   0.50313
   0.50313
   0.50313
   0.50313
   0.50313
   0.50313
   0.50313
   0.50313
   0.50313
   0.50313
   0.50313
   0.50313
   0.50313
   0.50313
   0.50313
   0.50313
   0.50313
   0.50313
   0.50313
   0.50313
   0.50313
   0.50313
   0.50313
   0.50313
   0.50313
   0.50313
   0.50313
   0.50313
   0.50313
   0.50313
   0.50313
   0.50313
   0.50313
   0.50313
   0.50313
   0.50313
   0.50313
   0.50313
   0.50313
   0.50313
   0.50313
   0.50313
   0.50313
   0.50313
   0.50313
   0.50313
   0.50313
   0.50313
   0.50313
   0.50313
   0.50313
   0.50313
   0.50313
   0.50313
   0.50313
   0.50313
   0.50313
   0.50313
   0.50313
   0.50313
   0.50313
   0.50313
   0.50313
   0.50313
   0.50313
   0.50313
   0.50313
   0.50313
   0.50313
   0.50313
   0.50313
   0.50313
   0.50313
   0.50313
   0.50313
   0.50313
   0.50313
   0.50313
   0.50313
   0.50314
   0.50314
   0.50314
   0.50314
   0.50314
   0.50314
   0.50314
   0.50314
   0.50314
   0.50314
   0.50314
   0.50314
   0.50314
   0.50314
   0.50314
   0.50314
   0.50314
   0.50314
   0.50314
   0.50314
   0.50314
   0.50314
   0.50314
   0.50314
   0.50314
   0.50314
   0.50314
   0.50314
   0.50314
   0.50314
