   0.66096
   0.61468
   0.62134
   0.64434
   0.57633
   0.52496
   0.45065
   0.43329
   0.41890
   0.42207
   0.43697
   0.47405
   0.42186
   0.41001
   0.42898
   0.42437
   0.42495
   0.42553
   0.42074
   0.42575
   0.41657
   0.40361
   0.53888
   0.44140
   0.41139
   0.42177
   0.40499
   0.40721
   0.40796
   0.42845
   0.41112
   0.42188
   0.47598
   0.59139
   0.59138
   0.58790
   0.58851
   0.59114
   0.59467
   0.58661
   0.57628
   0.56181
   0.54429
   0.52843
   0.51703
   0.51259
   0.51464
   0.52077
   0.52765
   0.53191
   0.53268
   0.53028
   0.52469
   0.51620
   0.50525
   0.48860
   0.47554
   0.45830
   0.43974
   0.42033
   0.40260
   0.38177
   0.36320
   0.34664
   0.32918
   0.31119
   0.29583
   0.28242
   0.26698
   0.25593
   0.24195
   0.23007
   0.21983
   0.20875
   0.19854
   0.18885
   0.18012
   0.17147
   0.16416
   0.15505
   0.14839
   0.14284
   0.13665
   0.13104
   0.12610
   0.12148
   0.11706
   0.10963
   0.10596
   0.10283
   0.10943
   0.10717
   0.10405
   0.11220
   0.09224
   0.08598
   0.09701
   0.10111
   0.08220
   0.09702
   0.09518
   0.09355
   0.09281
   0.08866
   0.08666
   0.08469
   0.08269
   0.08060
   0.07859
   0.07652
   0.07434
   0.07212
   0.06983
   0.06754
   0.06519
   0.06268
   0.06026
   0.05778
   0.05533
   0.05286
   0.05037
   0.04796
   0.04564
   0.04349
   0.04147
   0.03956
   0.03780
   0.03618
   0.03481
   0.03351
   0.03150
   0.03041
   0.02947
   0.02864
   0.02792
   0.02736
   0.02697
   0.02670
   0.02646
   0.02626
   0.02614
   0.02614
   0.02605
   0.02598
   0.02567
   0.02476
   0.02167
   0.01608
   0.01071
   0.00749
   0.00567
   0.00452
   0.00379
   0.00324
   0.00281
   0.00247
   0.00219
   0.00193
   0.00168
   0.00143
   0.00123
   0.00107
   0.00096
   0.00089
   0.00084
   0.00080
   0.00077
   0.00076
   0.00073
   0.00070
   0.00067
   0.00063
   0.00060
   0.00057
   0.00054
   0.00051
   0.00048
   0.00045
   0.00043
   0.00040
   0.00041
   0.00030
   0.00037
   0.00048
   0.00041
   0.00043
   0.00045
   0.00070
   0.00097
   0.00121
   0.00124
   0.00082
   0.00131
   0.00149
   0.00099
   0.00110
   0.00087
   0.00104
   0.00069
   0.00097
   0.00075
   0.00375
   0.00015
   0.00027
   0.00028
   0.00036
   0.00039
   0.00024
   0.00025
   0.00037
   0.00023
   0.00023
   0.00029
   0.00022
   0.00026
   0.00017
   0.00003
   0.00009
   0.00011
   0.00020
   0.00011
   0.00009
   0.00013
   0.00009
   0.00010
   0.00010
   0.00235
   0.00008
   0.00109
   0.00016
   0.00006
   0.00007
   0.00008
   0.00007
   0.00008
   0.00003
   0.00007
   0.00006
   0.00005
   0.00005
   0.00010
   0.00004
   0.00003
   0.00004
   0.00023
   0.00003
   0.00002
   0.00002
   0.00002
   0.00002
   0.00002
   0.00002
   0.00000
   0.00006
   0.00005
   0.00004
   0.00002
   0.00002
   0.00002
   0.00002
   0.00002
   0.00001
   0.00002
   0.00002
   0.00004
   0.00003
   0.00004
   0.00004
   0.00004
   0.00004
   0.00004
   0.00004
   0.00002
   0.00002
   0.00003
   0.00003
   0.00003
   0.00003
   0.00003
   0.00002
   0.00002
   0.00002
   0.00002
   0.00002
   0.00002
   0.00002
   0.00002
   0.00002
   0.00002
   0.00002
   0.00002
   0.00001
   0.00002
   0.00002
   0.00002
   0.00002
   0.00004
   0.00002
   0.00002
   0.00003
   0.00002
   0.00004
   0.00003
   0.00003
   0.00003
   0.00003
   0.00004
   0.00003
   0.00004
   0.00003
   0.00003
   0.00002
   0.00002
   0.00003
   0.00002
   0.00003
   0.00004
   0.00002
   0.00002
   0.00002
   0.00002
   0.00002
   0.00002
   0.00003
   0.00003
   0.00003
   0.00005
   0.00002
   0.00002
   0.00002
   0.00000
   0.00002
   0.00002
   0.00549
   0.00477
   0.00333
   0.00262
   0.00197
   0.00159
   0.00122
   0.00092
   0.00071
   0.00058
   0.00049
   0.00045
   0.00043
   0.00218
   0.00031
   0.00023
   0.00274
   0.00517
   0.00329
   0.00285
   0.00206
   0.00162
   0.00131
   0.00106
   0.00088
   0.00076
   0.00070
   0.00065
   0.00063
   0.00061
   0.00059
   0.00057
   0.00054
   0.00051
   0.00045
   0.00046
   0.04166
   0.04474
   0.06658
   0.08389
   0.09596
   0.09277
   0.08984
   0.08646
   0.08151
   0.07671
   0.07200
   0.06771
   0.06366
   0.05999
   0.05663
   0.05381
   0.05129
   0.04903
   0.04713
   0.04529
   0.04338
   0.04112
   0.03793
   0.03286
   0.02560
   0.01718
   0.01095
   0.00754
   0.00576
   0.00491
   0.00424
   0.00393
   0.00370
   0.00347
   0.00323
   0.00291
   0.00240
   0.00204
   0.00186
   0.00199
   0.00191
   0.00433
   0.00204
   0.00295
   0.00017
   0.00062
   0.00052
   0.00045
   0.00037
   0.00029
   0.00022
   0.00044
   0.00044
   0.00036
   0.00035
   0.00062
   0.00015
   0.00044
   0.00037
   0.00036
   0.00012
   0.00042
   0.00041
   0.00037
   0.00032
   0.00015
   0.00023
   0.00026
   0.00010
   0.00020
   0.00004
   0.00028
   0.00028
   0.00027
   0.00026
   0.00024
   0.00022
   0.00034
   0.00022
   0.00021
   0.00021
   0.00020
   0.00019
   0.00018
   0.00018
   0.00021
   0.00020
   0.00006
   0.00016
   0.00015
   0.00015
   0.00015
   0.00014
   0.00014
   0.00015
   0.09376
   0.00013
   0.00013
   0.00014
   0.00013
   0.00014
   0.00012
   0.00012
   0.00011
   0.00013
   0.00012
   0.00013
   0.00010
   0.00010
   0.00010
   4.06274
   0.00006
   0.00006
   0.00006
   0.00006
   0.00006
   0.00006
   0.00006
   0.00006
   0.00006
   0.00006
   0.00006
   0.00006
   0.00005
   0.00006
   0.00006
   0.00005
   0.00005
   0.00005
   0.00004
   0.00000
