   0.69779
   0.69909
   0.69872
   0.69744
   0.69646
   0.69590
   0.69518
   0.69440
   0.69398
   0.69323
   0.69281
   0.69222
   0.69173
   0.69078
   0.69059
   0.69040
   0.68987
   0.72849
   0.69194
   0.69037
   0.68903
   0.68605
   0.68435
   0.68315
   0.68275
   0.68136
   0.68134
   0.68162
   0.68001
   0.67909
   0.67789
   0.67895
   0.67992
   0.68085
   0.68164
   0.68351
   0.68455
   0.68513
   0.68831
   0.69100
   0.68998
   0.69009
   0.69520
   0.69879
   0.70381
   0.72049
   0.72716
   0.73225
   0.72913
   0.72973
   0.72981
   0.72808
   0.71874
   0.71834
   0.71411
   0.69730
   0.70297
   0.68013
   0.67370
   0.66672
   0.65815
   0.65001
   0.63924
   0.62977
   0.61976
   0.60899
   0.59912
   0.58985
   0.58028
   0.57161
   0.56367
   0.55589
   0.54924
   0.54351
   0.53813
   0.53317
   0.52828
   0.52350
   0.51846
   0.51332
   0.50803
   0.50267
   0.49713
   0.49175
   0.48633
   0.48092
   0.47575
   0.47074
   0.46597
   0.46141
   0.45718
   0.45332
   0.44994
   0.44700
   0.44448
   0.44247
   0.44064
   0.43883
   0.43667
   0.43373
   0.43015
   0.42575
   0.42076
   0.41533
   0.40966
   0.40381
   0.39801
   0.39237
   0.38692
   0.38167
   0.37652
   0.37178
   0.36712
   0.36272
   0.35854
   0.35450
   0.35053
   0.34666
   0.34281
   0.33903
   0.33522
   0.33145
   0.32769
   0.32384
   0.32013
   0.31640
   0.31269
   0.30909
   0.30540
   0.30183
   0.29819
   0.29462
   0.29109
   0.28739
   0.28383
   0.28033
   0.27680
   0.27339
   0.26995
   0.26651
   0.26309
   0.25971
   0.25633
   0.25294
   0.24953
   0.24615
   0.24279
   0.23943
   0.23617
   0.23280
   0.22945
   0.22604
   0.22275
   0.21934
   0.21603
   0.21264
   0.20928
   0.20597
   0.20276
   0.19942
   0.19608
   0.19282
   0.18932
   0.18595
   0.18274
   0.17901
   0.17579
   0.17273
   0.16962
   0.16648
   0.16337
   0.16024
   0.15717
   0.15413
   0.15111
   0.14811
   0.14518
   0.14201
   0.13906
   0.13567
   0.13297
   0.13024
   0.12744
   0.12470
   0.12202
   0.11937
   0.11675
   0.11416
   0.11165
   0.10915
   0.10669
   0.10429
   0.10194
   0.09960
   0.09733
   0.09509
   0.09287
   0.09075
   0.08861
   0.08652
   0.08449
   0.08250
   0.08055
   0.07863
   0.07675
   0.07493
   0.07314
   0.07140
   0.06970
   0.06803
   0.06643
   0.06484
   0.06330
   0.06183
   0.06035
   0.05897
   0.05757
   0.05627
   0.05498
   0.05374
   0.05250
   0.05136
   0.05023
   0.04914
   0.04809
   0.04711
   0.04617
   0.04529
   0.04446
   0.04366
   0.04290
   0.04214
   0.04136
   0.04051
   0.03951
   0.03832
   0.03701
   0.03624
   0.03809
   0.04378
   0.04827
   0.04913
   0.04788
   0.04571
   0.04315
   0.04055
   0.03809
   0.03586
   0.03396
   0.03243
   0.03131
   0.03045
   0.02987
   0.02953
   0.02939
   0.02940
   0.02953
   0.02971
   0.02987
   0.02996
   0.02992
   0.02977
   0.02954
   0.02926
   0.02895
   0.02862
   0.02828
   0.02794
   0.02760
   0.02724
   0.02689
   0.02655
   0.02620
   0.02586
   0.02551
   0.02518
   0.02484
   0.02451
   0.02418
   0.02386
   0.02355
   0.02324
   0.02294
   0.02264
   0.02236
   0.02219
   0.02173
   0.02159
   0.02127
   0.02105
   0.02079
   0.02055
   0.02030
   0.02005
   0.01978
   0.01949
   0.01916
   0.01879
   0.01838
   0.01793
   0.01750
   0.01708
   0.01678
   0.01604
   0.01704
   0.01294
   0.00814
   0.01434
   0.00663
   0.01869
   0.00850
   0.02300
   0.00960
   0.02366
   0.01145
   0.01569
   0.01602
   0.02075
   0.01952
   0.02809
   0.01786
   0.04194
   0.02337
   0.00407
   0.03066
   0.15762
   0.00405
   0.24443
   0.00361
   0.00704
   0.24908
   0.00312
   0.00344
   0.00307
   0.00587
   0.30056
   0.00322
   0.00301
   0.00703
   0.00544
   0.00263
   0.00589
   0.00505
   0.00255
   0.00267
   0.01847
   0.00587
   0.02764
   0.01793
   0.00754
   0.00254
   0.00234
   0.01004
   0.00417
   0.00239
   0.00220
   0.01256
   0.00428
   0.00296
   0.02325
   0.00415
   0.02245
   0.00319
   0.00229
   0.00214
   0.00218
   0.00211
   0.00220
   0.00358
   0.03412
   0.00339
   0.00205
   0.00178
   0.03677
   0.00335
   0.00305
   0.03932
   0.00353
   0.03846
   0.00291
   0.00370
   0.00478
   0.00798
   0.00343
   0.00149
   0.00399
   0.00154
   0.00880
   0.00314
   0.00149
   0.00337
   0.00459
   0.00226
   0.00137
   0.00286
   0.03537
   0.00313
   0.13449
   0.00168
   0.00119
   0.02622
   0.00347
   0.00112
   0.00358
   0.00270
   0.00121
   0.00318
   0.00495
   0.01539
   0.00288
   0.00178
   0.00358
   0.00101
   0.00355
   0.00098
   0.00350
   0.00428
   0.02543
   0.00268
   0.00230
   0.00099
   0.00296
   0.01818
   1.01834
   0.01265
   0.00510
   0.00395
   0.00299
   0.00245
   0.00213
   0.00191
   0.00175
   0.00164
   0.00154
   0.00148
   0.00143
   0.00139
   0.00135
   0.00132
   0.00130
   0.00128
   0.00126
   0.00125
   0.00124
   0.00123
   0.00123
   0.00123
   0.00123
   0.00123
   0.00124
   0.00125
   0.00126
   0.00128
   0.00131
   0.00134
   0.00139
   0.00146
   0.00158
   0.00181
   0.00231
   0.00312
   0.00246
   0.00300
   0.00164
   0.00310
   0.00115
   0.00304
   0.00090
   0.00292
   0.00078
   0.00280
   0.00074
   0.00268
   0.00139
   0.00175
   0.00077
   0.00208
   0.00269
   0.00636
   0.00079
   0.00197
   0.00162
   0.00088
   0.40593
   0.00138
   0.00101
   0.00096
   0.00092
   0.00088
   0.00086
   0.00084
   0.00082
   0.00081
   0.00080
   0.00079
   0.00078
   0.00078
   0.00077
   0.00077
   0.00077
