   0.71999
   0.71316
   0.70575
   0.70940
   0.70505
   0.70831
   0.70214
   0.70352
   0.70168
   0.69977
   0.70050
   0.69831
   0.69824
   0.69989
   0.69804
   0.69621
   0.70744
   0.70742
   0.69459
   0.69744
   0.69514
   0.69927
   0.69999
   0.73707
   0.70548
   0.70496
   0.69885
   0.70006
   0.69834
   0.69978
   0.70466
   0.72643
   0.72205
   0.71727
   0.71763
   0.73559
   0.72866
   0.73941
   0.74044
   0.73084
   0.74405
   0.74432
   0.74574
   0.74867
   0.74730
   0.74108
   0.73303
   0.72281
   0.71277
   0.70329
   0.69192
   0.68201
   0.67219
   0.66150
   0.65103
   0.64156
   0.63286
   0.62511
   0.61832
   0.61128
   0.60452
   0.59742
   0.58972
   0.58151
   0.57271
   0.56392
   0.55500
   0.54607
   0.53800
   0.53083
   0.52446
   0.51860
   0.51257
   0.50612
   0.49938
   0.49265
   0.48607
   0.47957
   0.47309
   0.46658
   0.46013
   0.45374
   0.44749
   0.44139
   0.43535
   0.42949
   0.42372
   0.41806
   0.41250
   0.40706
   0.40171
   0.39647
   0.39131
   0.38625
   0.38128
   0.37639
   0.37158
   0.36686
   0.36222
   0.35764
   0.35314
   0.34870
   0.34434
   0.34004
   0.33581
   0.33164
   0.32752
   0.32345
   0.31943
   0.31546
   0.31154
   0.30768
   0.30385
   0.30006
   0.29633
   0.29263
   0.28897
   0.28536
   0.28178
   0.27824
   0.27473
   0.27127
   0.26783
   0.26444
   0.26107
   0.25776
   0.25448
   0.25123
   0.24801
   0.24484
   0.24157
   0.23847
   0.23540
   0.23239
   0.22942
   0.22650
   0.22373
   0.22093
   0.21815
   0.21552
   0.21281
   0.21023
   0.20771
   0.20527
   0.20288
   0.20054
   0.19826
   0.19605
   0.19391
   0.19171
   0.18941
   0.18738
   0.18540
   0.18344
   0.18152
   0.17967
   0.17781
   0.17600
   0.17419
   0.17239
   0.17057
   0.16876
   0.16698
   0.16522
   0.16346
   0.16179
   0.16006
   0.15822
   0.15642
   0.15461
   0.15272
   0.15091
   0.14907
   0.14714
   0.14570
   0.14379
   0.14199
   0.14009
   0.13803
   0.13610
   0.13411
   0.13205
   0.12996
   0.12902
   0.12664
   0.12435
   0.12273
   0.12080
   0.11863
   0.11610
   0.11392
   0.11175
   0.10952
   0.10848
   0.10619
   0.10399
   0.10177
   0.10067
   0.09837
   0.09611
   0.09340
   0.09119
   0.08890
   0.08664
   0.08435
   0.08205
   0.07975
   0.07742
   0.07509
   0.07274
   0.07036
   0.06798
   0.06558
   0.06318
   0.06040
   0.05799
   0.05563
   0.05330
   0.05099
   0.04870
   0.04648
   0.04430
   0.04220
   0.04017
   0.03822
   0.03634
   0.03454
   0.03284
   0.03122
   0.02968
   0.02823
   0.02686
   0.02556
   0.02434
   0.02319
   0.02211
   0.02110
   0.02015
   0.01926
   0.01842
   0.01764
   0.01690
   0.01621
   0.01557
   0.01498
   0.01442
   0.01392
   0.01344
   0.01301
   0.01261
   0.01225
   0.01193
   0.01164
   0.01139
   0.01121
   0.01121
   0.01263
   0.01028
   0.01170
   0.01337
   0.00953
   0.01024
   0.00988
   0.00901
   0.00831
   0.00977
   0.00799
   0.00846
   0.00798
   0.00726
   0.00755
   0.00683
   0.00676
   0.00664
   0.00688
   0.00643
   0.00624
   0.00612
   0.00605
   0.00599
   0.00591
   0.00581
   0.00571
   0.00563
   0.00711
   0.00724
   0.00612
   0.00695
   0.00722
   0.00676
   0.00673
   0.00664
   0.00612
   0.00679
   0.00752
   0.00645
   0.04929
   0.00502
   0.00925
   0.00926
   0.00896
   0.00856
   0.00812
   0.00768
   0.00724
   0.00682
   0.00644
   0.00610
   0.00580
   0.00554
   0.00532
   0.00514
   0.00501
   0.00491
   0.00484
   0.00481
   0.00481
   0.00486
   0.00493
   0.00499
   0.00499
   0.00491
   0.00478
   0.00461
   0.00442
   0.00423
   0.00404
   0.00388
   0.00374
   0.00369
   0.00380
   0.00429
   0.00521
   0.00598
   0.00633
   0.00633
   0.00606
   0.00572
   0.00547
   0.00529
   0.00515
   0.00501
   0.00488
   0.00475
   0.00463
   0.00450
   0.00437
   0.00422
   0.00407
   0.00388
   0.00360
   0.00311
   0.17100
   0.00399
   0.00626
   0.00719
   0.00737
   0.00702
   0.00659
   0.00616
   0.00573
   0.00532
   0.00492
   0.00455
   0.00422
   0.00391
   0.00363
   0.00339
   0.00319
   0.00301
   0.00286
   0.00274
   0.00265
   0.00257
   0.00251
   0.00247
   0.00245
   0.00244
   0.00246
   0.00250
   0.00256
   0.00262
   0.00268
   0.00270
   0.00269
   0.00265
   0.00260
   0.00252
   0.00243
   0.00233
   0.00221
   0.00208
   0.00195
   0.00186
   0.00193
   0.00221
   0.00250
   0.00282
   0.00319
   0.00349
   0.00340
   0.00317
   0.00304
   0.00293
   0.00284
   0.00275
   0.00267
   0.00259
   0.00251
   0.00243
   0.00236
   0.00228
   0.00221
   0.00214
   0.00207
   0.00200
   0.00193
   0.00186
   0.00180
   0.00173
   0.00166
   0.00158
   0.00151
   0.00145
   0.00138
   0.00133
   0.00129
   0.00125
   0.00122
   0.00119
   0.00117
   0.00115
   0.00113
   0.00112
   0.00110
   0.00107
   0.00105
   0.00102
   0.00099
   0.00097
   0.00094
   0.00092
   0.00090
   0.00087
   0.00085
   0.00083
   0.00081
   0.00079
   0.00077
   0.00075
   0.00073
   0.00071
   0.00070
   0.00068
   0.00066
   0.00065
   0.00063
   0.00061
   0.00060
   0.00058
   0.00057
   0.00056
   0.00054
   0.00053
   0.00051
   0.00050
   0.00049
   0.00047
   0.00046
   0.00045
   0.00044
   0.00042
   0.00041
   0.00040
   0.00039
   0.00038
   0.00037
   0.00036
   0.00035
   0.00034
   0.00033
   0.00032
   0.00031
   0.00030
   0.00029
   0.00028
   0.00027
   0.00026
   0.00026
   0.00025
   0.00024
   0.00023
   0.00023
   0.00022
   0.00021
   0.00021
   0.00020
   0.00019
   0.00019
   0.00018
