   0.97048
   0.91843
   0.92001
   0.93248
   0.92853
   0.92057
   0.91556
   0.91093
   0.90702
   0.90115
   0.89821
   0.89316
   0.88860
   0.88622
   0.87957
   0.87468
   0.87282
   0.84813
   0.88172
   0.87910
   0.85974
   0.85387
   0.84900
   0.84724
   0.84251
   0.83962
   0.83399
   0.83154
   0.82891
   0.82672
   0.80869
   0.82747
   0.82533
   0.81921
   0.81316
   0.80991
   0.80423
   0.80035
   0.79619
   0.79324
   0.79095
   0.78632
   0.78343
   0.77892
   0.77512
   0.77203
   0.76763
   0.76185
   0.75796
   0.75397
   0.74825
   0.74504
   0.73942
   0.73400
   0.72878
   0.72198
   0.71490
   0.71001
   0.70445
   0.69874
   0.69343
   0.68803
   0.68117
   0.67500
   0.66672
   0.65683
   0.64846
   0.63630
   0.62820
   0.62085
   0.57742
   0.59864
   0.58690
   0.57692
   0.56808
   0.55695
   0.54593
   0.53373
   0.51870
   0.50950
   0.50246
   0.49620
   0.49206
   0.48861
   0.48783
   0.48657
   0.48721
   0.48930
   0.49126
   0.49218
   0.49514
   0.49499
   0.49563
   0.49322
   0.48950
   0.48845
   0.48478
   0.48116
   0.47580
   0.47130
   0.46525
   0.45918
   0.45438
   0.44825
   0.43994
   0.43183
   0.42122
   0.41176
   0.40125
   0.39130
   0.38163
   0.37360
   0.36706
   0.36039
   0.35501
   0.35002
   0.34524
   0.34041
   0.33621
   0.33065
   0.32519
   0.31989
   0.31413
   0.30811
   0.30251
   0.29716
   0.29248
   0.28715
   0.28267
   0.27728
   0.27220
   0.26747
   0.26164
   0.25601
   0.25105
   0.24468
   0.23892
   0.23505
   0.22843
   0.22315
   0.21782
   0.21265
   0.20741
   0.20225
   0.19963
   0.19389
   0.18956
   0.18490
   0.17984
   0.17537
   0.17133
   0.16691
   0.16309
   0.16060
   0.15606
   0.15180
   0.14789
   0.14404
   0.14037
   0.13708
   0.13324
   0.12992
   0.12672
   0.12438
   0.12103
   0.11741
   0.11442
   0.11149
   0.10974
   0.10651
   0.10350
   0.10090
   0.09857
   0.09588
   0.09408
   0.09146
   0.08958
   0.08723
   0.08512
   0.08347
   0.08146
   0.07956
   0.07787
   0.07608
   0.07473
   0.07298
   0.07150
   0.07004
   0.06934
   0.06777
   0.06643
   0.06541
   0.06393
   0.06279
   0.06186
   0.06087
   0.06014
   0.05910
   0.05837
   0.05704
   0.05640
   0.05542
   0.05442
   0.05387
   0.05288
   0.05199
   0.05098
   0.05050
   0.04932
   0.04858
   0.04793
   0.04710
   0.04613
   0.04527
   0.04480
   0.04388
   0.04327
   0.04253
   0.04206
   0.04117
   0.04064
   0.04024
   0.03962
   0.03931
   0.03882
   0.03857
   0.03807
   0.03779
   0.03653
   0.03746
   0.03615
   0.03790
   0.03617
   0.03771
   0.03764
   0.04071
   0.04234
   0.04450
   0.04555
   0.04776
   0.04630
   0.03195
   0.03396
   0.02396
   0.04513
   0.04158
   2.23688
   0.24028
   0.03626
   0.03437
   0.03809
   0.09232
   0.03251
   0.05074
   0.03387
   0.12244
   0.03225
   0.15227
   0.03343
   0.15853
   0.03379
   0.13965
   0.03077
   0.10116
   0.02880
   0.10401
   0.02833
   0.10998
   0.02819
   0.11671
   0.02769
   0.10074
   0.02396
   0.09146
   0.02472
   0.10644
   0.02562
   0.14231
   0.02708
   0.19623
   0.03044
   0.16819
   0.02426
   0.01540
   0.01402
   0.01276
   0.01400
   0.01207
   0.01223
   0.01169
   0.01273
   0.01122
   0.01103
   0.01087
   0.01072
   0.01055
   0.01044
   0.01033
   0.01030
   0.01045
   0.01187
   0.02340
   0.01168
   0.01508
   0.04086
   0.01590
   0.05490
   0.01592
   0.04938
   0.01632
   0.05747
   0.01636
   0.06408
   0.01629
   0.08774
   0.01675
   0.21250
   0.02314
   0.14573
   0.01979
   0.33851
   0.04741
   0.22107
   0.01317
   0.00836
   0.00654
   0.01404
   0.00670
   0.02642
   0.15773
   0.01218
   0.00556
   0.00547
   0.00544
   0.00520
   0.00543
   0.00504
   0.00683
   0.00501
   0.01594
   0.56273
   0.00714
   0.01362
   0.01223
   0.01345
   0.01253
   0.01285
   0.01264
   0.01279
   0.01287
   0.01308
   0.01336
   0.01381
   0.01452
   0.01573
   0.01884
   0.03270
   0.00507
   0.04079
   0.00778
   0.01242
   0.02288
   0.02526
   0.00425
   0.03166
   0.00434
   0.01771
   0.02689
   0.00478
   0.03099
   0.00378
   0.02379
   0.00480
   0.02642
   0.00352
   0.01996
   0.00457
   0.02138
   0.00349
   0.02330
   0.00372
   0.02309
   0.00333
   0.02206
   0.00323
   0.02120
   0.00322
   0.02028
   0.00312
   0.01902
   0.00312
   0.01732
   0.00310
   0.01524
   0.00303
   0.01403
   0.00295
   0.01330
   0.00287
   0.01229
   0.00279
   0.01163
   0.00270
   0.01094
   0.00263
   0.01042
   0.00255
   0.00988
   0.00249
   0.00952
   0.00242
   0.00915
   0.00235
   0.00886
   0.00228
   0.00866
   0.00222
   0.00845
   0.00216
   0.00834
   0.00209
   0.00824
   0.00203
   0.00815
   0.00197
   0.00804
   0.00191
   0.00790
   0.00184
   0.00765
   0.00179
   0.00729
   0.00172
   0.00679
   0.00166
   0.00626
   0.00159
   0.00563
   0.00154
   0.00508
   0.00146
   0.00449
   0.00141
   0.00405
   0.00136
   0.00364
   0.00130
   0.00327
   0.00126
   0.00292
   0.00121
   0.00259
   0.00115
   0.00219
   0.00105
   0.00120
   0.01418
   0.00126
   0.00111
   0.00151
   0.00105
   0.00138
   0.00098
   0.00148
   0.00240
   0.00103
   0.00135
   0.00079
   0.00103
   0.00144
   0.00798
   7.11706
   0.61328
   0.55532
   0.56897
   0.56901
   0.52700
   0.57618
   0.59362
   0.58249
   0.56502
   0.54408
   0.52829
   0.52005
   0.51095
   0.50080
   0.49001
   0.42465
   0.40536
   0.39395
   0.38309
   0.37192
   0.36146
   0.35179
   0.34364
   0.33590
   0.32911
   0.32311
   0.31790
   0.31324
   0.30911
   0.30538
   0.30205
   0.29902
   0.29653
   0.28549
   0.29487
   0.29474
   0.29134
   0.28716
   0.28296
   0.27872
   0.27467
   0.27059
   0.26663
   0.26270
   0.25881
   0.25501
   0.25127
   0.24753
   0.24365
   0.23995
   0.23629
   0.23259
   0.22888
   0.22520
   0.22135
   0.21770
   0.21446
   0.17765
   0.16903
   0.16704
   0.16257
   0.15869
   0.15495
   0.15132
   0.14781
   0.14444
   0.14117
   0.13801
   0.13494
   0.13193
   0.12901
   0.12615
   0.12335
   0.12060
   0.11790
   0.11527
   0.11268
   0.11015
   0.10765
   0.10523
   0.10287
   0.10056
   0.09831
   0.09612
   0.09399
   0.09193
   0.08993
   0.08799
   0.08612
   0.08430
   0.08254
   0.08082
   0.07916
   0.07754
   0.07596
   0.07443
   0.07293
   0.07147
   0.07004
   0.06865
   0.06729
   0.06596
   0.06466
   0.06340
   0.06217
   0.06097
   0.05980
   0.05867
   0.05758
   0.05652
   0.05551
   0.05453
   0.05361
   0.05274
   0.05191
   0.05115
   0.05046
   0.04984
   0.04930
   0.04885
   0.04849
   0.04824
   0.04812
   0.04811
   0.04824
   0.04850
   0.04893
   0.04950
   0.05021
   0.05107
   0.05206
   0.05322
   0.05443
   0.05574
   0.05703
   0.05824
   0.05923
   0.05988
   0.05999
   0.05940
   0.05810
   0.05632
   0.05451
   0.05291
   0.05158
   0.05044
   0.04942
   0.04846
   0.04756
   0.04670
   0.04589
   0.04512
   0.04436
   0.04365
   0.04298
   0.04232
   0.04169
   0.04107
   0.04048
   0.03990
   0.03936
   0.03881
   0.03829
   0.03778
   0.03729
   0.03682
   0.03637
   0.03594
   0.03552
   0.03510
   0.03469
   0.03430
   0.03393
   0.03357
   0.03322
   0.03286
   0.03253
   0.03222
   0.03191
   0.03161
   0.03132
   0.03103
   0.03075
   0.03048
   0.03022
   0.02996
   0.02972
   0.02947
   0.02922
   0.02899
   0.02875
   0.02851
   0.02829
   0.02805
   0.02782
   0.02759
   0.02734
   0.02709
   0.02685
   0.02659
   0.02633
   0.02605
   0.02574
   0.02544
   0.02512
   0.02481
   0.02448
   0.02416
   0.02384
   0.02350
   0.02315
   0.02278
   0.02239
   0.02196
   0.02143
   0.02077
   0.01989
   0.01866
   0.01695
   0.01534
   0.01481
   0.01499
   0.01522
   0.01546
   0.01573
   0.01609
   0.01652
   0.01707
   0.01773
   0.01838
   0.01887
   0.01850
   0.01673
   0.01437
   0.00993
   0.37384
   0.51339
   0.11095
   0.11278
   0.10616
   0.08828
   0.08648
   0.08419
   0.06811
   0.05953
   0.05910
   0.05905
   0.05913
   0.05930
   0.05954
   0.05989
   0.06014
   0.06039
   0.06061
   0.06056
   0.06005
   0.05906
   0.05749
   0.05560
   0.05345
   0.05130
   0.04918
   0.04712
   0.04518
   0.04323
   0.04140
   0.03971
   0.03810
   0.03659
   0.03514
   0.03374
   0.03247
   0.03121
   0.02846
   0.02804
   0.02618
   0.02707
   0.03201
   0.02291
   0.03013
   0.02121
   0.02902
   0.01865
   0.02899
   0.01566
   0.02959
   0.01356
   0.02998
   0.01359
   0.02974
   0.01461
   0.02932
   0.01584
   0.02888
   0.01703
   0.02842
   0.01780
   0.02790
   0.01829
   0.02729
   0.01833
   0.02666
   0.01818
   0.02598
   0.01789
   0.02536
   0.01754
   0.02471
   0.01711
   0.02411
   0.01666
   0.02352
   0.01621
   0.02295
   0.01576
   0.02242
   0.01532
   0.02190
   0.01488
   0.02142
   0.01446
   0.02092
   0.01406
   0.02050
   0.01367
   0.02005
   0.01330
   0.01966
   0.01295
   0.01925
   0.01262
   0.01891
   0.01229
   0.01854
   0.01198
   0.01820
   0.01168
   0.01788
   0.01140
   0.01756
   0.01113
   0.01726
   0.01088
   0.01697
   0.01063
   0.01671
   0.01038
   0.01643
   0.01015
   0.01617
   0.00992
   0.01592
   0.00971
   0.01566
   0.00950
   0.01542
   0.00930
   0.01518
   0.00911
   0.01494
   0.00892
   0.01468
   0.00873
   0.01445
   0.00856
   0.01421
   0.00839
   0.01397
   0.00822
   0.01371
   0.00806
   0.01348
   0.00790
   0.01323
   0.00774
   0.01299
   0.00760
   0.01273
   0.00744
   0.01249
   0.00730
   0.01226
   0.00716
   0.01201
   0.00701
   0.01176
   0.00687
   0.01152
   0.00674
   0.01126
   0.00661
   0.01100
   0.00648
   0.01077
   0.00635
   0.01053
   0.00623
   0.01028
   0.00610
   0.01003
   0.00598
   0.00978
   0.00587
   0.00954
   0.00576
   0.00931
   0.00564
   0.00907
   0.00553
   0.00884
   0.00543
   0.00861
   0.00532
   0.00837
   0.00522
   0.00815
   0.00512
   0.00793
   0.00503
   0.00769
   0.00493
   0.00747
   0.00485
   0.00727
   0.00476
   0.00703
   0.00468
   0.00683
   0.00460
   0.00662
   0.00452
   0.00641
   0.00445
   0.00622
   0.00437
   0.00601
   0.00431
   0.00581
   0.00424
   0.00563
   0.00418
   0.00544
   0.00412
   0.00526
   0.00407
   0.00508
   0.00402
   0.00490
   0.00398
   0.00473
   0.00392
   0.00454
   0.00390
   0.00438
   0.00386
   0.00422
   0.00383
   0.00406
   0.00381
   0.00390
   0.00377
   0.00375
   0.00375
   0.00360
   0.00374
   0.00346
   0.00372
   0.00332
   0.00372
   0.00319
   0.00370
   0.00306
   0.00371
   0.00294
   0.00374
   0.00284
   0.00377
   0.00274
   0.00383
   0.00267
   0.00384
   0.00257
   0.00382
   0.00246
   0.00372
   0.00228
   0.00361
   0.00210
   0.00328
   0.00186
   0.00269
   0.00167
   0.00190
   0.00140
   1.47688
   0.30422
   0.11547
   0.05378
   0.04792
   0.04494
   0.04318
   0.04214
   0.04069
   0.03938
   0.03815
   0.03694
   0.03571
   0.03344
   0.03412
   0.03219
   0.03134
   0.03062
   0.02981
   0.02906
   0.02833
   0.02764
   0.02696
   0.02628
   0.02563
   0.02501
   0.02437
   0.02380
   0.02321
   0.02264
   0.02211
   0.02158
   0.02106
   0.02056
