   0.68096
   0.67014
   0.66356
   0.65780
   0.65195
   0.64708
   0.64172
   0.63912
   0.63619
   0.63299
   0.62979
   0.62715
   0.62431
   0.62147
   0.61937
   0.61694
   0.61468
   0.61489
   0.60910
   0.60444
   0.59863
   0.59128
   0.58320
   0.57420
   0.56528
   0.55604
   0.54774
   0.53997
   0.53146
   0.52533
   0.51818
   0.51068
   0.50538
   0.50373
   0.50291
   0.50161
   0.50142
   0.50162
   0.50040
   0.49946
   0.49595
   0.49327
   0.48862
   0.48321
   0.47506
   0.46647
   0.45363
   0.44093
   0.42603
   0.40899
   0.39157
   0.37729
   0.36268
   0.34782
   0.33555
   0.32509
   0.31631
   0.30953
   0.30008
   0.29801
   0.28827
   0.28342
   0.27867
   0.27404
   0.27047
   0.26692
   0.25969
   0.25685
   0.25151
   0.24608
   0.23741
   0.23197
   0.22625
   0.22026
   0.21476
   0.20852
   0.20333
   0.19849
   0.19317
   0.18965
   0.18457
   0.18140
   0.17769
   0.17475
   0.17484
   0.17196
   0.16946
   0.16837
   0.17235
   0.17389
   0.17631
   0.17862
   0.18587
   0.19218
   0.20175
   0.21354
   0.22308
   0.23589
   0.24753
   0.25616
   0.25923
   0.25670
   0.24795
   0.23384
   0.22003
   0.20190
   0.18718
   0.16646
   0.14597
   0.12733
   0.10992
   0.09682
   0.08454
   0.07354
   0.06508
   0.05885
   0.05082
   0.04592
   0.04097
   0.03818
   0.03674
   0.03675
   0.04104
   0.05132
   0.06703
   0.08452
   0.02937
   0.06384
   0.03396
   0.03790
   0.03994
   0.05966
   0.02962
   0.03031
   0.02661
   0.02166
   0.01975
   0.02054
   0.01805
   0.02268
   0.02963
   0.03000
   0.02740
   0.01411
   0.01462
   0.01139
   0.12305
   0.01041
   0.03530
   0.00826
   0.03798
   0.00980
   0.01673
   0.23278
   0.07847
   0.08442
   0.01555
   0.00924
   3.14999
   0.05810
   0.05565
   0.14803
   0.01236
   0.01476
   0.13793
   0.00559
   0.12061
   0.14826
   0.00888
   0.00670
   0.00580
   0.01434
   0.00557
   0.00521
   0.18333
   0.02741
   0.02588
   0.02818
   0.14550
   0.13098
   0.02080
   0.03934
   0.01043
   0.01563
   0.01522
   0.01314
   0.01125
   0.00973
   0.00859
   0.00790
   0.00752
   0.00731
   0.00725
   0.00677
   0.01263
   0.00713
   0.02269
   0.00811
   0.00758
   0.00779
   0.00761
   0.00743
   0.00688
   0.00746
   0.01134
   0.17218
   0.01037
   0.00650
   0.00513
   0.00522
   0.00437
   0.00430
   0.00443
   0.08926
   0.03159
   0.01932
   0.01354
   0.01356
   0.01148
   0.01039
   0.03665
   0.00746
   0.13355
   0.00643
   0.10939
   0.00804
   0.00602
   0.00740
   0.00640
   0.00399
   0.00395
   0.04027
   0.00386
   0.00379
   0.00308
   0.04499
   0.04354
   0.02547
   0.02299
   0.02226
   0.02203
   0.02165
   0.01911
   0.01789
   0.01912
   0.02154
   0.02040
   0.02015
   0.01949
   0.01875
   0.01794
   0.01808
   0.01346
   0.01547
   0.01511
   0.01704
   0.01867
   0.01800
   0.01334
   0.01112
   0.01144
   0.01188
   0.01184
   0.01141
   0.01073
   0.00997
   0.00923
   0.00858
   0.00796
   0.00755
   0.00722
   0.00688
   0.00657
   0.00630
   0.00595
   0.11339
   0.03681
   0.02841
   0.02290
   0.01926
   0.01823
   0.01776
   0.01730
   0.01704
   0.01563
   0.01590
   0.01396
   0.01712
   0.01383
   0.01223
   0.01164
   0.01054
   0.00982
   0.00926
   0.00899
   0.00903
   0.01395
   0.01534
   0.00964
   0.01577
   0.01299
   0.01172
   0.00975
   0.01118
   0.01791
   0.01358
   0.00778
   0.00785
   0.00707
   0.01078
   0.00508
   0.01062
   0.00733
   0.00605
   0.01321
   0.00842
   0.00644
   1.69114
   0.04013
   0.02974
   0.02886
   0.02792
   0.02723
   0.02504
   0.02416
   0.02445
   0.02482
   0.01963
   0.01820
   0.01869
   0.01877
   0.01822
   0.01791
   0.01783
   0.01769
   0.01772
   0.01788
   0.01759
   0.01698
   0.01630
   0.01550
   0.01358
   0.01476
   0.01422
   0.01327
   0.01229
   0.01138
   0.01043
   0.00959
   0.00881
   0.00814
   0.00747
   0.00686
   0.00630
   0.00586
   0.00558
   0.00540
   0.00536
   0.00443
   0.00468
   0.00488
   0.00492
   0.00467
   0.00441
   0.00412
   0.00385
   0.00362
   0.00344
   0.00325
   0.00307
   0.00287
   0.00269
   0.00251
   0.00234
   0.00218
   0.00203
   0.00190
   0.00176
   0.00164
   0.00152
   0.00141
   0.00130
   0.00120
   0.00111
   0.00101
   0.00093
   0.00085
   0.00082
   0.00279
   0.00624
   0.00445
   0.00407
   0.00374
   0.00352
   0.00326
   0.00302
   0.00280
   0.00261
   0.00247
   0.00230
   0.00220
   0.00211
   0.00204
   0.00200
   0.00201
   0.00203
   0.00206
   0.00205
   0.00200
   0.00172
   0.00164
   0.00151
   0.00102
   0.00090
   0.00106
   0.19474
   0.05397
   0.04625
   0.04129
   0.03685
   0.03307
   0.02983
   0.02688
   0.02430
   0.02212
   0.02029
   0.01919
   0.01856
   0.01782
   0.01666
   0.01562
   0.01464
   0.01375
   0.01296
   0.01224
   0.01157
   0.01042
   0.00950
   0.00896
   0.00851
   0.00809
   0.00771
   0.00737
   0.00706
   0.00676
   0.00646
   0.00617
   0.00588
   0.00558
   0.00526
   0.00493
   0.00466
   0.00445
   0.00417
   0.00416
   0.00413
   0.07714
   0.03789
   0.02580
   0.01788
   0.01404
   0.01183
   0.01186
   0.01193
   0.01209
   0.01229
   0.01159
   0.01030
   0.01064
   0.00834
   0.00798
   0.00828
   0.00897
   0.00915
   0.00868
   0.00944
   0.00899
   0.00730
   0.00843
   0.00726
   0.00703
   0.02241
   0.01590
   0.01416
   0.01330
   0.01298
   0.01293
   0.01294
   0.01546
   0.01780
   0.01844
   0.01869
   0.01826
   0.01707
   0.01646
   0.01578
   0.01542
   0.01523
   0.01310
   0.01330
