   0.69976
   0.70175
   0.70199
   0.70071
   0.69927
   0.69857
   0.69800
   0.69775
   0.69736
   0.69648
   0.69637
   0.69688
   0.72412
   0.69190
   0.69355
   0.69114
   0.71264
   0.69003
   0.68981
   0.69033
   0.68919
   0.68986
   0.68542
   0.69052
   0.68534
   0.71112
   0.72734
   0.68712
   0.70232
   0.69842
   0.69523
   0.68319
   0.68379
   0.68557
   0.69500
   0.69727
   0.70067
   0.69744
   0.71352
   0.72084
   0.73037
   0.74501
   0.74959
   0.74730
   0.74643
   0.73942
   0.73126
   0.73033
   0.72255
   0.71783
   0.70785
   0.70115
   0.69644
   0.69003
   0.67024
   0.67125
   0.65690
   0.64424
   0.63715
   0.62655
   0.61812
   0.60745
   0.59722
   0.58726
   0.57719
   0.56874
   0.56292
   0.55641
   0.55138
   0.54595
   0.54086
   0.53569
   0.53016
   0.52413
   0.51829
   0.51199
   0.50519
   0.49857
   0.49137
   0.48432
   0.47717
   0.47013
   0.46325
   0.45650
   0.44997
   0.44380
   0.43806
   0.43277
   0.42789
   0.42340
   0.41889
   0.41418
   0.40906
   0.40340
   0.39747
   0.39136
   0.38528
   0.37932
   0.37347
   0.36780
   0.36221
   0.35670
   0.35130
   0.34602
   0.34085
   0.33579
   0.33083
   0.32598
   0.32129
   0.31648
   0.31187
   0.30709
   0.30252
   0.29783
   0.29324
   0.28859
   0.28409
   0.27949
   0.27499
   0.27055
   0.26608
   0.26174
   0.25743
   0.25311
   0.24886
   0.24472
   0.24057
   0.23627
   0.23215
   0.22841
   0.22453
   0.22061
   0.21706
   0.21300
   0.20923
   0.20550
   0.20282
   0.19890
   0.19536
   0.19210
   0.18822
   0.18552
   0.18220
   0.17824
   0.17587
   0.17193
   0.16929
   0.16642
   0.16310
   0.16011
   0.15712
   0.15398
   0.15106
   0.14797
   0.14459
   0.14187
   0.13905
   0.13614
   0.13289
   0.12993
   0.12778
   0.12317
   0.12091
   0.11868
   0.11555
   0.11209
   0.11037
   0.10604
   0.10471
   0.10124
   0.09978
   0.09577
   0.09489
   0.09139
   0.09015
   0.08806
   0.08572
   0.08256
   0.08097
   0.07889
   0.07864
   0.07678
   0.07518
   0.07368
   0.07216
   0.07021
   0.06793
   0.06615
   0.06541
   0.06388
   0.06249
   0.06140
   0.06027
   0.05828
   0.05721
   0.05623
   0.05542
   0.05435
   0.05349
   0.05324
   0.05270
   0.05155
   0.05099
   0.04988
   0.04861
   0.04734
   0.04673
   0.04708
   0.04525
   0.04515
   0.04402
   0.04380
   0.04147
   0.04209
   0.03958
   0.03948
   0.03795
   0.03737
   0.03583
   0.03539
   0.03394
   0.03361
   0.03174
   0.03148
   0.02978
   0.02945
   0.02788
   0.02749
   0.02624
   0.02585
   0.02458
   0.02416
   0.02284
   0.02231
   0.02118
   0.02063
   0.01958
   0.01899
   0.01808
   0.01765
   0.01668
   0.01627
   0.01528
   0.01492
   0.01376
   0.01312
   0.01290
   0.01205
   0.01188
   0.01149
   0.01050
   0.00984
   0.00972
   0.00923
   0.00829
   0.00789
   0.00745
   0.00709
   0.00675
   0.00646
   0.00628
   0.00607
   0.00583
   0.00572
   0.00556
   0.00544
   0.00529
   0.00503
   0.00498
   0.00458
   0.00549
   0.00583
   0.00587
   0.00566
   0.00454
   0.00478
   0.00479
   0.00491
   0.00461
   0.00486
   0.00408
   0.00481
   0.00423
   0.00439
   0.00416
   0.00410
   0.00404
   0.00387
   0.00383
   0.00368
   0.00364
   0.00351
   0.00347
   0.00332
   0.00327
   0.00318
   0.00314
   0.00301
   0.00298
   0.00287
   0.00284
   0.00273
   0.00270
   0.00260
   0.00256
   0.00246
   0.00243
   0.00233
   0.00230
   0.00221
   0.00218
   0.00209
   0.00207
   0.00197
   0.00195
   0.00186
   0.00184
   0.00176
   0.00173
   0.00167
   0.00162
   0.00159
   0.00153
   0.00149
   0.00145
   0.00142
   0.00136
   0.00133
   0.00130
   0.00125
   0.00122
   0.00118
   0.00116
   0.00112
   0.00110
   0.00106
   0.00104
   0.00101
   0.00105
   0.00409
   0.00093
   0.20822
   0.00497
   0.00522
   0.00510
   0.00485
   0.00472
   0.00461
   0.00445
   0.00434
   0.00496
   0.00717
   0.00306
   0.00314
   0.00285
   0.00366
   0.00298
   0.00417
   0.00347
   0.00340
   0.00408
   0.00336
   0.00558
   0.00424
   0.00347
   0.00931
   0.00465
   0.00437
   0.00452
   0.00501
   0.00586
   0.00617
   0.00712
   0.00757
   0.00827
   0.00861
   0.00868
   0.00835
   0.00531
   0.00181
   0.00596
   0.00862
   0.00740
   0.00171
   0.00540
   0.00856
   0.00510
   0.00173
   0.00176
   0.00144
   0.00207
   0.00146
   0.00174
   0.00163
   0.00160
   0.00157
   0.00153
   0.00150
   0.00145
   0.00140
   0.00150
   0.00145
   0.00138
   0.00138
   0.00146
   0.00143
   0.00147
   0.00152
   0.00159
   0.00169
   0.00090
   0.00111
   0.00085
   0.00107
   0.00096
   0.00101
   0.00097
   0.00093
   0.00102
   0.00094
   0.00104
   0.00900
   0.12810
   0.00382
   0.00746
   0.00883
   0.00636
   0.00628
   0.00581
   0.00576
   0.00531
   0.00499
   0.00478
   0.00458
   0.00434
   0.00439
   0.00419
   0.00417
   0.00405
   0.00406
   0.00380
   0.00379
   0.00367
   0.00361
   0.00350
   0.00340
   0.00329
   0.00318
   0.00309
   0.00296
   0.00289
   0.00275
   0.00267
   0.00257
   0.00244
   0.00238
   0.00222
   0.00220
   0.00207
   0.00203
   0.00191
   0.00191
   0.00181
   0.00185
   0.00183
   0.00192
   0.00285
   0.00197
   0.01185
   0.36001
   0.05466
   0.01967
   0.00271
   0.00247
   0.00234
   0.00225
   0.00218
   0.00212
   0.00208
   0.00204
   0.00203
   0.00202
   0.00202
   0.00201
   0.00203
   0.00203
   0.00205
   0.00208
   0.00209
   0.00216
   0.00220
   0.00226
   0.00229
   0.00234
   0.00239
   0.00244
   0.00248
   0.00253
   0.00256
   0.00259
   0.00262
   0.00264
   0.00268
   0.00269
   0.00274
   0.00279
   0.00288
   0.00300
   0.00324
   0.00375
   0.00549
   0.00348
   0.00591
   0.00237
   0.00472
   0.00263
   0.00522
   0.00155
   0.00453
   0.00143
   0.00439
   0.00110
   0.00400
   0.00109
   0.00369
   0.00160
   0.00324
   0.00211
   0.00185
   0.00163
   0.00172
   0.00147
   0.00162
   0.00139
   0.00151
   0.00144
   0.00147
   0.00171
   0.00561
   0.00277
   0.00109
   0.00345
   0.00093
   0.00305
   0.00117
   0.00243
   0.00099
   0.00206
   0.00106
   0.00158
   0.00103
   0.00134
   0.00109
   0.00117
   0.00114
   0.00117
   0.00133
   0.00267
   0.00289
   0.00171
   0.00047
   0.00254
   0.00179
   0.00078
   0.00148
   0.00074
   0.00151
   0.00074
   0.00161
   0.00260
   0.00153
   0.00330
   0.00164
   0.00184
   0.00157
   0.00260
   0.00104
   0.00283
   0.00145
   0.00212
   0.00146
   0.00197
   0.00150
   0.00182
   0.00159
   0.00169
   0.00164
   0.00164
   0.00163
   0.00161
   0.00158
   0.00154
   0.00150
   0.00146
   0.00141
   0.00136
   0.00132
   0.00127
   0.00122
   0.00117
   0.00112
   0.00108
   0.00104
   0.00100
   0.00096
   0.00093
   0.00089
   0.00088
   0.00083
   0.00083
   0.00020
   0.00025
   0.00029
   0.43920
   0.00140
   0.00019
   0.00020
   0.00019
   0.00019
   0.00019
   0.00019
   0.00019
   0.00019
   0.00019
   0.00019
   0.00018
   0.00018
   0.00018
   0.00018
   0.00018
   0.00018
   0.00018
   0.00018
   0.00017
   0.00017
   0.00017
   0.00017
   0.00017
   0.00017
   0.00017
   0.00016
   0.00016
   0.00016
   0.00016
   0.00016
   0.00016
   0.00016
   0.00016
   0.00016
   0.00016
   0.00016
   0.00016
   0.00016
   0.00016
   0.00016
   0.00016
   0.00016
   0.00016
   0.00016
   0.00016
   0.00016
   0.00016
   0.00016
   0.00017
   0.00017
   0.00017
   0.00017
   0.00018
   0.00018
   0.00019
   0.00019
   0.00020
   0.00021
   0.00022
   0.00024
   0.00025
   0.00027
   0.00029
   0.00030
   0.00032
   0.00033
   0.00034
   0.00035
   0.00036
   0.00036
   0.00036
   0.00037
   0.00037
   0.00037
   0.00037
   0.00037
   0.00038
   0.00038
   0.00039
   0.00040
   0.00042
   0.00046
   0.00060
   0.00058
   0.00058
   0.00042
   0.00075
   0.00140
   0.00011
   0.00058
   0.00012
   0.04738
   0.02742
   0.02302
   0.01998
   0.01794
   0.01608
   0.01463
   0.01345
   0.01258
   0.01182
   0.01118
   0.01059
   0.01007
   0.00963
   0.00924
   0.00889
   0.00861
   0.00834
   0.00810
   0.00791
   0.00777
   0.00768
   0.00766
   0.00760
   0.00709
   0.00657
   0.00627
   0.00636
   0.00677
   0.00891
   0.01685
   0.01492
   0.01492
   0.01460
   0.01401
   0.01391
   0.01381
   0.01372
   0.01350
   0.01332
   0.01312
   0.01290
   0.01271
   0.01254
   0.01228
   0.01171
   0.01132
   0.01115
   0.01096
   0.01077
   0.01059
   0.01043
   0.01026
   0.01010
   0.00995
   0.00979
   0.00964
   0.00948
   0.00930
   0.00913
   0.00894
   0.00878
   0.00859
   0.00842
   0.00823
   0.00806
   0.00786
   0.00764
   0.00748
   0.00727
   0.00708
   0.00693
   0.00677
   0.00661
   0.00646
   0.00630
   0.00615
   0.00600
   0.00585
   0.00569
   0.00554
   0.00540
   0.00524
   0.00510
   0.00496
   0.00482
   0.00469
   0.00456
   0.00443
   0.00431
   0.00418
   0.00406
   0.00395
   0.00383
   0.00372
   0.00361
   0.00351
   0.00340
   0.00330
   0.00320
   0.00311
   0.00301
   0.00293
   0.00284
   0.00275
   0.00267
   0.00259
   0.00251
   0.00244
   0.00236
   0.00229
   0.00222
   0.00216
   0.00209
   0.00203
   0.00197
   0.00188
   0.00184
   0.00181
   0.00177
   0.00172
   0.00167
   0.00161
   0.00155
   0.00150
   0.00144
   0.00139
   0.00135
   0.00133
   0.00132
   0.00131
   0.00126
   0.00122
   0.00118
   0.00115
   0.00112
   0.00109
   0.00106
   0.00103
   0.00099
   0.00096
   0.00093
   0.00090
   0.00087
   0.00085
   0.00082
   0.00079
   0.00077
   0.00074
   0.00072
   0.00070
   0.00067
   0.00065
   0.00063
   0.00061
   0.00059
   0.00058
   0.00057
   0.00057
   0.00056
   0.00055
   0.00054
   0.00053
   0.00053
   0.00052
   0.00052
   0.00051
   0.00050
   0.00049
   0.00048
   0.00047
   0.00046
   0.00044
   0.00043
   0.00041
   0.00040
   0.00039
   0.00038
   0.00036
   0.00036
   0.00035
   0.00034
   0.00033
   0.00033
   0.00033
   0.00033
   0.00032
   0.00032
   0.00031
   0.00031
   0.00031
   0.00014
   0.69316
   0.00034
   0.00033
   0.00047
   0.00048
   0.00047
   0.00046
   0.00045
   0.00044
   0.00043
   0.00042
   0.00041
   0.00039
   0.00038
   0.00037
   0.00036
   0.00035
   0.00035
   0.00034
   0.00033
   0.00032
   0.00031
   0.00030
   0.00029
   0.00029
   0.00028
   0.00027
   0.00026
   0.00026
   0.00025
   0.00024
   0.00024
   0.00023
   0.00022
   0.00022
   0.00021
   0.00021
   0.00020
   0.00020
   0.00019
   0.00019
   0.00018
   0.00018
   0.00017
   0.00017
   0.00017
   0.00016
   0.00016
   0.00015
   0.00015
   0.00015
   0.00014
   0.00014
   0.00014
   0.00013
   0.00013
   0.00013
   0.00013
   0.00012
   0.00012
   0.00012
   0.00012
   0.00011
   0.00011
   0.00011
   0.00011
   0.00011
   0.00011
   0.00010
   0.00010
   0.00010
   0.00010
   0.00010
   0.00010
   0.00010
   0.00010
   0.00010
   0.00009
   0.00009
   0.00009
   0.00009
   0.00009
   0.00009
   0.00010
   0.00025
   0.00009
   0.00012
   0.00055
   0.00020
   0.00024
   0.00025
   0.00026
   0.00026
   0.00026
   0.00026
   0.00026
   0.00026
   0.00026
   0.00025
   0.00025
   0.00025
   0.00024
