   0.68688
   0.68705
   0.68670
   0.68702
   0.68638
   0.68577
   0.68613
   0.68601
   0.68392
   0.68338
   0.68311
   0.68275
   0.68439
   0.68244
   0.68215
   0.68144
   0.68103
   0.68058
   0.67495
   0.67694
   0.67243
   0.67099
   0.66883
   0.66670
   0.66465
   0.65660
   0.65384
   0.65115
   0.64861
   0.64570
   0.64209
   0.63700
   0.63338
   0.62856
   0.62415
   0.62004
   0.61615
   0.61235
   0.60745
   0.60250
   0.59775
   0.59246
   0.58555
   0.57808
   0.57072
   0.56336
   0.55662
   0.54763
   0.53859
   0.52689
   0.51769
   0.50875
   0.49990
   0.49110
   0.48242
   0.47385
   0.46565
   0.45777
   0.44999
   0.44266
   0.43527
   0.42766
   0.42028
   0.41262
   0.40599
   0.39810
   0.39078
   0.38564
   0.37623
   0.36954
   0.36118
   0.35335
   0.34402
   0.33601
   0.32786
   0.31851
   0.30922
   0.29880
   0.28930
   0.27902
   0.26975
   0.26151
   0.25580
   0.24888
   0.24278
   0.24120
   0.24249
   0.24569
   0.25237
   0.26680
   0.28765
   0.30381
   0.29951
   0.29859
   0.29065
   0.27624
   0.25135
   0.18280
   0.16098
   0.14850
   0.22098
   0.11219
   0.09914
   0.09286
   0.10141
   0.06807
   0.07071
   0.04568
   0.04339
   0.04539
   0.04137
   0.05504
   0.04054
   0.03872
   0.04010
   0.03818
   0.03642
   0.03365
   0.07631
   0.05099
   0.03011
   0.03862
   0.08159
   0.06188
   0.02577
   0.02632
   0.02372
   0.02260
   0.02163
   0.02039
   0.02003
   0.01920
   0.01854
   0.01790
   0.01712
   0.01692
   0.01658
   0.01574
   0.01810
   0.01248
   0.01210
   0.01077
   0.01506
   0.01010
   0.01172
   0.00978
   0.01086
   0.00983
   0.04474
   0.01625
   0.02018
   0.01263
   0.00704
   0.01252
   0.05117
   0.03365
   0.02625
   0.01736
   0.02706
   0.10720
   0.05108
   0.05066
   0.02738
   0.02593
   0.01933
   0.02927
   0.02823
   0.01673
   0.01575
   0.02440
   0.02572
   0.01288
   0.02070
   0.01076
   0.02676
   0.08247
   0.06926
   0.08082
   0.07214
   0.06349
   0.04833
   0.03034
   0.03985
   0.05615
   0.07360
   0.02419
   0.07045
   0.06548
   0.05449
   0.03271
   0.03361
   0.04943
   0.02583
   0.07295
   0.04787
   0.02125
   0.02261
   0.03352
   0.01743
   0.02364
   0.01543
   0.01982
   0.01868
   0.01223
   0.01992
   0.01945
   0.01929
   0.00881
   0.00910
   0.00932
   0.00951
   0.00996
   0.00860
   0.00817
   0.00849
   0.00875
   0.00967
   0.01570
   0.00743
   0.01194
   0.00851
   0.00648
   0.00621
   0.00575
   0.00844
   0.00963
   0.00887
   0.00541
   0.00695
   0.00514
   0.00585
   0.03209
   0.01337
   0.01196
   0.05229
   0.02142
   0.00945
   0.00857
   0.00849
   0.00961
   0.00742
   0.01431
   0.00785
   0.00661
   0.00648
   0.00603
   0.00583
   0.00545
   0.00743
   0.04670
   0.00769
   0.00582
   0.00734
   0.13582
   0.03517
   0.02544
   0.01146
   0.01387
   0.01152
   0.01029
   0.00830
   0.00824
   0.00938
   0.00786
   0.01877
   0.00728
   0.00731
   0.00637
   0.01115
   0.00602
   0.00640
   0.00626
   0.00613
   0.00627
   0.00554
   0.00984
   0.00522
   0.00737
   0.00568
   0.00531
   0.00518
   0.00521
   0.00542
   0.02127
   0.00445
   0.30895
   0.27378
   0.25289
   0.24522
   0.23665
   0.22824
   0.21998
   0.21192
   0.20392
   0.19601
   0.18812
   0.18024
   0.17244
   0.16474
   0.15720
   0.14987
   0.14277
   0.13597
   0.12944
   0.12321
   0.11726
   0.11158
   0.10614
   0.10095
   0.09595
   0.09117
   0.08657
   0.08212
   0.07788
   0.07382
   0.06996
   0.06624
   0.06270
   0.05930
   0.05608
   0.05302
   0.05009
   0.04726
   0.04455
   0.04199
   0.03945
   0.03699
   0.03462
   0.03238
   0.03033
   0.02845
   0.02678
   0.02534
   0.02401
   0.02324
   0.02169
   0.06075
   0.05364
   0.03700
   0.03172
   0.02055
   0.02474
   0.13670
   0.02214
   0.02116
   0.02322
   0.02648
   0.04851
   0.02137
   0.02215
   0.02157
   0.04492
   0.03353
   0.06748
   0.08840
   0.01666
   0.06222
   0.05016
   0.04393
   0.01920
   0.07596
   0.03536
   0.10286
   0.02084
   0.06885
   0.01544
   0.01221
   0.01741
   0.01306
   0.01230
   0.01987
   0.29017
   0.01430
   0.02914
   0.01655
   0.02158
   0.02309
   0.04092
   0.01387
   0.04116
   0.02302
   0.03646
   0.03124
   0.01298
   0.24444
   0.01174
   0.01962
   0.09261
   0.04351
   0.08563
   0.01835
   0.02182
   0.01827
   0.01366
   0.00604
   0.00832
   0.00899
   0.00938
   0.01084
   0.00851
   0.19708
   0.00647
   0.00817
   0.00807
   0.01548
   0.01689
   0.01411
   0.01039
   0.00800
   0.00541
   0.00613
   0.00625
   0.00773
   0.00734
   0.03691
   0.04134
   0.01426
   0.01461
   0.01532
   0.01483
   0.01246
   0.00900
   0.00774
   0.00519
   0.00570
   0.00536
   0.00601
   0.00671
   0.00545
   0.01368
   0.01248
   0.01278
   0.01355
   0.01325
   0.01152
   0.00858
   0.00676
   0.00593
   0.00520
   0.00482
   0.00457
   0.00621
   0.00297
   0.01400
   0.01337
   0.01193
   0.00968
   0.00695
   0.00580
   0.00513
   0.00464
   0.00415
   0.00419
   0.00501
   0.00384
   0.00964
   0.00865
   0.00892
   0.00978
   0.00973
   0.00859
   0.00674
   0.00505
   0.00435
   0.00395
   0.00358
   0.00322
   0.00389
   0.00397
   0.01722
   0.00445
   0.00363
   0.00326
   0.00294
   0.00270
   0.00255
   0.00363
   0.00277
   0.26741
   0.01858
   0.01447
   0.01121
   0.00876
   0.00697
   0.00543
   0.00497
   0.00550
   0.00575
   0.00533
   0.00450
   0.00343
   0.00271
   0.00232
   0.00206
   0.00184
   0.00174
   0.00207
   0.00219
   0.00120
   0.01881
   0.01399
   0.01135
   0.00895
   0.00713
   0.00576
   0.00455
   0.00402
   0.00483
   0.00517
   0.00465
   0.00385
   0.00306
   0.00234
   0.00185
   0.00158
   0.00138
   0.00124
   0.00121
   0.00147
   0.00211
   0.00512
   0.00529
   0.00542
   0.00542
   0.00527
   0.00492
   0.00427
   0.00354
   0.00299
   0.00257
   0.00239
   0.00275
   0.00322
   0.00309
   0.00262
   0.00212
   0.00168
   0.00135
   0.00114
   0.00099
   0.00089
   0.00087
   0.00123
   0.00042
   0.00521
   0.00488
   0.00473
   0.00454
   0.00424
   0.00383
   0.00325
   0.00265
   0.00214
   0.00187
   0.00174
   0.00198
   0.00238
   0.00226
   0.00187
   0.00152
   0.00122
   0.00098
   0.00081
   0.00070
   0.00062
   0.00061
   0.00085
   0.00070
   0.00045
   0.00090
   0.00147
   0.00157
   0.00168
   0.00179
   0.00191
   0.00202
   0.00212
   0.00217
   0.00220
   0.00217
   0.00203
   0.00177
   0.00146
   0.00122
   0.00108
   0.00102
   0.00110
   0.00135
   0.00142
   0.00120
   0.00099
   0.00080
   0.00065
   0.00054
   0.00046
   0.00040
   0.00038
   0.00054
   0.00033
   0.00025
   0.00017
   0.00124
   0.00132
   0.00140
   0.00146
   0.00151
   0.00153
   0.00150
   0.00139
   0.00119
   0.00096
   0.00080
   0.00072
   0.00068
   0.00074
   0.00094
   0.00099
   0.00082
   0.00068
   0.00055
   0.00045
   0.00037
   0.00031
   0.00027
   0.00025
   0.00026
   0.00027
   0.00016
   0.71712
   0.71598
   0.71558
   0.71540
   0.71531
   0.71526
   0.71523
   0.71522
   0.71521
   0.71520
   0.71520
   0.71519
   0.71519
   0.71519
   0.71519
   0.71519
   0.71519
   0.71519
   0.71519
   0.71519
   0.71519
   0.71519
   0.71519
   0.71519
   0.71519
   0.71519
   0.71519
   0.71519
   0.71519
   0.71519
   0.71519
   0.71519
   0.71519
   0.71519
   0.71519
   0.71519
   0.71519
   0.71519
   0.71519
   0.71519
   0.71519
   0.71519
   0.71519
   0.71519
   0.71519
   0.71519
   0.71519
   0.71519
   0.71519
   0.71519
   0.71519
   0.71519
   0.71519
   0.71519
   0.71519
   0.71519
   0.71519
   0.71519
   0.71519
   0.71519
   0.71519
   0.71519
   0.71519
   0.71519
   0.71519
   0.71519
   0.71519
   0.71519
   0.71519
   0.71519
   0.71519
   0.71519
   0.71519
   0.71519
   0.71519
   0.71519
   0.71519
   0.71519
   0.71519
   0.71519
   0.71519
   0.71519
   0.71519
   0.71519
   0.71519
   0.71519
   0.71519
   0.71519
   0.71519
   0.71519
   0.71519
   0.71519
   0.71519
   0.71519
   0.71519
   0.71519
   0.71519
   0.71519
   0.71519
   0.71519
   0.71519
   0.71519
   0.71519
   0.71519
   0.71519
   0.71519
   0.71519
   0.71519
   0.71519
   0.71519
   0.71519
   0.71519
   0.71519
   0.71519
   0.71519
   0.71519
   0.71519
   0.71519
   0.71519
   0.71519
   0.71519
   0.71519
   0.71519
   0.71519
   0.71519
   0.71519
   0.71519
   0.71519
   0.71519
   0.71519
   0.71519
   0.71519
   0.71519
   0.71519
   0.71519
   0.71519
   0.71519
   0.71519
   0.71519
   0.71519
   0.71519
   0.71519
   0.71519
   0.71519
   0.71519
   0.71519
   0.71519
   0.71519
   0.71519
   0.71519
   0.71519
   0.71519
   0.71519
   0.71519
   0.71519
   0.71519
   0.71519
   0.71519
   0.71519
   0.71518
   0.71519
   0.71518
   0.71518
   0.71518
   0.71518
   0.71518
   0.71518
   0.71518
   0.71518
   0.71518
   0.71518
   0.71518
   0.71518
   0.71518
   0.71518
   0.71518
   0.71518
   0.71518
   0.71518
   0.71518
   0.71518
   0.71518
   0.71518
   0.71518
   0.71518
   0.71518
   0.71518
   0.71518
   0.71518
   0.71518
   0.71518
   0.71518
   0.71518
   0.71518
   0.71518
   0.71518
   0.71518
   0.71518
   0.71518
   0.71518
   0.71518
   0.71518
   0.71518
   0.71518
   0.71518
   0.71518
   0.71518
   0.71518
   0.71518
   0.71518
   0.71518
   0.71518
   0.71518
   0.71518
   0.71518
   0.71518
   0.71518
   0.71518
   0.71518
   0.71518
   0.71518
   0.71518
   0.71518
   0.71518
   0.71518
   0.71518
   0.71518
   0.71518
   0.71518
   0.71518
   0.71518
   0.71518
   0.71518
   0.71518
   0.71518
   0.71518
   0.71518
   0.71518
   0.71518
   0.71518
   0.71518
   0.71518
   0.71518
   0.71518
   0.71518
   0.71518
   0.71518
   0.71518
   0.71518
   0.71518
   0.71518
   0.71518
   0.71518
   0.71518
   0.71518
   0.71518
   0.71518
   0.71518
   0.71518
   0.71518
   0.71518
   0.71518
   0.71518
   0.71518
   0.71518
   0.71518
   0.71518
   0.71518
   0.71518
   0.71518
   0.71518
   0.71518
   0.71518
   0.71518
   0.71518
   0.71518
   0.71518
   0.71518
   0.71518
   0.71518
   0.71518
   0.71518
   0.71518
   0.71518
   0.71518
   0.71518
   0.71518
   0.71518
   0.71518
   0.71518
   0.71518
   0.71518
   0.71518
   0.71518
   0.71518
   0.71518
   0.71518
   0.71518
   0.71518
   0.71518
   0.71518
   0.71518
   0.71518
   0.71518
   0.71518
   0.71518
   0.71518
   0.71518
   0.71518
   0.71518
   0.71518
   0.71518
   0.71518
   0.71518
   0.71518
   0.71518
   0.71518
   0.71518
   0.71518
   0.71518
   0.71518
   0.71518
   0.71518
   0.71518
   0.71518
   0.71518
   0.71518
   0.71518
   0.71518
   0.71518
   0.71518
   0.71518
   0.71518
   0.71518
   0.71518
   0.71518
   0.71518
   0.71518
   0.71518
   0.71518
   0.71518
   0.71518
   0.71518
   0.71518
   0.71518
   0.71518
   0.71518
   0.71518
   0.71518
   0.71518
   0.71518
   0.71518
   0.71518
   0.71518
   0.71518
   0.71518
   0.71518
   0.71518
   0.71518
   0.71518
   0.71518
   0.71518
   0.71518
   0.71518
   0.71518
   0.71518
   0.71518
   0.71518
   0.71518
   0.71518
   0.71518
   0.71518
