   0.68450
   0.69164
   0.68755
   0.68429
   0.68445
   0.68155
   0.67951
   0.67706
   0.68061
   0.67160
   0.67150
   0.66727
   0.67924
   0.67529
   0.67453
   0.67248
   0.67477
   0.67349
   0.67432
   0.67140
   0.66747
   0.66759
   0.66535
   0.67126
   0.67194
   0.67258
   0.66836
   0.66942
   0.66851
   0.66907
   0.66795
   0.66939
   0.65909
   0.65806
   0.65504
   0.65358
   0.64664
   0.64642
   0.63958
   0.63732
   0.63289
   0.62570
   0.62226
   0.61878
   0.61385
   0.60982
   0.60575
   0.60154
   0.59733
   0.59277
   0.58837
   0.58395
   0.57919
   0.57417
   0.56892
   0.56354
   0.55799
   0.55257
   0.54728
   0.54194
   0.53662
   0.53137
   0.52590
   0.52051
   0.51490
   0.50877
   0.50259
   0.49635
   0.49009
   0.48398
   0.47807
   0.47236
   0.46679
   0.46144
   0.45625
   0.45121
   0.44631
   0.44153
   0.43687
   0.43233
   0.42786
   0.42347
   0.41915
   0.41489
   0.41068
   0.40650
   0.40237
   0.39827
   0.39419
   0.39013
   0.38610
   0.38208
   0.37805
   0.37403
   0.37002
   0.36602
   0.36201
   0.35805
   0.35405
   0.35006
   0.34607
   0.34207
   0.33807
   0.33408
   0.33009
   0.32612
   0.32215
   0.31821
   0.31429
   0.31040
   0.30655
   0.30274
   0.29899
   0.29524
   0.29155
   0.28795
   0.28441
   0.28094
   0.27754
   0.27421
   0.27096
   0.26780
   0.26470
   0.26169
   0.25882
   0.25599
   0.25331
   0.25071
   0.24871
   0.24621
   0.24444
   0.24220
   0.24047
   0.23850
   0.23656
   0.23469
   0.23297
   0.23132
   0.22976
   0.22826
   0.22683
   0.22622
   0.22488
   0.22355
   0.22231
   0.22109
   0.21986
   0.21868
   0.21746
   0.21611
   0.21483
   0.21353
   0.21223
   0.21081
   0.20922
   0.20761
   0.20592
   0.20409
   0.20202
   0.19988
   0.19750
   0.19503
   0.19237
   0.18948
   0.18623
   0.18302
   0.17965
   0.17610
   0.17239
   0.16852
   0.16457
   0.16055
   0.15641
   0.15224
   0.14807
   0.14391
   0.13979
   0.13572
   0.13172
   0.12780
   0.12398
   0.12030
   0.11670
   0.11319
   0.10980
   0.10650
   0.10331
   0.10020
   0.09720
   0.09428
   0.09160
   0.08883
   0.08611
   0.08347
   0.08087
   0.07834
   0.07587
   0.07345
   0.07111
   0.06880
   0.06654
   0.06436
   0.06223
   0.06018
   0.05822
   0.05631
   0.05448
   0.05275
   0.05112
   0.04958
   0.04814
   0.04680
   0.04555
   0.04442
   0.04341
   0.04250
   0.04171
   0.04103
   0.04047
   0.04002
   0.03966
   0.03935
   0.03907
   0.03880
   0.03842
   0.03788
   0.03718
   0.03646
   0.03599
   0.03626
   0.03760
   0.04037
   0.04451
   0.05057
   0.05461
   0.04928
   0.04243
   0.04045
   0.03022
   0.04415
   0.00893
   0.06238
   0.03799
   0.01000
   0.01904
   0.04986
   0.03341
   0.01845
   0.01107
   0.00763
   0.00847
   0.00729
   0.00731
   0.01343
   0.00728
   0.00750
   0.00751
   0.00759
   0.00756
   0.00766
   0.00750
   0.00783
   0.00699
   0.00860
   0.00483
   0.00736
   0.00974
   0.00392
   0.00334
   0.00422
   0.00893
   0.00933
   0.00840
   0.00824
   0.00825
   0.01002
   0.01075
   0.01393
   0.01763
   0.02661
   0.00644
   0.00238
   0.01134
   0.00416
   0.01042
   0.00743
   0.04872
   0.00173
   0.00220
   0.00448
   0.01003
   0.00116
   0.00142
   0.26896
   0.00737
   0.00117
   0.00270
   0.00292
   0.00622
   0.00316
   0.00874
   0.00100
   0.00337
   0.00159
   0.00385
   0.00263
   0.00168
   0.00842
   2.01871
   0.00121
   0.00088
   0.00087
   0.00088
   0.00102
   0.00086
   0.00200
   0.00116
   0.00095
   0.00105
   0.00129
   0.00558
   0.00463
   0.00113
   0.00579
   0.00314
   0.00183
   0.00267
   0.00120
   0.00287
   0.00231
   0.00334
   0.09872
   0.00061
   0.00088
   0.00108
   0.00104
   0.00134
   0.00126
   0.00163
   0.00216
   0.00242
   0.00288
   0.00899
   0.00727
   0.00694
   0.00673
   0.00659
   0.00652
   0.00652
   0.00655
   0.00652
   0.00627
   0.00620
   0.00609
   0.00604
   0.00613
   0.00610
   0.00598
   0.00587
   0.00573
   0.00558
   0.00546
   0.00475
   0.00521
   0.00523
   0.00513
   0.00502
   0.00492
   0.00483
   0.00478
   0.00472
   0.00465
   0.00456
   0.00448
   0.00439
   0.00430
   0.00420
   0.00411
   0.00398
   0.00330
   0.00384
   0.00378
   0.00373
   0.00367
   0.00362
   0.00356
   0.00350
   0.00341
   0.00340
   0.00252
   0.00325
   0.00255
   0.00281
   0.00312
   0.00225
   0.00236
   0.00314
   0.00283
   0.00258
   0.00238
   0.00222
   0.00209
   0.00201
   0.00196
   0.00193
   0.00193
   0.00195
   0.00199
   0.00203
   0.00207
   0.00211
   0.00212
   0.00199
   0.00202
   0.00192
   0.00153
   0.00179
   0.00192
   0.00216
   0.00164
   0.00156
   0.00151
   0.00140
   0.00176
   0.00171
   0.00183
   0.00175
   0.00161
   0.00148
   0.00122
   0.00280
   0.00283
   0.00228
   0.00188
   0.00156
   0.00133
   0.00121
   0.00112
   0.00105
   0.00099
   0.00093
   0.00088
   0.00084
   0.00081
   0.00078
   0.00076
   0.00074
   0.00072
   0.00071
   0.00071
   0.00071
   0.00070
   0.00069
   0.00066
   0.00064
   0.00062
   0.00060
   0.00057
   0.00055
   0.00055
   0.00057
   0.00055
   0.00052
   0.03050
   0.00056
   0.00057
   0.00057
   0.00057
   0.00056
   0.00055
   0.00054
   0.00053
   0.00052
   0.00051
   0.00051
   0.00052
   0.00056
   0.00062
   0.00076
   0.00101
   0.00140
   0.00190
   0.00241
   0.00278
   0.00286
   0.00267
   0.00242
   0.00181
   0.00196
   0.00171
   0.00149
   0.00128
   0.00109
   0.00092
   0.00078
   0.00066
   0.00056
   0.00048
   0.00043
   0.00039
   0.00037
   0.00035
   0.00034
   0.00034
   0.00033
   0.00033
   0.00032
   0.00031
   0.00030
   0.00029
   0.00029
   0.00028
   0.00027
   0.00026
   0.00026
   0.00025
   0.00024
   0.00173
   0.00025
   0.00025
   0.00025
   0.00025
   0.00025
   0.00025
   0.00025
   0.00025
   0.00025
   0.00025
   0.00024
   0.00024
   0.00024
   0.00024
   0.00025
   0.00026
   0.00028
   0.00034
   0.00045
   0.00064
   0.00094
   0.00133
   0.00175
   0.00199
   0.00198
   0.00181
   0.00171
   0.00144
   0.00139
   0.00124
   0.00109
   0.00096
   0.00084
   0.00074
   0.00064
   0.00055
   0.00047
   0.00040
   0.00035
   0.00030
   0.00026
   0.00023
   0.00020
   0.00018
   0.00017
   0.00016
   0.00016
   0.00015
   0.00015
   0.00014
   0.00014
   0.00013
   0.00013
   0.00013
   0.00012
   0.00012
   0.00011
   0.00011
   0.00171
   0.00135
   0.00115
   0.00100
   0.00089
   0.00079
   0.00071
   0.00064
   0.00058
   0.00053
   0.00048
   0.00044
   0.00040
   0.00037
   0.00034
   0.00031
   0.00029
   0.00027
   0.00025
   0.00024
   0.00023
   0.00022
   0.00020
   0.00020
   0.00019
   0.00018
   0.00017
   0.00017
   0.00016
   0.00016
   0.00017
   0.00018
   0.00022
   0.00031
   0.00047
   0.00075
   0.00073
   0.00139
   0.00116
   0.00093
   0.00098
   0.00086
   0.00081
   0.00076
   0.00070
   0.00065
   0.00059
   0.00054
   0.00048
   0.00043
   0.00038
   0.00033
   0.00029
   0.00026
   0.00022
   0.00020
   0.00017
   0.00015
   0.00013
   0.00012
   0.00011
   0.00010
   0.00009
   0.00009
   0.00008
   0.00007
   0.00007
   0.00007
   0.00006
   0.00006
   0.00006
   0.00005
   0.00005
   0.00330
   0.00281
   0.00250
   0.00221
   0.00195
   0.00172
   0.00153
   0.00135
   0.00120
   0.00106
   0.00095
   0.00085
   0.00075
   0.00067
   0.00060
   0.00054
   0.00048
   0.00044
   0.00039
   0.00035
   0.00032
   0.00029
   0.00026
   0.00024
   0.00022
   0.00020
   0.00018
   0.00017
   0.00015
   0.00014
   0.00013
   0.00012
   0.00011
   0.00011
   0.00010
   0.00009
   0.00009
   0.00008
   0.00008
   0.00007
   0.00007
   0.00007
   0.00007
   0.00006
   0.00006
   0.00006
   0.00006
   0.00006
   0.00006
   0.00006
   0.00007
   0.00008
   0.00012
   0.00018
   0.00024
   0.00026
   0.00027
   0.00028
   0.00030
   0.00030
   0.00031
   0.00031
   0.00030
   0.00030
   0.00029
   0.00028
   0.00027
   0.00026
   0.00025
   0.00023
   0.00022
   0.00021
   0.00019
   0.00018
   0.00016
   0.00015
   0.00013
   0.00012
   0.00011
   0.00010
   0.00009
   0.00008
   0.00007
   0.00007
   0.00006
   0.00006
   0.00005
   0.00005
   0.00004
   0.00004
   0.00004
   0.00003
   0.00003
   0.00002
   0.00002
   0.00002
   0.00102
   0.00108
   0.00102
   0.00097
   0.00092
   0.00087
   0.00082
   0.00078
   0.00073
   0.00069
   0.00065
   0.00061
   0.00057
   0.00053
   0.00050
   0.00046
   0.00043
   0.00040
   0.00037
   0.00035
   0.00032
   0.00030
   0.00028
   0.00026
   0.00024
   0.00022
   0.00020
   0.00019
   0.00017
   0.00016
   0.00015
   0.00014
   0.00013
   0.00012
   0.00011
   0.00010
   0.00009
   0.00009
   0.00008
   0.00008
   0.00007
   0.00006
   0.00006
   0.00006
   0.00005
   0.00005
   0.00004
   0.00004
   0.00004
   0.00004
   0.00003
   0.00003
   0.00003
   0.00003
   0.00003
   0.00003
   0.00003
   0.00003
   0.00003
   0.00002
   0.00002
   0.00002
   0.00002
   0.00002
   0.00048
   0.00002
   0.00002
   0.08035
   0.07056
   0.05555
   0.04607
   0.03821
   0.03167
   0.02750
   0.02407
   0.02186
   0.02179
   0.02319
   0.02480
   0.02580
   0.02786
   0.02874
   0.02916
   0.02863
   0.02739
   0.02600
   0.02456
   0.02317
   0.02189
   0.02069
   0.01964
   0.01869
   0.01785
   0.01709
   0.01629
   0.01559
   0.01494
   0.01435
   0.01381
   0.01329
   0.01277
   0.01225
   0.01176
   0.01130
   0.01087
   0.01047
   0.01007
   0.00968
   0.00932
   0.00897
   0.00864
   0.00832
   0.00801
   0.00771
   0.00742
   0.00715
   0.00689
   0.00663
   0.00638
   0.00614
   0.00591
   0.00568
   0.00544
   0.00523
   0.00496
   0.00481
   0.00391
   0.00451
   0.00438
   0.00425
   0.00229
   0.00229
   0.00209
   0.00201
   0.00194
   0.00190
   0.00187
   0.00182
   0.00176
   0.00171
   0.00165
   0.00161
   0.00156
   0.00152
   0.00149
   0.00153
   0.00150
   0.00147
   0.00144
   0.00141
   0.00138
   0.00135
   0.00132
   0.00129
   0.00127
   0.00125
   0.00123
   0.00123
   0.00124
   0.00126
   0.00129
   0.00131
   0.00133
   0.00134
   0.00133
   0.00131
   0.00127
   0.00122
   0.00117
   0.00111
   0.00106
   0.00101
   0.00096
   0.00092
   0.00087
   0.00083
   0.00079
   0.00075
   0.00071
   0.00068
   0.00064
   0.00061
   0.00058
   0.00055
   0.00053
   0.00050
   0.00048
   0.00045
   0.00043
   0.00041
   0.00039
   0.00037
   0.00036
   0.00034
   0.00034
   0.00035
   0.00033
   0.00099
   0.00018
   0.00018
   0.00018
   0.00018
   0.00018
   0.00018
   0.00018
   0.00018
   0.00018
   0.00018
   0.00017
   0.00017
   0.00017
   0.00016
   0.00016
   0.00015
   0.00015
   0.00014
   0.00014
   0.00014
   0.00014
   0.00014
   0.00014
   0.00014
   0.00014
   0.00015
   0.00015
   0.00016
   0.00017
   0.00019
   0.00020
   0.00020
   0.00019
   0.00017
   0.00016
   0.00013
   0.00326
   0.00166
   0.00150
   0.00139
   0.00130
   0.00121
   0.00113
   0.00106
   0.00099
   0.00093
   0.00087
   0.00081
   0.00076
   0.00072
   0.00067
   0.00063
   0.00059
   0.00055
   0.00051
   0.00048
   0.00045
