   0.69050
   0.69141
   0.68815
   0.68840
   0.68873
   0.68818
   0.68830
   0.68799
   0.68830
   0.68783
   0.68773
   0.68755
   0.68780
   0.68719
   0.68720
   0.68714
   0.68692
   0.68684
   0.68670
   0.68659
   0.68643
   0.68631
   0.68617
   0.68604
   0.68589
   0.68575
   0.68560
   0.68544
   0.68526
   0.68514
   0.68499
   0.68482
   0.68466
   0.68448
   0.68432
   0.68413
   0.68395
   0.68376
   0.68356
   0.68336
   0.68316
   0.68295
   0.68273
   0.68249
   0.68226
   0.68203
   0.68177
   0.68152
   0.68125
   0.68098
   0.68068
   0.68040
   0.68009
   0.67978
   0.67945
   0.67911
   0.67875
   0.67839
   0.67800
   0.67762
   0.67720
   0.67680
   0.67635
   0.67589
   0.67542
   0.67493
   0.67443
   0.67390
   0.67336
   0.67279
   0.67221
   0.67160
   0.67098
   0.67032
   0.66966
   0.66897
   0.66825
   0.66751
   0.66675
   0.66597
   0.66516
   0.66434
   0.66349
   0.66262
   0.66174
   0.66082
   0.65990
   0.65894
   0.65799
   0.65700
   0.65600
   0.65499
   0.65394
   0.65289
   0.65183
   0.65069
   0.64962
   0.64851
   0.64727
   0.64608
   0.64484
   0.64366
   0.64240
   0.64114
   0.63981
   0.63852
   0.63716
   0.63584
   0.63446
   0.63307
   0.63166
   0.63026
   0.62880
   0.62736
   0.62589
   0.62442
   0.62293
   0.62146
   0.61998
   0.61850
   0.61703
   0.61556
   0.61411
   0.61266
   0.61123
   0.60982
   0.60845
   0.60711
   0.60584
   0.60460
   0.60347
   0.60234
   0.60127
   0.60032
   0.59944
   0.59869
   0.59801
   0.59744
   0.59693
   0.59656
   0.59618
   0.59591
   0.59555
   0.59512
   0.59465
   0.59411
   0.59345
   0.59251
   0.59125
   0.58960
   0.58758
   0.58518
   0.58257
   0.57972
   0.57673
   0.57360
   0.57042
   0.56723
   0.56403
   0.56074
   0.55755
   0.55436
   0.55117
   0.54804
   0.54483
   0.54169
   0.53856
   0.53547
   0.53237
   0.52928
   0.52619
   0.52318
   0.52011
   0.51708
   0.51405
   0.51111
   0.50803
   0.50516
   0.50208
   0.49919
   0.49619
   0.49273
   0.48957
   0.48674
   0.48362
   0.48058
   0.47762
   0.47466
   0.47171
   0.46877
   0.46587
   0.46301
   0.46016
   0.45734
   0.45455
   0.45172
   0.44899
   0.44626
   0.44356
   0.44085
   0.43819
   0.43554
   0.43291
   0.43031
   0.42776
   0.42512
   0.42259
   0.42000
   0.41748
   0.41503
   0.41254
   0.41009
   0.40763
   0.40522
   0.40283
   0.40043
   0.39807
   0.39571
   0.39338
   0.39106
   0.38875
   0.38644
   0.38418
   0.38191
   0.37967
   0.37744
   0.37523
   0.37302
   0.37084
   0.36864
   0.36648
   0.36435
   0.36222
   0.36009
   0.35798
   0.35590
   0.35382
   0.35174
   0.34969
   0.34764
   0.34562
   0.34362
   0.34156
   0.33959
   0.33763
   0.33568
   0.33375
   0.33180
   0.32989
   0.32797
   0.32607
   0.32420
   0.32233
   0.32047
   0.31864
   0.31683
   0.31500
   0.31321
   0.31142
   0.30965
   0.30787
   0.30612
   0.30439
   0.30266
   0.30093
   0.29924
   0.29754
   0.29585
   0.29424
   0.29283
   0.29124
   0.28956
   0.28790
   0.28627
   0.28465
   0.28306
   0.28151
   0.27994
   0.27841
   0.27687
   0.27537
   0.27389
   0.27240
   0.27092
   0.26961
   0.26819
   0.26663
   0.26530
   0.26388
   0.26238
   0.26101
   0.25964
   0.25833
   0.25711
   0.25561
   0.25425
   0.25305
   0.25175
   0.25042
   0.24907
   0.24773
   0.24635
   0.24498
   0.24366
   0.24226
   0.24090
   0.23950
   0.23808
   0.23668
   0.23526
   0.23384
   0.23239
   0.23093
   0.22945
   0.22797
   0.22645
   0.22495
   0.22343
   0.22182
   0.22032
   0.21872
   0.21716
   0.21556
   0.21398
   0.21242
   0.21082
   0.20917
   0.20759
   0.20598
   0.20438
   0.20279
   0.20116
   0.19948
   0.19778
   0.19621
   0.19451
   0.19299
   0.19133
   0.18976
   0.18812
   0.18658
   0.18491
   0.18339
   0.18176
   0.18019
   0.17858
   0.17703
   0.17544
   0.17393
   0.17232
   0.17082
   0.16921
   0.16772
   0.16620
   0.16464
   0.16311
   0.16161
   0.16008
   0.15848
   0.15704
   0.15555
   0.15409
   0.15257
   0.15115
   0.14964
   0.14811
   0.14670
   0.14528
   0.14381
   0.14241
   0.14098
   0.13957
   0.13817
   0.13675
   0.13538
   0.13398
   0.13261
   0.13125
   0.12997
   0.12860
   0.12717
   0.12593
   0.12447
   0.12331
   0.12196
   0.12071
   0.11936
   0.11807
   0.11670
   0.11552
   0.11417
   0.11296
   0.11164
   0.11048
   0.10912
   0.10797
   0.10670
   0.10553
   0.10429
   0.10308
   0.10194
   0.10071
   0.09954
   0.09843
   0.09723
   0.09610
   0.09499
   0.09383
   0.09272
   0.09161
   0.09051
   0.08942
   0.08804
   0.08749
   0.08590
   0.08544
   0.08379
   0.08333
   0.08173
   0.08134
   0.07972
   0.07930
   0.07774
   0.07736
   0.07582
   0.07540
   0.07390
   0.07360
   0.07203
   0.07170
   0.07021
   0.06991
   0.06842
   0.06811
   0.06668
   0.06639
   0.06497
   0.06469
   0.06334
   0.06300
   0.06170
   0.06143
   0.06010
   0.05984
   0.05856
   0.05830
   0.05705
   0.05680
   0.05558
   0.05533
   0.05416
   0.05389
   0.05278
   0.05249
   0.05144
   0.05113
   0.05012
   0.04980
   0.04884
   0.04849
   0.04758
   0.04707
   0.04645
   0.04587
   0.04527
   0.04468
   0.04415
   0.04356
   0.04303
   0.04247
   0.04208
   0.04137
   0.04105
   0.04035
   0.03984
   0.03955
   0.03887
   0.03837
   0.03809
   0.03746
   0.03695
   0.03671
   0.03610
   0.03562
   0.03538
   0.03481
   0.03434
   0.03403
   0.03360
   0.03319
   0.03280
   0.03242
   0.03203
   0.03166
   0.03129
   0.03091
   0.03055
   0.03020
   0.02991
   0.02953
