   0.70081
   0.70525
   0.70044
   0.70504
   0.70559
   0.70272
   0.69974
   0.71561
   0.72139
   0.71672
   0.70814
   0.70474
   0.71438
   0.71642
   0.71693
   0.71311
   0.71261
   0.71160
   0.71050
   0.70974
   0.70709
   0.70380
   0.69960
   0.69809
   0.69773
   0.69610
   0.69466
   0.69326
   0.69215
   0.69098
   0.69061
   0.69008
   0.68969
   0.68881
   0.68823
   0.68765
   0.68767
   0.68889
   0.69198
   0.69687
   0.70215
   0.70848
   0.71546
   0.72315
   0.73057
   0.74057
   0.74913
   0.75837
   0.76757
   0.77679
   0.78807
   0.80103
   0.81565
   0.82220
   0.83177
   0.83956
   0.85054
   0.86004
   0.86873
   0.87831
   0.88616
   0.89511
   0.90271
   0.91067
   0.91960
   0.92796
   0.93411
   0.93764
   0.94424
   0.95250
   0.96089
   0.96435
   0.96898
   0.97282
   0.97511
   0.97833
   0.97945
   0.98119
   0.98109
   0.97819
   0.97484
   0.97021
   0.96692
   0.95557
   0.94023
   0.93451
   0.91719
   0.90236
   0.88329
   0.86501
   0.84341
   0.82041
   0.79408
   0.76637
   0.73581
   0.70440
   0.67037
   0.63187
   0.59852
   0.56318
   0.52724
   0.49290
   0.45581
   0.41034
   0.38019
   0.35051
   0.32281
   0.29859
   0.27647
   0.25439
   0.23130
   0.21267
   0.19697
   0.18427
   0.16904
   0.16044
   0.15259
   0.14757
   0.15179
   0.16321
   0.17174
   0.19282
   0.20637
   0.29374
   0.45825
   0.55308
   0.57288
   0.50390
   0.47439
   0.47181
   0.46290
   0.61426
   0.54289
   0.37017
   0.34471
   0.47263
   0.33593
   0.24886
   0.42737
   0.37263
   0.27695
   0.31028
   0.14138
   0.07330
   0.66891
   0.33324
   0.31849
   0.03743
   0.05856
   0.22409
   0.18679
   0.21240
   0.00627
   0.16463
   0.17546
   0.23566
   0.00620
   0.23434
   0.17786
   0.29947
   0.13818
   0.00562
   0.36893
   0.00413
   0.00336
   0.00287
   0.00550
   0.00487
   0.00323
   0.00281
   0.00495
   0.00241
   0.00274
   0.00209
   0.00228
   0.00335
   0.00353
   0.30776
   0.13552
   0.00918
   0.00628
   0.00255
   0.07353
   0.69868
   0.71168
   0.71484
   0.71563
   0.71584
   0.71589
   0.71590
   0.71590
   0.71590
   0.71590
   0.71590
   0.71589
   0.71589
   0.71589
   0.71589
   0.71589
   0.71589
   0.71589
   0.71589
   0.71589
   0.71589
   0.71589
   0.71589
   0.71589
   0.71589
   0.71589
   0.71589
   0.71589
   0.71589
   0.71589
   0.71589
   0.71589
   0.71589
   0.71589
   0.71589
   0.71589
   0.71588
   0.71588
   0.71588
   0.71588
   0.71588
   0.71588
   0.71588
   0.71588
   0.71588
   0.71588
   0.71588
   0.71588
   0.71588
   0.71588
   0.71588
   0.71588
   0.71588
   0.71588
   0.71588
   0.71588
   0.71588
   0.71588
   0.71588
   0.71588
   0.71588
   0.71587
   0.71587
   0.71587
   0.71587
   0.71587
   0.71587
   0.71587
   0.71587
   0.71587
   0.71587
   0.71587
   0.71587
   0.71587
   0.71587
   0.71587
   0.71587
   0.71587
   0.71587
   0.71587
   0.71587
   0.71587
   0.71587
   0.71587
   0.71586
   0.71586
   0.71586
   0.71586
   0.71586
   0.71586
   0.71586
   0.71586
   0.71586
   0.71586
   0.71586
   0.71586
   0.71586
   0.71586
   0.71586
   0.71586
   0.71586
   0.71586
   0.71586
   0.71586
   0.71586
   0.71586
   0.71586
   0.71586
   0.71586
   0.71586
   0.71585
   0.71585
   0.71585
   0.71585
   0.71585
   0.71585
   0.71585
   0.71585
   0.71585
   0.71585
   0.71585
   0.71585
   0.71585
   0.71585
   0.71585
   0.71585
   0.71585
   0.71585
   0.71585
   0.71585
   0.71585
   0.71585
   0.71585
   0.71585
   0.71585
   0.71584
   0.71584
   0.71584
   0.71584
   0.71584
   0.71584
   0.71584
   0.71584
   0.71584
   0.71584
   0.71584
   0.71584
   0.71584
   0.71584
   0.71584
   0.71584
   0.71584
   0.71584
   0.71584
   0.71585
   0.71582
   0.71581
   0.71581
   0.71581
   0.71581
   0.71581
   0.71581
   0.71581
   0.71581
   0.71581
   0.71581
   0.71581
   0.71580
   0.71580
   0.71580
   0.71580
   0.71580
   0.71580
   0.71580
   0.71580
   0.71580
   0.71580
   0.71580
   0.71580
   0.71580
   0.71580
   0.71580
   0.71580
   0.71580
   0.71580
   0.71580
   0.71580
   0.71580
   0.71580
   0.71580
   0.71580
   0.71580
   0.71580
   0.71580
   0.71580
   0.71580
   0.71580
   0.71580
   0.71580
   0.71580
   0.71580
   0.71580
   0.71580
   0.71579
   0.71579
   0.71579
   0.71579
   0.71579
   0.71579
   0.71579
   0.71579
   0.71579
   0.71579
   0.71579
   0.71579
   0.71579
   0.71579
   0.71579
   0.71579
   0.71579
   0.71579
   0.71579
   0.71579
   0.71579
   0.71579
   0.71579
   0.71579
   0.71579
   0.71579
   0.71579
   0.71579
   0.71579
   0.71579
   0.71579
   0.71579
   0.71579
   0.71579
   0.71579
   0.71579
   0.71579
   0.71578
   0.71578
   0.71578
   0.71578
   0.71578
   0.71578
   0.71578
   0.71578
   0.71578
   0.71578
   0.71578
   0.71578
   0.71578
   0.71578
   0.71578
   0.71578
   0.71578
   0.71578
   0.71578
   0.71578
   0.71578
   0.71578
   0.71578
   0.71578
   0.71578
   0.71578
   0.71578
   0.71578
   0.71578
   0.71578
   0.71578
   0.71578
   0.71578
   0.71578
   0.71578
   0.71578
   0.71577
   0.71577
   0.71577
   0.71577
   0.71577
   0.71577
   0.71577
   0.71577
   0.71577
   0.71577
   0.71577
   0.71577
   0.71577
   0.71577
   0.71577
   0.71577
   0.71577
   0.71577
   0.71577
   0.71577
   0.71577
   0.71577
   0.71577
   0.71577
   0.71577
   0.71577
   0.71577
   0.71577
   0.71577
   0.71577
   0.71577
   0.71577
   0.71577
   0.71577
   0.71577
   0.71577
   0.71577
   0.71577
   0.71576
   0.71576
   0.71576
   0.71576
   0.71576
   0.71576
   0.71576
   0.71576
   0.71576
   0.71576
   0.71576
   0.71576
   0.71576
   0.71576
   0.71576
   0.71576
   0.71576
   0.71576
   0.71576
   0.71576
   0.71576
   0.71576
   0.71576
   0.71576
   0.71576
   0.71576
   0.71576
   0.71576
   0.71576
   0.71576
   0.71576
   0.71576
   0.71576
   0.71576
   0.71576
   0.71576
   0.71576
   0.71576
   0.71575
   0.71575
   0.71575
   0.71575
   0.71575
   0.71575
   0.71575
   0.71575
   0.71575
   0.71575
   0.71575
   0.71575
   0.71575
   0.71575
   0.71575
   0.71575
   0.71575
   0.71575
   0.71575
   0.71575
   0.71575
   0.71575
   0.71575
   0.71575
   0.71575
   0.71575
   0.71575
   0.71575
   0.71575
   0.71575
   0.71575
   0.71575
   0.71575
   0.71575
   0.71575
   0.71575
   0.71575
   0.71575
   0.71575
   0.71575
   0.71575
   0.71575
   0.71574
   0.71574
   0.71574
   0.71574
   0.71574
   0.71574
   0.71574
   0.71574
   0.71574
   0.71574
   0.71574
   0.71574
   0.71574
   0.71574
   0.71574
   0.71574
   0.71574
   0.71574
   0.71574
   0.71574
   0.71574
   0.71574
   0.71574
   0.71574
   0.71574
   0.71574
   0.71574
   0.71574
   0.71574
   0.71574
   0.71574
   0.71574
   0.71574
   0.71574
   0.71574
   0.71574
   0.71574
   0.71574
   0.71574
   0.71574
   0.71574
   0.71573
   0.71573
   0.71573
   0.71573
   0.71573
   0.71573
   0.71573
   0.71573
   0.71573
   0.71573
   0.71573
   0.71573
   0.71573
   0.71573
   0.71573
   0.71573
   0.71573
   0.71573
   0.71573
   0.71573
   0.71573
   0.71573
   0.71573
   0.71573
   0.71573
   0.71573
   0.71573
   0.71573
   0.71573
   0.71573
   0.71573
   0.71573
   0.71573
   0.71573
   0.71573
   0.71573
   0.71573
   0.71573
   0.71572
   0.71572
   0.71572
   0.71572
   0.71572
   0.71572
   0.71572
   0.71572
   0.71572
   0.71572
   0.71572
   0.71572
   0.71572
   0.71572
   0.71572
   0.71572
   0.71572
   0.71572
   0.71572
   0.71572
   0.71572
   0.71572
   0.71572
   0.71572
   0.71572
   0.71572
   0.71572
   0.71572
   0.71572
   0.71572
   0.71572
   0.71572
   0.71572
   0.71572
   0.71572
   0.71572
   0.71572
   0.71571
   0.71571
   0.71571
   0.71571
   0.71571
   0.71571
   0.71571
   0.71571
   0.71571
   0.71571
   0.71571
   0.71571
   0.71571
   0.71571
   0.71571
   0.71571
   0.71571
   0.71571
   0.71571
   0.71571
   0.71571
   0.71571
   0.71571
   0.71571
   0.71571
   0.71571
   0.71571
   0.71571
   0.71571
   0.71571
   0.71571
   0.71571
   0.71571
   0.71571
   0.71571
   0.71571
   0.71571
   0.71571
   0.71571
   0.71571
   0.71571
   0.71570
   0.71570
   0.71570
   0.71570
   0.71570
   0.71570
   0.71570
   0.71570
   0.71570
   0.71570
   0.71570
   0.71570
   0.71570
   0.71570
   0.71570
   0.71570
   0.71570
   0.71570
   0.71570
   0.71570
   0.71570
   0.71570
   0.71570
   0.71570
   0.71570
   0.71570
   0.71570
   0.71570
   0.71570
   0.71570
   0.71570
   0.71570
   0.71570
   0.71570
   0.71570
   0.71570
   0.71570
   0.71570
   0.71570
   0.71570
   0.71569
   0.71569
   0.71569
   0.71569
   0.71569
   0.71569
   0.71569
   0.71569
   0.71569
   0.71569
   0.71569
   0.71569
   0.71569
   0.71569
   0.71569
   0.71569
   0.71569
   0.71569
   0.71569
   0.71569
   0.71569
   0.71569
   0.71569
   0.71569
   0.71569
   0.71569
   0.71569
   0.71569
   0.71569
   0.71569
   0.71569
   0.71569
   0.71569
   0.71569
   0.71569
   0.71569
   0.71569
   0.71568
   0.71568
   0.71568
   0.71568
   0.71568
   0.71568
   0.71568
   0.71568
   0.71568
   0.71568
   0.71568
   0.71568
   0.71568
   0.71568
   0.71568
   0.71568
   0.71568
   0.71568
   0.71568
   0.71568
   0.71568
   0.71568
   0.71568
   0.71568
   0.71568
   0.71568
   0.71568
   0.71568
   0.71568
   0.71568
   0.71568
   0.71567
   0.71567
   0.71567
   0.71567
   0.71567
   0.71567
   0.71567
   0.71567
   0.71567
   0.71567
   0.71567
   0.71567
   0.71567
   0.71567
   0.71567
   0.71567
   0.71567
   0.71567
   0.71567
   0.71567
   0.71567
   0.71567
   0.71567
   0.71567
   0.71567
   0.71567
   0.71567
   0.71567
   0.71567
   0.71567
   0.71567
   0.71567
   0.71567
   0.71567
   0.71567
   0.71567
   0.71567
   0.71567
   0.71567
   0.71567
   0.71567
   0.71567
   0.71566
   0.71566
   0.71566
   0.71566
   0.71566
   0.71566
   0.71566
   0.71566
   0.71566
   0.71566
   0.71566
   0.71566
   0.71566
   0.71566
   0.71566
   0.71566
   0.71566
   0.71566
   0.71566
   0.71566
   0.71566
   0.71566
   0.71566
   0.71566
   0.71566
   0.71566
   0.71566
   0.71566
   0.71566
   0.71566
   0.71566
   0.71566
   0.71566
   0.71566
   0.71566
   0.71566
   0.71566
   0.71566
   0.71566
   0.71565
   0.71565
   0.71565
   0.71565
   0.71565
   0.71565
   0.71565
   0.71565
   0.71565
   0.71565
   0.71565
   0.71565
   0.71565
   0.71565
   0.71565
   0.71565
   0.71565
   0.71565
   0.71565
   0.71565
   0.71565
   0.71565
   0.71565
   0.71565
   0.71565
   0.71565
   0.71565
   0.71565
   0.71565
   0.71565
   0.71565
   0.71565
   0.71565
   0.71565
   0.71565
   0.71564
   0.71564
   0.71564
   0.71564
   0.71564
   0.71564
   0.71564
   0.71564
   0.71564
   0.71564
   0.71564
   0.71564
   0.71564
   0.71564
   0.71564
   0.71564
   0.71564
   0.71564
   0.71564
   0.71564
   0.71564
   0.71564
   0.71564
   0.71564
   0.71564
   0.71564
   0.71564
   0.71564
   0.71564
   0.71564
   0.71564
   0.71564
   0.71564
   0.71564
   0.71564
   0.71564
   0.71564
   0.71564
   0.71564
   0.71564
   0.71564
   0.71564
