   0.64128
   0.64738
   0.65590
   0.66025
   0.66086
   0.65894
   0.65774
   0.65675
   0.65554
   0.65514
   0.65444
   0.65323
   0.65262
   0.65193
   0.65066
   0.65005
   0.64928
   0.64830
   0.64748
   0.64679
   0.64573
   0.64491
   0.64400
   0.64291
   0.64209
   0.64051
   0.64005
   0.63921
   0.63813
   0.63684
   0.63552
   0.63434
   0.63164
   0.63134
   0.63063
   0.62833
   0.62761
   0.62674
   0.62526
   0.62382
   0.62076
   0.61905
   0.61749
   0.61582
   0.61420
   0.61181
   0.61032
   0.60881
   0.60691
   0.60506
   0.60257
   0.60111
   0.59837
   0.59036
   0.58771
   0.58543
   0.58299
   0.58052
   0.57777
   0.57446
   0.57134
   0.56807
   0.56459
   0.56104
   0.55738
   0.55355
   0.54964
   0.54560
   0.54147
   0.53725
   0.53292
   0.52852
   0.52404
   0.51945
   0.51483
   0.51009
   0.50400
   0.49707
   0.49304
   0.48878
   0.48347
   0.47811
   0.47286
   0.46770
   0.46255
   0.45737
   0.45223
   0.44707
   0.44196
   0.43685
   0.43181
   0.42678
   0.42181
   0.41688
   0.41199
   0.40682
   0.40057
   0.39564
   0.39094
   0.38637
   0.38189
   0.37748
   0.37317
   0.36892
   0.36477
   0.36071
   0.35675
   0.35290
   0.34912
   0.34548
   0.34191
   0.33847
   0.33514
   0.33193
   0.32882
   0.32582
   0.32289
   0.32015
   0.31749
   0.31494
   0.31252
   0.31020
   0.30797
   0.30580
   0.30366
   0.30166
   0.29952
   0.29741
   0.29518
   0.29280
   0.29016
   0.28720
   0.28389
   0.28035
   0.27652
   0.27238
   0.26809
   0.26375
   0.25934
   0.25499
   0.25068
   0.24645
   0.24232
   0.23822
   0.23425
   0.23030
   0.22646
   0.22268
   0.21892
   0.21528
   0.21167
   0.20805
   0.20454
   0.20107
   0.19754
   0.19409
   0.19066
   0.18713
   0.18381
   0.18047
   0.17716
   0.17388
   0.17066
   0.16743
   0.16422
   0.16114
   0.15802
   0.15499
   0.15200
   0.14899
   0.14607
   0.14326
   0.14038
   0.13768
   0.13488
   0.13222
   0.12950
   0.12697
   0.12441
   0.12194
   0.11944
   0.11701
   0.11470
   0.11236
   0.11010
   0.10781
   0.10566
   0.10354
   0.10144
   0.09935
   0.09735
   0.09538
   0.09344
   0.09149
   0.08967
   0.08776
   0.08601
   0.08431
   0.08254
   0.08094
   0.07921
   0.07768
   0.07607
   0.07452
   0.07307
   0.07151
   0.07012
   0.06865
   0.06722
   0.06604
   0.06481
   0.06347
   0.06219
   0.06088
   0.05973
   0.05846
   0.05737
   0.05619
   0.05507
   0.05397
   0.05291
   0.05182
   0.05078
   0.04981
   0.04874
   0.04785
   0.04680
   0.04596
   0.04495
   0.04415
   0.04318
   0.04237
   0.04148
   0.04071
   0.03984
   0.03910
   0.03826
   0.03756
   0.03675
   0.03605
   0.03486
   0.03415
   0.03348
   0.03284
   0.03217
   0.03154
   0.03086
   0.03029
   0.02963
   0.02908
   0.02844
   0.02791
   0.02730
   0.02679
   0.02621
   0.02571
   0.02516
   0.02469
   0.02415
   0.02369
   0.02317
   0.02273
   0.02224
   0.02182
   0.02134
   0.02093
   0.02048
   0.02009
   0.01965
   0.01927
   0.01886
   0.01849
   0.01809
   0.01774
   0.01737
   0.01702
   0.01667
   0.01633
   0.01599
   0.01567
   0.01534
   0.01503
   0.01471
   0.01442
   0.01410
   0.01382
   0.01354
   0.01327
   0.01299
   0.01273
   0.01247
   0.01221
   0.01196
   0.01172
   0.01147
   0.01126
   0.01101
   0.01079
   0.01057
   0.01036
   0.01017
   0.00996
   0.00976
   0.00956
   0.00937
   0.00919
   0.00901
   0.00883
   0.00866
   0.00849
   0.00833
   0.00817
   0.00801
   0.00785
   0.00770
   0.00756
   0.00741
   0.00727
   0.00713
   0.00699
   0.00686
   0.00673
   0.00660
   0.00648
   0.00635
   0.00623
   0.00611
   0.00599
   0.00588
   0.00577
   0.00566
   0.00555
   0.00544
   0.00533
   0.00523
   0.00513
   0.00503
   0.00493
   0.00483
   0.00474
   0.00464
   0.00455
   0.00446
   0.00437
   0.00429
   0.00420
   0.00412
   0.00404
   0.00396
   0.00388
   0.00380
   0.00372
   0.00365
   0.00358
   0.00350
   0.00343
   0.00336
   0.00330
   0.00323
   0.00316
   0.00310
   0.00304
   0.00297
   0.00291
   0.00285
   0.00280
   0.00274
   0.00268
   0.00263
   0.00257
   0.00252
   0.00247
   0.00242
   0.00237
   0.00232
   0.00227
   0.00222
   0.00218
   0.00213
   0.00209
   0.00204
   0.00200
   0.00196
   0.00192
   0.00188
   0.00184
   0.00180
   0.00176
   0.00173
   0.00169
   0.00166
   0.00162
   0.00159
   0.00155
   0.00152
   0.00149
   0.00146
   0.00143
   0.00140
   0.00137
   0.00134
   0.00131
   0.00129
   0.00126
   0.00123
   0.00121
   0.00118
   0.00116
   0.00113
   0.00111
   0.00109
   0.00106
   0.00104
   0.00102
   0.00100
   0.00098
   0.00096
   0.00094
   0.00092
   0.00090
   0.00088
   0.00086
   0.00084
   0.00083
   0.00081
   0.00079
   0.00078
   0.00076
   0.00074
   0.00073
   0.00071
   0.00070
   0.00068
   0.00067
   0.00066
   0.00064
   0.00063
   0.00062
   0.00060
   0.00059
   0.00058
   0.00057
   0.00056
   0.00054
   0.00053
   0.00052
   0.00051
   0.00050
   0.00049
   0.00048
   0.00047
   0.00046
   0.00045
   0.00044
   0.00043
   0.00042
   0.00042
   0.00041
   0.00040
   0.00039
   0.00038
   0.00038
   0.00037
   0.00036
   0.00035
   0.00035
   0.00034
   0.00033
   0.00033
   0.00032
   0.00031
   0.00031
   0.00030
   0.00030
   0.00029
   0.00029
   0.00028
   0.00027
   0.00027
   0.00026
   0.00026
   0.00025
   0.00025
   0.00024
   0.00024
   0.00024
   0.00023
   0.00023
   0.00022
   0.00022
   0.00022
   0.00021
   0.00021
   0.00021
   0.00020
   0.00020
   0.00020
   0.00019
   0.00019
   0.00018
