   0.66418
   0.65926
   0.65942
   0.65819
   0.65798
   0.65762
   0.65698
   0.65644
   0.65580
   0.65536
   0.65473
   0.65395
   0.65361
   0.65260
   0.65194
   0.65138
   0.65091
   0.65018
   0.64959
   0.64905
   0.64836
   0.64773
   0.64712
   0.64650
   0.64590
   0.64518
   0.64449
   0.64388
   0.64316
   0.64247
   0.64171
   0.64107
   0.64025
   0.63955
   0.63880
   0.63789
   0.63722
   0.63618
   0.63521
   0.63459
   0.63362
   0.63262
   0.63198
   0.62434
   0.62244
   0.62350
   0.62437
   0.62469
   0.62406
   0.62332
   0.62204
   0.62088
   0.61943
   0.61816
   0.61658
   0.61514
   0.61348
   0.61206
   0.61036
   0.60854
   0.60664
   0.60481
   0.60299
   0.60075
   0.59856
   0.59664
   0.59460
   0.59247
   0.58967
   0.58119
   0.57912
   0.57743
   0.57413
   0.57299
   0.56970
   0.56657
   0.56328
   0.55982
   0.55624
   0.55255
   0.54872
   0.54477
   0.54072
   0.53656
   0.53230
   0.52783
   0.52335
   0.51879
   0.51415
   0.50945
   0.50467
   0.49983
   0.49495
   0.49004
   0.48509
   0.48010
   0.47512
   0.47011
   0.46510
   0.46010
   0.45512
   0.45015
   0.44522
   0.44033
   0.43549
   0.43050
   0.42235
   0.41888
   0.41408
   0.40887
   0.40408
   0.39956
   0.39526
   0.39113
   0.38713
   0.38323
   0.37949
   0.37584
   0.37236
   0.36897
   0.36579
   0.36267
   0.35975
   0.35695
   0.35433
   0.35189
   0.34955
   0.34740
   0.34548
   0.34372
   0.34205
   0.34037
   0.33880
   0.33715
   0.33533
   0.33337
   0.33119
   0.32881
   0.32583
   0.32306
   0.31948
   0.31567
   0.31159
   0.30749
   0.30322
   0.29918
   0.29505
   0.29106
   0.28704
   0.28298
   0.27939
   0.27524
   0.27165
   0.26782
   0.26429
   0.26033
   0.25693
   0.25348
   0.24961
   0.24634
   0.24244
   0.23926
   0.23553
   0.23195
   0.22865
   0.22492
   0.22160
   0.21793
   0.21443
   0.21104
   0.20728
   0.20414
   0.20075
   0.19731
   0.19410
   0.19073
   0.18723
   0.18428
   0.18076
   0.17779
   0.17438
   0.17158
   0.16804
   0.16545
   0.16218
   0.15937
   0.15616
   0.15333
   0.15031
   0.14753
   0.14473
   0.14230
   0.13936
   0.13677
   0.13398
   0.13136
   0.12891
   0.12633
   0.12382
   0.12134
   0.11888
   0.11664
   0.11437
   0.11201
   0.10986
   0.10777
   0.10549
   0.10341
   0.10135
   0.09925
   0.09714
   0.09520
   0.09337
   0.09142
   0.08962
   0.08770
   0.08590
   0.08425
   0.08238
   0.08059
   0.07889
   0.07747
   0.07569
   0.07409
   0.07255
   0.07108
   0.06960
   0.06812
   0.06671
   0.06539
   0.06400
   0.06268
   0.06132
   0.06004
   0.05878
   0.05759
   0.05621
   0.05520
   0.05384
   0.05288
   0.05164
   0.05051
   0.04948
   0.04845
   0.04745
   0.04642
   0.04540
   0.04444
   0.04350
   0.04259
   0.04167
   0.04074
   0.03991
   0.03904
   0.03822
   0.03738
   0.03655
   0.03577
   0.03502
   0.03431
   0.03358
   0.03288
   0.03212
   0.03146
   0.03082
   0.03014
   0.02952
   0.02886
   0.02824
   0.02767
   0.02702
   0.02648
   0.02592
   0.02539
   0.02483
   0.02432
   0.02380
   0.02329
   0.02280
   0.02235
   0.02185
   0.02138
   0.02093
   0.02049
   0.02004
   0.01956
   0.01915
   0.01871
   0.01832
   0.01791
   0.01751
   0.01713
   0.01676
   0.01640
   0.01604
   0.01569
   0.01536
   0.01505
   0.01471
   0.01443
   0.01411
   0.01382
   0.01352
   0.01325
   0.01297
   0.01272
   0.01246
   0.01218
   0.01192
   0.01168
   0.01145
   0.01122
   0.01100
   0.01077
   0.01056
   0.01036
   0.01017
   0.00998
   0.00980
   0.00962
   0.00944
   0.00927
   0.00910
   0.00893
   0.00876
   0.00860
   0.00845
   0.00829
   0.00814
   0.00798
   0.00783
   0.00768
   0.00754
   0.00739
   0.00725
   0.00712
   0.00698
   0.00685
   0.00671
   0.00659
   0.00646
   0.00634
   0.00621
   0.00610
   0.00598
   0.00587
   0.00575
   0.00564
   0.00553
   0.00542
   0.00532
   0.00521
   0.00511
   0.00501
   0.00490
   0.00479
   0.00469
   0.00460
   0.00451
   0.00442
   0.00434
   0.00425
   0.00417
   0.00408
   0.00400
   0.00392
   0.00384
   0.00377
   0.00369
   0.00362
   0.00354
   0.00347
   0.00340
   0.00333
   0.00327
   0.00320
   0.00313
   0.00307
   0.00301
   0.00295
   0.00289
   0.00283
   0.00277
   0.00271
   0.00266
   0.00260
   0.00255
   0.00249
   0.00244
   0.00239
   0.00234
   0.00229
   0.00225
   0.00220
   0.00215
   0.00211
   0.00207
   0.00203
   0.00198
   0.00194
   0.00190
   0.00187
   0.00183
   0.00179
   0.00176
   0.00172
   0.00169
   0.00166
   0.00163
   0.00160
   0.00157
   0.00154
   0.00151
   0.00148
   0.00147
   0.00144
   0.00143
   0.00142
   0.00144
   0.00157
   0.00201
   0.00243
   0.00217
   0.00313
   0.00120
   0.00126
   0.00123
   0.00119
   0.00118
   0.00115
   0.00114
   0.00112
   0.00111
   0.00109
   0.00108
   0.00106
   0.00105
   0.00105
   0.00102
   0.00101
   0.00100
   0.00099
   0.00098
   0.00096
   0.00096
   0.00095
   0.00094
   0.00093
   0.00092
   0.00091
   0.00090
   0.00090
   0.00089
   0.00088
   0.00088
   0.00087
   0.00086
   0.00086
   0.00084
   0.00085
   0.00083
   0.00084
   0.00081
   0.00082
   0.00080
   0.00082
   0.00079
   0.00082
   0.00076
   0.00083
   0.00075
   0.00083
   0.00074
   0.00083
   0.00070
   0.00086
   0.00066
   0.00087
   0.00066
   0.00089
   0.00066
   0.00092
   0.00069
   0.00109
   0.00053
   0.00149
   0.00041
   0.00482
   0.00040
   0.00750
   0.00038
   0.01492
   0.00049
   0.01406
   0.00044
   0.00046
   0.00048
   0.00045
   0.00044
   0.00044
   0.00044
   0.00045
   0.00045
   0.00045
   0.00045
   0.00046
   0.00046
   0.00046
   0.00047
   0.00048
   0.00048
   0.00049
   0.00050
   0.00050
   0.00051
   0.00052
   0.00053
   0.00054
   0.00055
   0.00056
   0.00057
   0.00058
   0.00058
   0.00059
   0.00059
   0.00059
   0.00059
   0.00059
   0.00059
   0.00059
   0.00059
   0.00059
   0.00058
   0.00058
   0.00058
   0.00057
   0.00057
   0.00057
   0.00056
   0.00056
   0.00055
   0.00055
   0.00055
   0.00054
   0.00054
   0.00053
   0.00053
   0.00052
   0.00052
   0.00052
   0.00051
   0.00051
   0.00050
   0.00050
   0.00049
   0.00049
   0.00048
   0.00048
   0.00047
   0.00047
   0.00047
   0.00046
   0.00046
   0.00045
   0.00045
   0.00044
   0.00044
   0.00044
   0.00043
   0.00043
   0.00042
   0.00042
   0.00042
   0.00041
   0.00041
   0.00040
   0.00040
   0.00040
   0.00039
   0.00039
   0.00038
   0.00038
   0.00038
   0.00037
   0.00037
   0.00037
   0.00036
   0.00036
   0.00035
   0.00035
   0.00035
   0.00034
   0.00034
   0.00034
   0.00033
   0.00033
   0.00033
   0.00032
   0.00032
   0.00032
   0.00031
   0.00031
   0.00031
   0.00031
   0.00030
   0.00030
   0.00029
   0.00029
   0.00029
   0.00029
   0.00028
   0.00028
   0.00028
   0.00027
   0.00027
   0.00027
   0.00026
   0.00026
   0.00026
   0.00026
   0.00025
   0.00025
   0.00025
   0.00025
   0.00024
   0.00024
   0.00024
   0.00024
   0.00023
   0.00023
   0.00023
   0.00023
   0.00022
   0.00022
   0.00022
   0.00021
   0.00021
   0.00021
   0.00021
   0.00021
   0.00020
   0.00020
   0.00020
   0.00020
   0.00019
   0.00019
   0.00019
   0.00019
   0.00018
   0.00018
   0.00018
   0.00018
   0.00017
   0.00017
   0.00017
   0.00017
   0.00017
   0.00016
   0.00016
   0.00016
   0.00016
   0.00015
   0.00015
   0.00015
   0.00015
   0.00015
   0.00014
   0.00014
   0.00014
   0.00014
   0.00014
   0.00013
   0.00013
   0.00013
   0.00013
   0.00013
   0.00012
   0.00012
   0.00012
   0.00012
   0.00012
   0.00011
   0.00011
   0.00011
   0.00011
   0.00011
   0.00011
   0.00010
   0.00010
   0.00010
   0.00010
   0.00010
   0.00010
   0.00009
   0.00009
   0.00009
   0.00009
   0.00009
   0.00009
   0.00008
   0.00008
   0.00008
   0.00008
   0.00008
   0.00008
   0.00008
   0.00008
   0.00007
   0.00007
   0.00007
   0.00007
   0.00007
   0.00007
   0.00007
   0.00006
   0.00006
   0.00006
   0.00006
   0.00006
   0.00006
   0.00006
   0.00006
   0.00006
   0.00005
   0.00005
   0.00005
   0.00005
   0.00005
   0.00005
   0.00005
   0.00005
   0.00005
   0.00005
   0.00005
   0.00005
   0.00004
   0.00004
   0.00004
   0.00004
   0.00004
   0.00004
   0.00004
   0.00004
   0.00004
   0.00004
   0.00004
   0.00004
   0.00004
   0.00003
   0.00003
   0.00003
   0.00003
   0.00003
   0.00003
   0.00003
   0.00003
   0.00003
   0.00003
   0.00003
   0.00003
   0.00003
   0.00003
   0.00003
   0.00003
   0.00003
   0.00003
   0.00003
   0.00002
   0.00002
   0.00002
   0.00002
   0.00002
   0.00002
   0.00002
   0.00002
   0.00002
   0.00002
   0.00002
   0.00002
   0.00002
   0.00002
   0.00002
   0.00002
   0.00002
   0.00002
   0.00002
   0.00002
   0.00002
   0.00002
   0.00002
   0.00003
   0.00003
   0.00003
   0.00003
   0.00003
   0.00003
   0.00003
   0.00003
   0.00003
   0.00003
   0.00003
   0.00003
   0.00003
   0.00003
   0.00003
   0.00003
   0.00003
   0.00003
   0.00003
   0.00003
   0.00003
   0.00003
   0.00003
   0.00003
   0.00003
   0.00003
   0.00003
   0.00003
   0.00003
   0.00003
   0.00003
   0.00003
   0.00003
   0.00003
   0.00003
   0.00003
   0.00003
   0.00003
   0.00003
   0.00003
   0.00003
   0.00002
   0.00003
   0.00002
   0.00003
   0.00003
   0.00002
   0.00003
   0.00002
   0.00003
   0.00002
   0.00002
   0.00003
   0.00002
   0.00003
   0.00002
   0.00003
   0.00002
   0.00003
   0.00001
   0.00003
   0.00002
   0.00003
   0.00002
   0.00003
   0.00001
   0.00003
   1.16137
   0.02742
   0.00858
   0.00537
   0.00459
   0.00415
   0.00379
   0.00349
   0.00324
   0.00301
   0.00278
   0.00256
   0.00235
   0.00217
   0.00200
   0.00185
   0.00174
   0.00165
   0.00158
   0.00152
   0.00147
   0.00143
   0.00139
   0.00135
   0.00132
   0.00129
   0.00126
   0.00124
   0.00121
   0.00119
   0.00117
   0.00115
   0.00113
   0.00111
   0.00110
   0.00108
   0.00107
   0.00105
   0.00104
   0.00102
   0.00101
   0.00099
   0.00098
   0.00097
   0.00095
   0.00094
   0.00093
   0.00091
   0.00090
   0.00089
   0.00088
   0.00088
   0.00088
   0.00088
   0.00089
   0.00091
   0.00092
   0.00093
   0.00093
   0.00094
   0.00094
   0.00094
   0.00094
   0.00094
   0.00094
   0.00094
   0.00095
   0.00095
   0.00095
   0.00095
   0.00095
   0.00095
   0.00095
   0.00095
   0.00095
   0.00095
   0.00095
   0.00095
   0.00095
   0.00095
   0.00095
   0.00094
   0.00094
   0.00094
   0.00094
   0.00094
   0.00094
   0.00094
   0.00094
   0.00093
   0.00093
   0.00093
   0.00093
   0.00093
   0.00092
   0.00092
   0.00092
   0.00092
   0.00091
   0.00091
   0.00091
   0.00090
   0.00090
   0.00090
   0.00089
   0.00089
   0.00089
   0.00088
   0.00088
   0.00088
   0.00087
   0.00087
   0.00086
   0.00086
   0.00085
   0.00085
   0.00084
   0.00084
   0.00083
   0.00083
   0.00082
   0.00082
   0.00081
   0.00081
   0.00080
   0.00080
   0.00079
   0.00079
   0.00078
   0.00077
   0.00077
   0.00076
   0.00076
   0.00075
   0.00075
   0.00074
   0.00073
   0.00073
   0.00072
   0.00071
   0.00071
   0.00070
   0.00070
