   0.64337
   0.64212
   0.64055
   0.64027
   0.63861
   0.63433
   0.63108
   0.62698
   0.62718
   0.62884
   0.62290
   0.61873
   0.61514
   0.61165
   0.60705
   0.60178
   0.59343
   0.57467
   0.57789
   0.57556
   0.56867
   0.55566
   0.55051
   0.54089
   0.53066
   0.52401
   0.51708
   0.51652
   0.50596
   0.50420
   0.50423
   0.50415
   0.50451
   0.50328
   0.50090
   0.49715
   0.49302
   0.48721
   0.47666
   0.46617
   0.45053
   0.43177
   0.41130
   0.38643
   0.37320
   0.36077
   0.34963
   0.33944
   0.32539
   0.31758
   0.31077
   0.30517
   0.29836
   0.29271
   0.28730
   0.28175
   0.27610
   0.27037
   0.26583
   0.25982
   0.25466
   0.24922
   0.24387
   0.23861
   0.23329
   0.22749
   0.22038
   0.21535
   0.21059
   0.20545
   0.20063
   0.19570
   0.19082
   0.18604
   0.18151
   0.17705
   0.17273
   0.16866
   0.16471
   0.16105
   0.15787
   0.15494
   0.15272
   0.15065
   0.15029
   0.15085
   0.15151
   0.15511
   0.15876
   0.16401
   0.17057
   0.17988
   0.19150
   0.20084
   0.21244
   0.22078
   0.22431
   0.21854
   0.20504
   0.19229
   0.17278
   0.15172
   0.14339
   0.13921
   0.13182
   0.11882
   0.10601
   0.09183
   0.08327
   0.07405
   0.06717
   0.06079
   0.05445
   0.04832
   0.03683
   0.03347
   0.03274
   0.03228
   0.03179
   0.03143
   0.03110
   0.03046
   0.02958
   0.02873
   0.02789
   0.02697
   0.02616
   0.02511
   0.02449
   0.02310
   0.02243
   0.02168
   0.06466
   0.10201
   0.10342
   0.01502
   0.03223
   0.11279
   0.01353
   0.07604
   0.13110
   0.12131
   0.07902
   0.01662
   0.02819
   0.01915
   0.01744
   0.01722
   0.02292
   0.08788
   0.01166
   0.01126
   0.01450
   0.00726
   0.01539
   0.00645
   0.00574
   0.00523
   0.00629
   0.00458
   0.00884
   0.00411
   0.00729
   0.01875
   0.05451
   0.00486
   0.07925
   0.16214
   0.11133
   0.07053
   0.01518
   0.01495
   0.07197
   0.00914
   0.00684
   0.12067
   0.16489
   0.15841
   0.15188
   0.15327
   0.13891
   0.14544
   0.15024
   0.15947
   0.10912
   0.00298
   0.36843
   0.95900
   0.61009
   0.01335
   0.02229
   0.00427
   0.00374
   0.00266
   0.01052
   0.00900
   0.00465
   0.00621
   0.00317
   0.00388
   0.00287
   0.00451
   0.00499
   0.18653
   0.00567
   0.00331
   0.00194
   0.00321
   0.00367
   0.00205
   0.05159
   0.00240
   0.05994
   0.00152
   0.00129
   0.00145
   0.00336
   0.00236
   0.00209
   0.00183
   0.00179
   0.00168
   0.00159
   0.00160
   0.00169
   0.00185
   0.00197
   0.00180
   0.06505
   0.02228
   0.01596
   0.01247
   0.01002
   0.00864
   0.00781
   0.00721
   0.00664
   0.00623
   0.00810
   0.00713
   0.00529
   0.00561
   0.00482
   0.00660
   0.07372
   0.01368
   0.01344
   0.01301
   0.01028
   0.00585
   0.00368
   0.00341
   0.00349
   0.00276
   0.00306
   0.00279
   0.00263
   0.00220
   0.00223
   0.00199
   0.00176
   0.00168
   0.00189
   0.00638
   0.00351
   0.00834
   0.00310
   0.00544
   0.00214
   0.00246
   0.00215
   0.00444
   0.15702
   0.06849
   0.04974
   0.04103
   0.03671
   0.03374
   0.02782
   0.07703
   0.02504
   0.05473
   0.02207
   0.07236
   0.07473
   0.02161
   0.01826
   0.01903
   0.30816
   0.01449
   0.01716
   0.06460
   0.01338
   0.01344
   0.01177
   0.01269
   0.11729
   0.01185
   0.01266
   0.01044
   0.01036
   0.01086
   0.01039
   0.00891
   0.01591
   0.03396
   0.02623
   0.02099
   0.01744
   0.01511
   0.01362
   0.01289
   0.01242
   0.01200
   0.01178
   0.01107
   0.01064
   0.01026
   0.32208
   0.03753
   0.02897
   0.02377
   0.01951
   0.01632
   0.01364
   0.01164
   0.01016
   0.00915
   0.00841
   0.00749
   0.00701
   0.00665
   0.00637
   0.00612
   0.00587
   0.00562
   0.00543
   0.00518
   0.00487
   0.00515
   0.00445
   0.09371
   0.03179
   0.02064
   0.01770
   0.01581
   0.01420
   0.01204
   0.00916
   0.00751
   0.00643
   0.00580
   0.00548
   0.00519
   0.00480
   0.00451
   0.00434
   0.00418
   0.00402
   0.00380
   0.00368
   0.00354
   0.00339
   0.01126
   0.00307
   0.00296
   0.00285
   0.00271
   0.00271
   0.56285
   0.04210
   0.02309
   0.01738
   0.01364
   0.01166
   0.01022
   0.00940
   0.00875
   0.00790
   0.00698
   0.00619
   0.00562
   0.00505
   0.00474
   0.00434
   0.00408
   0.00392
   0.00379
   0.00368
   0.00357
   0.00346
   0.00335
   0.00321
   0.00307
   0.00289
   0.00269
   0.00250
   0.00238
   0.00227
   0.00216
   0.00203
   0.00194
   0.00186
   0.00179
   0.00172
   0.00165
   0.00159
   0.00153
   0.03838
   0.01138
   0.00901
   0.00742
   0.00648
   0.00555
   0.00469
   0.00398
   0.00342
   0.00314
   0.00353
   0.00544
   0.00912
   0.00446
   0.00962
   0.00754
   0.00869
   0.00592
   0.00421
   0.00257
   0.02336
   0.00402
   0.00296
   0.00277
   0.00232
   0.00211
   0.00191
   0.00178
   0.00169
   0.00162
   0.00150
   0.00145
   0.00153
   0.00187
   0.00472
   0.00505
   0.00663
   0.13540
   0.01599
   0.00955
   0.00754
   0.00626
   0.00577
   0.00499
   0.00469
   0.00434
   0.00457
   0.00391
   0.00297
   0.00316
   0.00276
   0.00209
   0.00227
   0.00182
   0.00363
   0.00255
   0.00223
   0.00179
   0.00168
   0.00154
   0.00156
   0.00739
   0.00176
   0.00159
   0.00159
   0.00136
   0.04401
   0.00125
   0.00099
   0.00097
   0.00099
   0.00106
   0.00122
   0.00168
   0.00165
   0.00153
   0.00139
   0.00127
   0.00105
   0.00099
   0.00079
   0.00073
   0.00064
   0.00063
   0.00061
   0.62209
   0.00070
   0.00067
   0.00065
   0.00063
   0.00063
   0.00064
   0.00069
   0.00084
   0.00104
   0.00102
   0.00097
   0.00090
   0.00082
   0.00073
   0.00065
   0.00058
   0.00051
   0.00048
   0.32950
   0.00074
   0.00079
   0.00076
   0.00073
   0.00069
   0.00066
   0.00063
   0.00060
   0.00058
   0.00055
   0.00053
   0.00051
   0.00049
   0.00049
   0.00050
   0.00054
   0.00064
   0.00072
   0.00071
   0.00068
   0.00064
   0.00058
   0.00053
   0.00048
   0.00044
   0.00040
   0.00039
   0.02321
   0.01050
   0.00833
   0.00704
   0.00592
   0.00510
   0.00442
   0.00388
   0.00347
   0.00316
   0.00288
   0.00268
   0.00255
   0.00235
   0.04212
   0.00203
   0.00198
   0.00564
   0.00184
   0.00707
   0.00206
   0.00210
   0.00215
   0.00222
   0.00229
   0.00237
   0.00243
   0.00245
   0.00241
   0.00236
   0.00227
   0.00213
   0.00194
   0.00175
   0.00157
   0.00145
   0.00140
   0.00138
   0.00132
   0.02491
   0.00963
   0.00620
   0.00432
   0.00343
   0.00289
   0.00257
   0.00237
   0.00222
   0.00211
   0.00199
   0.00185
   0.00170
   0.00152
   0.00137
   0.00125
   0.00121
   0.00118
   0.00113
   0.00110
   0.00106
   0.00103
   0.00101
   0.00107
   0.00108
   0.00115
   0.00116
   0.00102
   0.00093
   0.00376
   0.00103
   0.00197
   0.18640
   0.11355
   0.04661
   0.03661
   0.03366
   0.03594
   0.04066
   0.04841
   0.05493
   0.05669
   0.05490
   0.05159
   0.04776
   0.04441
   0.04182
   0.03938
   0.03700
   0.03428
   0.03182
   0.02969
   0.02789
   0.02614
   0.02542
   0.02450
   0.02334
   0.02223
   0.02144
   0.02084
   0.02039
   0.02007
   0.01980
   0.01957
   0.01939
   0.01924
   0.01912
   0.01905
   0.01911
   0.01944
   0.02015
   0.02143
   0.02719
   0.00666
   0.01066
   0.00637
   0.00536
   0.00525
   0.00581
   0.00895
   0.00479
   0.00670
   0.00608
   0.00518
   0.00451
   0.00444
   0.00808
   0.00722
   0.00682
   0.00646
   0.00600
   0.00554
   0.00511
   0.00472
   0.00435
   0.00402
   0.00371
   0.00343
   0.00317
   0.00294
   0.00273
   0.00254
   0.00238
   0.00223
   0.00210
   0.00199
   0.00190
   0.00182
   0.00174
   0.00167
   0.00161
   0.00155
   0.00149
   0.00144
   0.00139
   0.00134
   0.00130
   0.00126
   0.00123
   0.00122
   0.00121
   0.00119
   0.00119
   0.00123
   0.00447
   0.00093
   0.00094
   0.00093
   0.00093
   0.00094
   0.00097
   0.00105
   0.00120
   0.00144
   0.00179
   0.00225
   0.00263
   0.00277
   0.00278
   0.00277
   0.00252
   0.00217
   0.04220
   0.01541
   0.00747
   0.00487
   0.00354
   0.00275
   0.00221
   0.00183
   0.00156
   0.00136
   0.00121
   0.00108
   0.00099
   0.00092
   0.00088
   0.00087
   0.00090
   0.00099
   0.00112
   0.00135
   0.00167
   0.00193
   0.00202
   0.00194
   0.00184
   0.00172
   0.00147
   0.00101
   0.76043
   0.02479
   0.01971
   0.01472
   0.01096
   0.00836
   0.00684
   0.00573
   0.00463
   0.00387
   0.00335
   0.00295
   0.00272
   0.00246
   0.00219
   0.00208
   0.00188
   0.00218
   0.00159
   0.43851
   0.00297
   0.00311
   0.00341
   0.00385
   0.00452
   0.00541
   0.00654
   0.00761
   0.00814
   0.00794
   0.00728
   0.00641
   0.00542
   0.00430
   0.00311
   0.00224
   0.00168
   0.00141
   0.00129
   0.00140
   0.00170
   0.00167
   0.00168
   0.00175
   0.00188
   0.00212
   0.00246
   0.00298
   0.00370
   0.00464
   0.00542
   0.00577
   0.00568
   0.00531
   0.00483
   0.00407
   0.00313
   0.00227
   0.00167
   0.00130
   0.00115
   0.00128
   0.01053
   0.00096
   0.00099
   0.00106
   0.00117
   0.00133
   0.00153
   0.00181
   0.00213
   0.00223
   0.00273
   0.00340
   0.00401
   0.00431
   0.00429
   0.00412
   0.00386
   0.00336
   0.00269
   0.00201
   0.00146
   0.00111
   0.00095
   0.00186
   0.00077
   0.00076
   0.00075
   0.00074
   0.00074
   0.00074
   0.00074
   0.00074
   0.00073
   0.00072
   0.00070
   0.00069
   0.00071
   0.00075
   0.00082
   0.00091
   0.00104
   0.00119
   0.00138
   0.00165
   0.00202
   0.00250
   0.00296
   0.00323
   0.00332
   0.00328
   0.00314
   0.00283
   0.00236
   0.00182
   0.00136
   0.00102
   0.00083
   0.26720
   0.02685
   0.04242
   0.01630
   0.09724
   0.01083
   0.20480
   0.00915
   0.00643
   0.01259
   0.01049
   0.15352
   0.00947
   0.17939
   0.00689
   0.02934
   0.00502
   0.13057
   0.04916
   0.00458
   0.03804
   0.00617
   0.05797
   0.00418
   0.03607
   0.00359
   0.02518
   0.00334
   0.00443
   0.00347
   0.00306
   0.00297
   0.00297
   0.00299
   0.00299
   0.00295
   0.00290
   0.00285
   0.00281
   0.00279
   0.00280
   0.00284
   0.00292
   0.00302
   0.00315
   0.00329
   0.00346
   0.00362
   0.00379
   0.00394
   0.00407
   0.00415
   0.00421
   0.00424
   0.00425
   0.00424
   0.00421
   0.00416
   0.00409
   0.00398
   0.00384
   0.00368
   0.00350
   0.00331
   0.00311
   0.00291
   0.00271
   0.00250
   0.00228
   0.00204
   0.00203
   0.00159
   0.00141
   0.00145
   0.00371
   0.00408
   0.00353
   0.00305
   0.00264
   0.00227
   0.00194
   0.00168
   0.00149
   0.00136
   0.00125
   0.00117
   0.00112
   0.00110
   0.00110
   0.00114
   0.00123
   0.00138
   0.00171
   0.00263
   0.00335
   0.00083
   0.00075
   0.00072
   0.00124
   0.00156
   0.00171
   0.00294
   0.00137
   0.00167
   0.00090
   0.00076
   0.00087
   0.00085
   0.00045
   0.00066
   0.00065
   0.00069
   0.00074
   0.00081
   0.00101
   0.00210
   0.00165
   0.00038
   0.00052
   0.00036
   0.00095
   0.00051
   0.00211
   0.00186
   0.00092
   0.66221
   0.00147
   0.00134
   0.00124
   0.00115
   0.00108
   0.00102
