   0.66198
   0.65884
   0.65779
   0.65836
   0.65984
   0.66108
   0.66162
   0.66262
   0.66338
   0.66314
   0.66305
   0.66252
   0.66195
   0.66180
   0.66142
   0.66141
   0.66011
   0.65916
   0.65810
   0.65715
   0.65427
   0.65230
   0.65058
   0.64831
   0.64645
   0.64329
   0.62959
   0.63315
   0.63116
   0.62848
   0.62500
   0.62135
   0.61737
   0.61319
   0.60889
   0.60456
   0.59956
   0.59527
   0.59078
   0.58579
   0.57987
   0.57309
   0.56621
   0.55987
   0.55403
   0.54687
   0.53654
   0.52356
   0.50984
   0.49602
   0.48335
   0.47203
   0.46171
   0.45247
   0.44391
   0.43612
   0.42897
   0.42270
   0.41687
   0.41197
   0.40767
   0.40378
   0.39994
   0.39631
   0.39241
   0.38857
   0.38472
   0.38097
   0.37715
   0.37378
   0.37027
   0.36698
   0.36390
   0.36088
   0.35815
   0.35533
   0.35286
   0.35041
   0.34805
   0.34561
   0.34326
   0.34117
   0.33882
   0.33671
   0.33441
   0.33236
   0.32997
   0.32717
   0.32435
   0.32150
   0.31824
   0.31487
   0.31123
   0.30729
   0.30290
   0.29802
   0.29298
   0.28793
   0.28154
   0.27564
   0.26885
   0.26186
   0.25459
   0.24716
   0.23909
   0.23126
   0.22295
   0.21953
   0.20571
   0.19869
   0.18968
   0.18218
   0.17693
   0.16824
   0.16197
   0.16093
   0.15501
   0.14617
   0.14561
   0.14130
   0.13739
   0.13367
   0.13013
   0.12684
   0.12370
   0.12068
   0.11795
   0.11523
   0.11270
   0.10998
   0.10739
   0.10470
   0.10210
   0.09940
   0.09671
   0.09394
   0.09122
   0.08854
   0.08588
   0.08331
   0.08087
   0.07853
   0.07649
   0.07444
   0.07294
   0.07119
   0.07036
   0.06949
   0.06876
   0.06827
   0.06813
   0.06805
   0.06814
   0.06819
   0.06809
   0.06758
   0.06631
   0.06434
   0.06093
   0.05717
   0.05416
   0.05503
   0.06168
   0.07811
   0.07871
   0.05729
   0.04461
   0.06036
   0.10230
   0.09776
   0.02697
   0.08264
   0.06753
   0.14273
   0.04544
   0.14079
   0.04933
   0.11781
   0.13871
   0.13522
   0.12795
   0.10545
   0.01228
   0.09981
   0.09450
   0.07500
   0.01718
   0.10062
   0.01203
   0.05061
   0.06880
   0.07091
   0.05901
   0.04881
   0.04839
   0.04383
   0.03975
   0.04650
   0.03323
   0.05024
   0.03992
   0.04469
   0.04486
   0.04515
   0.04415
   0.04180
   0.03503
   0.03435
   0.02436
   0.01488
   0.00467
   0.00609
   0.01131
   0.00729
   0.00878
   0.00687
   0.00842
   0.01897
   0.00635
   0.00590
   0.00884
   0.01051
   0.00449
   0.00974
   0.02341
   0.00884
   0.00742
   0.00880
   0.00852
   0.00810
   0.00757
   0.00687
   0.00540
   0.00305
   0.00490
   0.01043
   0.00903
   0.01146
   0.00970
   0.00967
   0.00938
   0.01028
   0.00922
   0.01123
   0.01314
   0.01209
   0.01152
   0.00685
   0.00355
   0.00308
   0.00267
   0.00270
   0.00200
   0.00206
   0.00191
   0.00350
   0.00280
   0.00374
   0.00155
   0.00164
   0.00165
   0.02520
   0.00123
   0.00117
   0.00154
   0.00107
   0.00122
   0.00324
   0.00125
   0.03182
   0.02123
   0.01802
   0.01500
   0.01104
   0.00865
   0.00919
   0.00895
   0.00858
   0.00754
   0.00726
   0.00667
   0.00572
   0.00430
   0.00372
   0.00344
   0.00344
   0.00357
   0.00380
   0.00404
   0.00408
   0.00390
   0.00372
   0.00401
   0.01215
   0.00480
   0.00243
   0.00560
   0.00236
   0.36579
   0.06881
   0.04151
   0.03659
   0.03561
   0.03544
   0.02268
   0.02237
   0.02238
   0.02315
   0.02359
   0.02347
   0.02258
   0.02141
   0.02029
   0.01893
   0.01748
   0.01524
   0.01272
   0.01143
   0.01352
   0.12650
   0.01435
   0.01334
   0.01104
   0.00849
   0.00767
   0.00762
   0.00754
   0.00657
   0.00620
   0.00586
   0.00557
   0.00530
   0.00506
   0.00486
   0.00469
   0.00457
   0.00453
   0.00457
   0.00445
   0.00385
   0.00407
   0.00343
   0.00317
   0.00334
   0.00302
   0.00317
   0.00303
   0.00198
   0.00253
   0.00213
   0.14690
   0.00299
   0.00303
   0.00294
   0.00287
   0.00251
   0.00262
   0.00321
   0.00335
   0.00300
   0.00321
   0.00324
   0.00311
   0.00328
   0.00336
   0.00317
   0.00302
   0.00245
   0.00459
   0.00327
   0.00917
   0.01829
   0.00579
   0.00461
   0.00365
   0.00301
   0.00269
   0.00251
   0.00248
   0.00235
   0.00219
   0.00207
   0.00195
   0.00183
   0.00173
   0.00166
   0.00160
   0.00154
   0.00157
   0.00356
   0.00470
   0.00448
   0.00147
   0.00173
   0.00143
   0.00141
   0.00136
   0.00131
   0.00126
   0.00120
   0.00115
   0.00112
   0.00108
   0.00106
   0.00106
   0.00201
   0.00279
   0.17811
   0.00194
   0.00167
   0.00148
   0.00136
   0.00127
   0.00117
   0.00110
   0.00105
   0.00101
   0.00098
   0.00099
   0.00101
   0.00104
   0.00103
   0.00101
   0.00097
   0.00092
   0.00088
   0.00085
   0.00083
   0.00081
   0.00079
   0.00079
   0.00081
   0.00106
   0.00189
   0.00207
   0.00153
   0.00102
   0.00100
   0.00151
   0.02183
   0.00062
   0.00062
   0.00061
   0.00060
   0.00060
   0.00061
   0.00063
   0.00065
   0.00067
   0.00068
   0.00066
   0.00064
   0.00062
   0.00059
   0.00057
   0.00055
   0.00053
   0.00052
   0.00050
   0.00048
   0.00052
   0.00097
   0.00112
   0.00104
   0.00045
   0.02835
   0.00039
   0.00039
   0.00040
   0.00040
   0.00041
   0.00042
   0.00042
   0.00043
   0.00044
   0.00044
   0.00044
   0.00044
   0.00044
   0.00043
   0.00043
   0.00042
   0.00041
   0.00041
   0.00041
   0.00042
   0.00043
   0.00045
   0.00046
   0.00046
   0.00045
   0.00044
   0.00042
   0.00041
   0.00039
   0.00038
   0.00037
   0.00036
   0.00035
   0.00034
   0.00035
   0.00049
   0.00067
   0.02026
   0.00026
   0.00027
   0.00027
   0.00028
   0.00028
   0.00029
   0.00030
   0.00030
   0.00031
   0.00031
   0.00031
   0.00032
   0.00032
   0.00031
   0.00031
   0.00030
   0.00030
   0.00029
   0.00029
   0.00030
   0.00030
   0.00031
   0.00032
   0.00033
   0.00032
   0.00032
   0.00031
   0.00030
   0.00029
   0.00028
   0.00027
   0.00026
   0.00026
   0.00025
   0.00024
   0.00025
   0.00029
   0.00037
   0.00031
   0.00045
   0.00733
   0.00282
   0.00219
   0.00179
   0.00150
   0.00129
   0.00112
   0.00098
   0.00086
   0.00076
   0.00068
   0.00061
   0.00055
   0.00050
   0.00045
   0.00041
   0.00037
   0.00034
   0.00032
   0.00029
   0.00027
   0.00025
   0.00024
   0.00022
   0.00021
   0.00019
   0.00018
   0.00017
   0.00016
   0.00015
   0.00014
   0.00013
   0.00012
   0.00011
   0.00011
   0.00010
   0.00009
   0.00008
   0.00008
   0.00007
   0.00007
   0.00006
   0.00006
   0.00005
   0.00005
   0.00005
   0.00005
   0.00005
   0.00005
   0.00004
   0.00004
   0.00004
   0.00004
   0.00004
   0.00004
   0.00004
   0.00004
   0.00003
   0.00003
   0.00003
   0.00003
   0.00003
   0.00003
   0.00003
   0.00002
   0.00002
   0.00002
   0.00003
   0.00004
   0.00005
   0.03786
   0.01636
   0.01117
   0.00820
   0.00615
   0.00486
   0.00382
   0.00319
   0.00277
   0.00244
   0.00218
   0.00183
   0.00177
   0.00170
   0.00165
   0.00155
   0.00149
   0.00148
   0.00148
   0.00149
   0.00152
   0.00152
   0.00147
   0.00144
   0.02367
   0.01076
   0.00690
   0.00494
   0.00370
   0.00312
   0.00268
   0.00238
   0.00216
   0.00198
   0.00188
   0.00178
   0.00171
   0.00162
   0.00154
   0.00147
   0.00143
   0.00142
   0.00142
   0.00141
   0.00142
   0.00141
   0.00139
   0.00135
   3.97534
   0.01082
   0.00740
   0.00509
   0.00419
   0.00385
   0.00348
   0.00319
   0.00303
   0.00286
   0.00270
   0.00255
   0.00242
   0.00229
   0.00240
   0.00245
   0.00247
   0.00247
   0.00245
   0.00241
   0.00240
   0.00239
   0.00231
   0.00221
   0.00203
   0.00189
   0.00179
   0.00163
   0.00118
   0.00335
   0.00136
   0.00138
   0.00140
   0.00142
   0.00143
   0.00144
   0.00144
   0.00142
   0.00140
   0.00137
   0.00134
   0.00130
   0.00126
   0.00123
   0.00121
   0.00120
   0.00119
   0.00118
   0.00118
   0.00117
   0.00116
   0.00114
   0.00113
   0.00113
   0.00114
   0.00117
   0.00122
   0.00127
   0.00131
   0.00134
   0.00134
   0.00134
   0.00134
   0.00129
   0.00123
   0.00114
   0.00106
   0.00413
   0.00090
   0.00086
   0.00070
   0.00073
   0.00072
   0.00071
   0.00071
   0.00068
   0.00066
   0.00065
   0.00064
   0.00064
   0.00064
   0.00064
   0.00063
   0.00063
   0.00062
   0.00060
   0.00059
   0.00058
   0.00058
   0.00059
   0.00060
   0.00062
   0.00062
   0.00062
   0.00063
   0.00064
   0.00064
   0.00061
   0.00058
   0.00054
   0.00051
   0.00048
   0.00041
   0.00040
   0.00041
   0.00041
   0.00042
   0.00043
   0.00044
   0.00045
   0.00046
   0.00046
   0.00047
   0.00047
   0.00047
   0.00046
   0.00045
   0.00045
   0.00044
   0.00043
   0.00042
   0.00042
   0.00041
   0.00041
   0.00041
   0.00041
   0.00040
   0.00040
   0.00039
   0.00038
   0.00038
   0.00037
   0.00037
   0.00038
   0.00038
   0.00039
   0.00040
   0.00040
   0.00040
   0.00040
   0.00040
   0.00038
   0.00036
   0.00034
   0.00034
   0.00031
   0.00511
   0.00333
   0.00249
   0.00199
   0.00164
   0.00142
   0.00124
   0.00111
   0.00101
   0.00094
   0.00088
   0.00082
   0.00078
   0.00074
   0.00071
   0.00068
   0.00066
   0.00064
   0.00062
   0.00062
   0.00061
   0.00061
   0.00061
   0.00060
   0.00060
   0.00061
   0.00061
   0.00063
   0.00064
   0.00065
   0.00066
   0.00066
   0.00065
   0.00065
   0.00066
   0.00068
   0.00070
   0.00069
   0.00068
   0.00252
   0.00228
   0.00207
   0.00191
   0.00177
   0.00162
   0.00150
   0.00139
   0.00129
   0.00120
   0.00115
   0.00110
   0.00106
   0.00101
   0.00098
   0.00096
   0.00094
   0.00093
   0.00092
   0.00091
   0.00089
   0.00087
   0.00085
   0.00083
   0.00081
   0.00080
   0.00079
   0.00080
   0.00082
   0.00083
   0.00085
   0.00086
   0.00088
   0.00087
   0.00087
   0.00089
   0.00091
   0.00095
   0.00098
   0.00098
   0.00078
   0.00094
   0.00079
   0.00077
   0.00076
   0.00075
   0.00075
   0.00074
   0.00073
   0.00073
   0.00072
   0.00072
   0.00072
   0.00071
   0.00071
   0.00070
   0.00069
   0.00068
   0.00068
   0.00067
   0.00067
   0.00067
   0.00067
   0.00067
   0.00066
   0.00066
   0.00064
   0.00063
   0.00061
   0.00060
   0.00059
   0.00059
   0.00059
   0.00060
   0.00062
   0.00064
   0.00066
   0.00066
   0.00067
   0.00067
   0.00068
   0.00070
   0.00072
   0.00075
   0.00075
   0.00061
   0.03324
   0.01024
   0.00587
   0.00400
   0.00308
   0.00247
   0.00207
   0.00175
   0.00153
   0.00139
   0.00128
   0.00118
   0.00109
   0.00101
   0.00095
   0.00088
   0.00084
   0.00078
   0.00075
   0.00071
   0.00068
   0.00065
   0.00063
   0.00062
   0.00063
   0.00064
   0.00065
   0.00067
   0.00068
   0.00068
   0.00068
   0.00070
   0.00076
   0.00083
   0.00090
   0.00090
   0.00072
   0.00054
   0.00056
   0.00057
   0.00057
   0.00058
   0.00058
   0.00058
   0.00058
   0.00058
   0.00058
   0.00058
   0.00057
   0.00057
   0.00057
   0.00057
   0.00057
   0.00057
   0.00057
   0.00057
   0.00057
   0.00056
   0.00055
   0.00053
   0.00052
   0.00051
   0.00051
   0.00051
   0.00052
   0.00053
   0.00054
