   0.62746
   0.62320
   0.61958
   0.61768
   0.61607
   0.61504
   0.61340
   0.61106
   0.60852
   0.60727
   0.60499
   0.60296
   0.60097
   0.59893
   0.59673
   0.59464
   0.59286
   0.59049
   0.58863
   0.58608
   0.58430
   0.58201
   0.57969
   0.57734
   0.57489
   0.56659
   0.56458
   0.56299
   0.55894
   0.55659
   0.55343
   0.55033
   0.54740
   0.54452
   0.54130
   0.53787
   0.53503
   0.53149
   0.52876
   0.52535
   0.52189
   0.51869
   0.51508
   0.51166
   0.50853
   0.50450
   0.50149
   0.49742
   0.49404
   0.48512
   0.48146
   0.47783
   0.47589
   0.47181
   0.46803
   0.46406
   0.46030
   0.45614
   0.45221
   0.44838
   0.44474
   0.44060
   0.43647
   0.43272
   0.42900
   0.42509
   0.42142
   0.41818
   0.41384
   0.41069
   0.40698
   0.40406
   0.40035
   0.39761
   0.39412
   0.39251
   0.39019
   0.38646
   0.38367
   0.38231
   0.38009
   0.37804
   0.37608
   0.37523
   0.37391
   0.38972
   0.37617
   0.36690
   0.36065
   0.35480
   0.34907
   0.34373
   0.33836
   0.33313
   0.32829
   0.32362
   0.31892
   0.31433
   0.30999
   0.30566
   0.30149
   0.29736
   0.29321
   0.28892
   0.28478
   0.28049
   0.27617
   0.27200
   0.26780
   0.26336
   0.25922
   0.25501
   0.25063
   0.24653
   0.24221
   0.23802
   0.23409
   0.22978
   0.22570
   0.22179
   0.21766
   0.21391
   0.21016
   0.20641
   0.20211
   0.19864
   0.19521
   0.19137
   0.18774
   0.18430
   0.18045
   0.17719
   0.17372
   0.17022
   0.16712
   0.16400
   0.16047
   0.15733
   0.15455
   0.15118
   0.14825
   0.14526
   0.14262
   0.13946
   0.13691
   0.13389
   0.13140
   0.12843
   0.12618
   0.12345
   0.12108
   0.11847
   0.11614
   0.11362
   0.11148
   0.10893
   0.10684
   0.10443
   0.10249
   0.10018
   0.09826
   0.09604
   0.09418
   0.09206
   0.09023
   0.08818
   0.08650
   0.08451
   0.08289
   0.08096
   0.07938
   0.07760
   0.07610
   0.07436
   0.07292
   0.07127
   0.06987
   0.06828
   0.06696
   0.06549
   0.06420
   0.06272
   0.06158
   0.06020
   0.05911
   0.05773
   0.05671
   0.05540
   0.05441
   0.05317
   0.05215
   0.05098
   0.04998
   0.04886
   0.04797
   0.04691
   0.04603
   0.04505
   0.04424
   0.04331
   0.04248
   0.04157
   0.04081
   0.03992
   0.03916
   0.03833
   0.03760
   0.03684
   0.03612
   0.03534
   0.03465
   0.03393
   0.03328
   0.03263
   0.03195
   0.03137
   0.03072
   0.03014
   0.02952
   0.02894
   0.02833
   0.02777
   0.02721
   0.02666
   0.02611
   0.02559
   0.02507
   0.02458
   0.02408
   0.02361
   0.02315
   0.02267
   0.02224
   0.02181
   0.02138
   0.02099
   0.02059
   0.02018
   0.01981
   0.01944
   0.01907
   0.01871
   0.01836
   0.01802
   0.01769
   0.01737
   0.01705
   0.01673
   0.01642
   0.01613
   0.01583
   0.01554
   0.01526
   0.01497
   0.01469
   0.01442
   0.01413
   0.01387
   0.01361
   0.01334
   0.01308
   0.01282
   0.01256
   0.01230
   0.01206
   0.01180
   0.01156
   0.01132
   0.01107
   0.01084
   0.01060
   0.01037
   0.01014
   0.00993
   0.00971
   0.00949
   0.00928
   0.00908
   0.00888
   0.00868
   0.00849
   0.00830
   0.00812
   0.00793
   0.00776
   0.00758
   0.00741
   0.00724
   0.00708
   0.00692
   0.00680
   0.00670
   0.00653
   0.00641
   0.00620
   0.00610
   0.00593
   0.00580
   0.00570
   0.00552
   0.00541
   0.00528
   0.00516
   0.00506
   0.00492
   0.00477
   0.00465
   0.00456
   0.00443
   0.00431
   0.00421
   0.00412
   0.00404
   0.00395
   0.00389
   0.00382
   0.00377
   0.00369
   0.00365
   0.00358
   0.00352
   0.00346
   0.00342
   0.00334
   0.00331
   0.00327
   0.00323
   0.00321
   0.00317
   0.00315
   0.00314
   0.00312
   0.00309
   0.00309
   0.00304
   0.00296
   0.00280
   0.00243
   0.00195
   0.00210
   0.00205
   0.00203
   0.00197
   0.00189
   0.00177
   0.00172
   0.00168
   0.00165
   0.00162
   0.00158
   0.00154
   0.00151
   0.00148
   0.00145
   0.00141
   0.00138
   0.00135
   0.00132
   0.00129
   0.00126
   0.00123
   0.00120
   0.00118
   0.00115
   0.00112
   0.00110
   0.00107
   0.00105
   0.00102
   0.00100
   0.00097
   0.00095
   0.00093
   0.00091
   0.00089
   0.00087
   0.00085
   0.00083
   0.00081
   0.00079
   0.00077
   0.00076
   0.00075
   0.00076
   0.00080
   0.00091
   0.00079
   0.00071
   0.00063
   0.00063
   0.00061
   0.00060
   0.00058
   0.00056
   0.00055
   0.00053
   0.00051
   0.00050
   0.00049
   0.00048
   0.00047
   0.00046
   0.00045
   0.00044
   0.00043
   0.00042
   0.00041
   0.00040
   0.00039
   0.00038
   0.00037
   0.00036
   0.00036
   0.00035
   0.00034
   0.00034
   0.00036
   0.00040
   0.00034
   0.00048
   0.00035
   0.00029
   0.00029
   0.00029
   0.00028
   0.00027
   0.00026
   0.00026
   0.00025
   0.00025
   0.00024
   0.00023
   0.00023
   0.00022
   0.00022
   0.00021
   0.00021
   0.00020
   0.00020
   0.00020
   0.00019
   0.00019
   0.00018
   0.00018
   0.00018
   0.00017
   0.00017
   0.00017
   0.00016
   0.00016
   0.00016
   0.00016
   0.00015
   0.00015
   0.00015
   0.00014
   0.00014
   0.00014
   0.00014
   0.00013
   0.00013
   0.00013
   0.00013
   0.00013
   0.00012
   0.00012
   0.00012
   0.00012
   0.00012
   0.00012
   0.00011
   0.00011
   0.00011
   0.00011
   0.00011
   0.00011
   0.00011
   0.00011
   0.00010
   0.00010
   0.00010
   0.00010
   0.00010
   0.00009
   0.00008
   0.00009
   0.00576
   0.24502
   0.06334
   0.01887
   0.00547
   0.00319
   0.00324
   0.00315
   0.00292
   0.00270
   0.00245
   0.00222
   0.00216
   0.00211
   0.00209
   0.00207
   0.00205
   0.00203
   0.00198
   0.00189
   0.00175
   0.00158
   0.00151
   0.00149
   0.00148
   0.00147
   0.00147
   0.00146
   0.00145
   0.00144
   0.00143
   0.00142
   0.00142
   0.00141
   0.00141
   0.00140
   0.00140
   0.00139
   0.00139
   0.00139
   0.00138
   0.00138
   0.00138
   0.00137
   0.00137
   0.00137
   0.00136
   0.00136
   0.00135
   0.00134
   0.00134
   0.00132
   0.00131
   0.00130
   0.00128
   0.00127
   0.00125
   0.00123
   0.00121
   0.00119
   0.00117
   0.00115
   0.00113
   0.00111
   0.00109
   0.00107
   0.00105
   0.00103
   0.00101
   0.00100
   0.00098
   0.00096
   0.00094
   0.00092
   0.00091
   0.00089
   0.00087
   0.00086
   0.00084
   0.00083
   0.00081
   0.00080
   0.00079
   0.00077
   0.00076
   0.00075
   0.00073
   0.00072
   0.00071
   0.00070
   0.00068
   0.00067
   0.00065
   0.00064
   0.00062
   0.00061
   0.00060
   0.00058
   0.00057
   0.00055
   0.00053
   0.00051
   0.00048
   0.00043
   0.00038
   0.00038
   0.00037
   0.00036
   0.00035
   0.00035
   0.00034
   0.00033
   0.00033
   0.00032
   0.00032
   0.00031
   0.00031
   0.00030
   0.00030
   0.00029
   0.00029
   0.00028
   0.00028
   0.00027
   0.00027
   0.00026
   0.00026
   0.00026
   0.00025
   0.00025
   0.00024
   0.00024
   0.00024
   0.00023
   0.00023
   0.00022
   0.00022
   0.00022
   0.00021
   0.00021
   0.00021
   0.00020
   0.00020
   0.00020
   0.00019
   0.00019
   0.00019
   0.00019
   0.00018
   0.00018
   0.00018
   0.00017
   0.00017
   0.00017
   0.00017
   0.00016
   0.00016
   0.00016
   0.00016
   0.00015
   0.00015
   0.00015
   0.00015
   0.00014
   0.00014
   0.00014
   0.00014
   0.00013
   0.00013
   0.00013
   0.00013
   0.00012
   0.00012
   0.00012
   0.00012
   0.00012
   0.00011
   0.00011
   0.00011
   0.00011
   0.00010
   0.00010
   0.00010
   0.00010
   0.00010
   0.00009
   0.00009
   0.00009
   0.00009
   0.00009
   0.00009
   0.00008
   0.00008
   0.00008
   0.00008
   0.00008
   0.00008
   0.00007
   0.00007
   0.00007
   0.00007
   0.00007
   0.00007
   0.00007
   0.00006
   0.00006
   0.00006
   0.00006
   0.00006
   0.00006
   0.00006
   0.00006
   0.00006
   0.00005
   0.00005
   0.00005
   0.00005
   0.00005
   0.00005
   0.00005
   0.00005
   0.00005
   0.00005
   0.00004
   0.00004
   0.00004
   0.00004
   0.00004
   0.00004
   0.00004
   0.00004
   0.00004
   0.00004
   0.00004
   0.00004
   0.00004
   0.00003
   0.00003
   0.00003
   0.00003
   0.00003
   0.00003
   0.00003
   0.00003
   0.00003
   0.00003
   0.00003
   0.00003
   0.00003
   0.00003
   0.00003
   0.00003
   0.00002
   0.00002
   0.00002
   0.00002
   0.00002
   0.00002
   0.00002
   0.00002
   0.00002
   0.00002
   0.00002
   0.00002
   0.00002
   0.00002
   0.00002
   0.00002
   0.00002
   0.00002
   0.00002
   0.00002
   0.00002
   0.00002
   0.00002
   0.00002
   0.00002
   0.00002
   0.00001
   0.00001
   0.00001
   0.00001
   0.00001
   0.00001
   0.00001
   0.00001
   0.00001
   0.00001
   0.00001
   0.00001
   0.00001
   0.00001
   0.00001
   0.00001
   0.00001
   0.00001
   0.00001
   0.00001
   0.00001
   0.00001
   0.00001
   0.00001
   0.00001
   0.00001
   0.00001
   0.00001
   0.00001
   0.00001
   0.00001
   0.00001
   0.00001
   0.00001
   0.00001
   0.00001
   0.00001
   0.00001
   0.00001
   0.00001
   0.00001
   0.00001
   0.00001
   0.00001
   0.00001
   0.00001
   0.00001
   0.00001
   0.00001
   0.00001
   0.00001
   0.00001
   0.00001
   0.00001
   0.00001
   0.00001
   0.00001
   0.00000
   0.00000
   0.00000
   0.00000
   0.00000
   0.00000
   0.00000
   0.00000
   0.00000
   0.00000
   0.00000
   0.00000
   0.00000
   0.00000
   0.00000
   0.00000
   0.00000
   0.00000
   0.00000
   0.00000
   0.00000
   0.00000
   0.00000
   0.00000
   0.00000
   0.00000
   0.00000
   0.00000
   0.00000
   0.00000
   0.00000
   0.00000
   0.00000
   0.00000
   0.00000
   0.00000
   0.00000
   0.00000
   0.00000
   0.00000
   0.00000
   0.00000
   0.00000
   0.00000
   0.00000
   0.00000
   0.00000
   0.00000
   0.00000
   0.00000
   0.00000
   0.00000
   0.00000
   0.00000
   0.00000
   0.00000
   0.00000
   0.00000
   0.00000
   0.00000
   0.00000
   0.00000
   0.00000
   0.00000
   0.00000
   0.00000
   0.00000
   0.00000
   0.00000
   0.00000
   0.00000
   0.00000
   0.00000
   0.00000
   0.00000
   0.00000
   0.00000
   0.00000
   0.00000
   0.00000
   0.00000
   0.00000
   0.00000
   0.00000
   0.00000
   0.00000
   0.00000
   0.00000
   0.00000
   0.00000
   0.00000
   0.00000
   0.00000
   0.00000
   0.00000
   0.00000
   0.00000
   0.00000
   0.00000
   0.00000
   0.00000
   0.00000
   0.00000
   0.00000
   0.00000
   0.00000
   0.00000
   0.00000
   0.00000
   0.00000
   0.00000
   0.00000
   0.00000
   0.00000
   0.00000
   0.00000
   0.00000
   0.00000
   0.00000
   0.00000
   0.00000
   0.00000
   0.00000
   0.00000
   0.00000
   0.00000
   0.00000
   0.00000
   0.00000
   0.00000
   0.00000
   0.00000
   0.00000
   0.00000
   0.00000
   0.00000
   0.00000
   0.00000
   0.00000
   0.00000
   0.00000
   0.00000
   0.00000
   0.00000
   0.00000
   0.00000
   0.00000
   0.00000
   0.00000
   0.00000
   0.00000
   0.00000
   0.00000
   0.00000
   0.00000
   0.00000
   0.00000
   0.00000
   0.00000
   0.00000
   0.00000
   0.00000
   0.00000
   0.00000
   0.00000
   0.00000
   0.00000
   0.00000
   0.00000
   0.00000
   0.00000
   0.00000
   0.00000
   0.00000
   0.00000
   0.00000
   0.00000
   0.00000
   0.00000
