   0.52088
   0.48293
   0.44768
   0.39529
   0.39512
   0.39619
   0.39698
   0.40077
   0.40750
   0.40812
   0.43204
   0.40726
   0.42362
   0.41715
   0.41781
   0.42083
   0.41874
   0.41024
   0.41745
   0.41110
   0.40898
   0.40321
   0.41886
   0.40289
   0.39922
   0.39932
   0.39287
   0.39324
   0.39875
   0.40208
   0.39692
   0.40636
   0.41234
   0.41542
   0.43286
   0.44995
   0.48590
   0.52161
   0.53626
   0.56327
   0.56953
   0.57525
   0.57262
   0.56502
   0.55331
   0.53690
   0.51853
   0.50056
   0.48610
   0.47595
   0.47029
   0.46786
   0.46657
   0.46530
   0.46132
   0.45590
   0.44784
   0.43854
   0.42835
   0.41752
   0.40642
   0.39518
   0.38330
   0.37167
   0.35980
   0.34727
   0.33544
   0.32370
   0.31208
   0.30003
   0.28806
   0.27677
   0.26499
   0.25369
   0.24246
   0.23214
   0.22200
   0.21178
   0.20203
   0.19238
   0.18292
   0.17396
   0.16509
   0.15645
   0.14802
   0.14009
   0.13232
   0.12507
   0.11826
   0.11168
   0.10527
   0.09948
   0.09396
   0.08879
   0.08409
   0.07956
   0.07539
   0.07148
   0.06785
   0.06449
   0.06134
   0.05842
   0.05571
   0.05316
   0.05080
   0.04857
   0.04651
   0.04457
   0.04276
   0.04103
   0.03942
   0.03789
   0.03645
   0.03507
   0.03374
   0.03247
   0.03123
   0.03004
   0.02887
   0.02769
   0.02658
   0.02549
   0.02442
   0.02336
   0.02232
   0.02132
   0.02033
   0.01937
   0.01845
   0.01757
   0.01671
   0.01589
   0.01511
   0.01438
   0.01368
   0.01303
   0.01243
   0.01187
   0.01136
   0.01089
   0.01046
   0.01007
   0.00972
   0.00941
   0.00913
   0.00887
   0.00864
   0.00843
   0.00823
   0.00805
   0.00788
   0.00771
   0.00756
   0.00742
   0.00728
   0.00715
   0.00703
   0.00692
   0.00682
   0.00672
   0.00662
   0.00654
   0.00645
   0.00637
   0.00630
   0.00624
   0.00619
   0.00616
   0.00613
   0.00611
   0.00605
   0.00588
   0.00536
   0.00418
   0.00310
   0.00263
   0.00229
   0.00200
   0.00175
   0.00153
   0.00134
   0.00119
   0.00107
   0.00097
   0.00089
   0.00080
   0.00071
   0.00059
   0.00048
   0.00038
   0.00032
   0.00028
   0.00026
   0.00024
   0.00022
   0.00020
   0.00034
   0.00040
   0.00043
   0.00045
   0.00045
   0.00055
   0.00062
   0.00066
   0.00043
   0.00003
   0.00178
   0.00180
   0.00173
   0.00163
   0.00153
   0.00146
   0.00140
   0.00134
   0.00129
   0.00124
   0.00120
   0.00116
   0.00111
   0.00106
   0.00101
   0.00096
   0.00086
   0.00087
   0.00081
   0.00058
   0.00061
   0.00043
   0.00066
   0.00008
   0.00066
   0.00218
   0.00159
   0.00161
   0.00166
   0.00162
   0.00148
   0.00145
   0.00141
   0.00136
   0.00128
   0.00079
   0.00026
   0.00022
   0.00041
   0.00173
   0.00093
   0.00046
   0.00134
   0.00092
   0.00029
   0.00052
   0.00049
   0.00020
   0.00028
   0.00168
   0.00037
   0.00114
   0.00028
   0.00194
   0.00096
   0.00024
   0.00097
   0.00237
   0.00022
   0.00027
   0.00075
   0.00024
   0.00010
   0.00025
   0.00048
   0.00022
   0.00008
   0.00024
   0.00027
   0.00022
   0.00006
   0.00023
   0.00013
   0.00009
   0.00011
   0.00012
   0.00060
   0.00025
   0.00013
   0.00009
   0.00012
   0.00020
   0.00039
   0.00056
   0.00019
   0.00007
   0.00006
   0.00019
   0.00009
   0.00003
   0.00114
   0.00105
   0.00042
   0.00007
   0.00007
   0.00019
   0.00027
   0.00022
   0.00032
   0.00004
   0.00010
   0.00008
   0.00001
   0.00002
   0.00008
   0.00083
   0.00076
   0.00065
   0.00007
   0.00005
   0.00005
   0.00009
   0.00000
   0.00000
   0.00000
   0.00001
   0.00001
   0.00001
   0.00002
   0.00021
   0.00021
   0.00008
   0.00003
   0.00002
   0.00004
   0.00005
   0.00009
   0.00007
   0.00000
   0.00001
   0.00003
   0.00010
   0.00000
   0.00000
   0.00000
   0.00000
   0.00000
   0.00000
   0.00000
   0.00000
   0.00000
   0.00000
   0.00001
   0.00013
   0.00003
   0.00001
   0.00001
   0.00002
   0.00001
   0.00002
   0.00001
   0.00002
   0.00004
   0.00003
   0.00005
   0.00003
   0.00002
   0.00002
   0.00002
   0.00001
   0.00001
   0.00001
   0.00001
   0.00001
   0.00001
   0.00001
   0.00001
   0.00001
   0.00002
   0.00001
   0.00001
   0.00000
   0.00000
   0.00000
   0.00001
   0.00000
   0.00000
   0.00001
   0.00000
   0.00000
   0.00000
   0.00000
   0.00000
   0.00000
   0.00000
   0.00000
   0.00000
   0.00000
   0.00000
   0.00000
   0.00001
   0.00001
   0.00001
   0.00001
   0.00001
   0.00000
   0.17825
   0.14659
   0.09093
   0.05103
   0.04198
   0.04081
   0.04017
   0.03952
   0.03849
   0.03735
   0.03613
   0.03487
   0.03366
   0.03248
   0.03131
   0.03021
   0.02916
   0.02811
   0.02709
   0.02613
   0.02517
   0.02426
   0.02336
   0.02250
   0.02167
   0.02085
   0.02006
   0.01930
   0.01854
   0.01780
   0.01710
   0.01641
   0.01575
   0.01510
   0.01447
   0.01386
   0.01328
   0.01271
   0.01217
   0.01165
   0.01115
   0.01066
   0.01020
   0.00975
   0.00933
   0.00893
   0.00854
   0.00817
   0.00782
   0.00749
   0.00718
   0.00688
   0.00659
   0.00633
   0.00607
   0.00583
   0.00560
   0.00539
   0.00518
   0.00499
   0.00481
   0.00463
   0.00447
   0.00432
   0.00417
   0.00403
   0.00390
   0.00377
   0.00365
   0.00354
   0.00343
   0.00332
   0.00322
   0.00313
   0.00303
   0.00294
   0.00285
   0.00276
   0.00268
   0.00259
   0.00251
   0.00243
   0.00235
   0.00227
   0.00219
   0.00211
   0.00203
   0.00196
   0.00188
   0.00181
   0.00173
   0.00165
   0.00157
   0.00149
   0.00142
   0.00135
   0.00130
   0.00126
