   0.70407
   0.69665
   0.69473
   0.69176
   0.69168
   0.69026
   0.68811
   0.68643
   0.68449
   0.68297
   0.68104
   0.67895
   0.67723
   0.67525
   0.67340
   0.67139
   0.66960
   0.66745
   0.66544
   0.66350
   0.66141
   0.65927
   0.65711
   0.65499
   0.65275
   0.65052
   0.64822
   0.64599
   0.64354
   0.64125
   0.63880
   0.63639
   0.63395
   0.63141
   0.62892
   0.62631
   0.62384
   0.62123
   0.61864
   0.61598
   0.61341
   0.61076
   0.60805
   0.60541
   0.60272
   0.60003
   0.59740
   0.59470
   0.59201
   0.58942
   0.58678
   0.58410
   0.58149
   0.57886
   0.57620
   0.57363
   0.57098
   0.56834
   0.56582
   0.56327
   0.56067
   0.55808
   0.55561
   0.55306
   0.55054
   0.54805
   0.54555
   0.54304
   0.54062
   0.53816
   0.53580
   0.53340
   0.53103
   0.52870
   0.52639
   0.52411
   0.52186
   0.51964
   0.51750
   0.51536
   0.51327
   0.51126
   0.50927
   0.50738
   0.50551
   0.50372
   0.50198
   0.50037
   0.49884
   0.49738
   0.49601
   0.49481
   0.49368
   0.49265
   0.49180
   0.49114
   0.49064
   0.49024
   0.49011
   0.49019
   0.49058
   0.49107
   0.49177
   0.49266
   0.49378
   0.49444
   0.49557
   0.49673
   0.49790
   0.49916
   0.49939
   0.49917
   0.49833
   0.49683
   0.49480
   0.49220
   0.48937
   0.48629
   0.48318
   0.48003
   0.47704
   0.47395
   0.47110
   0.46817
   0.46534
   0.46264
   0.45994
   0.45711
   0.45454
   0.45191
   0.44940
   0.44660
   0.44440
   0.44106
   0.43901
   0.43845
   0.44022
   0.43230
   0.43394
   0.42898
   0.42598
   0.42243
   0.41870
   0.41554
   0.41195
   0.40892
   0.40540
   0.40258
   0.39907
   0.39614
   0.39280
   0.39001
   0.38666
   0.38377
   0.38055
   0.37751
   0.37450
   0.37160
   0.36838
   0.36568
   0.36247
   0.35949
   0.35669
   0.35371
   0.35078
   0.34774
   0.34516
   0.34200
   0.33930
   0.33631
   0.33341
   0.33089
   0.32775
   0.32526
   0.32216
   0.31962
   0.31667
   0.31383
   0.31188
   0.30829
   0.30626
   0.30321
   0.30039
   0.29782
   0.29501
   0.29292
   0.28946
   0.28731
   0.28472
   0.28212
   0.27917
   0.27698
   0.27382
   0.27185
   0.26894
   0.26635
   0.26393
   0.26130
   0.25900
   0.25616
   0.25444
   0.25120
   0.24950
   0.24607
   0.24435
   0.24126
   0.23971
   0.23602
   0.23489
   0.23165
   0.23018
   0.22625
   0.22558
   0.22207
   0.22115
   0.21672
   0.21563
   0.21382
   0.21049
   0.20687
   0.20578
   0.20206
   0.20132
   0.19796
   0.19677
   0.19335
   0.19192
   0.18856
   0.18703
   0.18432
   0.18270
   0.17965
   0.17797
   0.17516
   0.17348
   0.17046
   0.16872
   0.16603
   0.16386
   0.16154
   0.15928
   0.15683
   0.15469
   0.15265
   0.15047
   0.14814
   0.14610
   0.14419
   0.14171
   0.14031
   0.13746
   0.13492
   0.13284
   0.13046
   0.12855
   0.12594
   0.12409
   0.12149
   0.11935
   0.11728
   0.11480
   0.11281
   0.11086
   0.10797
   0.10648
   0.10391
   0.10183
   0.09949
   0.09730
   0.09517
   0.09300
   0.09120
   0.08882
   0.08691
   0.08442
   0.08327
   0.08101
   0.07859
   0.07716
   0.07389
   0.07324
   0.07027
   0.06945
   0.06658
   0.06588
   0.06374
   0.06218
   0.06040
   0.05912
   0.05698
   0.05535
   0.05390
   0.05279
   0.05144
   0.05008
   0.04887
   0.04757
   0.04645
   0.04544
   0.04449
   0.04354
   0.04270
   0.04183
   0.04111
   0.04045
   0.03975
   0.03914
   0.03862
   0.03813
   0.03759
   0.03717
   0.03668
   0.03629
   0.03590
   0.03549
   0.03543
   0.03469
   0.03478
   0.03411
   0.03360
   0.03333
   0.03288
   0.03266
   0.03225
   0.03199
   0.03193
   0.03123
   0.03152
   0.03061
   0.03092
   0.03009
   0.03041
   0.02958
   0.02986
   0.02957
   0.02880
   0.02914
   0.02856
   0.02898
   0.02799
   0.02848
   0.02778
   0.02829
   0.02741
   0.02798
   0.02714
   0.02738
   0.02724
   0.02699
   0.02712
   0.02686
   0.02684
   0.02676
   0.02666
   0.02671
   0.02651
   0.02638
   0.02636
   0.02620
   0.02596
   0.02609
   0.02546
   0.02598
   0.02490
   0.02524
   0.02444
   0.02383
   0.02422
   0.02190
   0.02430
   0.01970
   0.02769
   0.01692
   0.04637
   0.01741
   0.05385
   0.01842
   0.01913
   0.01546
   0.02520
   0.02262
   0.03296
   0.03167
   0.01616
   0.02736
   0.02984
   0.15028
   0.09647
   0.06094
   0.91942
   0.20259
   0.01441
   0.01856
   0.02531
   0.02772
   0.02906
   0.03020
   0.03124
   0.03222
   0.03312
   0.03385
   0.03443
   0.03479
   0.03499
   0.03503
   0.03491
   0.03469
   0.03442
   0.03411
   0.03373
   0.03338
   0.03295
   0.03258
   0.03217
   0.03176
   0.03135
   0.03095
   0.03052
   0.03009
   0.02968
   0.02924
   0.02884
   0.02843
   0.02801
   0.02761
   0.02721
   0.02682
   0.02643
   0.02603
   0.02566
   0.02526
   0.02487
   0.02453
   0.02417
   0.02379
   0.02346
   0.02311
   0.02276
   0.02244
   0.02212
   0.02178
   0.02148
   0.02116
   0.02084
   0.02055
   0.02027
   0.01997
   0.01969
   0.01941
   0.01913
   0.01888
   0.01861
   0.01834
   0.01810
   0.01786
   0.01761
   0.01736
   0.01713
   0.01691
   0.01667
   0.01646
   0.01624
   0.01602
   0.01582
   0.01562
   0.01541
   0.01521
   0.01503
   0.01484
   0.01464
   0.01447
   0.01429
   0.01410
   0.01394
   0.01377
   0.01360
   0.01343
   0.01328
   0.01311
   0.01295
   0.01281
   0.01266
   0.01250
   0.01236
   0.01222
   0.01208
   0.01193
   0.01181
   0.01166
   0.01153
   0.01140
   0.01128
   0.01114
   0.01101
   0.01091
   0.01078
   0.01066
   0.01053
   0.01044
   0.01030
