   0.59196
   0.58289
   0.57482
   0.56762
   0.56119
   0.55545
   0.55032
   0.54573
   0.54163
   0.53795
   0.53465
   0.53169
   0.52904
   0.52666
   0.52452
   0.52260
   0.52087
   0.51932
   0.51792
   0.51666
   0.51553
   0.51452
   0.51360
   0.51278
   0.51204
   0.51137
   0.51077
   0.51022
   0.50973
   0.50929
   0.50890
   0.50854
   0.50822
   0.50793
   0.50767
   0.50743
   0.50722
   0.50703
   0.50685
   0.50670
   0.50656
   0.50643
   0.50632
   0.50621
   0.50612
   0.50604
   0.50596
   0.50589
   0.50583
   0.50578
   0.50573
   0.50568
   0.50564
   0.50561
   0.50557
   0.50554
   0.50552
   0.50549
   0.50547
   0.50545
   0.50543
   0.50542
   0.50540
   0.50539
   0.50538
   0.50537
   0.50536
   0.50535
   0.50534
   0.50533
   0.50533
   0.50532
   0.50532
   0.50531
   0.50531
   0.50531
   0.50530
   0.50530
   0.50530
   0.50529
   0.50529
   0.50529
   0.50529
   0.50529
   0.50528
   0.50528
   0.50528
   0.50528
   0.50528
   0.50528
   0.50528
   0.50528
   0.50528
   0.50528
   0.50528
   0.50527
   0.50527
   0.50527
   0.50527
   0.50527
   0.50527
   0.50527
   0.50527
   0.50527
   0.50527
   0.50527
   0.50527
   0.50527
   0.50527
   0.50527
   0.50527
   0.50527
   0.50527
   0.50527
   0.50527
   0.50527
   0.50527
   0.50527
   0.50527
   0.50527
   0.50527
   0.50527
   0.50527
   0.50527
   0.50527
   0.50527
   0.50527
   0.50527
   0.50527
   0.50527
   0.50527
   0.50527
   0.50527
   0.50527
   0.50527
   0.50527
   0.50527
   0.50527
   0.50527
   0.50527
   0.50527
   0.50527
   0.50527
   0.50527
   0.50527
   0.50527
   0.50527
   0.50527
   0.50527
   0.50527
   0.50527
   0.50527
   0.50527
   0.50527
   0.50527
   0.50527
   0.50527
   0.50527
   0.50527
   0.50527
   0.50527
   0.50527
   0.50527
   0.50527
   0.50527
   0.50527
   0.50527
   0.50527
   0.50527
   0.50527
   0.50527
   0.50527
   0.50527
   0.50527
   0.50527
   0.50527
   0.50527
   0.50527
   0.50527
   0.50527
   0.50527
   0.50527
   0.50527
   0.50527
   0.50527
   0.50527
   0.50527
   0.50527
   0.50527
   0.50527
   0.50527
   0.50527
   0.50527
   0.50527
   0.50527
   0.50527
   0.50527
   0.50527
   0.50527
   0.50527
   0.50527
   0.50527
   0.50527
   0.50527
   0.50527
   0.50527
   0.50527
   0.50527
   0.50527
   0.50527
   0.50527
   0.50527
   0.50527
   0.50527
   0.50527
   0.50527
   0.50527
   0.50527
   0.50527
   0.50527
   0.50527
   0.50527
   0.50527
   0.50527
   0.50527
   0.50527
   0.50527
   0.50527
   0.50527
   0.50527
   0.50527
   0.50527
   0.50527
   0.50527
   0.50527
   0.50527
   0.50527
   0.50527
   0.50527
   0.50527
   0.50527
   0.50527
   0.50527
   0.50527
   0.50527
   0.50527
   0.50527
   0.50527
   0.50527
   0.50527
   0.50527
   0.50527
   0.50527
   0.50527
   0.50527
   0.50527
   0.50527
   0.50527
   0.50527
   0.50527
   0.50527
   0.50527
   0.50527
   0.50527
   0.50527
   0.50527
   0.50527
   0.50527
   0.50527
   0.50527
   0.50527
   0.50527
   0.50527
   0.50527
   0.50527
   0.50527
   0.50527
   0.50527
   0.50527
   0.50527
   0.50527
   0.50527
   0.50527
   0.50527
   0.50527
   0.50527
   0.50527
   0.50527
   0.50527
   0.50527
   0.50527
   0.50527
   0.50527
   0.50527
   0.50527
   0.50527
   0.50527
   0.50527
   0.50527
   0.50527
   0.50527
   0.50527
   0.50527
   0.50527
   0.50527
   0.50527
   0.50527
   0.50527
   0.50527
   0.50527
   0.50527
   0.50527
   0.50527
   0.50527
   0.50527
   0.50527
   0.50527
   0.50527
   0.50527
   0.50527
   0.50527
   0.50527
   0.50527
   0.50527
   0.50527
   0.50527
   0.50527
   0.50527
   0.50527
   0.50527
   0.50527
   0.50527
   0.50527
   0.50527
   0.50527
   0.50527
   0.50527
   0.50527
   0.50527
   0.50527
   0.50527
   0.50527
   0.50527
   0.50527
   0.50527
   0.50527
   0.50527
   0.50527
   0.50527
   0.50527
   0.50527
   0.50527
   0.50527
   0.50527
   0.50527
   0.50527
   0.50527
   0.50527
   0.50527
   0.50527
   0.50527
   0.50527
   0.50527
   0.50527
   0.50527
   0.50527
   0.50527
   0.50527
   0.50527
   0.50527
   0.50527
   0.50527
   0.50527
   0.50527
   0.50527
   0.50527
   0.50527
   0.50527
   0.50527
   0.50527
   0.50527
   0.50527
   0.50527
   0.50527
   0.50527
   0.50527
   0.50527
   0.50527
   0.50527
   0.50527
   0.50527
   0.50527
   0.50527
   0.50527
   0.50527
   0.50527
   0.50527
   0.50527
   0.50527
   0.50527
   0.50527
   0.50527
   0.50527
   0.50527
   0.50527
   0.50527
   0.50527
   0.50527
   0.50527
   0.50527
   0.50527
   0.50527
   0.50527
   0.50527
   0.50527
   0.50527
   0.50527
   0.50527
   0.50527
   0.50527
   0.50527
   0.50527
   0.50527
   0.50527
   0.50527
   0.50527
   0.50527
   0.50527
   0.50527
   0.50527
   0.50527
   0.50527
   0.50527
   0.50527
   0.50527
   0.50527
   0.50527
   0.50527
   0.50527
   0.50527
   0.50527
   0.50527
   0.50527
   0.50527
   0.50527
   0.50527
   0.50527
   0.50527
   0.50527
   0.50527
   0.50527
   0.50527
   0.50527
   0.50527
   0.50527
   0.50527
   0.50527
   0.50527
   0.50527
   0.50527
   0.50527
   0.50527
   0.50527
   0.50527
   0.50527
   0.50527
   0.50527
   0.50527
   0.50527
   0.50527
   0.50527
   0.50527
   0.50527
   0.50527
   0.50527
   0.50527
   0.50527
   0.50527
   0.50527
   0.50527
   0.50527
   0.50527
   0.50527
   0.50527
   0.50527
   0.50527
   0.50527
   0.50527
   0.50527
   0.50527
   0.50527
   0.50527
   0.50527
   0.50527
   0.50527
   0.50527
   0.50527
   0.50527
   0.50527
   0.50527
   0.50527
   0.50527
   0.50527
   0.50527
   0.50527
   0.50527
   0.50527
   0.50527
   0.50527
   0.50527
   0.50527
   0.50527
   0.50527
   0.50527
   0.50527
   0.50527
   0.50527
   0.50527
   0.50527
   0.50527
   0.50527
   0.50527
   0.50527
   0.50527
   0.50527
   0.50527
   0.50527
   0.50527
   0.50527
   0.50527
   0.50527
   0.50527
   0.50527
   0.50527
   0.50527
   0.50527
   0.50527
   0.50527
   0.50527
   0.50527
   0.50527
   0.50527
   0.50527
   0.50527
   0.50527
   0.50527
   0.50527
   0.50527
   0.50527
   0.50527
   0.50527
   0.50527
   0.50527
   0.50527
   0.50527
   0.50527
   0.50527
   0.50527
   0.50527
   0.50527
   0.50527
   0.50527
   0.50527
   0.50527
   0.50527
   0.50527
   0.50527
   0.50527
   0.50527
   0.50527
   0.50527
   0.50527
   0.50527
   0.50527
   0.50527
   0.50527
   0.50527
   0.50527
   0.50527
   0.50527
   0.50527
   0.50527
   0.50527
   0.50527
   0.50527
   0.50527
   0.50527
   0.50527
   0.50527
   0.50527
   0.50527
   0.50527
   0.50527
   0.50527
   0.50527
   0.50527
   0.50527
   0.50527
   0.50527
   0.50527
   0.50527
   0.50527
   0.50527
   0.50527
   0.50527
   0.50527
   0.50527
   0.50527
   0.50527
   0.50527
   0.50527
   0.50527
   0.50527
   0.50527
   0.50527
   0.50527
   0.50527
   0.50527
   0.50527
   0.50527
   0.50527
   0.50527
   0.50527
   0.50527
   0.50527
   0.50527
   0.50527
   0.50527
   0.50527
   0.50527
   0.50527
   0.50527
   0.50527
   0.50527
   0.50527
   0.50527
   0.50527
   0.50527
   0.50527
   0.50527
   0.50527
   0.50527
   0.50527
   0.50527
   0.50527
   0.50527
   0.50527
   0.50527
   0.50527
   0.50527
   0.50527
   0.50527
   0.50527
   0.50527
   0.50527
   0.50527
   0.50527
   0.50527
   0.50527
   0.50527
   0.50527
   0.50527
   0.50527
   0.50527
   0.50527
   0.50527
   0.50527
   0.50527
   0.50527
   0.50527
   0.50527
   0.50527
   0.50527
   0.50527
   0.50527
   0.50527
   0.50527
   0.50527
   0.50527
   0.50527
   0.50527
   0.50527
   0.50527
   0.50527
   0.50527
   0.50527
   0.50527
   0.50527
   0.50527
   0.50527
   0.50527
   0.50527
   0.50527
   0.50527
   0.50527
   0.50527
   0.50527
   0.50527
   0.50527
   0.50527
   0.50527
   0.50527
   0.50527
   0.50527
   0.50527
   0.50527
   0.50527
   0.50527
   0.50527
   0.50527
   0.50527
   0.50527
   0.50527
   0.50527
   0.50527
   0.50527
   0.50527
   0.50527
   0.50527
   0.50527
   0.50527
   0.50527
   0.50527
   0.50527
   0.50527
   0.50527
   0.50527
   0.50527
   0.50527
   0.50527
   0.50527
   0.50527
   0.50527
   0.50527
   0.50527
   0.50527
   0.50527
   0.50527
   0.50527
   0.50527
   0.50527
   0.50527
   0.50527
   0.50527
   0.50527
   0.50527
   0.50527
   0.50527
   0.50527
   0.50527
   0.50527
   0.50527
   0.50527
   0.50527
   0.50527
   0.50527
   0.50527
   0.50527
   0.50527
   0.50527
   0.50527
   0.50527
   0.50527
   0.50527
   0.50527
   0.50527
   0.50527
   0.50527
   0.50527
   0.50527
   0.50527
   0.50527
   0.50527
   0.50527
   0.50527
   0.50527
   0.50527
   0.50527
   0.50527
   0.50527
   0.50527
   0.50527
   0.50527
   0.50527
   0.50527
   0.50527
   0.50527
   0.50527
   0.50527
   0.50527
   0.50527
   0.50527
   0.50527
   0.50527
   0.50527
   0.50527
   0.50527
   0.50527
   0.50527
   0.50527
   0.50527
   0.50527
   0.50527
   0.50527
   0.50527
   0.50527
   0.50527
   0.50527
   0.50527
   0.50527
   0.50527
   0.50527
   0.50527
   0.50527
   0.50527
   0.50527
   0.50527
   0.50527
   0.50527
   0.50527
   0.50527
   0.50527
   0.50527
   0.50527
   0.50527
   0.50527
   0.50527
   0.50527
   0.50527
   0.50527
   0.50527
   0.50527
   0.50527
   0.50527
   0.50527
   0.50527
   0.50527
   0.50527
   0.50527
   0.50527
   0.50527
   0.50527
   0.50527
   0.50527
   0.50527
   0.50527
   0.50527
   0.50527
   0.50527
   0.50527
   0.50527
   0.50527
   0.50527
   0.50527
   0.50527
   0.50527
   0.50527
   0.50527
   0.50527
   0.50527
   0.50527
   0.50527
   0.50527
   0.50527
   0.50527
   0.50527
   0.50527
   0.50527
   0.50527
   0.50527
   0.50527
   0.50527
   0.50527
   0.50527
   0.50527
   0.50527
   0.50527
   0.50527
   0.50527
   0.50527
   0.50527
   0.50527
   0.50527
   0.50527
   0.50527
   0.50527
   0.50527
   0.50527
   0.50527
   0.50527
   0.50527
   0.50527
   0.50527
   0.50527
   0.50527
   0.50527
   0.50527
   0.50527
   0.50527
   0.50527
   0.50527
   0.50527
   0.50527
   0.50527
   0.50527
   0.50527
   0.50527
   0.50527
   0.50527
   0.50527
   0.50527
   0.50527
   0.50527
   0.50527
   0.50527
   0.50527
   0.50527
   0.50527
   0.50527
   0.50527
   0.50527
   0.50527
   0.50527
   0.50527
   0.50527
   0.50527
   0.50527
   0.50527
   0.50527
   0.50527
   0.50527
   0.50527
   0.50527
   0.50527
   0.50527
   0.50527
   0.50527
   0.50527
   0.50527
   0.50527
   0.50527
   0.50527
   0.50527
   0.50527
   0.50527
   0.50527
   0.50527
   0.50527
   0.50527
   0.50527
   0.50527
   0.50527
   0.50527
   0.50527
   0.50527
   0.50527
   0.50527
   0.50527
   0.50527
   0.50527
   0.50527
   0.50527
   0.50527
   0.50527
   0.50527
   0.50527
   0.50527
   0.50527
   0.50527
   0.50527
   0.50527
   0.50527
   0.50527
   0.50527
   0.50527
   0.50527
   0.50527
   0.50527
   0.50527
   0.50527
   0.50527
   0.50527
   0.50527
   0.50527
   0.50527
   0.50527
   0.50527
   0.50527
   0.50527
   0.50527
   0.50527
   0.50527
   0.50527
   0.50527
   0.50527
   0.50527
   0.50527
   0.50527
   0.50527
   0.50527
