   0.84534
   0.84609
   0.85263
   0.85311
   0.85066
   0.84620
   0.84233
   0.83831
   0.83422
   0.82997
   0.82968
   0.83526
   0.81791
   0.81496
   0.81207
   0.80979
   0.80818
   0.80670
   0.81356
   0.79890
   0.79862
   0.80264
   0.80138
   0.79942
   0.79759
   0.79530
   0.79498
   0.79200
   0.79102
   0.78764
   0.72158
   0.75810
   0.77972
   0.77769
   0.76364
   0.75881
   0.75129
   0.75460
   0.75522
   0.75112
   0.74601
   0.74037
   0.73427
   0.72698
   0.71980
   0.71197
   0.70148
   0.67709
   0.66625
   0.65867
   0.64543
   0.62933
   0.62414
   0.61876
   0.61375
   0.60930
   0.60517
   0.60094
   0.59648
   0.59145
   0.58581
   0.57961
   0.57312
   0.56601
   0.55861
   0.55095
   0.54300
   0.53387
   0.52661
   0.51976
   0.51360
   0.50898
   0.50515
   0.50162
   0.49701
   0.48907
   0.48040
   0.47242
   0.46510
   0.45834
   0.45227
   0.44642
   0.44052
   0.43459
   0.42884
   0.42351
   0.41804
   0.41333
   0.40822
   0.40352
   0.39894
   0.39448
   0.39011
   0.38568
   0.38153
   0.37719
   0.37306
   0.36883
   0.36486
   0.36102
   0.35676
   0.35294
   0.34810
   0.34497
   0.34090
   0.33675
   0.33283
   0.32872
   0.32444
   0.32014
   0.31632
   0.31176
   0.30702
   0.30271
   0.29790
   0.29343
   0.28818
   0.28316
   0.27708
   0.27114
   0.26526
   0.25971
   0.25290
   0.24688
   0.24085
   0.23428
   0.22822
   0.22217
   0.21616
   0.21060
   0.20509
   0.19987
   0.19507
   0.18995
   0.18563
   0.18134
   0.17739
   0.17330
   0.16955
   0.16610
   0.16248
   0.15938
   0.15604
   0.15298
   0.14932
   0.14699
   0.14352
   0.14005
   0.13676
   0.13324
   0.12999
   0.12777
   0.12388
   0.12016
   0.11669
   0.11301
   0.10950
   0.10583
   0.10227
   0.09939
   0.09573
   0.09262
   0.08955
   0.08679
   0.08352
   0.08088
   0.07787
   0.07520
   0.07222
   0.07032
   0.06702
   0.06436
   0.06433
   0.05915
   0.05717
   0.05488
   0.05269
   0.05056
   0.04892
   0.04685
   0.04506
   0.04328
   0.04130
   0.03966
   0.03810
   0.03615
   0.03468
   0.03333
   0.03205
   0.03083
   0.02968
   0.02856
   0.02752
   0.02654
   0.02592
   0.02509
   0.02417
   0.02354
   0.02276
   0.02211
   0.02151
   0.02108
   0.02049
   0.01992
   0.01937
   0.01889
   0.01822
   0.01884
   0.02517
   0.01548
   0.01852
   0.02490
   0.02213
   0.01456
   0.01276
   0.01186
   0.01728
   0.01288
   0.17278
   0.03558
   0.22496
   0.01292
   0.01622
   0.24888
   0.01601
   0.09554
   0.01321
   0.17781
   0.02052
   0.01301
   0.01931
   0.01772
   0.01393
   0.36077
   0.03187
   0.02260
   0.01527
   0.01347
   0.01597
   0.44235
   0.16440
   0.02225
   0.02201
   0.01938
   0.01921
   0.01848
   0.01769
   0.01697
   0.01626
   0.01555
   0.01484
   0.01413
   0.01352
   0.01288
   0.01228
   0.01171
   0.01107
   0.01049
   0.00922
   0.00897
   0.00870
   0.00855
   0.00819
   0.00833
   0.00815
   0.00767
   0.00818
   0.00731
   0.00814
   0.00621
   0.08118
   0.00615
   0.00808
   0.00664
   0.05606
   0.01200
   0.00629
   0.00454
   0.00542
   0.00546
   0.00957
   0.00487
   0.00521
   0.00398
   0.00366
   0.00401
   0.00386
   0.00367
   0.00360
   0.00361
   0.00352
   0.00348
   0.00339
   0.00329
   0.00319
   0.00308
   0.00297
   0.00285
   0.00276
   0.00268
   0.00262
   0.00256
   0.00250
   0.00244
   0.00238
   0.00232
   0.00227
   0.00222
   0.00216
   0.00211
   0.00206
   0.00201
   0.00196
   0.00192
   0.00187
   0.00183
   0.00179
   0.00174
   0.00170
   0.00166
   0.00162
   0.00159
   0.00155
   0.00151
   0.00148
   0.00145
   0.00141
   0.00138
   0.00135
   0.00132
   0.00129
   0.00126
   0.00123
   0.00121
   0.00118
   0.00116
   0.00115
   0.00112
   0.00104
   0.00166
   0.00093
   0.51447
   0.45238
   0.44350
   0.43197
   0.42131
   0.41030
   0.39961
   0.38921
   0.37901
   0.36889
   0.35889
   0.34909
   0.33951
   0.33019
   0.32113
   0.31236
   0.30390
   0.29576
   0.28791
   0.28035
   0.27313
   0.26365
   0.25714
   0.25058
   0.24440
   0.23841
   0.23271
   0.22721
   0.22195
   0.21693
   0.21207
   0.20738
   0.20279
   0.19835
   0.19397
   0.18972
   0.18548
   0.18134
   0.17708
   0.17281
   0.16855
   0.16419
   0.15976
   0.15524
   0.15077
   0.14629
   0.14188
   0.13753
   0.13270
   0.12832
   0.12421
   0.12028
   0.11647
   0.11282
   0.10931
   0.10597
   0.10278
   0.09972
   0.09677
   0.09395
   0.09123
   0.08862
   0.08610
   0.08366
   0.08131
   0.07903
   0.07683
   0.07470
   0.07209
   0.07001
   0.06804
   0.06613
   0.06429
   0.06252
   0.06080
   0.05914
   0.05754
   0.05598
   0.05447
   0.05302
   0.05161
   0.05025
   0.04893
   0.04766
   0.04643
   0.04524
   0.04410
   0.04298
   0.04190
   0.04086
   0.03985
   0.03888
   0.03792
   0.03701
   0.03612
   0.03526
   0.03443
   0.03363
   0.03285
   0.03210
   0.03138
   0.03067
   0.02999
   0.02932
   0.02869
   0.02807
   0.02746
   0.02687
   0.02634
   0.02577
   0.02525
   0.02476
   0.02422
   0.02372
   0.02323
   0.02278
   0.02226
   0.02179
   0.02131
   0.02088
   0.02036
   0.01988
   0.01945
   0.01891
   0.01841
   0.01799
   0.01735
   0.01686
   0.01634
   0.01567
   0.01518
   0.01436
   0.01403
   0.01281
   0.01322
   0.01072
   0.01648
   0.01124
   0.00995
   0.01703
   0.02618
   0.00987
   0.00954
   0.00932
   0.00990
   0.00977
   0.00963
   0.00949
   0.00935
   0.00921
   0.00907
   0.00893
   0.00878
   0.00864
   0.00850
   0.00836
   0.00821
   0.00807
   0.00794
