   0.70527
   0.68749
   0.67333
   0.66621
   0.65674
   0.65074
   0.64541
   0.64219
   0.64588
   0.64566
   0.63606
   0.63085
   0.62805
   0.64403
   0.63851
   0.63609
   0.63406
   0.63510
   0.63380
   0.62691
   0.61586
   0.60266
   0.58803
   0.57137
   0.55527
   0.53945
   0.52206
   0.51249
   0.50338
   0.49489
   0.48687
   0.48021
   0.47185
   0.46650
   0.45998
   0.45436
   0.45066
   0.45138
   0.45651
   0.46145
   0.46142
   0.45624
   0.44990
   0.44315
   0.43462
   0.42513
   0.41367
   0.40305
   0.39279
   0.38707
   0.37756
   0.36758
   0.35714
   0.34795
   0.33745
   0.32678
   0.31663
   0.30529
   0.29354
   0.28444
   0.26855
   0.25674
   0.24714
   0.23311
   0.22352
   0.21199
   0.20026
   0.19073
   0.18256
   0.17255
   0.16551
   0.15780
   0.15157
   0.14554
   0.14021
   0.13466
   0.13010
   0.12390
   0.11979
   0.11455
   0.10896
   0.10281
   0.09768
   0.09251
   0.08736
   0.08257
   0.07814
   0.07394
   0.06992
   0.06596
   0.06268
   0.05926
   0.05610
   0.05356
   0.05151
   0.04907
   0.04678
   0.04436
   0.04149
   0.03814
   0.03380
   0.03191
   0.02824
   0.02790
   0.02940
   0.02951
   0.03399
   0.03115
   0.02578
   0.02210
   0.02180
   0.02403
   0.01879
   0.03844
   0.04306
   0.04251
   0.01374
   0.03888
   0.03584
   0.03415
   0.03401
   0.01187
   0.03056
   0.02824
   0.02646
   0.02432
   0.02313
   0.02182
   0.06651
   0.08823
   0.01451
   0.00882
   0.00706
   0.00685
   0.00703
   0.00681
   0.00657
   0.00722
   0.00692
   0.01217
   0.01277
   0.00844
   0.00622
   0.09956
   0.00978
   0.00681
   0.00564
   0.12470
   0.08263
   0.03276
   0.04829
   0.17389
   0.08250
   0.12355
   0.11075
   0.02539
   0.11737
   0.00686
   0.00272
   0.15818
   1.01713
   0.00959
   0.00399
   0.00301
   0.00425
   0.00699
   0.00181
   0.00175
   0.00509
   0.00392
   0.00713
   0.00770
   0.01462
   0.00222
   0.00563
   0.00505
   0.00470
   0.00565
   0.00504
   0.00180
   0.00446
   0.00228
   0.00403
   0.00408
   0.01600
   0.01446
   0.00106
   0.00113
   0.00421
   0.00524
   0.00353
   0.00213
   0.00475
   0.00453
   0.00138
   0.00630
   0.00412
   0.00376
   0.00354
   0.00350
   0.00115
   0.00437
   0.00121
   0.00373
   0.00350
   0.00353
   0.00311
   0.00144
   0.03016
   0.01331
   0.00747
   0.00723
   0.00595
   0.00497
   0.00426
   0.00413
   0.00581
   0.00319
   0.00311
   0.00209
   0.00269
   0.00279
   0.00255
   0.00203
   0.00294
   0.00286
   0.00245
   0.00220
   0.00207
   0.00190
   0.00690
   0.00459
   0.00366
   0.00307
   0.00284
   0.00261
   0.00233
   0.00230
   0.00214
   0.00345
   0.00160
   0.00142
   0.00411
   0.00305
   0.00273
   0.00236
   0.00214
   0.00198
   0.00184
   0.00173
   0.00165
   0.00162
   0.00215
   0.00137
   0.00131
   0.00125
   0.00119
   0.00116
   0.00110
   0.06427
   0.03849
   0.02643
   0.02405
   0.02328
   0.02268
   0.02232
   0.02200
   0.02186
   0.02195
   0.01953
   0.01694
   0.01661
   0.01312
   0.01130
   0.01126
   0.01119
   0.01114
   0.01109
   0.01059
   0.01043
   0.01003
   0.00955
   0.00882
   0.00844
   0.00774
   0.00725
   0.00602
   0.00589
   0.00555
   0.00530
   0.00492
   0.00465
   0.00425
   0.00417
   0.00385
   0.00363
   0.00338
   0.00324
   0.00297
   0.00285
   0.00268
   0.00260
   0.00237
   0.00234
   0.00213
   0.00208
   0.00193
   0.00189
   0.00177
   0.00170
   0.00158
   0.00154
   0.00144
   0.00140
   0.00130
   0.00126
   0.00117
   0.00112
   0.00104
   0.00100
   0.00092
   0.00089
   0.00084
   0.00078
   0.00075
   0.00072
   0.00066
   0.00064
   0.00061
   0.00059
   0.00054
   0.00051
   0.00044
   0.00039
   0.00042
   0.04213
   0.02301
   0.02164
   0.02159
   0.02061
   0.02346
   0.02529
   0.02674
   0.02758
   0.02831
   0.02906
   0.02961
   0.02969
   0.02945
   0.02873
   0.02704
   0.02482
   0.02232
   0.01959
   0.01652
   0.01318
   0.00976
   0.00680
   0.00518
   0.00467
   0.00438
   0.00408
   0.00383
   0.00360
   0.00338
   0.00320
   0.00304
   0.00285
   0.00270
   0.00255
   0.00239
   0.00224
   0.00208
   0.00192
   0.00175
   0.00158
   0.00141
   0.00125
   0.00107
   0.00097
   0.00085
   0.00077
   0.00070
   0.00049
   0.00087
   0.14942
   0.04320
   0.02602
   0.02205
   0.02076
   0.01951
   0.01887
   0.01832
   0.01774
   0.01709
   0.01506
   0.01415
   0.01349
   0.01305
   0.01256
   0.01212
   0.01166
   0.01119
   0.01073
   0.01029
   0.00979
   0.00938
   0.00897
   0.00851
   0.00812
   0.00775
   0.00739
   0.00703
   0.00672
   0.00643
   0.00608
   0.00574
   0.00541
   0.00508
   0.00473
   0.00436
   0.00400
   0.00361
   0.00327
   0.00292
   0.00264
   0.00239
   0.00221
   0.00210
   0.00208
   0.00239
   0.00216
   0.00434
   0.00124
   0.00685
   0.00159
   0.00144
   0.00134
   0.00126
   0.00121
   0.00119
   0.00122
   0.00140
   0.00208
   0.00211
   0.00240
   0.00655
   0.00217
   0.01242
   0.00312
   0.00340
   0.00373
   0.00362
   0.00339
   0.00312
   0.00290
   0.00287
   0.00289
   0.00294
   0.00319
   0.00394
   0.00293
   0.00285
   0.00283
   0.00286
   0.00299
   0.00314
   0.00327
   0.00342
   0.00350
   0.00382
   0.00362
   0.00353
   0.00332
   0.00177
   0.02667
   0.00271
   0.00279
   0.00281
   0.00281
   0.00294
   0.00250
   0.00231
   0.00238
   0.00282
   0.00206
   0.00223
   0.00226
   0.00227
   0.00227
   0.00224
   0.00236
   0.00210
   0.00201
   0.00193
   0.00304
   0.00186
   0.00188
   0.00189
   0.00191
