   0.80862
   0.83839
   0.84810
   0.83816
   0.83360
   0.82894
   0.82521
   0.82089
   0.81706
   0.81176
   0.80919
   0.80434
   0.80234
   0.80002
   0.79843
   0.79588
   0.79556
   0.79194
   0.78935
   0.78532
   0.78361
   0.78226
   0.78079
   0.77932
   0.77760
   0.77661
   0.77420
   0.77323
   0.77239
   0.76983
   0.76817
   0.76565
   0.75696
   0.75783
   0.75606
   0.75069
   0.74654
   0.74073
   0.73393
   0.72783
   0.72096
   0.71367
   0.70709
   0.69885
   0.69039
   0.68142
   0.65275
   0.64638
   0.63802
   0.63064
   0.62251
   0.61519
   0.60690
   0.60044
   0.59461
   0.59006
   0.58501
   0.58095
   0.57581
   0.57102
   0.56474
   0.55953
   0.55254
   0.54569
   0.53901
   0.53108
   0.52347
   0.51580
   0.50846
   0.50132
   0.49383
   0.48791
   0.48308
   0.47918
   0.47563
   0.47154
   0.46521
   0.45618
   0.44658
   0.43794
   0.42919
   0.42173
   0.41452
   0.40758
   0.40077
   0.39415
   0.38796
   0.38222
   0.37628
   0.37113
   0.36655
   0.36080
   0.35586
   0.35115
   0.34621
   0.34146
   0.33676
   0.33183
   0.32731
   0.32291
   0.31811
   0.31333
   0.30858
   0.30412
   0.29902
   0.29451
   0.28981
   0.28391
   0.27856
   0.27337
   0.26742
   0.26167
   0.25551
   0.24958
   0.24314
   0.23686
   0.23013
   0.22339
   0.21682
   0.21037
   0.20421
   0.19764
   0.19146
   0.18530
   0.17945
   0.17391
   0.16870
   0.16379
   0.15895
   0.15468
   0.15050
   0.14643
   0.14282
   0.13900
   0.13546
   0.13255
   0.12880
   0.12615
   0.12281
   0.12042
   0.11820
   0.11508
   0.11204
   0.10944
   0.10655
   0.10410
   0.10058
   0.09811
   0.09573
   0.09381
   0.09088
   0.08841
   0.08535
   0.08270
   0.08021
   0.07828
   0.07562
   0.07362
   0.07077
   0.06695
   0.06599
   0.06222
   0.06036
   0.05794
   0.05587
   0.05364
   0.05211
   0.05004
   0.04845
   0.04641
   0.04495
   0.04295
   0.04154
   0.03971
   0.03837
   0.03632
   0.03498
   0.03347
   0.03232
   0.03093
   0.02971
   0.02833
   0.02721
   0.02603
   0.02491
   0.02387
   0.02309
   0.02224
   0.02149
   0.02082
   0.02026
   0.01943
   0.01888
   0.01809
   0.01750
   0.01695
   0.01637
   0.01584
   0.01532
   0.01480
   0.01443
   0.01397
   0.01336
   0.01292
   0.01248
   0.01208
   0.01176
   0.01140
   0.01115
   0.01098
   0.01069
   0.01036
   0.01028
   0.00995
   0.00946
   0.00887
   0.00878
   0.00892
   0.00903
   0.01006
   0.01427
   0.00808
   0.00770
   0.00742
   0.01152
   3.99117
   0.02065
   0.01291
   0.01571
   0.01189
   0.01339
   0.01136
   0.01166
   0.01078
   0.01049
   0.01010
   0.00964
   0.00929
   0.00901
   0.00885
   0.00879
   0.00889
   0.00925
   0.01012
   0.01153
   0.01462
   0.00831
   0.16880
   0.01168
   0.13904
   0.01132
   0.01433
   0.14468
   0.01073
   0.12647
   0.01199
   0.04242
   0.22322
   0.01281
   0.02376
   0.01909
   0.01844
   0.01758
   0.01737
   0.01652
   0.01614
   0.01534
   0.01487
   0.01421
   0.01369
   0.01305
   0.01246
   0.01190
   0.01130
   0.01077
   0.01018
   0.00968
   0.00914
   0.00875
   0.00820
   0.00774
   0.00736
   0.00691
   0.00646
   0.00612
   0.00576
   0.00545
   0.00530
   0.00505
   0.00489
   0.00488
   0.00472
   0.00465
   0.00461
   0.00450
   0.00454
   0.00433
   0.00446
   0.00414
   0.00439
   0.00386
   0.00455
   0.00323
   0.00545
   0.00226
   0.02095
   0.00805
   0.00217
   0.00595
   0.00198
   0.00882
   0.00322
   0.00190
   0.00196
   0.00180
   0.00294
   0.00171
   0.00171
   0.00174
   0.00167
   0.00162
   0.00158
   0.00155
   0.00152
   0.00149
   0.00147
   0.00144
   0.00143
   0.00140
   0.00138
   0.00136
   0.00134
   0.00132
   0.00129
   0.00128
   0.00125
   0.00124
   0.00121
   0.00119
   0.00117
   0.00116
   0.00114
   0.00113
   0.00111
   0.00109
   0.00108
   0.00106
   0.00105
   0.00103
   0.00102
   0.00100
   0.00099
   0.00096
   0.00096
   0.00094
   0.00093
   0.00092
   0.00090
   0.00089
   0.00087
   0.00086
   0.00084
   0.00083
   0.00081
   0.00080
   0.00078
   0.00077
   0.00075
   0.00074
   0.00073
   0.00071
   0.00070
   0.00069
   0.00067
   0.00066
   0.00065
   0.00064
   0.00062
   0.00061
   0.00060
   0.00059
   0.00057
   0.00057
   0.00055
   0.00055
   0.00053
   0.00053
   0.00050
   0.00053
   0.00048
   0.00053
   0.00036
   0.04709
   0.01847
   0.01411
   0.01373
   0.01445
   0.01479
   0.01374
   0.01264
   0.01183
   0.01099
   0.01015
   0.00956
   0.00883
   0.00823
   0.00761
   0.00705
   0.00662
   0.00699
   0.00653
   0.00602
   0.00575
   0.00534
   0.00503
   0.00479
   0.00446
   0.00429
   0.00402
   0.00390
   0.00369
   0.00360
   0.00345
   0.00338
   0.00329
   0.00325
   0.00322
   0.00324
   0.00334
   0.00357
   0.00412
   0.00608
   0.01395
   0.00676
   0.01179
   0.00798
   0.01035
   0.00885
   0.00950
   0.00921
   0.00925
   0.00913
   0.00898
   0.00890
   0.00876
   0.00869
   0.00854
   0.00836
   0.00816
   0.00798
   0.00781
   0.00760
   0.00739
   0.00724
   0.00704
   0.00682
   0.00664
   0.00641
   0.00539
   0.00449
   0.00427
   0.00422
   0.00419
   0.00414
   0.00413
   0.00411
   0.00405
   0.00397
   0.00390
   0.00383
   0.00374
   0.00366
   0.00358
   0.00352
   0.00342
   0.00332
   0.00322
   0.00314
   0.00306
   0.00297
   0.00288
   0.00279
   0.00270
   0.00262
   0.00254
   0.00248
   0.00240
   0.00232
   0.00225
   0.00218
   0.00211
   0.00205
   0.00199
   0.00193
   0.00187
   0.00181
   0.00175
   0.00170
   0.00164
   0.00160
