   0.65306
   0.64657
   0.64449
   0.64281
   0.64062
   0.63896
   0.63728
   0.63511
   0.63324
   0.63133
   0.62922
   0.62732
   0.62512
   0.62330
   0.62097
   0.61904
   0.61680
   0.61479
   0.61237
   0.61037
   0.60789
   0.60549
   0.60273
   0.60068
   0.59793
   0.59560
   0.59292
   0.59033
   0.58769
   0.58511
   0.58279
   0.57946
   0.57656
   0.57386
   0.57051
   0.56736
   0.56403
   0.56156
   0.55750
   0.55450
   0.55109
   0.54763
   0.54436
   0.54062
   0.53704
   0.53334
   0.52970
   0.52575
   0.52166
   0.51760
   0.51380
   0.50994
   0.50584
   0.50174
   0.49763
   0.49339
   0.48917
   0.48489
   0.48053
   0.47630
   0.47185
   0.46751
   0.46317
   0.45879
   0.45444
   0.45007
   0.44571
   0.44137
   0.43707
   0.43277
   0.42853
   0.42434
   0.42023
   0.41617
   0.41220
   0.40835
   0.40459
   0.40101
   0.39752
   0.39413
   0.39090
   0.38786
   0.38498
   0.38240
   0.38000
   0.37782
   0.37595
   0.37428
   0.37274
   0.37142
   0.37024
   0.36895
   0.36751
   0.36515
   0.36209
   0.35788
   0.35251
   0.34656
   0.34033
   0.33420
   0.32829
   0.32256
   0.31712
   0.31199
   0.30696
   0.30228
   0.29749
   0.29293
   0.28850
   0.28409
   0.27967
   0.27509
   0.27074
   0.26629
   0.26170
   0.25734
   0.25268
   0.24828
   0.24369
   0.23936
   0.23479
   0.23043
   0.22606
   0.22170
   0.21745
   0.21321
   0.20933
   0.20518
   0.20080
   0.19687
   0.19289
   0.18909
   0.18527
   0.18142
   0.17784
   0.17422
   0.17078
   0.16715
   0.16372
   0.16043
   0.15710
   0.15379
   0.15061
   0.14748
   0.14442
   0.14135
   0.13840
   0.13549
   0.13298
   0.12983
   0.12712
   0.12439
   0.12169
   0.11915
   0.11652
   0.11450
   0.11180
   0.10933
   0.10690
   0.10443
   0.10270
   0.10016
   0.09815
   0.09602
   0.09374
   0.09228
   0.08991
   0.08824
   0.08592
   0.08425
   0.08245
   0.08070
   0.07875
   0.07742
   0.07556
   0.07428
   0.07231
   0.07088
   0.06943
   0.06784
   0.06689
   0.06484
   0.06360
   0.06246
   0.06103
   0.05981
   0.05844
   0.05713
   0.05602
   0.05489
   0.05371
   0.05254
   0.05150
   0.05071
   0.04931
   0.04843
   0.04735
   0.04654
   0.04523
   0.04453
   0.04342
   0.04260
   0.04155
   0.04082
   0.03979
   0.03876
   0.03778
   0.03713
   0.03627
   0.03579
   0.03500
   0.03447
   0.03373
   0.03308
   0.03252
   0.03173
   0.03122
   0.03049
   0.02983
   0.02923
   0.02873
   0.02801
   0.02750
   0.02686
   0.02636
   0.02579
   0.02527
   0.02478
   0.02423
   0.02373
   0.02321
   0.02275
   0.02229
   0.02180
   0.02134
   0.02088
   0.02045
   0.02003
   0.01960
   0.01919
   0.01876
   0.01839
   0.01797
   0.01759
   0.01722
   0.01686
   0.01651
   0.01615
   0.01595
   0.01556
   0.01515
   0.01481
   0.01449
   0.01429
   0.01388
   0.01357
   0.01338
   0.01301
   0.01283
   0.01244
   0.01227
   0.01190
   0.01173
   0.01139
   0.01124
   0.01098
   0.01066
   0.01054
   0.01027
   0.00996
   0.00985
   0.00953
   0.00934
   0.00912
   0.00893
   0.00874
   0.00856
   0.00836
   0.00819
   0.00802
   0.00786
   0.00768
   0.00752
   0.00735
   0.00721
   0.00704
   0.00691
   0.00675
   0.00664
   0.00646
   0.00633
   0.00620
   0.00607
   0.00597
   0.00581
   0.00569
   0.00557
   0.00546
   0.00534
   0.00522
   0.00513
   0.00501
   0.00490
   0.00480
   0.00470
   0.00460
   0.00451
   0.00441
   0.00431
   0.00423
   0.00414
   0.00405
   0.00396
   0.00388
   0.00380
   0.00371
   0.00364
   0.00356
   0.00349
   0.00341
   0.00334
   0.00327
   0.00320
   0.00313
   0.00307
   0.00300
   0.00294
   0.00287
   0.00281
   0.00275
   0.00270
   0.00264
   0.00258
   0.00253
   0.00248
   0.00242
   0.00237
   0.00232
   0.00227
   0.00222
   0.00218
   0.00213
   0.00209
   0.00204
   0.00200
   0.00196
   0.00192
   0.00190
   0.00184
   0.00180
   0.00177
   0.00172
   0.00170
   0.00165
   0.00163
   0.00155
   0.00155
   0.00148
   0.00148
   0.00143
   0.00140
   0.00139
   0.00135
   0.00133
   0.00127
   0.00128
   0.00122
   0.00122
   0.00119
   0.00117
   0.00114
   0.00112
   0.00109
   0.00107
   0.00105
   0.00100
   0.00103
   0.00096
   0.00095
   0.00093
   0.00092
   0.00088
   0.00088
   0.00084
   0.00085
   0.00081
   0.00083
   0.00078
   0.00079
   0.00077
   0.00079
   0.00075
   0.00076
   0.00072
   0.00074
   0.00070
   0.00071
   0.00067
   0.00069
   0.00066
   0.00067
   0.00065
   0.00066
   0.00065
   0.00067
   0.00066
   0.00067
   0.00063
   0.00055
   0.00057
   0.00061
   0.00052
   0.00056
   0.00049
   0.00053
   0.00048
   0.00050
   0.00044
   0.00044
   0.00093
   0.00043
   0.00045
   0.00041
   0.00093
   0.00217
   0.12391
   0.00044
   0.00052
   0.00043
   0.00042
   0.00042
   0.00041
   0.00040
   0.00039
   0.00039
   0.00038
   0.00037
   0.00037
   0.00036
   0.00035
   0.00035
   0.00034
   0.00033
   0.00033
   0.00032
   0.00031
   0.00031
   0.00030
   0.00030
   0.00029
   0.00029
   0.00028
   0.00028
   0.00027
   0.00027
   0.00027
   0.00026
   0.00026
   0.00025
   0.00025
   0.00024
   0.00024
   0.00024
   0.00023
   0.00023
   0.00023
   0.00022
   0.00022
   0.00022
   0.00021
   0.00021
   0.00021
   0.00020
   0.00020
   0.00020
   0.00019
   0.00019
   0.00019
   0.00019
   0.00018
   0.00018
   0.00018
   0.00017
   0.00017
   0.00017
   0.00017
   0.00016
   0.00016
   0.00016
   0.00016
   0.00015
   0.00015
   0.00015
   0.00015
   0.00014
   0.00014
   0.00014
   0.00014
   0.00014
   0.00013
