   0.64428
   0.63157
   0.62015
   0.61590
   0.61873
   0.62371
   0.62949
   0.63031
   0.63086
   0.63050
   0.63015
   0.63028
   0.62951
   0.62607
   0.62709
   0.62676
   0.62376
   0.62968
   0.63056
   0.62879
   0.62662
   0.62735
   0.62535
   0.62462
   0.62363
   0.62184
   0.62121
   0.62056
   0.61866
   0.61223
   0.61108
   0.61096
   0.60695
   0.60437
   0.60266
   0.59985
   0.60047
   0.59598
   0.59325
   0.59291
   0.59943
   0.59399
   0.59100
   0.58795
   0.58354
   0.57747
   0.57186
   0.56894
   0.56908
   0.57109
   0.57145
   0.56676
   0.55755
   0.54146
   0.52508
   0.50776
   0.49266
   0.47975
   0.46772
   0.45835
   0.44953
   0.44134
   0.43364
   0.42678
   0.41865
   0.41176
   0.40488
   0.39811
   0.39223
   0.38523
   0.37908
   0.37290
   0.36605
   0.35991
   0.35304
   0.34749
   0.34108
   0.33461
   0.32861
   0.32295
   0.31688
   0.31215
   0.30551
   0.30083
   0.29545
   0.29081
   0.28582
   0.28187
   0.27615
   0.27167
   0.26612
   0.26152
   0.25507
   0.25154
   0.24613
   0.24263
   0.23567
   0.23061
   0.22682
   0.22179
   0.21429
   0.20927
   0.20629
   0.20111
   0.19330
   0.18824
   0.18230
   0.17872
   0.16991
   0.16534
   0.15981
   0.15098
   0.14450
   0.13794
   0.13135
   0.12501
   0.11811
   0.11192
   0.10503
   0.09876
   0.09298
   0.08684
   0.08139
   0.07628
   0.07180
   0.06732
   0.06351
   0.05993
   0.05672
   0.05398
   0.05157
   0.04949
   0.04762
   0.04596
   0.04451
   0.04318
   0.04196
   0.04075
   0.03958
   0.03836
   0.03712
   0.03617
   0.03504
   0.03375
   0.03259
   0.03130
   0.03009
   0.02886
   0.02769
   0.02646
   0.02544
   0.02427
   0.02322
   0.02220
   0.02145
   0.02049
   0.01963
   0.01919
   0.01849
   0.01843
   0.01881
   0.01917
   0.02051
   0.02188
   0.02385
   0.02509
   0.02354
   0.01466
   0.00782
   0.00526
   0.00495
   0.00539
   0.00592
   0.00656
   0.00685
   0.00828
   0.01754
   0.00558
   0.01695
   0.01318
   0.01284
   0.01499
   0.05811
   0.09453
   0.09171
   0.11099
   0.00327
   0.00365
   0.00280
   0.00214
   0.00191
   0.00178
   0.00171
   0.05449
   0.05697
   0.05977
   0.00141
   0.00139
   0.00138
   0.00212
   0.00136
   0.03760
   0.00253
   0.00251
   0.00260
   0.00253
   0.00241
   0.00247
   0.00272
   0.00336
   0.00179
   0.00237
   0.00153
   0.00213
   0.00095
   0.00142
   0.00171
   0.00125
   0.00145
   0.00104
   0.00156
   0.00098
   0.00113
   0.00115
   0.00194
   0.00092
   0.00089
   0.00084
   0.00078
   0.00074
   0.00096
   0.00065
   0.00089
   0.00044
   0.02862
   0.00119
   0.00114
   0.00110
   0.00096
   0.00045
   0.00075
   0.00044
   0.00078
   0.00030
   0.00072
   0.00025
   0.00064
   0.05353
   0.00049
   0.00038
   0.00064
   0.00052
   0.00039
   0.09030
   0.00103
   0.00092
   0.00092
   0.00088
   0.00083
   0.00077
   0.00071
   0.00066
   0.00062
   0.00059
   0.00056
   0.00053
   0.00050
   0.00044
   0.00086
   0.00044
   0.00260
   0.00100
   0.00076
   0.00072
   0.00070
   0.00067
   0.00066
   0.00066
   0.00068
   0.00070
   0.00071
   0.00070
   0.00067
   0.00063
   0.00059
   0.00054
   0.00050
   0.00047
   0.00045
   0.00043
   0.00041
   0.00039
   0.00038
   0.00035
   0.00028
   0.00030
   0.00022
   0.00092
   0.00039
   0.00046
   0.00045
   0.00045
   0.00045
   0.00045
   0.00045
   0.00045
   0.00047
   0.00048
   0.00050
   0.00052
   0.00052
   0.00051
   0.00049
   0.00046
   0.00042
   0.00039
   0.00036
   0.00033
   0.00032
   0.00031
   0.00029
   0.00029
   0.00027
   0.00025
   0.00023
   0.00021
   0.00019
   0.00018
   0.00018
   0.00017
   0.00015
   0.00013
   0.00012
   0.26012
   0.00696
   0.00454
   0.00342
   0.00270
   0.00133
   0.00110
   0.00100
   0.00088
   0.00080
   0.00074
   0.00069
   0.00064
   0.00063
   0.00055
   0.00055
   0.00050
   0.00048
   0.00047
   0.00068
   0.00031
   0.00043
   0.00043
   0.00056
   0.00037
   0.00038
   0.00024
   0.00106
   0.01077
   0.00601
   0.00409
   0.00310
   0.00252
   0.00216
   0.00191
   0.00173
   0.00158
   0.00147
   0.00137
   0.00129
   0.00121
   0.00115
   0.00109
   0.00105
   0.00101
   0.00094
   0.00083
   0.00074
   0.00069
   0.00063
   0.00058
   0.00054
   0.00051
   0.00048
   0.00046
   0.00044
   0.00043
   0.00041
   0.00039
   0.00038
   0.00036
   0.00035
   0.00034
   0.00033
   0.00032
   0.00032
   0.00034
   0.00034
   0.00031
   0.00024
   0.05339
   0.01695
   0.01190
   0.00967
   0.00812
   0.00614
   0.00490
   0.00431
   0.00399
   0.00382
   0.00370
   0.00357
   0.00332
   0.00282
   0.00246
   0.00225
   0.00195
   0.00159
   0.00126
   0.00107
   0.00094
   0.00071
   0.00066
   0.00063
   0.00061
   0.00059
   0.00057
   0.00056
   0.00055
   0.00054
   0.00052
   0.00049
   0.00046
   0.00042
   0.00037
   0.00042
   0.00054
   0.00034
   0.00092
   0.00080
   0.00070
   0.00062
   0.00025
   0.00048
   0.00024
   0.00029
   0.00021
   0.00023
   0.00019
   0.00025
   0.00024
   0.00022
   0.00020
   0.00019
   0.00018
   0.00017
   0.00016
   0.00015
   0.00014
   0.00013
   0.00012
   0.00011
   0.00011
   0.00010
   0.00010
   0.00009
   0.00009
   0.00008
   0.00008
   0.00007
   0.00007
   0.00006
   0.00006
   0.00006
   0.00005
   0.00005
   0.00005
   0.00004
   0.00004
   0.00004
   0.00004
   0.00004
   0.00003
   0.00003
   0.00003
   0.00003
   0.00003
   0.00003
   0.00003
   0.00002
   0.00002
   0.00002
   0.00002
   0.00002
   0.00002
   0.00003
   0.00001
