   0.63633
   0.63574
   0.63511
   0.63423
   0.63807
   0.63295
   0.63161
   0.63000
   0.63004
   0.63000
   0.62998
   0.63003
   0.62977
   0.62963
   0.62947
   0.62928
   0.62911
   0.62873
   0.62754
   0.62751
   0.62721
   0.62680
   0.62642
   0.62607
   0.62566
   0.62520
   0.62458
   0.62566
   0.62388
   0.62317
   0.62279
   0.62314
   0.62201
   0.62079
   0.62028
   0.61981
   0.61914
   0.61907
   0.61819
   0.61787
   0.61719
   0.61721
   0.61694
   0.61594
   0.61451
   0.61370
   0.61209
   0.60874
   0.60648
   0.59621
   0.59627
   0.59248
   0.58782
   0.58295
   0.57807
   0.57355
   0.56911
   0.56502
   0.56150
   0.55875
   0.55667
   0.55494
   0.55256
   0.54806
   0.54126
   0.53395
   0.52777
   0.52299
   0.51932
   0.51604
   0.51184
   0.50620
   0.49928
   0.49098
   0.48190
   0.47272
   0.46364
   0.45475
   0.44662
   0.43884
   0.42724
   0.42127
   0.41466
   0.40819
   0.40188
   0.39568
   0.38960
   0.38367
   0.37778
   0.37199
   0.36627
   0.36064
   0.35507
   0.34958
   0.34414
   0.33877
   0.33343
   0.32818
   0.32293
   0.31773
   0.31262
   0.30750
   0.30245
   0.29783
   0.29245
   0.28749
   0.28257
   0.27819
   0.27281
   0.26796
   0.26331
   0.25851
   0.25372
   0.24898
   0.24465
   0.23950
   0.23525
   0.23052
   0.22582
   0.22111
   0.21635
   0.21092
   0.20698
   0.20159
   0.19695
   0.19238
   0.18779
   0.18178
   0.17729
   0.17289
   0.16887
   0.16429
   0.16039
   0.15629
   0.15228
   0.14840
   0.14448
   0.14086
   0.13727
   0.13385
   0.13025
   0.12766
   0.12466
   0.12164
   0.11898
   0.11628
   0.11420
   0.11175
   0.10929
   0.10719
   0.10508
   0.10317
   0.10136
   0.09950
   0.09777
   0.09591
   0.09422
   0.09253
   0.09020
   0.08909
   0.08662
   0.08470
   0.08272
   0.08073
   0.07863
   0.07626
   0.07415
   0.07185
   0.06916
   0.06676
   0.06431
   0.06186
   0.05909
   0.05659
   0.05419
   0.05173
   0.04932
   0.04686
   0.04454
   0.04218
   0.03998
   0.03786
   0.03576
   0.03361
   0.03186
   0.03000
   0.02828
   0.02664
   0.02508
   0.02363
   0.02225
   0.02097
   0.01990
   0.01863
   0.01768
   0.01657
   0.01569
   0.01487
   0.01411
   0.01341
   0.01274
   0.01216
   0.01151
   0.01096
   0.01044
   0.00996
   0.00898
   0.00925
   0.00848
   0.00843
   0.00757
   0.00738
   0.00703
   0.00672
   0.00688
   0.00682
   0.00689
   0.00721
   0.00752
   0.00845
   0.00929
   0.00875
   0.00863
   0.00703
   0.00493
   0.00339
   0.00270
   0.00356
   0.00696
   0.01204
   0.01263
   0.01001
   0.00338
   0.00210
   0.00201
   0.00168
   0.00157
   0.00244
   0.00185
   0.00146
   0.00195
   0.00237
   0.00203
   0.00207
   0.00191
   0.00183
   0.00181
   0.00168
   0.00151
   0.00122
   0.00418
   0.02350
   0.00500
   0.00124
   0.00123
   0.00121
   0.00076
   0.00234
   0.00111
   0.00101
   0.00107
   0.00056
   0.00706
   0.00076
   0.00074
   0.00084
   0.00107
   0.00078
   0.00055
   0.02990
   0.00158
   0.00149
   0.00137
   0.00105
   0.00147
   0.00130
   0.00133
   0.00120
   0.00049
   0.00492
   0.00139
   0.00130
   0.00127
   0.00117
   0.00101
   0.00058
   0.00055
   0.00105
   0.00101
   0.00088
   0.00075
   0.00149
   0.00086
   0.00078
   0.00071
   0.00053
   0.11986
   0.00081
   0.00085
   0.00079
   0.00066
   0.00061
   0.00056
   0.00038
   0.00033
   0.00035
   0.00043
   0.00040
   0.00038
   0.00103
   0.00079
   0.00081
   0.00077
   0.00072
   0.00067
   0.00063
   0.00056
   0.00026
   0.00060
   0.00034
   0.00015
   0.00043
   0.00014
   0.00040
   0.00254
   0.00039
   0.00012
   0.00019
   0.00037
   0.00042
   0.00038
   0.00036
   0.00010
   0.00010
   0.00037
   0.00035
   0.00034
   0.00010
   0.00032
   0.00009
   0.00030
   0.00009
   0.00008
   0.00039
   0.00038
   0.00036
   0.00035
   0.00035
   0.00034
   0.00034
   0.00033
   0.00032
   0.00030
   0.00028
   0.00026
   0.00028
   0.00041
   0.00067
   0.00061
   0.00058
   0.00052
   0.00047
   0.00049
   0.00043
   0.00039
   0.00035
   0.00033
   0.00032
   0.00030
   0.00029
   0.00028
   0.00027
   0.00026
   0.00024
   0.00023
   0.00024
   0.00006
   0.00089
   0.00023
   0.00022
   0.00023
   0.00024
   0.00026
   0.00027
   0.00028
   0.00029
   0.00030
   0.00029
   0.00027
   0.00026
   0.00024
   0.00023
   0.00023
   0.00024
   0.00028
   0.00037
   0.00046
   0.00042
   0.00041
   0.00038
   0.00036
   0.00034
   0.00031
   0.00028
   0.00025
   0.00023
   0.00022
   0.00021
   0.00020
   0.00019
   0.00019
   0.00005
   0.00068
   0.00022
   0.00016
   0.00016
   0.00016
   0.00016
   0.00017
   0.00017
   0.00018
   0.00019
   0.00020
   0.00021
   0.00022
   0.00022
   0.00021
   0.00020
   0.00018
   0.00017
   0.00017
   0.00016
   0.00017
   0.00018
   0.00020
   0.00024
   0.00025
   0.00025
   0.00024
   0.00023
   0.00022
   0.00020
   0.00018
   0.00016
   0.00015
   0.00014
   0.00013
   0.00013
   0.00012
   0.00013
   0.00004
   0.00131
   0.00094
   0.00083
   0.00080
   0.00078
   0.00077
   0.00076
   0.00076
   0.00074
   0.00072
   0.00069
   0.00066
   0.00064
   0.00061
   0.00060
   0.00061
   0.00064
   0.00069
   0.00077
   0.00085
   0.00089
   0.00091
   0.00091
   0.00089
   0.00088
   0.00086
   0.00077
   0.00075
   0.00072
   0.00069
   0.00064
   0.00060
   0.00055
   0.00052
   0.00052
   0.00048
   0.00047
   0.00043
   0.00023
   0.00016
   0.00014
   0.00015
   0.00015
   0.00014
   0.00014
   0.00014
   0.00014
   0.00014
   0.00014
   0.00014
   0.00015
   0.00015
   0.00021
   0.00021
   0.00015
   0.00070
   0.00094
   0.00061
   0.00059
   0.00058
   0.00058
   0.00059
   0.00060
   0.00060
   0.00061
   0.00062
   0.00062
   0.00062
   0.00062
   0.00062
   0.00062
   0.00062
   0.00061
   0.00061
   0.00059
   0.00055
   0.00051
   0.00046
   0.00043
   0.00039
   0.00038
   0.00036
   0.00035
   0.00034
   0.00033
   0.00033
   0.00034
   0.00038
   0.00044
   0.00048
   0.00049
   0.00048
   0.00046
   0.00044
   0.00042
   0.00039
   0.00036
   0.00034
   0.00031
   0.00029
   0.00027
   0.00025
   0.00024
   0.00023
   0.00023
   0.00021
   0.00020
   0.00016
   0.00006
   0.00006
   0.00006
   0.00007
   0.00008
   0.00008
   0.00008
   0.00008
   0.00008
   0.00008
   0.00008
   0.00008
   0.00008
   0.00009
   0.00010
   0.00011
   0.00025
   0.00006
   0.00009
   0.00016
   0.05624
   0.03795
   0.03404
   0.03120
   0.02725
   0.02466
   0.02160
   0.01931
   0.01760
   0.01595
   0.01658
   0.01557
   0.01549
   0.01610
   0.01702
   0.01821
   0.01958
   0.02070
   0.02175
   0.02264
   0.02328
   0.02347
   0.02289
   0.02152
   0.01970
   0.01790
   0.01624
   0.01480
   0.01350
   0.01235
   0.01132
   0.01039
   0.00956
   0.00881
   0.00814
   0.00753
   0.00697
   0.00647
   0.00601
   0.00560
   0.00522
   0.00488
   0.00457
   0.00430
   0.00406
   0.00384
   0.00365
   0.00347
   0.00331
   0.00316
   0.00303
   0.00290
   0.00278
   0.00267
   0.00256
   0.00245
   0.00234
   0.00224
   0.00214
   0.00204
   0.00195
   0.00185
   0.00176
   0.00167
   0.00159
   0.00151
   0.00144
   0.00137
   0.00131
   0.00124
   0.00119
   0.00112
   0.00107
   0.00101
   0.00096
   0.00091
   0.00086
   0.00082
   0.00077
   0.00073
   0.00069
   0.00065
   0.00061
   0.00058
   0.00054
   0.00051
   0.00048
   0.00045
   0.00043
   0.00040
   0.00038
   0.00036
   0.00034
   0.00032
   0.00030
   0.00028
   0.00026
   0.00024
   0.00023
   0.00021
   0.00019
   0.00018
   0.00016
   0.00013
   0.00009
   0.00012
   0.00008
   0.00009
   0.00007
   0.00007
   0.00007
   0.00007
   0.00007
   0.00008
   0.00008
   0.00008
   0.00008
   0.00009
   0.00009
   0.00010
   0.00010
   0.00011
   0.00011
   0.00011
   0.00012
   0.00012
   0.00012
   0.00011
   0.00011
   0.00010
   0.00011
   0.00011
   0.00013
   0.00014
   0.00016
   0.00019
   0.00021
   0.00022
   0.00023
   0.00024
   0.00024
   0.00018
   0.00020
   0.00018
   0.00016
   0.00015
   0.00015
   0.00014
   0.00013
   0.00011
   0.00011
   0.00011
   0.00009
   0.00010
   0.00009
   0.00009
   0.00008
   0.00108
   0.00007
   0.00003
   0.00003
   0.00004
   0.00004
   0.00004
   0.00004
   0.00004
   0.00004
   0.00004
   0.00004
   0.00004
   0.00004
   0.00004
   0.00004
   0.00004
   0.00004
   0.00004
   0.00005
   0.00005
   0.00005
   0.00005
   0.00005
   0.00005
   0.00004
   0.00004
   0.00004
   0.00004
   0.00004
   0.00004
   0.00004
   0.00004
   0.00004
   0.00005
   0.00005
   0.00005
   0.00005
   0.00005
   0.00005
   0.00005
   0.00004
   0.00004
   0.00004
   0.00004
   0.00004
   0.00004
   0.00005
   0.00005
   0.00006
   0.00006
   0.00007
   0.00007
   0.00007
   0.00007
   0.00007
   0.00008
   0.00007
   0.00007
   0.00007
   0.00006
   0.00006
   0.00005
   0.00005
   0.00005
   0.00004
   0.00003
   0.00001
   0.00952
   0.00616
   0.00366
   0.00248
   0.00201
   0.00175
   0.00151
   0.00131
   0.00115
   0.00102
   0.00091
   0.00082
   0.00074
   0.00068
   0.00063
   0.00057
   0.00052
   0.00048
   0.00044
   0.00041
   0.00039
   0.00037
   0.00036
   0.00034
   0.00034
   0.00033
   0.00032
   0.00031
   0.00031
   0.00031
   0.00032
   0.00032
   0.00032
   0.00032
   0.00031
   0.00029
   0.00028
   0.00027
   0.00026
   0.00025
   0.00024
   0.00022
   0.00021
   0.00019
   0.00017
   0.00017
   0.00016
   0.00016
   0.00014
   0.00013
   0.00012
   0.00011
   0.00010
   0.00009
   0.00008
   0.00008
   0.00007
   0.00007
   0.00007
   0.00007
   0.00006
   0.00006
   0.00006
   0.00006
   0.00006
   0.00008
   0.00008
   0.00008
   0.00008
   0.00013
   0.00016
   0.00012
   0.00014
   0.00019
   0.00018
   0.00016
   0.00306
   0.00558
   0.00340
   0.00278
   0.00232
   0.00197
   0.00167
   0.00145
   0.00130
   0.00119
   0.00112
   0.00108
   0.00103
   0.00097
   0.00090
   0.00083
   0.00076
   0.00072
   0.00068
   0.00064
   0.00060
   0.00057
   0.00054
   0.00051
   0.00049
   0.00046
   0.00044
   0.00043
   0.00041
   0.00040
   0.00038
   0.00037
   0.00037
   0.00036
   0.00035
   0.00034
   0.00033
   0.00032
   0.00031
   0.00030
   0.00030
   0.00029
   0.00029
   0.00027
   0.00025
   0.00024
   0.00023
   0.00022
   0.00022
   0.00022
   0.00023
   0.00030
   0.00035
   0.00034
   0.00027
   0.00030
   0.00022
   0.00022
   0.00022
   0.00023
   0.00023
   0.00023
   0.00024
   0.00024
   0.00025
   0.00025
   0.00026
   0.00026
   0.00026
   0.00026
   0.00026
   0.00026
   0.00025
   0.00025
   0.00024
   0.00024
   0.00024
   0.00023
   0.00024
   0.00024
   0.00025
   0.00026
   0.00029
   0.00032
   0.00036
   0.00037
   0.00035
   0.00033
   0.00031
   0.00029
   0.00028
   0.00026
   0.00025
   0.00023
   0.00022
   0.00021
   0.00020
   0.00019
   0.00019
   0.00018
   0.00017
   0.00017
   0.00016
   0.00016
   0.00016
   0.00015
   0.00014
   0.00014
   0.00014
   0.00013
   0.00010
   0.00010
   0.00010
   0.00009
   0.00009
   0.00009
   0.00009
   0.00008
   0.00008
   0.00008
