   0.81169
   0.76502
   0.76308
   0.74581
   0.74246
   0.72667
   0.72750
   0.72453
   0.72109
   0.71809
   0.71591
   0.71378
   0.71232
   0.70964
   0.71367
   0.70976
   0.70437
   0.70223
   0.70109
   0.70037
   0.69991
   0.69925
   0.69873
   0.69810
   0.69771
   0.69759
   0.71277
   0.71333
   0.71243
   0.72133
   0.71751
   0.71878
   0.71888
   0.71848
   0.71963
   0.72120
   0.72296
   0.72549
   0.72809
   0.73034
   0.73252
   0.73491
   0.73731
   0.73840
   0.73954
   0.73993
   0.73904
   0.73733
   0.73392
   0.73061
   0.72489
   0.71906
   0.71063
   0.70265
   0.69327
   0.68266
   0.67331
   0.66167
   0.65219
   0.64227
   0.63352
   0.62488
   0.61748
   0.61058
   0.59857
   0.59199
   0.58394
   0.57476
   0.56550
   0.55595
   0.54672
   0.53815
   0.53031
   0.52344
   0.51723
   0.51099
   0.50415
   0.49675
   0.48920
   0.48171
   0.47435
   0.46716
   0.45983
   0.45316
   0.44591
   0.43913
   0.43242
   0.42591
   0.41957
   0.41338
   0.40727
   0.40136
   0.39550
   0.38932
   0.38412
   0.37846
   0.37298
   0.36830
   0.36319
   0.35806
   0.35302
   0.34803
   0.34309
   0.33820
   0.33342
   0.32865
   0.32380
   0.31926
   0.31452
   0.30982
   0.30499
   0.30035
   0.29533
   0.29052
   0.28543
   0.28047
   0.27538
   0.27027
   0.26515
   0.26017
   0.25526
   0.25046
   0.24577
   0.24123
   0.23684
   0.23261
   0.22853
   0.22462
   0.22088
   0.21722
   0.21383
   0.21052
   0.20730
   0.20439
   0.20149
   0.19855
   0.19592
   0.19330
   0.19068
   0.18825
   0.18591
   0.18359
   0.18115
   0.17903
   0.17670
   0.17462
   0.17228
   0.17026
   0.16810
   0.16619
   0.16422
   0.16151
   0.15958
   0.15765
   0.15512
   0.15335
   0.15118
   0.14887
   0.14662
   0.14427
   0.14228
   0.13936
   0.13697
   0.13432
   0.13265
   0.12972
   0.12932
   0.12699
   0.12472
   0.12229
   0.12008
   0.11774
   0.11471
   0.11349
   0.11070
   0.10925
   0.10633
   0.10439
   0.10263
   0.10062
   0.09885
   0.09750
   0.09520
   0.09451
   0.09200
   0.09128
   0.08845
   0.08665
   0.08380
   0.08269
   0.08134
   0.08008
   0.07881
   0.07764
   0.07773
   0.07815
   0.07719
   0.07611
   0.07481
   0.07460
   0.07220
   0.07080
   0.07016
   0.06884
   0.06827
   0.06693
   0.06602
   0.06503
   0.06272
   0.06263
   0.06182
   0.06069
   0.05962
   0.05841
   0.05529
   0.05541
   0.05413
   0.05276
   0.04910
   0.05033
   0.04473
   0.04417
   0.04084
   0.04107
   0.03761
   0.03783
   0.03487
   0.03451
   0.03149
   0.03160
   0.02873
   0.02873
   0.02579
   0.02598
   0.02337
   0.02386
   0.02124
   0.02207
   0.01867
   0.02143
   0.01550
   0.02041
   0.01417
   0.01714
   0.01598
   0.01446
   0.01425
   0.01276
   0.01209
   0.01094
   0.01015
   0.00911
   0.00744
   0.00765
   0.00765
   0.00809
   0.01788
   0.00638
   0.00661
   0.00706
   0.00735
   0.00732
   0.00759
   0.00746
   0.00717
   0.00689
   0.00682
   0.00625
   0.00614
   0.00602
   0.00562
   0.00562
   0.00547
   0.00528
   0.00542
   0.00510
   0.00525
   0.00505
   0.00515
   0.00508
   0.00519
   0.00515
   0.00528
   0.00520
   0.00534
   0.00522
   0.00539
   0.00523
   0.00542
   0.00521
   0.00544
   0.00518
   0.00540
   0.00515
   0.00536
   0.00508
   0.00528
   0.00499
   0.00518
   0.00486
   0.00505
   0.00471
   0.00477
   0.00460
   0.00457
   0.00443
   0.00437
   0.00431
   0.00415
   0.00409
   0.00395
   0.00390
   0.00382
   0.00370
   0.00367
   0.00360
   0.00349
   0.00343
   0.00336
   0.00323
   0.00319
   0.00315
   0.00303
   0.00297
   0.00289
   0.00280
   0.00275
   0.00270
   0.00259
   0.00255
   0.00250
   0.00240
   0.00236
   0.00230
   0.00223
   0.00218
   0.00214
   0.00205
   0.00203
   0.00197
   0.00192
   0.00186
   0.00184
   0.00175
   0.00174
   0.00168
   0.00166
   0.00157
   0.00159
   0.00147
   0.00151
   0.00142
   0.00145
   0.00137
   0.00140
   0.00131
   0.00123
   0.00129
   6.98220
   0.06837
   0.02481
   0.02218
   0.01462
   0.01300
   0.01140
   0.01044
   0.00972
   0.00919
   0.00848
   0.00773
   0.00718
   0.00677
   0.00637
   0.00614
   0.00600
   0.00637
   0.00939
   0.00276
   0.00655
   0.00263
   0.00688
   0.00251
   0.00748
   0.00249
   0.00831
   0.00248
   0.00628
   0.00233
   0.00481
   0.00223
   0.00288
   0.00213
   0.00217
   0.00210
   0.00204
   0.00200
   0.00197
   0.00195
   0.00192
   0.00190
   0.00188
   0.00186
   0.00185
   0.00183
   0.00182
   0.00181
   0.00179
   0.00177
   0.00174
   0.00172
   0.00168
   0.00164
   0.00159
   0.00153
   0.00147
   0.00224
   0.00155
   0.00142
   0.00147
   0.00158
   0.00134
   0.00288
   0.00133
   0.00231
   0.00125
   0.00170
   0.00121
   0.00131
   0.00123
   0.00119
   0.00120
   0.00112
   0.00114
   0.00096
   0.00095
   0.00108
   0.00092
   0.00107
   0.00089
   0.00130
   0.00102
   0.00095
   0.00093
   0.00089
   0.00087
   0.00085
   0.00083
   0.00081
   0.00079
   0.00077
   0.00075
   0.00074
   0.00072
   0.00071
   0.00069
   0.00068
   0.00067
   0.00065
   0.00064
   0.00062
   0.00061
   0.00060
   0.00058
   0.00057
   0.00056
   0.00054
   0.00053
   0.00052
   0.00051
   0.00050
   0.00049
   0.00047
   0.00046
   0.00045
   0.00044
   0.00043
   0.00042
   0.00041
   0.00040
   0.00039
   0.00038
   0.00037
   0.00037
   0.00036
   0.00035
   0.00034
   0.00033
   0.00032
   0.00032
   0.00031
   0.00030
   0.00030
   0.00029
   0.00028
   0.00028
   0.00027
   0.00027
   0.00025
   0.00030
   0.00022
