   0.49908
   0.49554
   0.47492
   0.51243
   0.50496
   0.46893
   0.46438
   0.47453
   0.45770
   0.46426
   0.46443
   0.46464
   0.45939
   0.45694
   0.46579
   0.46706
   0.47006
   0.47163
   0.47554
   0.48215
   0.49280
   0.47566
   0.47895
   0.48393
   0.49177
   0.50919
   0.54077
   0.55459
   0.55615
   0.55475
   0.54891
   0.53003
   0.49062
   0.46156
   0.42788
   0.39335
   0.35862
   0.31498
   0.29534
   0.27170
   0.24975
   0.23113
   0.21473
   0.20240
   0.19056
   0.18161
   0.17202
   0.16335
   0.15709
   0.15037
   0.14448
   0.13962
   0.13493
   0.13096
   0.12722
   0.12462
   0.12222
   0.11928
   0.11723
   0.11552
   0.11452
   0.11309
   0.11192
   0.11151
   0.11087
   0.10955
   0.10850
   0.10789
   0.10768
   0.10666
   0.10623
   0.10540
   0.10501
   0.10196
   0.10218
   0.10279
   0.10348
   0.10381
   0.10522
   0.10568
   0.10609
   0.10654
   0.10700
   0.10712
   0.10755
   0.11134
   0.11191
   0.11226
   0.11508
   0.12302
   0.12434
   0.12591
   0.12845
   0.13204
   0.13484
   0.13733
   0.13992
   0.14102
   0.14339
   0.14590
   0.14865
   0.15168
   0.15506
   0.15792
   0.16098
   0.16459
   0.16855
   0.17029
   0.17339
   0.17512
   0.17644
   0.17700
   0.17595
   0.17388
   0.17200
   0.16878
   0.16474
   0.15942
   0.15465
   0.14912
   0.14136
   0.13519
   0.12554
   0.11564
   0.10532
   0.09516
   0.12409
   0.11360
   0.10267
   0.06746
   0.06240
   0.06478
   0.05388
   0.04680
   0.04241
   0.03884
   0.04905
   0.05044
   0.03786
   0.01641
   0.02459
   0.01710
   0.00711
   0.00158
   0.00156
   0.00149
   0.00159
   0.00148
   0.00146
   0.00138
   0.00133
   0.00126
   0.00118
   0.00215
   0.00113
   0.00185
   0.00175
   0.00178
   0.00161
   0.00154
   0.00150
   0.00158
   0.00150
   0.00127
   0.00106
   0.00088
   0.00108
   0.00168
   0.00128
   0.00090
   0.00166
   0.00136
   0.00058
   1.56552
   0.75015
   0.57661
   0.52662
   0.51130
   0.50584
   0.50390
   0.50321
   0.50297
   0.50288
   0.50285
   0.50284
   0.50284
   0.50284
   0.50284
   0.50284
   0.50284
   0.50284
   0.50284
   0.50284
   0.50285
   0.50285
   0.50285
   0.50285
   0.50285
   0.50285
   0.50285
   0.50285
   0.50285
   0.50285
   0.50285
   0.50285
   0.50286
   0.50286
   0.50286
   0.50286
   0.50286
   0.50286
   0.50286
   0.50286
   0.50286
   0.50286
   0.50286
   0.50287
   0.50287
   0.50287
   0.50287
   0.50287
   0.50287
   0.50287
   0.50287
   0.50287
   0.50287
   0.50287
   0.50287
   0.50287
   0.50288
   0.50288
   0.50288
   0.50288
   0.50288
   0.50288
   0.50288
   0.50288
   0.50288
   0.50288
   0.50288
   0.50288
   0.50289
   0.50289
   0.50289
   0.50289
   0.50289
   0.50289
   0.50289
   0.50289
   0.50289
   0.50289
   0.50289
   0.50289
   0.50290
   0.50290
   0.50290
   0.50290
   0.50290
   0.50290
   0.50290
   0.50290
   0.50290
   0.50290
   0.50290
   0.50290
   0.50291
   0.50291
   0.50291
   0.50291
   0.50291
   0.50291
   0.50291
   0.50291
   0.50291
   0.50291
   0.50291
   0.50291
   0.50291
   0.50292
   0.50292
   0.50292
   0.50292
   0.50292
   0.50292
   0.50292
   0.50292
   0.50292
   0.50292
   0.50292
   0.50293
   0.50293
   0.50293
   0.50293
   0.50293
   0.50293
   0.50293
   0.50293
   0.50293
   0.50293
   0.50293
   0.50293
   0.50294
   0.50294
   0.50294
   0.50294
   0.50294
   0.50294
   0.50294
   0.50294
   0.50294
   0.50294
   0.50294
   0.50294
   0.50295
   0.50295
   0.50295
   0.50295
   0.50295
   0.50295
   0.50295
   0.50295
   0.50295
   0.50295
   0.50295
   0.50295
   0.50296
   0.50296
   0.50296
   0.50296
   0.50296
   0.50296
   0.50296
   0.50296
   0.50296
   0.50296
   0.50296
   0.50297
   0.50297
   0.50297
   0.50297
   0.50297
   0.50297
   0.50297
   0.50297
   0.50297
   0.50297
   0.50297
   0.50297
   0.50298
   0.50298
   0.50298
   0.50298
   0.50298
   0.50298
   0.50298
   0.50298
   0.50298
   0.50298
   0.50298
   0.50298
   0.50299
   0.50299
   0.50299
   0.50299
   0.50299
   0.50299
   0.50299
   0.50299
   0.50299
   0.50299
   0.50299
   0.50299
   0.50300
   0.50300
   0.50300
   0.50300
   0.50300
   0.50300
   0.50300
   0.50300
   0.50300
   0.50300
   0.50300
   0.50300
   0.50301
   0.50301
   0.50301
   0.50301
   0.50301
   0.50301
   0.50301
   0.50301
   0.50301
   0.50301
   0.50301
   0.50301
   0.50302
   0.50302
   0.50302
   0.50302
   0.50302
   0.50302
   0.50302
   0.50302
   0.50302
   0.50302
   0.50302
   0.50303
   0.50303
   0.50303
   0.50303
   0.50303
   0.50303
   0.50303
   0.50303
   0.50303
   0.50303
   0.50303
   0.50304
   0.50304
   0.50304
   0.50304
   0.50304
   0.50304
   0.50304
   0.50304
   0.50304
   0.50304
   0.50304
   0.50305
   0.50305
   0.50305
   0.50305
   0.50305
   0.50305
   0.50305
   0.50305
   0.50305
   0.50305
   0.50305
   0.50306
   0.50306
   0.50306
   0.50306
   0.50306
   0.50306
   0.50306
   0.50306
   0.50306
   0.50307
   0.50307
   0.50307
   0.50307
   0.50307
   0.50307
   0.50307
   0.50307
   0.50307
   0.50308
   0.50308
   0.50308
   0.50308
   0.50308
   0.50308
   0.50308
   0.50308
   0.50309
   0.50309
   0.50309
   0.50309
   0.50310
   0.50310
   0.50310
   0.50310
   0.50310
   0.50310
   0.50310
   0.50310
   0.50310
   0.50310
   0.50311
   0.50311
   0.50311
   0.50311
   0.50311
   0.50311
   0.50311
   0.50311
   0.50311
   0.50311
   0.50311
   0.50311
   0.50311
   0.50312
   0.50312
   0.50312
   0.50312
   0.50312
   0.50312
   0.50312
   0.50312
   0.50312
   0.50312
   0.50312
   0.50312
   0.50312
   0.50313
   0.50313
   0.50313
   0.50313
   0.50313
   0.50313
   0.50313
   0.50313
   0.50313
   0.50313
   0.50313
   0.50313
   0.50313
   0.50314
   0.50314
   0.50314
   0.50314
   0.50314
   0.50314
   0.50314
   0.50314
   0.50314
   0.50314
   0.50314
   0.50314
   0.50314
   0.50315
   0.50315
   0.50315
   0.50315
   0.50315
   0.50315
   0.50315
   0.50315
   0.50315
   0.50315
   0.50315
   0.50315
   0.50315
   0.50315
   0.50316
   0.50316
   0.50316
   0.50316
   0.50316
   0.50316
   0.50316
   0.50316
   0.50316
   0.50316
   0.50316
   0.50316
   0.50316
   0.50317
   0.50317
   0.50317
   0.50317
   0.50317
   0.50317
   0.50317
   0.50317
   0.50317
   0.50317
   0.50317
   0.50317
   0.50317
   0.50318
   0.50318
   0.50318
   0.50318
   0.50318
   0.50318
   0.50318
   0.50318
   0.50318
   0.50318
   0.50318
   0.50318
   0.50319
   0.50319
   0.50319
   0.50319
   0.50319
   0.50319
   0.50319
   0.50319
   0.50319
   0.50319
   0.50319
   0.50319
   0.50319
   0.50320
   0.50320
   0.50320
   0.50320
   0.50320
   0.50320
   0.50320
   0.50320
   0.50320
   0.50320
   0.50320
   0.50320
   0.50321
   0.50321
   0.50321
   0.50321
   0.50321
   0.50321
   0.50321
   0.50321
   0.50321
   0.50321
   0.50321
   0.50321
   0.50321
   0.50322
   0.50322
   0.50322
   0.50322
   0.50322
   0.50322
   0.50322
   0.50322
   0.50322
   0.50322
   0.50322
   0.50322
   0.50323
   0.50323
   0.50323
   0.50323
   0.50323
   0.50323
   0.50323
   0.50323
   0.50323
   0.50323
   0.50323
   0.50323
   0.50324
   0.50324
   0.50324
   0.50324
   0.50324
   0.50324
   0.50324
   0.50324
   0.50324
   0.50324
   0.50324
   0.50324
   0.50325
   0.50325
   0.50325
   0.50325
   0.50325
   0.50325
   0.50325
   0.50325
   0.50325
   0.50325
   0.50325
   0.50326
   0.50326
   0.50326
   0.50326
   0.50326
   0.50326
   0.50326
   0.50326
   0.50326
   0.50326
   0.50326
   0.50327
   0.50327
   0.50327
   0.50327
   0.50327
   0.50327
   0.50327
   0.50327
   0.50327
   0.50327
   0.50328
   0.50328
   0.50328
   0.50328
   0.50328
   0.50328
   0.50328
   0.50328
   0.50328
   0.50328
   0.50329
   0.50329
   0.50329
   0.50325
   0.50330
   0.50332
   0.50333
   0.50333
   0.50333
   0.50333
   0.50333
   0.50333
   0.50333
   0.50333
   0.50333
   0.50333
   0.50334
   0.50334
   0.50334
   0.50334
   0.50334
   0.50334
   0.50334
   0.50334
   0.50334
   0.50334
   0.50334
   0.50334
   0.50334
   0.50334
   0.50334
   0.50334
   0.50334
   0.50334
   0.50334
   0.50334
   0.50334
   0.50334
   0.50334
   0.50334
   0.50334
   0.50334
   0.50335
   0.50335
   0.50335
   0.50335
   0.50335
   0.50335
   0.50335
   0.50335
   0.50335
   0.50335
   0.50335
   0.50335
   0.50335
   0.50335
   0.50335
   0.50335
   0.50335
   0.50335
   0.50335
   0.50335
   0.50335
   0.50335
   0.50335
   0.50335
   0.50335
   0.50335
   0.50336
   0.50336
   0.50336
   0.50336
   0.50336
   0.50336
   0.50336
   0.50336
   0.50336
   0.50336
   0.50336
   0.50336
   0.50336
   0.50336
   0.50336
   0.50336
   0.50336
   0.50336
   0.50336
   0.50336
   0.50336
   0.50336
   0.50336
   0.50336
   0.50336
   0.50336
   0.50336
   0.50337
   0.50337
   0.50337
   0.50337
   0.50337
   0.50337
   0.50337
   0.50337
   0.50337
   0.50337
   0.50337
   0.50337
   0.50337
   0.50337
   0.50337
   0.50337
   0.50337
   0.50337
   0.50337
   0.50337
   0.50337
   0.50337
   0.50337
   0.50337
   0.50337
   0.50337
   0.50337
   0.50338
   0.50338
   0.50338
   0.50338
   0.50338
   0.50338
   0.50338
   0.50338
   0.50338
   0.50338
   0.50338
   0.50338
   0.50338
   0.50338
   0.50338
   0.50338
   0.50338
   0.50338
   0.50338
   0.50338
   0.50338
   0.50338
   0.50338
   0.50338
   0.50338
   0.50339
   0.50339
   0.50339
   0.50339
   0.50339
   0.50339
   0.50339
   0.50339
   0.50339
   0.50339
   0.50339
   0.50339
   0.50339
   0.50339
   0.50339
   0.50339
   0.50339
   0.50339
   0.50339
   0.50339
   0.50339
   0.50339
   0.50339
   0.50339
   0.50339
   0.50339
   0.50339
   0.50340
   0.50340
   0.50340
   0.50340
   0.50340
   0.50340
   0.50340
   0.50340
   0.50340
   0.50340
   0.50340
   0.50340
   0.50340
   0.50340
   0.50340
   0.50340
   0.50340
   0.50340
   0.50340
   0.50340
   0.50340
   0.50340
   0.50340
   0.50340
   0.50340
   0.50340
   0.50340
   0.50341
   0.50341
   0.50341
   0.50341
   0.50341
   0.50341
   0.50341
   0.50341
   0.50341
   0.50341
   0.50341
   0.50341
   0.50341
   0.50341
   0.50341
   0.50341
   0.50341
   0.50341
   0.50341
   0.50341
   0.50341
   0.50341
   0.50341
   0.50341
   0.50341
   0.50341
   0.50341
   0.50342
   0.50342
   0.50342
   0.50342
   0.50342
   0.50342
   0.50342
   0.50342
   0.50342
   0.50342
   0.50342
   0.50342
   0.50342
   0.50342
   0.50342
   0.50342
   0.50342
   0.50342
   0.50342
   0.50342
   0.50342
   0.50342
   0.50342
   0.50342
   0.50342
   0.50343
   0.50343
   0.50343
   0.50343
   0.50343
   0.50343
   0.50343
   0.50343
   0.50343
   0.50343
   0.50343
   0.50343
   0.50343
   0.50343
   0.50343
   0.50343
   0.50343
   0.50343
   0.50343
   0.50343
   0.50343
   0.50343
   0.50343
   0.50343
   0.50343
   0.50343
   0.50344
   0.50344
   0.50344
   0.50344
   0.50344
   0.50344
   0.50344
   0.50344
   0.50344
   0.50344
   0.50344
   0.50344
   0.50344
   0.50344
   0.50344
   0.50344
   0.50344
   0.50344
   0.50344
   0.50344
   0.50344
