   0.72541
   0.72624
   0.72768
   0.72851
   0.72964
   0.73034
   0.73123
   0.73207
   0.72371
   0.73427
   0.73552
   0.73611
   0.73620
   0.71782
   0.73711
   0.73753
   0.73741
   0.73704
   0.73656
   0.73589
   0.73508
   0.73413
   0.73309
   0.73199
   0.73089
   0.73005
   0.72940
   0.74057
   0.74229
   0.75172
   0.72478
   0.72844
   0.74303
   0.74387
   0.73896
   0.74388
   0.74964
   0.75615
   0.76558
   0.77631
   0.78763
   0.79940
   0.81453
   0.82899
   0.84658
   0.86421
   0.88179
   0.90098
   0.92199
   0.94456
   0.97146
   0.99000
   1.00737
   1.02563
   1.03900
   1.05487
   1.07206
   1.08986
   1.10697
   1.11950
   1.13113
   1.14307
   1.15468
   1.16478
   1.17754
   1.19032
   1.20306
   1.21076
   1.21930
   1.22974
   1.23813
   1.24845
   1.25799
   1.26903
   1.18940
   1.29334
   1.29841
   1.30547
   1.31156
   1.31629
   1.32000
   1.32524
   1.32978
   1.33376
   1.33164
   1.32900
   1.32425
   1.31874
   1.30627
   1.29787
   1.28487
   1.26737
   1.24759
   1.22271
   1.19833
   1.16880
   1.13890
   1.10590
   1.07084
   1.03341
   0.99764
   0.95803
   0.92059
   0.88124
   0.83928
   0.79487
   0.74685
   0.69531
   0.65768
   0.61497
   0.57076
   0.52796
   0.48897
   0.45485
   0.42650
   0.40510
   0.39021
   0.38161
   0.37838
   0.37926
   0.38243
   0.38602
   0.38744
   0.38355
   0.37799
   0.36533
   0.34526
   0.32329
   0.30084
   0.30128
   0.28994
   0.27682
   0.27182
   0.27445
   0.27729
   0.26210
   0.04120
   0.11941
   0.03690
   0.15590
   0.15548
   0.15853
   0.16999
   0.12674
   0.06035
   0.05297
   0.06804
   0.07775
   0.06860
   0.07367
   0.07428
   0.06001
   0.03193
   0.01658
   0.02858
   0.01681
   0.11369
   0.01959
   0.05422
   0.38906
   0.03060
   0.02331
   0.02822
   0.01196
   0.01984
   0.01036
   1.21674
   0.00694
   0.00772
   0.00635
   0.00747
   0.00643
   0.05359
   0.00528
   0.00624
   0.01148
   0.00486
   0.00468
   0.00466
   0.00426
   0.09162
   0.02405
   0.01953
   0.01224
   0.13798
   0.00833
   0.07479
   0.00585
   0.00522
   0.00429
   0.01067
   0.06402
   0.00419
   0.00352
   0.00347
   0.00479
   0.00576
   0.00477
   0.00202
   0.00192
   0.00756
   0.00204
   0.00378
   0.00162
   0.00413
   0.00371
   0.00272
   0.00316
   0.00142
   0.00407
   0.00301
   0.00248
   0.00095
   0.00241
   0.00276
   0.00080
   0.00309
   0.00196
   0.00126
   0.00171
   0.00403
   0.01971
   0.00311
   0.00202
   0.00640
   0.00311
   0.00155
   0.00160
   0.00478
   0.00307
   0.00508
   0.00215
   0.00368
   0.00349
   0.00276
   0.01203
   0.00291
   0.00326
   0.00139
   0.00436
   0.00263
   0.00290
   0.07964
   0.00243
   0.00195
   0.00142
   0.00235
   0.08964
   0.07335
   0.05811
   0.04514
   0.03834
   0.03755
   0.02218
   0.01483
   0.02368
   0.01269
   0.01135
   0.09284
   0.08683
   0.00651
   0.11557
   0.00611
   0.00614
   0.00531
   0.00417
   0.02453
   0.00417
   0.00418
   0.07564
   3.80602
   0.00410
   0.00406
   0.00450
   0.00449
   0.01100
   0.03209
   0.03211
   0.02876
   0.00627
   0.05041
   0.00744
   0.02906
   0.01363
   0.08730
   0.07873
   0.01493
   0.01183
   0.00918
   0.05552
   0.08508
   0.04351
   0.00500
   0.00568
   0.00744
   0.00418
   0.03180
   0.00289
   0.01097
   0.00613
   0.09014
   0.00396
   0.00380
   0.00679
   0.07001
   0.02757
   0.00179
   0.03809
   0.00181
   0.00205
   0.00263
   0.00374
   0.00276
   0.00545
   0.00496
   0.01950
   0.00188
   0.00253
   0.00322
   0.00183
   0.00564
   0.00302
   0.00125
   0.00166
   0.00188
   0.00246
   0.00336
   0.00450
   0.00435
   0.01003
   0.00570
   0.03265
   0.01855
   0.01118
   0.00765
   0.00724
   0.02519
   0.01770
   0.01096
   0.00761
   0.00703
   0.00681
   0.04224
   0.01388
   0.02437
   0.01459
   0.00980
   0.00635
   0.00847
   0.89667
   0.01718
   0.01117
   0.00694
   0.00515
   0.00327
   0.01024
   0.00603
   0.00505
   0.00802
   0.00489
   0.00444
   0.01187
   0.01427
   0.00411
   0.00460
   0.00410
   0.00526
   0.00633
   0.01153
   0.00365
   0.00383
   0.00337
   0.01056
   0.00925
   0.00796
   0.00364
   0.00452
   0.00890
   0.00819
   0.00546
   0.00449
   0.00485
   0.00894
   0.00412
   0.00583
   0.00338
   0.00386
   0.00790
   0.00656
   0.02102
   0.00849
   0.00825
   0.00207
   0.00256
   0.00287
   0.00617
   0.00707
   0.00524
   0.00255
   0.00385
   0.00734
   0.00133
   0.00461
   0.00557
   0.00482
   0.00148
   0.00162
   0.00171
   0.00188
   0.00220
   0.00406
   0.00829
   0.00595
   0.05464
   0.01311
   0.00319
   0.00243
   0.00232
   0.00241
   0.00712
   0.01452
   0.00551
   0.00351
   0.00285
   0.00605
   0.09397
   0.09457
   0.05438
   0.02343
   0.00384
   0.00513
   0.00561
   0.00104
   0.00587
   0.00985
   0.00576
   0.00455
   0.00524
   0.00923
   0.00672
   0.00254
   0.00242
   0.00445
   0.00745
   0.00558
   0.00142
   0.00102
   0.00096
   0.01051
   0.00589
   0.00378
   0.00332
   0.00762
   0.00702
   0.00265
   0.00348
   0.00387
   0.00151
   0.00113
   0.00134
   0.00148
   0.00561
   0.00476
   0.00350
   0.00167
   0.00068
   0.00158
   0.00514
   0.00065
   0.00296
   0.00172
   0.00055
   0.00065
   0.00083
   0.00111
   0.00547
   0.00453
   0.00386
   0.00217
   0.00157
   0.00045
   0.00058
   0.00080
   0.00113
   0.00355
   0.00048
   0.00044
   0.00043
   0.00046
   0.00055
   0.00075
   0.00104
   0.00324
   0.00055
   0.00049
   0.00045
   0.00044
   0.00048
   0.00060
   0.00077
