   0.67089
   0.66645
   0.66716
   0.66630
   0.66652
   0.66527
   0.67041
   0.67291
   0.68041
   0.67776
   0.67766
   0.67641
   0.67687
   0.67607
   0.67899
   0.67838
   0.67878
   0.67946
   0.67560
   0.67159
   0.66774
   0.66400
   0.65849
   0.65604
   0.64867
   0.64647
   0.64112
   0.63576
   0.62998
   0.62379
   0.61750
   0.61106
   0.60547
   0.60004
   0.59530
   0.59297
   0.58876
   0.58452
   0.58255
   0.57599
   0.56919
   0.56122
   0.55192
   0.54057
   0.52933
   0.51795
   0.50624
   0.49419
   0.48156
   0.46986
   0.45733
   0.44623
   0.43456
   0.42308
   0.41234
   0.40308
   0.39147
   0.38137
   0.37434
   0.36303
   0.35732
   0.34817
   0.34120
   0.33299
   0.32674
   0.33101
   0.31711
   0.30997
   0.30486
   0.29650
   0.28872
   0.27881
   0.26812
   0.25530
   0.24688
   0.23137
   0.22339
   0.21907
   0.20453
   0.19724
   0.19098
   0.17726
   0.16950
   0.16156
   0.14867
   0.13770
   0.12979
   0.12332
   0.11252
   0.13274
   0.16675
   0.10005
   0.08543
   0.07050
   0.06535
   0.06036
   0.05516
   0.04958
   0.05564
   0.62007
   0.06966
   0.11525
   0.10200
   0.04449
   0.04375
   0.04205
   0.04148
   0.03905
   0.03755
   0.03601
   0.03924
   0.14360
   0.05222
   0.04735
   0.02433
   0.02664
   0.09073
   0.04010
   0.02558
   0.02139
   0.22974
   0.08678
   0.02176
   0.01872
   0.03107
   0.03080
   0.02341
   0.03576
   0.07137
   0.05123
   0.07731
   0.09357
   0.02333
   0.04731
   0.05722
   0.08437
   0.01677
   0.15386
   0.05324
   0.02136
   0.01287
   0.01907
   0.01530
   0.01288
   0.01819
   0.01239
   0.01819
   0.02034
   0.01733
   0.01552
   0.02466
   0.01514
   0.01315
   0.01374
   0.03371
   0.09644
   0.25783
   0.02087
   0.10914
   0.01871
   0.01472
   0.01101
   0.16527
   0.05552
   0.04686
   0.11918
   0.04956
   0.01909
   0.01658
   0.01326
   0.02443
   0.01187
   0.01154
   0.01961
   0.01663
   0.01452
   0.01419
   0.01251
   0.01146
   0.01086
   0.00926
   0.03962
   0.00747
   0.03285
   0.00790
   0.00695
   0.00675
   0.00958
   0.00963
   0.00996
   0.00957
   0.00951
   0.00891
   0.02059
   0.09590
   0.05134
   0.07258
   0.04069
   0.03894
   0.02617
   0.02733
   0.02663
   0.02349
   0.15519
   0.08306
   0.02116
   0.06306
   0.04697
   0.02044
   0.02064
   0.20622
   0.01926
   0.01559
   0.01643
   0.04137
   0.02377
   0.01931
   0.02038
   0.13829
   0.01982
   0.18805
   0.02523
   0.02255
   0.01308
   0.10262
   0.88079
   0.00877
   0.02888
   0.01053
   0.03502
   0.01056
   0.00836
   0.00836
   0.00825
   0.01329
   0.00687
   0.02882
   0.00850
   0.02416
   0.00726
   0.01265
   0.00696
   0.00695
   0.01047
   0.01522
   0.00616
   0.01328
   0.00432
   0.00449
   0.00938
   0.00488
   0.00385
   0.00362
   0.00350
   0.00341
   0.00330
   0.01359
   0.00320
   0.39269
   0.33336
   0.27331
   0.23971
   0.21834
   0.19899
   0.18479
   0.17163
   0.15986
   0.14948
   0.14164
   0.13458
   0.12959
   0.12598
   0.12324
   0.12146
   0.12000
   0.11927
   0.11883
   0.11842
   0.11791
   0.11599
   0.11202
   0.10606
   0.09884
   0.08948
   0.08601
   0.08239
   0.08186
   0.08205
   0.08076
   0.06379
   0.08292
   0.09582
   0.06425
   0.05605
   0.04999
   0.04727
   0.04768
   0.04901
   0.04825
   0.04680
   0.03397
   0.02623
   0.04672
   0.03315
   0.03269
   0.03642
   0.03193
   0.03018
   0.03331
   0.03367
   0.03323
   0.03242
   0.03256
   0.03153
   0.02479
   0.02128
   0.02526
   0.06341
   0.02856
   0.02280
   0.02473
   0.09277
   0.02522
   0.04335
   0.37093
   0.01747
   0.03418
   0.04054
   0.01435
   0.17829
   0.03350
   0.01040
   0.15674
   0.01110
   0.03662
   0.01987
   0.00829
   0.02889
   0.02469
   0.39729
   0.00799
   0.01489
   0.00997
   0.01349
   0.03671
   0.01187
   0.04961
   0.01401
   0.01054
   0.01950
   0.00648
   0.01105
   0.03536
   0.03737
   0.08814
   0.17858
   0.06744
   0.00834
   0.07169
   0.00524
   0.70323
   0.71481
   0.71609
   0.71617
   0.71611
   0.71606
   0.71601
   0.71598
   0.71596
   0.71594
   0.71593
   0.71592
   0.71592
   0.71591
   0.71591
   0.71590
   0.71590
   0.71590
   0.71590
   0.71590
   0.71590
   0.71590
   0.71590
   0.71590
   0.71590
   0.71590
   0.71590
   0.71589
   0.71589
   0.71589
   0.71589
   0.71589
   0.71589
   0.71589
   0.71589
   0.71589
   0.71589
   0.71589
   0.71589
   0.71589
   0.71589
   0.71589
   0.71589
   0.71589
   0.71589
   0.71589
   0.71589
   0.71589
   0.71589
   0.71589
   0.71589
   0.71589
   0.71589
   0.71589
   0.71589
   0.71589
   0.71589
   0.71589
   0.71589
   0.71589
   0.71589
   0.71589
   0.71589
   0.71589
   0.71589
   0.71589
   0.71589
   0.71589
   0.71589
   0.71589
   0.71589
   0.71589
   0.71589
   0.71589
   0.71589
   0.71589
   0.71589
   0.71589
   0.71589
   0.71589
   0.71589
   0.71589
   0.71589
   0.71589
   0.71589
   0.71589
   0.71589
   0.71589
   0.71589
   0.71589
   0.71589
   0.71589
   0.71589
   0.71589
   0.71589
   0.71589
   0.71589
   0.71589
   0.71589
   0.71589
   0.71589
   0.71589
   0.71589
   0.71589
   0.71589
   0.71589
   0.71589
   0.71589
   0.71589
   0.71589
   0.71589
   0.71589
   0.71589
   0.71589
   0.71589
   0.71589
   0.71589
   0.71589
   0.71589
   0.71589
   0.71589
   0.71589
   0.71589
   0.71589
   0.71589
   0.71589
   0.71589
   0.71589
   0.71589
   0.71589
   0.71589
   0.71589
   0.71589
   0.71588
   0.71588
   0.71588
   0.71588
   0.71588
   0.71588
   0.71588
