   0.69118
   0.70085
   0.73572
   0.73485
   0.73857
   0.73625
   0.73418
   0.72989
   0.73838
   0.73514
   0.73525
   0.73442
   0.73283
   0.73260
   0.73263
   0.73424
   0.72658
   0.74417
   0.73600
   0.73863
   0.74045
   0.74076
   0.74787
   0.74678
   0.74687
   0.75014
   0.75382
   0.75546
   0.73666
   0.73981
   0.74234
   0.74321
   0.74480
   0.74518
   0.74543
   0.74576
   0.74620
   0.74685
   0.74803
   0.74967
   0.75181
   0.75448
   0.75767
   0.76140
   0.76562
   0.77028
   0.77545
   0.78107
   0.78710
   0.79362
   0.80054
   0.80785
   0.81549
   0.82332
   0.83131
   0.83941
   0.84746
   0.85536
   0.86298
   0.87027
   0.87708
   0.88346
   0.88945
   0.89500
   0.90013
   0.90429
   0.90844
   0.91222
   0.91564
   0.91888
   0.92164
   0.92411
   0.92667
   0.92863
   0.93034
   0.93207
   0.93343
   0.93474
   0.93575
   0.93663
   0.93738
   0.93801
   0.93853
   0.93894
   0.93954
   0.93997
   0.94007
   0.94007
   0.94001
   0.93991
   0.93966
   0.93934
   0.93902
   0.93852
   0.93811
   0.93742
   0.93659
   0.93542
   0.93421
   0.93305
   0.93176
   0.93032
   0.92873
   0.92698
   0.92505
   0.92295
   0.92068
   0.91832
   0.91566
   0.91280
   0.90987
   0.90672
   0.90325
   0.89952
   0.89547
   0.89119
   0.88668
   0.88177
   0.87658
   0.87099
   0.86512
   0.85896
   0.85225
   0.84538
   0.83813
   0.83050
   0.82241
   0.81392
   0.80495
   0.79560
   0.78566
   0.77523
   0.76431
   0.75288
   0.74084
   0.72825
   0.71512
   0.70142
   0.68718
   0.67240
   0.65714
   0.64133
   0.62501
   0.60819
   0.59090
   0.57323
   0.55521
   0.53689
   0.51831
   0.49958
   0.48075
   0.46190
   0.44311
   0.42444
   0.40599
   0.38782
   0.37000
   0.35263
   0.33572
   0.31938
   0.30357
   0.28836
   0.27373
   0.25969
   0.24622
   0.23334
   0.22103
   0.20927
   0.19805
   0.18739
   0.17729
   0.16773
   0.15870
   0.15021
   0.14221
   0.13468
   0.12760
   0.12091
   0.11456
   0.10852
   0.10274
   0.09720
   0.09187
   0.08672
   0.08176
   0.07695
   0.07233
   0.06790
   0.06367
   0.05967
   0.05587
   0.05233
   0.04901
   0.04592
   0.04303
   0.04030
   0.03770
   0.03520
   0.03278
   0.03041
   0.02786
   0.02508
   0.02338
   0.02221
   0.02108
   0.01958
   0.01780
   0.02377
   0.02801
   0.01478
   0.01583
   0.02335
   0.02488
   0.02356
   0.02024
   0.02181
   0.02050
   0.02635
   0.02709
   0.03639
   0.03126
   0.03749
   0.02964
   0.05973
   0.06656
   0.01180
   0.01107
   0.01048
   0.00966
   0.00743
   0.04649
   0.03965
   0.03055
   0.01929
   0.01322
   0.01059
   0.01002
   0.02491
   0.00967
   0.00794
   0.00523
   0.00618
   0.00532
   0.02314
   0.00581
   0.01245
   0.00682
   0.01336
   0.00767
   0.00638
   0.00642
   0.00711
   0.00817
   0.00693
   0.00796
   0.03419
   0.11711
   0.03895
   0.10356
   0.03525
   0.03531
   0.02609
   0.03355
   0.03761
   0.00452
   0.04669
   0.07395
   0.04115
   0.05914
   0.04377
   0.01731
   0.03353
   0.00879
   0.02489
   0.00693
   0.02404
   0.09034
   0.07040
   0.01422
   0.00310
   0.10469
   0.00742
   0.00645
   0.00683
   0.05027
   0.00778
   0.01233
   0.02072
   0.01392
   0.01345
   0.01088
   0.00637
   0.00995
   1.08943
   0.00731
   0.00745
   0.02871
   0.00536
   0.00614
   0.00634
   0.00438
   0.00856
   0.01612
   0.00907
   0.00814
   0.00421
   0.00930
   0.01709
   0.00402
   0.00367
   0.02157
   1.42844
   0.00287
   0.00392
   0.00521
   0.00280
   0.00631
   0.01049
   0.00623
   0.00524
   0.00544
   0.00298
   0.00169
   0.00347
   0.00191
   0.00360
   0.00294
   0.00298
   0.00406
   0.00214
   0.00136
   0.00653
   0.00453
   0.00359
   0.00334
   0.00378
   0.00218
   0.02269
   0.00148
   0.00241
   0.00367
   0.00154
   0.00732
   0.00113
   0.00131
   0.00193
   0.00370
   0.00193
   0.01729
   0.00124
   0.00172
   0.00333
   0.00223
   0.00313
   0.00608
   0.00376
   0.00269
   0.00213
   0.00283
   0.00240
   0.00187
   0.00961
   0.01066
   0.00496
   0.00335
   0.00245
   0.00188
   0.00171
   0.00237
   0.00102
   0.00603
   0.15731
   0.10188
   0.07152
   0.04873
   0.03949
   1.16478
   0.75234
   0.69412
   0.69782
   0.70603
   0.71103
   0.71350
   0.71463
   0.71514
   0.71536
   0.71545
   0.71549
   0.71551
   0.71552
   0.71552
   0.71553
   0.71553
   0.71553
   0.71553
   0.71553
   0.71553
   0.71553
   0.71553
   0.71553
   0.71553
   0.71553
   0.71553
   0.71553
   0.71553
   0.71553
   0.71553
   0.71553
   0.71553
   0.71553
   0.71552
   0.71552
   0.71552
   0.71552
   0.71552
   0.71552
   0.71552
   0.71552
   0.71552
   0.71552
   0.71552
   0.71552
   0.71552
   0.71552
   0.71552
   0.71552
   0.71552
   0.71552
   0.71552
   0.71552
   0.71552
   0.71552
   0.71552
   0.71552
   0.71552
   0.71552
   0.71552
   0.71552
   0.71552
   0.71552
   0.71552
   0.71552
   0.71552
   0.71552
   0.71552
   0.71552
   0.71552
   0.71552
   0.71552
   0.71552
   0.71552
   0.71552
   0.71552
   0.71552
   0.71552
   0.71552
   0.71552
   0.71552
   0.71552
   0.71552
   0.71552
   0.71552
   0.71552
   0.71552
   0.71552
   0.71552
   0.71552
   0.71552
   0.71552
   0.71552
   0.71552
   0.71552
   0.71552
   0.71552
   0.71552
   0.71552
   0.71552
   0.71552
   0.71552
   0.71552
   0.71552
   0.71552
   0.71552
   0.71552
   0.71552
   0.71552
   0.71552
   0.71552
   0.71552
   0.71552
   0.71552
   0.71552
   0.71552
   0.71552
   0.71552
   0.71552
   0.71552
   0.71552
   0.71552
   0.71552
