   0.69417
   0.69400
   0.69313
   0.69292
   0.69269
   0.69239
   0.69175
   0.69139
   0.69093
   0.69048
   0.69015
   0.68973
   0.68932
   0.68895
   0.68875
   0.68850
   0.68827
   0.68791
   0.68809
   0.68771
   0.68739
   0.68721
   0.68699
   0.68717
   0.68704
   0.68683
   0.68682
   0.68659
   0.68676
   0.68693
   0.68668
   0.68637
   0.68666
   0.68641
   0.68619
   0.68622
   0.68614
   0.68575
   0.68546
   0.68533
   0.68475
   0.70591
   0.69021
   0.68689
   0.68725
   0.68594
   0.68560
   0.68668
   0.68704
   0.68784
   0.68990
   0.69318
   0.69780
   0.70285
   0.71068
   0.71415
   0.71887
   0.72356
   0.72545
   0.72693
   0.61775
   0.65366
   0.64419
   0.63772
   0.63220
   0.62613
   0.61966
   0.61285
   0.60612
   0.59945
   0.59289
   0.58667
   0.58045
   0.57403
   0.56743
   0.56068
   0.55338
   0.54584
   0.53822
   0.53039
   0.52257
   0.51485
   0.50736
   0.50013
   0.49336
   0.48705
   0.48118
   0.47564
   0.47021
   0.46469
   0.45901
   0.45314
   0.44717
   0.44119
   0.43522
   0.42932
   0.42350
   0.41778
   0.41214
   0.40657
   0.40109
   0.39566
   0.39031
   0.38502
   0.37979
   0.37462
   0.36951
   0.36449
   0.35952
   0.35461
   0.34978
   0.34501
   0.34032
   0.33571
   0.33115
   0.32665
   0.32223
   0.31788
   0.31358
   0.30937
   0.30519
   0.30109
   0.29704
   0.29303
   0.28908
   0.28519
   0.28134
   0.27754
   0.27377
   0.27007
   0.26640
   0.26278
   0.25918
   0.25563
   0.25212
   0.24861
   0.24513
   0.24166
   0.23821
   0.23477
   0.23132
   0.22788
   0.22443
   0.22097
   0.21752
   0.21406
   0.21059
   0.20712
   0.20367
   0.20023
   0.19681
   0.19343
   0.19007
   0.18678
   0.18352
   0.18034
   0.17723
   0.17418
   0.17121
   0.16832
   0.16551
   0.16277
   0.16011
   0.15752
   0.15501
   0.15250
   0.15012
   0.14779
   0.14551
   0.14328
   0.14112
   0.13896
   0.13688
   0.13485
   0.13278
   0.13079
   0.12885
   0.12695
   0.12508
   0.12320
   0.12137
   0.11956
   0.11775
   0.11590
   0.11413
   0.11236
   0.11060
   0.10887
   0.10713
   0.10540
   0.10371
   0.10190
   0.10026
   0.09851
   0.09687
   0.09520
   0.09356
   0.09197
   0.09033
   0.08873
   0.08714
   0.08555
   0.08399
   0.08246
   0.08093
   0.07939
   0.07790
   0.07638
   0.07493
   0.07346
   0.07203
   0.07065
   0.06923
   0.06777
   0.06645
   0.06506
   0.06370
   0.06266
   0.06098
   0.06002
   0.05841
   0.05751
   0.05586
   0.05503
   0.05321
   0.05278
   0.05065
   0.05134
   0.05014
   0.04889
   0.04767
   0.04645
   0.04524
   0.04403
   0.04284
   0.04164
   0.04046
   0.03927
   0.03810
   0.03692
   0.03576
   0.03460
   0.03344
   0.03230
   0.03116
   0.03003
   0.02892
   0.02782
   0.02673
   0.02567
   0.02462
   0.02360
   0.02260
   0.02163
   0.02070
   0.01979
   0.01892
   0.01807
   0.01727
   0.01648
   0.01573
   0.01499
   0.01428
   0.01356
   0.01285
   0.01212
   0.01136
   0.01055
   0.00977
   0.00985
   0.00936
   0.00940
   0.00921
   0.00866
   0.00821
   0.00782
   0.00749
   0.00721
   0.00698
   0.00681
   0.00661
   0.00638
   0.00618
   0.00601
   0.00584
   0.00568
   0.00547
   0.00536
   0.00545
   0.00535
   0.00510
   0.00482
   0.00457
   0.00437
   0.00421
   0.00409
   0.00398
   0.00387
   0.00377
   0.00366
   0.00356
   0.00345
   0.00335
   0.00325
   0.00316
   0.00309
   0.00315
   0.00308
   0.00277
   0.00319
   0.00285
   0.00259
   0.00237
   0.00230
   0.00223
   0.00226
   0.00219
   0.00210
   0.00218
   0.00195
   0.00216
   0.09037
   0.00228
   0.00226
   0.00364
   0.00410
   0.00396
   0.00389
   0.00378
   0.00366
   0.00353
   0.00338
   0.00324
   0.00310
   0.00296
   0.00282
   0.00267
   0.00253
   0.00239
   0.00225
   0.00210
   0.00197
   0.00184
   0.00172
   0.00162
   0.00154
   0.00148
   0.00145
   0.00143
   0.00141
   0.00139
   0.00137
   0.00136
   0.00134
   0.00134
   0.00133
   0.00133
   0.00132
   0.00132
   0.00132
   0.00131
   0.00130
   0.00128
   0.00127
   0.00125
   0.00124
   0.00122
   0.00121
   0.00119
   0.00118
   0.00117
   0.00116
   0.00114
   0.00111
   0.00109
   0.00106
   0.00104
   0.00102
   0.00100
   0.00099
   0.00097
   0.00098
   0.30167
   0.00943
   0.00186
   0.00260
   0.00276
   0.00288
   0.00303
   0.00324
   0.00357
   0.00415
   0.00454
   0.00291
   0.00408
   0.00205
   0.00313
   0.00218
   0.00238
   0.00189
   0.00154
   0.00128
   0.00128
   0.00116
   0.00117
   0.00110
   0.00111
   0.00106
   0.00108
   0.00104
   0.00106
   0.00112
   0.00105
   0.00136
   0.00202
   0.00309
   0.00124
   0.00304
   0.00272
   0.00288
   0.00272
   0.00272
   0.00263
   0.00256
   0.00251
   0.00240
   0.00237
   0.00225
   0.00221
   0.00211
   0.00206
   0.00197
   0.00192
   0.00184
   0.00178
   0.00171
   0.00165
   0.00158
   0.00152
   0.00146
   0.00140
   0.00133
   0.00127
   0.00120
   0.00114
   0.00107
   0.00101
   0.00094
   0.00087
   0.00081
   0.00075
   0.00071
   0.00068
   0.00065
   0.00062
   0.00060
   0.00058
   0.00057
   0.00055
   0.00054
   0.00053
   0.00051
   0.00050
   0.00049
   0.00048
   0.00047
   0.00046
   0.00044
   0.00043
   0.00042
   0.00040
   0.00037
   0.00072
   0.00042
   0.00035
   0.34513
   0.00613
   0.00033
   0.00032
   0.00032
   0.00032
   0.00032
   0.00032
   0.00032
   0.00032
   0.00033
   0.00033
   0.00033
   0.00033
   0.00033
   0.00033
   0.00034
   0.00034
   0.00034
   0.00035
   0.00035
   0.00036
   0.00036
   0.00037
   0.00038
