   0.70133
   0.69802
   0.70529
   0.70926
   0.70856
   0.70595
   0.70330
   0.70048
   0.69757
   0.69517
   0.69258
   0.69019
   0.68788
   0.68590
   0.68393
   0.68252
   0.68097
   0.67964
   0.67844
   0.67732
   0.67635
   0.67537
   0.67454
   0.67372
   0.67296
   0.67216
   0.67462
   0.67295
   0.67127
   0.67005
   0.66918
   0.66853
   0.66787
   0.66722
   0.66657
   0.66593
   0.66529
   0.66464
   0.66401
   0.66336
   0.66272
   0.66207
   0.66143
   0.66077
   0.66013
   0.65946
   0.65880
   0.65817
   0.65750
   0.65688
   0.65621
   0.65561
   0.65494
   0.65437
   0.65372
   0.65319
   0.65256
   0.65208
   0.65159
   0.65099
   0.65061
   0.65005
   0.64973
   0.64927
   0.64905
   0.64866
   0.64841
   0.64862
   0.64834
   0.64823
   0.64853
   0.64852
   0.64901
   0.64942
   0.64965
   0.65008
   0.65061
   0.65123
   0.65190
   0.65249
   0.65300
   0.65335
   0.65343
   0.65311
   0.65237
   0.65124
   0.64966
   0.64776
   0.64549
   0.64315
   0.64040
   0.63757
   0.63454
   0.63161
   0.62847
   0.62547
   0.62220
   0.61914
   0.61579
   0.61263
   0.60918
   0.60581
   0.60256
   0.59885
   0.59544
   0.59184
   0.58820
   0.58457
   0.58091
   0.57717
   0.57354
   0.56987
   0.56625
   0.56267
   0.55905
   0.55559
   0.55212
   0.54873
   0.54531
   0.54202
   0.53875
   0.53552
   0.53229
   0.52918
   0.52605
   0.52298
   0.52000
   0.51697
   0.51399
   0.51102
   0.50818
   0.50524
   0.50244
   0.49956
   0.49685
   0.49402
   0.49147
   0.48882
   0.48627
   0.48365
   0.48120
   0.47876
   0.47635
   0.47405
   0.47179
   0.46957
   0.46736
   0.46531
   0.46331
   0.46141
   0.45951
   0.45781
   0.45617
   0.45456
   0.45308
   0.45169
   0.45040
   0.44923
   0.44815
   0.44721
   0.44638
   0.44555
   0.44474
   0.44401
   0.44337
   0.44256
   0.44183
   0.44083
   0.43983
   0.43859
   0.43707
   0.43521
   0.43307
   0.43071
   0.42817
   0.42531
   0.42243
   0.41934
   0.41640
   0.41342
   0.41026
   0.40726
   0.40427
   0.40126
   0.39826
   0.39538
   0.39202
   0.38957
   0.38629
   0.38366
   0.38033
   0.37807
   0.37473
   0.37237
   0.36887
   0.36686
   0.36351
   0.36115
   0.35799
   0.35556
   0.35224
   0.35008
   0.34674
   0.34455
   0.34131
   0.33900
   0.33590
   0.33342
   0.33036
   0.32788
   0.32488
   0.32243
   0.31944
   0.31706
   0.31402
   0.31138
   0.30883
   0.30607
   0.30335
   0.30047
   0.29825
   0.29519
   0.29288
   0.28983
   0.28766
   0.28440
   0.28247
   0.27941
   0.27683
   0.27458
   0.27177
   0.26933
   0.26645
   0.26423
   0.26174
   0.25921
   0.25654
   0.25399
   0.25179
   0.24903
   0.24676
   0.24420
   0.24191
   0.23924
   0.23706
   0.23483
   0.23238
   0.23037
   0.22753
   0.22507
   0.22297
   0.22116
   0.21810
   0.21604
   0.21359
   0.21204
   0.20892
   0.20713
   0.20428
   0.20238
   0.19985
   0.19818
   0.19509
   0.19340
   0.19072
   0.18945
   0.18633
   0.18547
   0.18216
   0.18108
   0.17775
   0.17670
   0.17355
   0.17260
   0.16953
   0.16824
   0.16537
   0.16433
   0.16121
   0.16018
   0.15696
   0.15619
   0.15265
   0.15220
   0.14907
   0.14821
   0.14503
   0.14423
   0.14104
   0.14024
   0.13704
   0.13622
   0.13335
   0.13251
   0.12960
   0.12872
   0.12582
   0.12506
   0.12218
   0.12042
   0.11874
   0.11692
   0.11535
   0.11349
   0.11173
   0.10996
   0.10828
   0.10656
   0.10486
   0.10309
   0.10143
   0.09979
   0.09805
   0.09642
   0.09483
   0.09318
   0.09151
   0.09002
   0.08853
   0.08709
   0.08544
   0.08394
   0.08247
   0.08080
   0.07961
   0.07791
   0.07669
   0.07514
   0.07394
   0.07244
   0.07129
   0.06964
   0.06848
   0.06702
   0.06590
   0.06467
   0.06354
   0.06206
   0.06112
   0.05984
   0.05882
   0.05756
   0.05662
   0.05538
   0.05445
   0.05332
   0.05242
   0.05134
   0.05052
   0.04947
   0.04864
   0.04772
   0.04689
   0.04602
   0.04520
   0.04437
   0.04364
   0.04284
   0.04215
   0.04140
   0.04077
   0.04006
   0.03944
   0.03872
   0.03820
   0.03755
   0.03700
   0.03641
   0.03588
   0.03532
   0.03481
   0.03429
   0.03381
   0.03327
   0.03281
   0.03232
   0.03189
   0.03141
   0.03090
   0.03059
   0.03001
   0.02975
   0.02914
   0.02896
   0.02831
   0.02817
   0.02755
   0.02742
   0.02682
   0.02669
   0.02613
   0.02599
   0.02545
   0.02524
   0.02480
   0.02468
   0.02415
   0.02398
   0.02361
   0.02347
   0.02302
   0.02289
   0.02249
   0.02243
   0.02199
   0.02190
   0.02154
   0.02153
   0.02116
   0.02110
   0.02083
   0.02070
   0.02057
   0.02057
   0.02036
   0.02027
   0.02034
   0.02019
   0.02018
   0.02021
   0.02030
   0.02051
   0.02053
   0.02070
   0.02092
   0.02113
   0.02151
   0.02181
   0.02234
   0.02265
   0.02329
   0.02398
   0.02453
   0.02551
   0.02616
   0.02737
   0.02836
   0.02978
   0.03111
   0.03279
   0.03492
   0.03661
   0.03991
   0.04207
   0.04605
   0.04820
   0.05014
   0.04750
   0.03930
   0.02978
   0.02091
   0.01179
   0.01036
   0.01176
   0.01030
   0.01103
   0.01023
   0.01058
   0.01018
   0.01028
   0.01003
   0.01005
   0.00990
   0.00987
   0.00973
   0.00966
   0.00955
   0.00947
   0.00938
   0.00930
   0.00920
   0.00912
   0.00904
   0.00895
   0.00886
   0.00879
   0.00870
   0.00862
   0.00853
   0.00846
   0.00837
   0.00829
   0.00821
   0.00814
   0.00808
   0.00798
   0.00790
   0.00783
   0.00775
   0.00767
   0.00761
   0.00753
   0.00745
   0.00738
   0.00731
   0.00723
   0.00716
   0.00709
   0.00701
   0.00694
