   0.71677
   0.74807
   0.75183
   0.75149
   0.75015
   0.74944
   0.74883
   0.74822
   0.74771
   0.74717
   0.74700
   0.74658
   0.74475
   0.74591
   0.74621
   0.74620
   0.74548
   0.74560
   0.74035
   0.74617
   0.74484
   0.74588
   0.74570
   0.74643
   0.74606
   0.74597
   0.74721
   0.74632
   0.74512
   0.74673
   0.74593
   0.74606
   0.74554
   0.74354
   0.74224
   0.74108
   0.73654
   0.72917
   0.72020
   0.72067
   0.71906
   0.71368
   0.70796
   0.70263
   0.69774
   0.69344
   0.68975
   0.68622
   0.68371
   0.68206
   0.68090
   0.68016
   0.67876
   0.67761
   0.67689
   0.67892
   0.67996
   0.68070
   0.68085
   0.68002
   0.67823
   0.67587
   0.67276
   0.66905
   0.66715
   0.66318
   0.65861
   0.65358
   0.64821
   0.64253
   0.63659
   0.63039
   0.62398
   0.61738
   0.61057
   0.60366
   0.59655
   0.58924
   0.58187
   0.57430
   0.56663
   0.55891
   0.55113
   0.54313
   0.53504
   0.52688
   0.51871
   0.51056
   0.50218
   0.49386
   0.48555
   0.47715
   0.46875
   0.46023
   0.45174
   0.44326
   0.43470
   0.42615
   0.41740
   0.40882
   0.40034
   0.39176
   0.38316
   0.37454
   0.36589
   0.35718
   0.34848
   0.33978
   0.33108
   0.32240
   0.31382
   0.30532
   0.29699
   0.28881
   0.28049
   0.27263
   0.26501
   0.25761
   0.25026
   0.24308
   0.23638
   0.23063
   0.22369
   0.21662
   0.20919
   0.20356
   0.19600
   0.18803
   0.18003
   0.17207
   0.16414
   0.15640
   0.14890
   0.14168
   0.13482
   0.12833
   0.12245
   0.11720
   0.11282
   0.10897
   0.10614
   0.10392
   0.10223
   0.10032
   0.09838
   0.09573
   0.09270
   0.08917
   0.08277
   0.07753
   0.07126
   0.06489
   0.05944
   0.05511
   0.05181
   0.04898
   0.04704
   0.07902
   0.03914
   0.03780
   0.03678
   0.03538
   0.03447
   0.03380
   0.03255
   0.03227
   0.03118
   0.03039
   0.02935
   0.02847
   0.02737
   0.02652
   0.02507
   0.02418
   0.02553
   0.02708
   0.03771
   0.02186
   0.02338
   0.02212
   0.02045
   0.01983
   0.01905
   0.01850
   0.01794
   0.01733
   0.01693
   0.01854
   0.01799
   0.11852
   0.10462
   0.10122
   0.04398
   0.07685
   0.02288
   0.12239
   0.11316
   0.07458
   0.08569
   0.05921
   0.05217
   0.00973
   0.05290
   0.06287
   0.00904
   0.00660
   0.03047
   0.05008
   0.03097
   0.02380
   0.00584
   0.06589
   0.01155
   0.04657
   0.01304
   0.02884
   0.02343
   0.00323
   0.00961
   0.00804
   0.02336
   0.00302
   0.15442
   0.00240
   0.00247
   0.00215
   0.00225
   0.05946
   0.09080
   0.08720
   0.08180
   0.00162
   0.00410
   0.04829
   0.00166
   0.01106
   0.00146
   0.05170
   0.01022
   0.00222
   0.00190
   0.00584
   0.00177
   0.00164
   0.00473
   0.01485
   0.00613
   0.00240
   0.00581
   0.00386
   0.00270
   0.00184
   0.80219
   0.00373
   0.00399
   0.00189
   0.00448
   0.00208
   0.00128
   0.00131
   0.00145
   0.00410
   0.00355
   0.00143
   0.00661
   0.01292
   0.00254
   0.00216
   0.00268
   0.00277
   0.00272
   0.00619
   0.00688
   0.00580
   0.00440
   0.00256
   0.00222
   0.00223
   0.00211
   0.00197
   0.00190
   0.00302
   0.00329
   0.22675
   0.18559
   0.17887
   0.17325
   0.16773
   0.16188
   0.15573
   0.14944
   0.14322
   0.13695
   0.13097
   0.12481
   0.11910
   0.11357
   0.10823
   0.10295
   0.09798
   0.09314
   0.08847
   0.08408
   0.07985
   0.07586
   0.07203
   0.06842
   0.06501
   0.06178
   0.05872
   0.05580
   0.05308
   0.05052
   0.04810
   0.04583
   0.04369
   0.04167
   0.03977
   0.03797
   0.03629
   0.03468
   0.03317
   0.03174
   0.03039
   0.02911
   0.02787
   0.02671
   0.02564
   0.02458
   0.02365
   0.02273
   0.02183
   0.02099
   0.02022
   0.01950
   0.01889
   0.01830
   0.01807
   0.01657
   0.01530
   0.01420
   0.01309
   0.01209
   0.01131
   0.01068
   0.01017
   0.00976
   0.00941
   0.00911
   0.00885
   0.00862
   0.00843
   0.00825
   0.00811
   0.01310
   0.05103
   0.04802
   0.05001
   0.07230
   0.07294
   0.07368
   0.07406
   0.07313
   0.07168
   0.06909
   0.06623
   0.00705
   0.00374
   0.03307
   0.00384
   0.00349
   0.03663
   0.00319
   0.00301
   0.00285
   0.00248
   0.02190
   0.00251
   0.00228
   0.00403
   0.00216
   0.00198
   0.00190
   0.00185
   0.00185
   0.00206
   0.06604
   0.00236
   0.00238
   0.00239
   0.00227
   0.00208
   0.00189
   0.00166
   0.00151
   0.01383
   0.00298
   0.00227
   0.00198
   0.00185
   0.00177
   0.00175
   0.00179
   0.00176
   0.00166
   0.00154
   0.00140
   0.00126
   0.00120
   0.00117
   0.00119
   0.00277
   0.01615
   0.00443
   0.00262
   0.00206
   0.00160
   0.00135
   0.00127
   0.00129
   0.00126
   0.00119
   0.00112
   0.00103
   0.00095
   0.00091
   0.00088
   0.00090
   0.00624
   0.00162
   0.00144
   0.00124
   0.00108
   0.00098
   0.00091
   0.00088
   0.00087
   0.00089
   0.00089
   0.00086
   0.00082
   0.00077
   0.00072
   0.00068
   0.00066
   0.00065
   0.01757
   0.00379
   0.00202
   0.00140
   0.00115
   0.00089
   0.00078
   0.00071
   0.00068
   0.00067
   0.00068
   0.00068
   0.00067
   0.00064
   0.00061
   0.00057
   0.00054
   0.00052
   0.00050
   0.00049
   0.09001
   0.00087
   0.00080
   0.00072
   0.00063
   0.00056
   0.00051
   0.00048
   0.00047
   0.00046
   0.00046
   0.00046
   0.00045
   0.00044
   0.00042
   0.00041
   0.00039
   0.00039
   0.00037
   0.01399
   0.00941
   0.00883
   0.00841
   0.00813
   0.00795
   0.00779
   0.00763
   0.00746
   0.00729
   0.00716
   0.00702
   0.00671
   0.00655
   0.00629
