   0.73055
   0.70447
   0.69995
   0.69898
   0.69525
   0.69063
   0.68815
   0.68586
   0.68284
   0.68172
   0.67955
   0.67815
   0.67632
   0.67424
   0.67208
   0.67029
   0.66848
   0.66629
   0.66435
   0.66219
   0.66018
   0.65812
   0.65595
   0.65366
   0.65141
   0.64916
   0.64677
   0.64428
   0.64181
   0.63950
   0.63708
   0.63438
   0.63205
   0.62928
   0.62647
   0.62396
   0.62139
   0.61881
   0.61621
   0.61327
   0.61069
   0.60791
   0.60527
   0.60230
   0.59983
   0.59692
   0.59417
   0.59144
   0.58871
   0.58599
   0.58330
   0.58056
   0.57786
   0.57517
   0.57247
   0.56983
   0.56718
   0.56454
   0.56190
   0.55931
   0.55672
   0.55416
   0.55161
   0.54910
   0.54665
   0.54423
   0.54178
   0.53943
   0.53707
   0.53470
   0.53891
   0.53861
   0.53484
   0.53062
   0.52691
   0.52383
   0.52116
   0.51898
   0.51695
   0.51511
   0.51346
   0.51187
   0.51048
   0.50920
   0.50808
   0.51818
   0.52257
   0.52304
   0.52300
   0.52274
   0.52266
   0.52311
   0.52373
   0.52436
   0.52504
   0.52579
   0.52616
   0.52622
   0.52605
   0.52486
   0.52309
   0.52120
   0.51816
   0.51515
   0.51211
   0.50904
   0.50852
   0.50308
   0.50023
   0.49786
   0.49493
   0.49219
   0.48950
   0.48674
   0.48418
   0.48158
   0.47885
   0.47628
   0.47355
   0.47107
   0.46827
   0.46557
   0.46282
   0.46017
   0.45718
   0.45447
   0.45169
   0.44868
   0.44587
   0.44282
   0.43998
   0.43713
   0.43401
   0.43139
   0.42810
   0.42538
   0.42223
   0.41959
   0.41637
   0.41368
   0.41061
   0.40769
   0.40476
   0.40225
   0.39967
   0.39713
   0.39553
   0.39195
   0.38948
   0.38611
   0.38251
   0.37995
   0.37665
   0.37332
   0.37086
   0.36774
   0.36498
   0.36166
   0.35913
   0.35593
   0.35346
   0.35026
   0.34779
   0.34460
   0.34193
   0.33922
   0.33626
   0.33377
   0.33090
   0.32803
   0.32551
   0.32320
   0.31977
   0.31704
   0.31512
   0.31250
   0.30932
   0.30723
   0.30433
   0.30182
   0.29913
   0.29645
   0.29415
   0.29127
   0.28825
   0.28648
   0.28371
   0.28115
   0.27856
   0.27611
   0.27346
   0.27102
   0.26869
   0.26612
   0.26346
   0.26110
   0.25902
   0.25610
   0.25386
   0.25139
   0.24888
   0.24659
   0.24411
   0.24163
   0.23930
   0.23704
   0.23451
   0.23212
   0.23007
   0.22756
   0.22510
   0.22285
   0.22044
   0.21799
   0.21572
   0.21358
   0.21128
   0.20898
   0.20659
   0.20433
   0.20204
   0.19973
   0.19747
   0.19516
   0.19296
   0.19074
   0.18831
   0.18615
   0.18407
   0.18189
   0.17962
   0.17739
   0.17518
   0.17292
   0.17069
   0.16859
   0.16647
   0.16428
   0.16201
   0.15993
   0.15765
   0.15572
   0.15366
   0.15164
   0.14941
   0.14735
   0.14517
   0.14299
   0.14115
   0.13908
   0.13695
   0.13479
   0.13303
   0.13082
   0.12904
   0.12676
   0.12509
   0.12332
   0.12165
   0.11983
   0.11779
   0.11575
   0.11374
   0.11182
   0.11009
   0.10830
   0.10636
   0.10445
   0.10248
   0.10085
   0.09909
   0.09713
   0.09532
   0.09350
   0.09195
   0.09011
   0.08835
   0.08660
   0.08515
   0.08336
   0.08171
   0.08033
   0.07864
   0.07724
   0.07559
   0.07418
   0.07259
   0.07127
   0.06977
   0.06851
   0.06708
   0.06580
   0.06446
   0.06316
   0.06194
   0.06069
   0.05958
   0.05837
   0.05728
   0.05624
   0.05520
   0.05409
   0.05303
   0.05212
   0.05114
   0.05031
   0.04930
   0.04860
   0.04771
   0.04691
   0.04606
   0.04532
   0.04460
   0.04386
   0.04317
   0.04243
   0.04181
   0.04111
   0.04051
   0.03989
   0.03938
   0.03869
   0.03808
   0.03755
   0.03712
   0.03648
   0.03594
   0.03549
   0.03512
   0.03449
   0.03405
   0.03361
   0.03331
   0.03269
   0.03237
   0.03205
   0.03154
   0.03117
   0.03099
   0.03039
   0.03023
   0.02990
   0.02944
   0.02925
   0.02899
   0.02859
   0.02841
   0.02819
   0.02781
   0.02775
   0.02728
   0.02738
   0.02683
   0.02705
   0.02640
   0.02685
   0.02594
   0.02676
   0.02553
   0.02666
   0.02525
   0.02664
   0.02488
   0.02684
   0.02448
   0.02724
   0.02383
   0.02787
   0.02307
   0.02863
   0.02235
   0.02948
   0.02155
   0.03042
   0.02065
   0.03148
   0.01966
   0.03225
   0.01961
   0.03285
   0.02022
   0.03326
   0.02154
   0.03371
   0.02325
   0.03380
   0.02623
   0.03388
   0.02905
   0.03399
   0.03160
   0.03436
   0.03387
   0.03513
   0.03587
   0.03664
   0.03755
   0.03863
   0.03949
   0.04054
   0.04169
   0.04272
   0.04402
   0.04515
   0.04641
   0.04760
   0.04885
   0.04982
   0.05175
   0.05144
   0.05594
   0.04950
   0.06725
   0.05316
   0.07396
   0.04742
   0.04204
   0.13832
   2.78714
   0.12959
   0.00633
   0.00612
   0.00809
   0.00628
   0.00635
   0.00643
   0.00629
   0.00630
   0.00626
   0.00623
   0.00620
   0.00617
   0.00613
   0.00610
   0.00607
   0.00604
   0.00601
   0.00598
   0.00595
   0.00591
   0.00588
   0.00585
   0.00582
   0.00579
   0.00576
   0.00572
   0.00569
   0.00566
   0.00563
   0.00559
   0.00556
   0.00553
   0.00550
   0.00546
   0.00543
   0.00540
   0.00536
   0.00533
   0.00530
   0.00527
   0.00523
   0.00520
   0.00516
   0.00512
   0.00509
   0.00505
   0.00501
   0.00498
   0.00494
   0.00490
   0.00487
   0.00483
   0.00478
   0.00475
   0.00471
   0.00467
   0.00463
   0.00458
   0.00455
   0.00450
   0.00446
   0.00442
   0.00438
   0.00434
   0.00429
   0.00426
   0.00422
   0.00418
   0.00416
   0.00412
   0.00409
   0.00406
   0.00403
   0.00401
   0.00398
   0.00396
   0.00393
   0.00390
   0.00388
   0.00386
   0.00383
   0.00381
   0.00379
   0.00376
   0.00374
   0.00372
   0.00369
   0.00367
   0.00365
   0.00363
   0.00360
   0.00358
   0.00356
   0.00354
   0.00351
   0.00349
   0.00347
   0.00344
   0.00342
   0.00340
   0.00338
   0.00335
   0.00333
   0.00331
   0.00328
   0.00326
   0.00324
   0.00322
   0.00319
   0.00317
   0.00315
   0.00313
   0.00311
   0.00308
   0.00306
   0.00304
   0.00302
   0.00300
   0.00297
   0.00295
   0.00293
   0.00291
   0.00289
   0.00286
   0.00285
   0.00282
   0.00280
   0.00278
   0.00276
   0.00273
   0.00271
   0.00269
   0.00267
   0.00265
   0.00263
   0.00261
   0.00259
   0.00256
   0.00254
   0.00252
   0.00250
   0.00248
   0.00246
   0.00244
   0.00242
   0.00240
   0.00238
   0.00236
   0.00234
   0.00232
   0.00230
   0.00228
   0.00226
   0.00224
   0.00222
   0.00221
   0.00219
   0.00217
   0.00215
   0.00213
   0.00211
   0.00209
   0.00208
   0.00206
   0.00204
   0.00202
   0.00201
   0.00199
   0.00197
   0.00195
   0.00193
   0.00192
   0.00190
   0.00188
   0.00187
   0.00185
   0.00184
   0.00182
   0.00180
   0.00179
   0.00177
   0.00175
   0.00174
   0.00172
   0.00171
   0.00169
   0.00168
   0.00166
   0.00165
   0.00163
   0.00162
   0.00160
   0.00159
   0.00157
   0.00156
   0.00154
   0.00153
   0.00152
   0.00150
   0.00149
   0.00148
   0.00146
   0.00145
   0.00144
   0.00142
   0.00141
   0.00140
   0.00138
   0.00137
   0.00136
   0.00135
   0.00133
   0.00132
   0.00131
   0.00130
   0.00128
   0.00128
   0.00126
   0.00125
   0.00124
   0.00123
   0.00122
   0.00121
   0.00119
   0.00118
   0.00117
   0.00116
   0.00115
   0.00114
   0.00113
   0.00112
   0.00111
   0.00110
   0.00109
   0.00108
   0.00107
   0.00106
   0.00105
   0.00104
   0.00103
   0.00102
   0.00101
   0.00100
   0.00099
   0.00099
   0.00097
   0.00097
   0.00096
   0.00095
   0.00094
   0.00093
   0.00092
   0.00092
   0.00091
   0.00090
   0.00089
   0.00088
   0.00087
   0.00087
   0.00086
   0.00085
   0.00084
   0.00084
   0.00083
   0.00082
   0.00081
   0.00081
   0.00080
   0.00079
   0.00078
   0.00078
   0.00077
   0.00076
   0.00076
   0.00075
   0.00074
   0.00073
   0.00073
   0.00072
   0.00072
   0.00071
   0.00070
   0.00070
   0.00069
   0.00068
   0.00068
   0.00067
   0.00067
   0.00066
   0.00065
   0.00065
   0.00064
   0.00064
   0.00063
   0.00062
   0.00062
   0.00061
   0.00061
   0.00060
   0.00060
   0.00059
   0.00059
   0.00058
   0.00058
   0.00057
   0.00057
   0.00056
   0.00056
   0.00055
   0.00055
   0.00054
   0.00054
   0.00053
   0.00053
   0.00052
   0.00052
   0.00052
   0.00051
   0.00051
   0.00050
   0.00050
   0.00049
   0.00049
   0.00049
   0.00048
   0.00048
   0.00047
   0.00047
   0.00046
   0.00046
   0.00046
   0.00045
   0.00045
   0.00045
   0.00044
   0.00044
   0.00043
   0.00043
   0.00043
   0.00042
   0.00042
   0.00042
   0.00041
   0.00041
   0.00041
   0.00040
   0.00040
   0.00040
   0.00039
   0.00039
   0.00039
   0.00038
   0.00038
   0.00038
   0.00038
   0.00037
   0.00037
   0.00037
   0.00036
   0.00036
   0.00036
   0.00036
   0.00035
   0.00035
   0.00035
   0.00034
   0.00034
   0.00034
   0.00034
   0.00033
   0.00033
   0.00033
   0.00033
   0.00032
   0.00032
   0.00032
   0.00031
   0.00031
   0.00031
   0.00031
   0.00031
   0.00030
   0.00030
   0.00030
   0.00030
   0.00030
   0.00030
   0.00029
   0.00029
   0.00029
   0.00029
   0.00028
   0.00028
   0.00028
   0.00028
   0.00027
   0.00027
   0.00027
   0.00026
   0.00026
   0.00026
   0.00025
   0.00024
   0.00024
   0.00023
   0.00022
   0.00020
   0.00019
   0.00017
   0.00016
   0.00016
   0.00016
   0.00016
   0.00017
   0.00020
   0.00027
   0.00041
   0.00021
   0.00032
   0.00033
   0.00024
   0.00032
   0.00029
   0.00028
   0.00029
   0.00028
   0.00028
   0.00028
   0.00027
   0.00027
   0.00026
   0.00026
   0.00025
   0.00025
   0.00024
   0.00024
   0.00023
   0.00023
   0.00022
   0.00021
   0.00020
   0.00018
   0.00015
   0.00012
   0.00011
   0.00011
   0.00011
   0.00011
   0.00016
   0.00014
   0.00014
   0.00062
   4.89703
   0.61746
   0.53604
   0.49455
   0.48423
   0.46214
   0.45683
   0.44681
   0.43794
   0.42928
   0.41968
   0.41079
   0.40245
   0.39442
   0.38664
   0.37905
   0.37173
   0.36470
   0.35795
   0.35150
   0.34533
   0.33944
   0.33380
   0.32783
   0.30460
   0.30642
   0.30646
   0.30419
   0.30074
   0.29684
   0.29292
   0.28913
   0.28517
   0.27544
   0.30643
   0.29865
   0.28693
   0.28018
   0.26418
   0.25291
   0.24632
   0.24236
   0.23800
   0.23393
   0.23053
   0.22707
   0.22369
   0.22041
   0.21718
   0.21405
   0.21098
   0.20800
   0.20503
   0.20219
   0.19935
   0.19659
   0.19385
   0.19121
   0.18857
   0.18596
   0.18342
   0.18092
   0.17845
   0.17601
   0.17360
   0.17125
   0.16889
   0.16659
   0.16428
   0.16205
   0.15978
   0.15749
   0.15542
   0.15317
   0.15107
   0.14893
   0.14682
   0.14473
   0.14268
   0.14062
   0.13861
   0.13659
   0.13461
   0.13261
   0.13068
   0.12877
   0.12686
   0.12498
   0.12303
   0.12123
   0.11945
   0.11763
   0.11579
   0.11404
   0.11226
   0.11056
   0.10884
   0.10715
   0.10549
   0.10381
   0.10221
   0.10060
   0.09901
   0.09740
   0.09587
   0.09437
   0.09286
   0.09136
   0.08990
   0.08845
   0.08702
   0.08562
   0.08422
   0.08285
   0.08151
   0.08019
   0.07887
   0.07759
   0.07632
   0.07504
   0.07383
   0.07264
   0.07143
   0.07026
   0.06909
   0.06796
   0.06684
   0.06572
