   0.72008
   0.73032
   0.72564
   0.72008
   0.71534
   0.70973
   0.70500
   0.69850
   0.69034
   0.68308
   0.70461
   0.68188
   0.67539
   0.66745
   0.66945
   0.67377
   0.66961
   0.66852
   0.64234
   0.63012
   0.61749
   0.60275
   0.58738
   0.57421
   0.56233
   0.55328
   0.54447
   0.53773
   0.53053
   0.52530
   0.52081
   0.53578
   0.54811
   0.55396
   0.54614
   0.53464
   0.51942
   0.50637
   0.49600
   0.48250
   0.46802
   0.45169
   0.43536
   0.41939
   0.40329
   0.38914
   0.37366
   0.35945
   0.34523
   0.33235
   0.32058
   0.30780
   0.29670
   0.28617
   0.27622
   0.26700
   0.25809
   0.25079
   0.24302
   0.23594
   0.22956
   0.22275
   0.21733
   0.21130
   0.20297
   0.19758
   0.19139
   0.18544
   0.17882
   0.17278
   0.16667
   0.16069
   0.15347
   0.14930
   0.14481
   0.13880
   0.13552
   0.12862
   0.12600
   0.12380
   0.11636
   0.11017
   0.10623
   0.10201
   0.09303
   0.08248
   0.07350
   0.06482
   0.05839
   0.05280
   0.04953
   0.04685
   0.04416
   0.04136
   0.03985
   0.04546
   0.04584
   0.05171
   0.07499
   0.14480
   0.11870
   0.10247
   0.09496
   0.09070
   0.08891
   0.08780
   0.07889
   0.07364
   0.06982
   0.06332
   0.05048
   0.04543
   0.04057
   0.03511
   0.03358
   0.03350
   0.03008
   0.02771
   0.02721
   0.02419
   0.01091
   0.00913
   0.01923
   0.03578
   0.03914
   0.01084
   0.04670
   0.00985
   0.00463
   0.04216
   0.01572
   0.04468
   0.00499
   0.02573
   0.00827
   0.00886
   0.00842
   0.00921
   0.00906
   0.00882
   0.00852
   0.00820
   0.00775
   0.00723
   0.00703
   0.00979
   0.01214
   0.00506
   0.00404
   0.00342
   0.00334
   0.00301
   0.00268
   0.00271
   0.00277
   0.00246
   0.00229
   0.00213
   0.00175
   0.00226
   0.00150
   0.00133
   0.30262
   0.09325
   0.07977
   0.05277
   0.03666
   0.02529
   0.02242
   0.02055
   0.01861
   0.01671
   0.01405
   0.01139
   0.01047
   0.01005
   0.01045
   0.01160
   0.00759
   0.00653
   0.00871
   0.01193
   0.01220
   0.01103
   0.01056
   0.01008
   0.00979
   0.00971
   0.00942
   0.00928
   0.00966
   0.00811
   0.01287
   0.01122
   0.02452
   0.04339
   0.00501
   0.00470
   0.00351
   0.00484
   0.00275
   0.00240
   0.00223
   0.00214
   0.00205
   0.00197
   0.00189
   0.00180
   0.00163
   0.00156
   0.00152
   0.00152
   0.00141
   0.00127
   0.00113
   0.00102
   0.05814
   0.04030
   0.01808
   0.01213
   0.01046
   0.00878
   0.00817
   0.00763
   0.00764
   0.00806
   0.00868
   0.00953
   0.00738
   0.00547
   0.00346
   0.00351
   0.00517
   0.00551
   0.00511
   0.00462
   0.00434
   0.00406
   0.00388
   0.00394
   0.00372
   0.00358
   0.00336
   0.00315
   0.00304
   0.00322
   0.00299
   0.00298
   0.00250
   0.00270
   0.00304
   0.00285
   0.00128
   0.01162
   0.00925
   0.00765
   0.00710
   0.00413
   0.00469
   0.00429
   0.00304
   0.00295
   0.00419
   0.00220
   0.00222
   0.00285
   0.00162
   0.00161
   0.00152
   0.00141
   0.00146
   0.00135
   0.00109
   0.00104
   0.00100
   0.00096
   0.00094
   0.00099
   0.00772
   0.00119
   0.00099
   0.00087
   0.00081
   0.00076
   0.00072
   0.00065
   0.00059
   0.00056
   0.00053
   0.00050
   0.00048
   0.00043
   0.00042
   0.00041
   0.00039
   0.00034
   0.00034
   0.00031
   0.09244
   0.03395
   0.02504
   0.02065
   0.01956
   0.01705
   0.01634
   0.01568
   0.01504
   0.01445
   0.01394
   0.01346
   0.01302
   0.01260
   0.01219
   0.01176
   0.01131
   0.01086
   0.01039
   0.00991
   0.00941
   0.00893
   0.00843
   0.00790
   0.00741
   0.00691
   0.00644
   0.00595
   0.00551
   0.00508
   0.00469
   0.00432
   0.00399
   0.00365
   0.00338
   0.00312
   0.00290
   0.00271
   0.00252
   0.00236
   0.00222
   0.00209
   0.00198
   0.00187
   0.00177
   0.00168
   0.00161
   0.00154
   0.00147
   0.00142
   0.00137
   0.00132
   0.00128
   0.00124
   0.00120
   0.00115
   0.00110
   0.00106
   0.00102
   0.00098
   0.00091
   0.00086
   0.00079
   0.00076
   0.00078
   0.00080
   0.00078
   0.00074
   0.00070
   0.00064
   0.00059
   0.00055
   0.00050
   0.00048
   0.00045
   0.00046
   0.00058
   0.00062
   0.05222
   0.04135
   0.03390
   0.03234
   0.02891
   0.02795
   0.02349
   0.01959
   0.01905
   0.01837
   0.01724
   0.01675
   0.01365
   0.01272
   0.01243
   0.01227
   0.01213
   0.01204
   0.01203
   0.01208
   0.01214
   0.01226
   0.01247
   0.01263
   0.01277
   0.01284
   0.01290
   0.01287
   0.00815
   0.00795
   0.00781
   0.00771
   0.00757
   0.00736
   0.00719
   0.00689
   0.00659
   0.00628
   0.00598
   0.00568
   0.00537
   0.00512
   0.00485
   0.00460
   0.00433
   0.00412
   0.00390
   0.00366
   0.00349
   0.00331
   0.00311
   0.00292
   0.00277
   0.00262
   0.00248
   0.00233
   0.00218
   0.00207
   0.00195
   0.00184
   0.00174
   0.00165
   0.00156
   0.00148
   0.00139
   0.00133
   0.00127
   0.00121
   0.00117
   0.00113
   0.00109
   0.00107
   0.00107
   0.00104
   0.00105
   0.00105
   0.00109
   0.00117
   0.00141
   0.00167
   0.00025
   0.03230
   0.05930
   0.04598
   0.04595
   0.02944
   0.02302
   0.01701
   0.02193
   0.02103
   0.02023
   0.01964
   0.01912
   0.01844
   0.01708
   0.01158
   0.01117
   0.01101
   0.01082
   0.01061
   0.01044
   0.01030
   0.01019
   0.01006
   0.00985
   0.00828
   0.01222
   0.01678
   0.01714
   0.00754
   0.00708
   0.00677
   0.00621
   0.00603
   0.00684
   0.00474
   0.00452
   0.00452
   0.00437
   0.00439
   0.00530
   0.00399
   0.00378
   0.00384
   0.00348
   0.00336
   0.00330
   0.00573
   0.02688
   0.00423
   0.00364
   0.00288
   0.00319
   0.00260
   0.00251
   0.00240
   0.00231
   0.00223
   0.00216
   0.00208
   0.00201
   0.00218
   0.00226
   0.00195
   0.00214
   0.00177
   0.00169
   0.00240
   0.00156
   0.00268
   0.00234
   0.00204
   0.00192
   0.00186
   0.00168
   0.00159
   0.00144
   0.00138
   0.00127
   0.00121
   0.00115
   0.00111
   0.00101
   0.00098
   0.00081
   0.00079
   0.00074
   0.00073
   0.00068
   0.00069
   0.00066
   0.00063
   0.00062
   1.21660
   0.00679
   0.00510
   0.00415
   0.00348
   0.00299
   0.00261
   0.00228
   0.00205
   0.00187
   0.00172
   0.00161
   0.00149
   0.00139
   0.00130
   0.00121
   0.00115
   0.00107
   0.00102
   0.00098
   0.00094
   0.00092
   0.00089
   0.00086
   0.00083
   0.00081
   0.00078
   0.00075
   0.00073
   0.00062
   0.00059
   0.00058
   0.00057
   0.00055
   0.00054
   0.00052
   0.00050
   0.00048
   0.00045
   0.00042
   0.00038
   0.00035
   0.00031
   0.00028
   0.00027
   0.00025
   0.00025
   0.00253
   0.00036
   0.00035
   0.00035
   0.00035
   0.00035
   0.00035
   0.00036
   0.00036
   0.00037
   0.00038
   0.00038
   0.00039
   0.00041
   0.00043
   0.00046
   0.00050
   0.00049
   0.00047
   0.00046
   0.00046
   0.00047
   0.00047
   0.00047
   0.00046
   0.00044
   0.00043
   0.00043
   0.00044
   0.00045
   0.00044
   0.00044
   0.00043
   0.00042
   0.00041
   0.00039
   0.00037
   0.00035
   0.00033
   0.00030
   0.00028
   0.00025
   0.00023
   0.00021
   0.00018
   0.00017
   0.00016
   0.00016
   0.00011
   0.00014
   0.07268
   0.00525
   0.00396
   0.00329
   0.00300
   0.00254
   0.00218
   0.00197
   0.00180
   0.00161
   0.00142
   0.00130
   0.00118
   0.00108
   0.00101
   0.00094
   0.00087
   0.00081
   0.00077
   0.00071
   0.00065
   0.00060
   0.00056
   0.00053
   0.00050
   0.00048
   0.00046
   0.00045
   0.00045
   0.00044
   0.00044
   0.00044
   0.00043
   0.00043
   0.00043
   0.00043
   0.00042
   0.00041
   0.00040
   0.00034
   0.00031
   0.00031
   0.00030
   0.00029
   0.00028
   0.00026
   0.00025
   0.00023
   0.00022
   0.00021
   0.00020
   0.00020
   0.00019
   0.00018
   0.00017
   0.00015
   0.00014
   0.00013
   0.00012
   0.00011
   0.00010
   0.00009
   0.00009
   0.00009
   0.00008
   0.00008
   0.00008
   0.00007
   0.00005
   0.00794
   0.00614
   0.00516
   0.00461
   0.00422
   0.00372
   0.00327
   0.00303
   0.00284
   0.00271
   0.00261
   0.00255
   0.00249
   0.00239
   0.00215
   0.00199
   0.00192
   0.00185
   0.00178
   0.00169
   0.00159
   0.00149
   0.00138
   0.00128
   0.00119
   0.00112
   0.00105
   0.00100
   0.00096
   0.00093
   0.00092
   0.00091
   0.00092
   0.00095
   0.00101
   0.00113
   0.00135
   0.00156
   0.00165
   0.00158
   0.00165
   0.00223
   0.00185
   1.02566
   0.00322
   0.00256
   0.00234
   0.00212
   0.00191
   0.00169
   0.00149
   0.00136
   0.00123
   0.00113
   0.00106
   0.00099
   0.00093
   0.00086
   0.00080
   0.00073
   0.00068
   0.00063
   0.00059
   0.00054
   0.00051
   0.00049
   0.00048
   0.00047
   0.00046
   0.00045
   0.00044
   0.00043
   0.00042
   0.00042
   0.00041
   0.00040
   0.00039
   0.00038
   0.00037
   0.00036
   0.00034
   0.00032
   0.00029
   0.00027
   0.00024
   0.00022
   0.00020
   0.00018
   0.00017
   0.00016
   0.00014
   0.00014
   0.00013
   0.00013
   0.00013
   0.00013
   0.00013
   0.00014
   0.00016
   0.00019
   0.00018
   0.00016
   0.00015
   0.00016
   0.00017
   0.00019
   0.00018
   0.00021
   5.16455
   0.00239
   0.00204
   0.00189
   0.00176
   0.00161
   0.00151
   0.00141
   0.00132
   0.00123
   0.00114
   0.00107
   0.00101
   0.00095
   0.00090
   0.00086
   0.00082
   0.00078
   0.00072
   0.00068
   0.00064
   0.00060
   0.00055
   0.00050
   0.00046
   0.00042
   0.00038
   0.00034
   0.00032
   0.00030
   0.00029
   0.00028
   0.00027
   0.00025
   0.00024
   0.00023
   0.00022
   0.00021
   0.00020
   0.00019
   0.00019
   0.00018
   0.00017
   0.00017
   0.00016
   0.00016
   0.00016
   0.00015
   0.00015
   0.00015
   0.00015
   0.00014
   0.00014
   0.00013
   0.00012
   0.00012
   0.00012
   0.00012
   0.00012
   0.00012
   0.00017
   0.93556
   0.01520
   0.00820
   0.00555
   0.00418
   0.00347
   0.00297
   0.00258
   0.00228
   0.00202
   0.00182
   0.00166
   0.00154
   0.00144
   0.00136
   0.00131
   0.00128
   0.00125
   0.00122
   0.00119
   0.00115
   0.00110
   0.00107
   0.00103
   0.00099
   0.00096
   0.00092
   0.00089
   0.00085
   0.00082
   0.00089
   0.00078
   0.00088
   0.00079
   0.00081
   0.00083
   0.00070
   0.00067
   0.00066
   0.00064
   0.00062
   0.00063
   0.00063
   0.00064
   0.00065
   0.00067
   0.00069
   0.00071
   0.00073
   0.00043
   0.00050
   0.00049
   0.00050
   0.00050
   0.00049
   0.00047
   0.00045
   0.00042
   0.00039
   0.00036
   0.00032
   0.00030
   0.00028
   0.00025
   0.00025
   0.00024
   0.00023
   0.00022
   0.00022
   0.00021
   0.00021
   0.00020
   0.00019
   0.00018
   0.00018
   0.00017
   0.00016
   0.00016
   0.00015
   0.00015
   0.00014
   0.00012
   0.00011
   0.22666
   0.00497
   0.00407
   0.00359
   0.00318
   0.00279
   0.00249
   0.00224
   0.00204
   0.00189
   0.00168
   0.00155
   0.00142
   0.00130
   0.00120
   0.00105
   0.00093
   0.00085
   0.00078
   0.00073
   0.00070
   0.00066
   0.00062
   0.00059
   0.00056
   0.00054
   0.00052
   0.00051
   0.00049
   0.00048
   0.00046
   0.00045
   0.00043
