   0.68690
   0.68110
   0.67154
   0.67677
   0.67669
   0.67302
   0.67072
   0.66106
   0.66209
   0.66286
   0.65693
   0.65509
   0.65241
   0.65046
   0.64809
   0.64398
   0.64093
   0.63571
   0.62840
   0.62325
   0.61784
   0.61337
   0.60966
   0.60478
   0.59978
   0.59652
   0.58980
   0.57325
   0.56336
   0.55371
   0.54510
   0.53585
   0.52827
   0.51989
   0.51160
   0.50442
   0.49511
   0.48859
   0.47731
   0.47021
   0.46296
   0.45336
   0.44402
   0.43881
   0.43243
   0.42614
   0.42274
   0.41616
   0.41418
   0.41772
   0.41843
   0.41478
   0.41527
   0.41715
   0.41495
   0.41528
   0.41268
   0.41495
   0.40145
   0.41182
   0.39559
   0.37376
   0.35177
   0.32815
   0.29674
   0.27034
   0.24727
   0.22547
   0.21174
   0.20454
   0.19594
   0.17055
   0.15237
   0.14577
   0.13284
   0.14231
   0.18853
   0.13679
   0.08876
   0.08068
   0.06922
   0.05166
   0.04726
   0.06366
   0.05332
   0.04981
   0.07299
   0.06911
   0.06555
   0.05535
   0.07324
   0.14794
   0.05302
   0.06227
   0.10109
   0.07626
   0.07694
   0.10272
   0.12786
   0.12875
   0.13901
   0.14367
   0.12377
   0.10966
   0.09947
   0.10130
   0.06883
   0.06248
   0.06965
   0.06002
   0.07608
   0.39861
   0.26312
   0.01108
   0.80923
   0.01063
   0.91087
   0.01514
   0.01230
   0.00827
   0.00764
   0.49346
   0.43125
   0.01120
   0.00766
   0.00685
   0.00695
   0.00584
   0.01190
   0.01662
   0.00588
   0.02400
   0.04928
   0.02770
   0.55849
   0.01207
   0.00636
   0.00652
   0.00535
   0.00517
   0.00524
   0.01072
   0.42577
   0.00542
   0.01811
   0.00479
   0.00540
   0.00793
   0.01406
   0.00599
   0.02878
   0.00457
   0.00427
   0.00430
   0.02463
   0.00583
   0.01894
   0.00538
   0.00499
   0.01807
   0.00473
   0.00397
   0.00741
   0.00483
   0.00455
   0.00395
   0.00820
   0.00366
   0.02326
   0.05775
   0.01168
   0.00837
   0.01254
   0.03251
   0.02660
   0.01187
   0.31472
   0.00402
   0.70988
   0.00274
   0.00249
   0.00232
   0.01583
   0.00559
   0.03445
   0.00270
   0.00694
   0.00379
   0.00323
   0.01483
   0.00818
   0.02210
   0.00340
   0.00445
   0.00364
   0.00578
   0.00400
   0.02824
   0.00845
   0.00709
   0.01202
   0.00523
   0.13855
   0.00856
   0.00869
   0.00395
   0.46851
   0.00487
   0.00384
   0.09372
   0.04552
   0.02146
   0.01267
   0.01931
   0.01150
   0.01395
   0.00922
   0.02710
   0.01385
   0.01246
   0.00843
   0.01107
   0.05503
   0.02866
   0.02108
   0.01647
   0.01375
   0.00685
   0.01316
   0.01227
   0.00716
   0.03953
   0.01868
   0.04133
   0.03631
   0.01643
   0.01310
   0.43475
   0.03126
   0.00912
   0.22036
   0.03563
   0.03090
   0.02791
   0.02475
   0.02212
   0.02016
   0.06746
   0.03289
   0.03302
   0.03741
   0.03157
   0.02756
   0.02967
   0.12205
   0.02273
   0.01361
   0.04864
   0.02097
   0.02475
   0.02226
   0.01582
   0.01411
   0.01728
   0.01556
   0.01209
   0.00986
   0.01003
   0.00674
   0.01285
   0.00638
   0.00593
   0.00970
   0.01336
   0.00531
   0.00594
   0.00498
   0.00507
   0.01058
   0.01003
   0.00350
   0.00371
   0.00337
   0.00730
   0.03786
   0.00317
   0.40082
   0.06286
   0.03442
   0.02661
   0.02312
   0.01833
   0.01750
   0.01707
   0.01520
   0.01373
   0.01304
   0.01233
   0.02032
   0.01052
   0.01265
   0.01213
   0.01012
   0.01048
   0.00890
   0.01026
   0.00874
   0.00803
   0.00798
   0.00803
   0.00719
   0.00686
   0.00686
   0.00743
   0.00599
   0.00544
   0.00507
   0.00481
   0.00474
   0.00496
   0.00374
   0.00459
   0.01017
   0.00268
   0.00222
   0.01637
   0.01327
   0.01053
   0.00852
   0.00662
   0.00552
   0.00482
   0.00420
   0.00609
   0.10158
   0.00695
   0.00553
   0.00451
   0.00387
   0.00342
   0.00308
   0.00285
   0.00264
   0.00418
   0.02823
   0.31972
   0.27493
   0.25013
   0.23201
   0.21783
   0.20441
   0.19136
   0.17823
   0.16555
   0.14730
   0.13426
   0.12426
   0.11657
   0.11092
   0.10745
   0.10707
   0.11014
   0.11231
   0.11333
   0.11087
   0.10653
   0.10162
   0.09708
   0.09287
   0.08838
   0.08209
   0.06430
   0.05592
   0.07722
   0.08764
   0.07418
   0.06875
   0.08633
   0.08583
   0.08462
   0.08183
   0.10017
   0.03240
   0.18839
   0.03292
   0.02728
   0.13961
   0.13232
   0.03936
   0.04748
   0.03430
   0.08887
   0.07676
   0.03707
   0.11356
   0.02401
   0.03086
   0.02184
   0.07060
   0.18759
   0.01791
   0.02399
   0.18070
   0.01669
   0.01607
   0.02364
   0.41464
   0.01420
   0.01403
   0.02763
   0.40594
   0.01187
   0.01454
   0.56913
   0.01972
   0.01741
   0.22017
   0.00902
   0.00846
   0.00788
   0.00983
   0.01487
   0.00804
   0.00775
   0.00790
   0.00749
   0.00778
   0.00751
   0.00753
   0.00767
   0.00783
   0.00770
   0.00717
   0.00770
   0.00711
   0.00807
   0.00751
   0.00686
   0.00775
   0.00738
   0.00682
   0.00626
   0.00802
   0.00692
   0.00672
   0.00667
   0.00673
   0.00684
   0.00689
   0.00666
   0.00612
   0.00573
   0.00617
   0.02377
   0.00677
   0.00634
   0.00610
   0.00602
   0.00604
   0.00612
   0.00615
   0.00599
   0.00555
   0.00508
   0.00488
   0.00499
   0.00467
   0.00583
   0.00617
   0.00580
   0.00559
   0.00547
   0.00540
   0.00538
   0.00533
   0.00515
   0.00476
   0.00436
   0.00422
   0.00532
   0.00484
   0.00451
   0.00442
   0.00437
   0.00433
   0.00426
   0.00408
   0.00378
   0.00355
   0.00349
   0.00523
   0.01339
   0.02060
   0.01577
   0.02387
   0.01195
   0.04614
   0.01624
   0.02907
   0.00911
