   0.69783
   0.69587
   0.69357
   0.68786
   0.68861
   0.69728
   0.70954
   0.71495
   0.71847
   0.71816
   0.71572
   0.71351
   0.71121
   0.70842
   0.68260
   0.71226
   0.70948
   0.70545
   0.70222
   0.69883
   0.69539
   0.69244
   0.68684
   0.68289
   0.68179
   0.67430
   0.67509
   0.67014
   0.66568
   0.66170
   0.65660
   0.65197
   0.64692
   0.64154
   0.63445
   0.62162
   0.61741
   0.61214
   0.60461
   0.59892
   0.59218
   0.58668
   0.57770
   0.56907
   0.55708
   0.55039
   0.54479
   0.54003
   0.53643
   0.53365
   0.53078
   0.52701
   0.52178
   0.51300
   0.50230
   0.48900
   0.47633
   0.46475
   0.45458
   0.44494
   0.43593
   0.42689
   0.41874
   0.41037
   0.40216
   0.39403
   0.38666
   0.37904
   0.37164
   0.36425
   0.35747
   0.35075
   0.34403
   0.33777
   0.33156
   0.32561
   0.31997
   0.31431
   0.30888
   0.30417
   0.29844
   0.29336
   0.28846
   0.28359
   0.27857
   0.27368
   0.26860
   0.26510
   0.25921
   0.25598
   0.25011
   0.24581
   0.24242
   0.23440
   0.23122
   0.22542
   0.22025
   0.21647
   0.20966
   0.20609
   0.19958
   0.19439
   0.18919
   0.18397
   0.18023
   0.17358
   0.16926
   0.16295
   0.15940
   0.15360
   0.14997
   0.14464
   0.14131
   0.13631
   0.13357
   0.12882
   0.12571
   0.12108
   0.11813
   0.11371
   0.11087
   0.10649
   0.10386
   0.10027
   0.09718
   0.09364
   0.09085
   0.08735
   0.08446
   0.08146
   0.07870
   0.07599
   0.07339
   0.07095
   0.06858
   0.06638
   0.06436
   0.06249
   0.06090
   0.05932
   0.05806
   0.05683
   0.05554
   0.05459
   0.05325
   0.05214
   0.05065
   0.04913
   0.04777
   0.04558
   0.04474
   0.04154
   0.04197
   0.04052
   0.03923
   0.05525
   0.09521
   0.10578
   0.03448
   0.02840
   0.02873
   0.02841
   0.02870
   0.02913
   0.02826
   0.02792
   0.02709
   0.02613
   0.02586
   0.02515
   0.02487
   0.02420
   0.02384
   0.02326
   0.02288
   0.02219
   0.02197
   0.02134
   0.02103
   0.02050
   0.02020
   0.01966
   0.01917
   0.01860
   0.01783
   0.01690
   0.01798
   0.01676
   0.01599
   0.01669
   0.01583
   0.01466
   0.01385
   0.01497
   0.01545
   0.01343
   0.01231
   0.01239
   0.01370
   0.01305
   0.01117
   0.01078
   0.01416
   0.00839
   0.34988
   0.07562
   0.06851
   0.06182
   0.05413
   0.04539
   0.03784
   0.03037
   0.02932
   0.02779
   0.02499
   0.02399
   0.02252
   0.02147
   0.02045
   0.01961
   0.01871
   0.01799
   0.01722
   0.01657
   0.01587
   0.01529
   0.01468
   0.01412
   0.01352
   0.01308
   0.01255
   0.01216
   0.01157
   0.01124
   0.01081
   0.01039
   0.00998
   0.00970
   0.00927
   0.00902
   0.00869
   0.00842
   0.00811
   0.00790
   0.00759
   0.00741
   0.00712
   0.00695
   0.00669
   0.00655
   0.00628
   0.00614
   0.00592
   0.00576
   0.00554
   0.00538
   0.00517
   0.00506
   0.00485
   0.00473
   0.00454
   0.00442
   0.00425
   0.00415
   0.00397
   0.00388
   0.00374
   0.00364
   0.00351
   0.00341
   0.00330
   0.00321
   0.00310
   0.00301
   0.00292
   0.00284
   0.00275
   0.00268
   0.00259
   0.00252
   0.00244
   0.00237
   0.00231
   0.00223
   0.00217
   0.00211
   0.00206
   0.00202
   0.00198
   0.00194
   0.00191
   0.00189
   0.00187
   0.00184
   0.00183
   0.00182
   0.00182
   0.00181
   0.00180
   0.00180
   0.00167
   0.00135
   0.61807
   0.52216
   0.50647
   0.49406
   0.48207
   0.47090
   0.46063
   0.45129
   0.44297
   0.43594
   0.42979
   0.42474
   0.42002
   0.41584
   0.41170
   0.40783
   0.40405
   0.40039
   0.39689
   0.39308
   0.38891
   0.38431
   0.37727
   0.35794
   0.34434
   0.33071
   0.31703
   0.30392
   0.29166
   0.27997
   0.26945
   0.26011
   0.25140
   0.24325
   0.23587
   0.22883
   0.22135
   0.21474
   0.20861
   0.20282
   0.19725
   0.19191
   0.18678
   0.17482
   0.16977
   0.16521
   0.16081
   0.15658
   0.15248
   0.14851
   0.14466
   0.14093
   0.13730
   0.13378
   0.13035
   0.12701
   0.12377
   0.12061
   0.11753
   0.11454
   0.11162
   0.10878
   0.10601
   0.10331
   0.10068
   0.09812
   0.09560
   0.08605
   0.08364
   0.08139
   0.07923
   0.07716
   0.07515
   0.07322
   0.07135
   0.06954
   0.06780
   0.06611
   0.06448
   0.06290
   0.06139
   0.05992
   0.05851
   0.05714
   0.05584
   0.05459
   0.05338
   0.05223
   0.05113
   0.05009
   0.04909
   0.04815
   0.04726
   0.04642
   0.04562
   0.04488
   0.04420
   0.04354
   0.04294
   0.04239
   0.04186
   0.04137
   0.04090
   0.04046
   0.04002
   0.03955
   0.03906
   0.03847
   0.03775
   0.03696
   0.03616
   0.03535
   0.03396
   0.03137
   0.02737
   0.02497
   0.02363
   0.02283
   0.02227
   0.02172
   0.02136
   0.02086
   0.02138
   0.02009
   0.02101
   0.04248
   0.02047
   0.07943
   0.01902
   0.11972
   0.02228
   0.09215
   0.04030
   0.01864
   0.09175
   0.04725
   0.01938
   0.05640
   0.07426
   0.01377
   0.03738
   0.08646
   0.08546
   0.02462
   0.09383
   0.12671
   0.08024
   0.01859
   0.10471
   0.01678
   0.10764
   0.01264
   0.10591
   0.01229
   0.10698
   0.01192
   0.10778
   0.01129
   0.10435
   0.01062
   0.09278
   0.00981
   0.07413
   0.00896
   0.05518
   0.00837
   0.04201
   0.00787
   0.03568
   0.00777
   0.03794
   0.00780
   0.03749
   0.00878
   0.03261
   0.01090
   0.03505
   0.01001
   0.04189
   0.00894
   0.05038
   0.00779
   0.05772
   0.00684
   0.05538
   0.00614
   0.05135
   0.00551
   0.04703
   0.00527
   0.03779
   0.00917
   0.00492
   0.04534
   0.00934
   0.00903
   0.00468
   0.04168
   0.00913
   0.00897
   0.00889
   0.00878
   0.00717
   0.00440
   0.01322
   0.00823
   0.00412
   0.01343
   0.00874
   0.00389
   0.03423
   0.00889
   0.00445
   0.03330
   0.00924
   0.00888
   0.00464
   0.00360
   0.00817
   0.00878
   0.00901
   0.00806
   0.00845
   0.00335
   0.00339
   0.00874
   0.00314
   0.00314
   0.00409
   0.01480
   0.00342
   0.00746
   0.00807
   0.00834
   0.00862
   0.00802
   0.00322
   0.00325
   0.00303
   0.00504
   0.00776
   0.00734
   0.00316
   0.00293
   0.00633
   0.00596
   0.00619
   0.00614
   0.00601
   0.00575
   0.00680
   0.00723
   0.00427
   0.00647
   0.00683
   0.00378
   0.00482
   0.00303
   0.00510
   0.00388
   0.00368
   0.00410
   0.00372
   0.00398
   0.00394
   0.00395
   0.00394
   0.00391
   0.00384
   0.00374
   0.00355
   0.00334
   0.00317
   0.00303
   0.00292
   0.00285
   0.00276
   0.00268
   0.00261
   0.00253
   0.00247
   0.00239
   0.00232
   0.00225
   0.00219
   0.00213
   0.00206
   0.00200
   0.00194
   0.00188
   0.00182
   0.00176
   0.00171
   0.00166
   0.00161
   0.00156
   0.00152
   0.00147
   0.00143
   0.00139
   0.00136
   0.00132
   0.00128
   0.00125
   0.00122
   0.00119
   0.00116
   0.00113
   0.00110
   0.00107
   0.00104
   0.00102
   0.00099
   0.00097
   0.00095
   0.00092
   0.00090
   0.00088
   0.00086
   0.00084
   0.00082
   0.00080
   0.00078
   0.00077
   0.00075
   0.00073
   0.00072
   0.00070
   0.00068
   0.00067
   0.00065
   0.00064
   0.00062
   0.00061
   0.00060
   0.00058
   0.00057
   0.00056
   0.00054
   0.00053
   0.00052
   0.00051
   0.00049
   0.00048
   0.00047
   0.00046
   0.00045
   0.00044
   0.00043
   0.00042
   0.00041
   0.00040
   0.00039
   0.00038
   0.00037
   0.00036
   0.00035
   0.00035
   0.00034
   0.00033
   0.00032
   0.00031
   0.00031
   0.00030
   0.00029
   0.00029
   0.00028
   0.00027
   0.00027
   0.00026
   0.00025
   0.00025
   0.00024
   0.00024
   0.00023
   0.00023
   0.00022
   0.00022
   0.00021
   0.00021
   0.00020
   0.00020
   0.00019
   0.00019
   0.00018
   0.00018
   0.00018
   0.00017
   0.00017
   0.00016
   0.00016
   0.00016
   0.00015
   0.00015
   0.00015
   0.00014
   0.00014
   0.00014
   0.00014
   0.00013
   0.00013
   0.00013
   0.00013
   0.00012
   0.00012
   0.00012
   0.00012
   0.53497
   0.08481
   0.05691
   0.05559
   0.05288
   0.04990
   0.04715
   0.04573
   0.04420
   0.04289
   0.04030
   0.03645
   0.03560
   0.03252
   0.03121
   0.03011
   0.02906
   0.02818
   0.02732
   0.02651
   0.02571
   0.02499
   0.02436
   0.02382
   0.02335
   0.02298
   0.02270
   0.02244
   0.02202
   0.02105
   0.01997
   0.01919
   0.01851
   0.01786
   0.01727
   0.01673
   0.01622
   0.01576
   0.01535
   0.01497
   0.01463
   0.01432
   0.01403
   0.01377
   0.01352
   0.01329
   0.01307
   0.01286
   0.01265
   0.01244
   0.01223
   0.01201
   0.01179
   0.01157
   0.01135
   0.01113
   0.01091
   0.01070
   0.01049
   0.01029
   0.01009
   0.00989
   0.00969
   0.00950
   0.00931
   0.00912
   0.00893
   0.00875
   0.00858
   0.00841
   0.00824
   0.00808
   0.00793
   0.00778
   0.00763
   0.00749
   0.00734
   0.00720
   0.00706
   0.00692
   0.00677
   0.00663
   0.00648
   0.00632
   0.00616
   0.00600
   0.00584
   0.00567
   0.00550
   0.00534
   0.00517
   0.00501
   0.00485
   0.00471
   0.00458
   0.00446
   0.00433
   0.00412
   0.00386
   0.00390
   0.00375
   0.00366
   0.00355
   0.00345
   0.00335
   0.00325
   0.00315
   0.00306
   0.00296
   0.00288
   0.00279
   0.00270
   0.00262
   0.00254
   0.00247
   0.00238
   0.00221
   0.00207
   0.00182
   0.00197
   0.00174
   0.00182
   0.00166
   0.00168
   0.00160
   0.00158
   0.00153
   0.00149
   0.00145
   0.00142
   0.00138
   0.00135
   0.00132
   0.00129
   0.00127
   0.00126
   0.00124
   0.00123
   0.00121
   0.00119
   0.00116
   0.00113
   0.00110
   0.00106
   0.00102
   0.00099
   0.00095
   0.00092
   0.00089
   0.00086
   0.00083
   0.00080
   0.00077
   0.00074
   0.00071
   0.00068
   0.00065
   0.00063
   0.00060
   0.00058
   0.00056
   0.00054
   0.00052
   0.00050
   0.00048
   0.00046
   0.00045
   0.00043
   0.00042
   0.00041
   0.00041
   0.00042
   0.00042
   0.00041
   0.00121
   0.04921
   0.00065
   0.00067
   0.00066
   0.00065
   0.00064
   0.00062
   0.00061
   0.00060
   0.00059
   0.00058
   0.00056
   0.00055
   0.00054
   0.00054
   0.00053
   0.00052
   0.00051
   0.00051
   0.00050
   0.00049
   0.00049
   0.00048
   0.00048
   0.00047
   0.00047
   0.00047
   0.00047
   0.00047
   0.00047
   0.00047
   0.00048
   0.00048
   0.00048
   0.00049
   0.00050
   0.00051
   0.00052
   0.00053
   0.00055
   0.00056
   0.00058
   0.00060
   0.00061
   0.00063
   0.00066
   0.00068
   0.00071
   0.00074
   0.00077
   0.00080
   0.00084
   0.00088
   0.00092
   0.00096
   0.00100
   0.00104
   0.00108
   0.00110
   0.00111
   0.00112
   0.00112
   0.00111
   0.00111
   0.00110
   0.00109
   0.00109
   0.00108
   0.00108
   0.00105
   0.00105
   0.00106
   0.00109
   0.00114
   0.00124
   0.00135
   0.00040
   0.00115
   0.00083
   0.00074
   0.00077
   0.00038
   0.00117
   0.00053
   0.00110
   0.00069
   0.00089
   0.00151
   0.00124
   0.00103
   0.00137
   0.00133
   0.00130
   0.00127
   0.00124
   0.00121
   0.00117
   0.00115
   0.00111
   0.00109
   0.00106
   0.00103
   0.00100
   0.00097
   0.00094
   0.00091
   0.00086
   0.00080
   0.00071
   0.00058
   0.00040
   0.00017
   0.00041
   0.00016
   0.00036
   0.00017
