   0.75923
   0.73586
   0.68914
   0.67891
   0.67936
   0.67400
   0.67220
   0.66938
   0.66697
   0.66471
   0.66240
   0.65951
   0.65874
   0.65637
   0.65412
   0.65220
   0.65011
   0.64822
   0.64625
   0.64394
   0.64226
   0.63984
   0.63814
   0.63575
   0.63358
   0.63175
   0.62980
   0.62772
   0.62566
   0.62361
   0.62159
   0.61923
   0.61724
   0.61520
   0.61285
   0.61065
   0.60877
   0.60650
   0.60435
   0.60231
   0.60056
   0.59846
   0.59608
   0.59395
   0.59191
   0.58979
   0.58763
   0.58568
   0.58361
   0.58141
   0.57931
   0.57738
   0.57537
   0.57306
   0.57145
   0.57035
   0.56792
   0.56509
   0.56227
   0.55988
   0.55782
   0.55603
   0.55392
   0.55197
   0.55020
   0.54822
   0.54652
   0.54475
   0.54312
   0.54148
   0.54013
   0.53862
   0.53723
   0.53610
   0.53517
   0.53441
   0.53354
   0.53326
   0.53281
   0.53267
   0.53282
   0.53324
   0.53417
   0.53540
   0.53637
   0.53837
   0.54046
   0.54314
   0.54551
   0.54908
   0.55147
   0.55400
   0.55515
   0.55601
   0.55555
   0.55360
   0.54933
   0.54687
   0.54237
   0.53876
   0.53489
   0.53168
   0.52895
   0.52535
   0.52254
   0.52007
   0.51747
   0.51495
   0.51252
   0.50973
   0.50775
   0.50511
   0.50288
   0.50026
   0.49777
   0.49514
   0.49245
   0.48920
   0.48648
   0.48426
   0.48106
   0.47744
   0.47462
   0.47134
   0.46856
   0.46526
   0.46193
   0.45873
   0.45556
   0.45226
   0.44915
   0.44559
   0.44259
   0.43924
   0.43590
   0.43305
   0.42934
   0.42641
   0.42282
   0.41995
   0.41624
   0.41335
   0.40984
   0.40707
   0.40320
   0.40061
   0.39675
   0.39407
   0.39063
   0.38754
   0.38421
   0.38111
   0.37801
   0.37483
   0.37214
   0.36834
   0.36566
   0.36262
   0.35936
   0.35669
   0.35321
   0.35091
   0.34735
   0.34429
   0.34149
   0.33830
   0.33570
   0.33314
   0.32919
   0.32639
   0.32416
   0.32115
   0.31833
   0.31478
   0.31234
   0.30930
   0.30632
   0.30384
   0.30096
   0.29810
   0.29524
   0.29265
   0.28917
   0.28666
   0.28439
   0.28153
   0.27875
   0.27646
   0.27262
   0.27116
   0.26754
   0.26486
   0.26226
   0.25931
   0.25635
   0.25412
   0.25146
   0.24823
   0.24628
   0.24373
   0.24187
   0.23904
   0.23510
   0.23324
   0.23143
   0.23063
   0.22938
   0.22633
   0.22336
   0.22035
   0.21712
   0.21377
   0.21123
   0.20886
   0.20616
   0.20342
   0.20066
   0.19804
   0.19535
   0.19253
   0.18998
   0.18724
   0.18480
   0.18193
   0.17918
   0.17644
   0.17373
   0.17105
   0.16840
   0.16566
   0.16323
   0.16037
   0.15802
   0.15531
   0.15278
   0.14970
   0.14705
   0.14416
   0.14106
   0.13876
   0.13564
   0.13287
   0.13006
   0.12693
   0.12457
   0.12165
   0.11887
   0.11586
   0.11318
   0.11011
   0.10748
   0.10454
   0.10177
   0.09919
   0.09673
   0.09393
   0.09145
   0.08918
   0.08680
   0.08371
   0.08195
   0.07986
   0.07761
   0.07584
   0.07420
   0.07217
   0.07093
   0.06899
   0.06794
   0.06653
   0.06554
   0.06429
   0.06296
   0.06235
   0.06096
   0.06041
   0.05929
   0.05825
   0.05756
   0.05635
   0.05539
   0.05511
   0.05376
   0.05289
   0.05266
   0.05131
   0.05055
   0.05032
   0.04908
   0.04829
   0.04757
   0.04721
   0.04632
   0.04556
   0.04488
   0.04434
   0.04343
   0.04274
   0.04218
   0.04158
   0.04066
   0.04033
   0.03929
   0.03873
   0.03815
   0.03772
   0.03707
   0.03627
   0.03603
   0.03500
   0.03451
   0.03413
   0.03325
   0.03285
   0.03219
   0.03193
   0.03104
   0.03058
   0.03010
   0.02956
   0.02924
   0.02851
   0.02801
   0.02759
   0.02702
   0.02677
   0.02610
   0.02564
   0.02525
   0.02496
   0.02428
   0.02392
   0.02352
   0.02331
   0.02269
   0.02236
   0.02199
   0.02158
   0.02124
   0.02101
   0.02050
   0.02016
   0.01985
   0.01958
   0.01923
   0.01887
   0.01864
   0.01826
   0.01797
   0.01771
   0.01749
   0.01714
   0.01699
   0.01660
   0.01631
   0.01614
   0.01583
   0.01559
   0.01531
   0.01508
   0.01484
   0.01458
   0.01439
   0.01413
   0.01393
   0.01365
   0.01348
   0.01323
   0.01306
   0.01283
   0.01264
   0.01239
   0.01226
   0.01201
   0.01186
   0.01164
   0.01148
   0.01128
   0.01111
   0.01091
   0.01077
   0.01056
   0.01042
   0.01024
   0.01013
   0.00994
   0.00978
   0.00962
   0.00947
   0.00933
   0.00918
   0.00904
   0.00890
   0.00875
   0.00862
   0.00848
   0.00836
   0.00822
   0.00810
   0.00796
   0.00784
   0.00771
   0.00759
   0.00748
   0.00738
   0.00724
   0.00714
   0.00703
   0.00692
   0.00681
   0.00671
   0.00660
   0.00650
   0.00640
   0.00630
   0.00621
   0.00612
   0.00601
   0.00591
   0.00584
   0.00575
   0.00567
   0.00558
   0.00549
   0.00541
   0.00532
   0.00524
   0.00517
   0.00508
   0.00501
   0.00494
   0.00487
   0.00479
   0.00472
   0.00465
   0.00458
   0.00451
   0.00444
   0.00438
   0.00431
   0.00424
   0.00419
   0.00413
   0.00406
   0.00400
   0.00394
   0.00388
   0.00383
   0.00377
   0.00372
   0.00366
   0.00361
   0.00356
   0.00351
   0.00345
   0.00340
   0.00335
   0.00331
   0.00325
   0.00321
   0.00316
   0.00312
   0.00307
   0.00303
   0.00299
   0.00294
   0.00290
   0.00285
   0.00282
   0.00278
   0.00275
   0.00269
   0.00267
   0.00261
   0.00260
   0.00254
   0.00253
   0.00247
   0.00246
   0.00239
   0.00240
   0.00233
   0.00234
   0.00226
   0.00226
   0.00220
   0.00219
   0.00220
   0.00231
  10.54425
   0.89962
   0.61301
   0.56448
   0.56329
   0.56130
   0.55927
   0.55723
   0.55491
   0.55121
   0.54643
