   0.66796
   0.65779
   0.67018
   0.67111
   0.66791
   0.65474
   0.66192
   0.65656
   0.65111
   0.64454
   0.63754
   0.63300
   0.61466
   0.61396
   0.60609
   0.59816
   0.57103
   0.56948
   0.56579
   0.56128
   0.55543
   0.55080
   0.54486
   0.53987
   0.53524
   0.53010
   0.52560
   0.52103
   0.51812
   0.51963
   0.52773
   0.53841
   0.55574
   0.53772
   0.52850
   0.51564
   0.50464
   0.49650
   0.48838
   0.47963
   0.47162
   0.45847
   0.44732
   0.43357
   0.41973
   0.40493
   0.39062
   0.37628
   0.36258
   0.34892
   0.33648
   0.32416
   0.31349
   0.30418
   0.29484
   0.28614
   0.27731
   0.27099
   0.26432
   0.25800
   0.25163
   0.24788
   0.24285
   0.24030
   0.23645
   0.23486
   0.22814
   0.22468
   0.22332
   0.22099
   0.21980
   0.21523
   0.21014
   0.20579
   0.20170
   0.20001
   0.19584
   0.18662
   0.18993
   0.18348
   0.17816
   0.17027
   0.16786
   0.16555
   0.16435
   0.15544
   0.15182
   0.15666
   0.14676
   0.13878
   0.14240
   0.12930
   0.13563
   0.12652
   0.11806
   0.10607
   0.09088
   0.07650
   0.04796
   0.03295
   0.07880
   0.15837
   0.31408
   0.05231
   0.05707
   0.12219
   0.09486
   0.16838
   0.13407
   0.03713
   0.02573
   0.03980
   0.06531
   0.04419
   0.09886
   0.08793
   0.14168
   0.10897
   0.01309
   0.01225
   0.01306
   0.08950
   0.02151
   0.05104
   0.01066
   0.03336
   0.10069
   0.00949
   0.01197
   0.05996
   0.05494
   0.04500
   0.07193
   0.06938
   0.05179
   0.02050
   0.08829
   0.32312
   0.00550
   0.00497
   0.00615
   0.10182
   0.00380
   0.03857
   0.00465
   0.00478
   0.00412
   0.00392
   0.04298
   0.00257
   0.00531
   0.00321
   0.02037
   0.13024
   0.08885
   0.08120
   0.06803
   0.06254
   0.05700
   0.05281
   0.04990
   0.04689
   0.04724
   0.04811
   0.05409
   0.06931
   0.06918
   0.06664
   0.06205
   0.05580
   0.04726
   0.03680
   0.02470
   0.07205
   0.03617
   0.05591
   0.00924
   0.01077
   0.06033
   0.01319
   0.00908
   0.01973
   0.07205
   0.00910
   0.08147
   0.01164
   0.01574
   0.03039
   0.02638
   0.00409
   0.00634
   0.04604
   0.00252
   0.07774
   0.39801
   0.01731
   0.00310
   0.01060
   0.00268
   0.00969
   0.00556
   0.00617
   0.00804
   0.00620
   0.00560
   0.00498
   0.00462
   0.00439
   0.00416
   0.00396
   0.00377
   0.00353
   0.00333
   0.00319
   0.00326
   0.00363
   0.00382
   0.00385
   0.00366
   0.00301
   0.00225
   0.00259
   0.00240
   0.00223
   0.00201
   0.00167
   0.01006
   0.00475
   0.00420
   0.00224
   0.00262
   0.00238
   0.00194
   0.00222
   0.00205
   0.00192
   0.00156
   0.00129
   0.00159
   0.00113
   0.00279
   0.00203
   0.00193
   0.00184
   0.00178
   0.00172
   0.00169
   0.00154
   0.00653
   0.00107
   2.01817
   0.00332
   0.00217
   0.00182
   0.00167
   0.00154
   0.00147
   0.00141
   0.00137
   0.00132
   0.00131
   0.00131
   0.00124
   0.36448
   0.01176
   0.01003
   0.00806
   0.00685
   0.00602
   0.00512
   0.00409
   0.00385
   0.00345
   0.00280
   0.00228
   0.00228
   0.00197
   0.00165
   0.00154
   0.00144
   0.00117
   0.00097
   0.00095
   0.00062
   0.00087
   0.00067
   0.00060
   0.00054
   0.00611
   0.00094
   0.00085
   0.00077
   0.00074
   0.00070
   0.00066
   0.00059
   0.00049
   0.00050
   0.00051
   0.00049
   0.00045
   0.00044
   0.00041
   0.00039
   0.00037
   4.72220
   0.04003
   0.01064
   0.00896
   0.00719
   0.00658
   0.00609
   0.00566
   0.00525
   0.00454
   0.00415
   0.00383
   0.00358
   0.00335
   0.00312
   0.00290
   0.00273
   0.00262
   0.00253
   0.00248
   0.00241
   0.00231
   0.00222
   0.00211
   0.00191
   0.00131
   0.00148
   0.00161
   0.00153
   0.00123
   0.00136
   0.00078
   0.00156
   0.00136
   0.00120
   0.00103
   0.00103
   0.00109
   0.00118
   0.00123
   0.00112
   0.00108
   0.00102
   0.00096
   0.00090
   0.00076
   0.00070
   0.00066
   0.00062
   0.00059
   0.00057
   0.00054
   0.00052
   0.00049
   0.00044
   0.00042
   0.00041
   0.00040
   0.00040
   0.00040
   0.00039
   0.00037
   0.00035
   0.00034
   0.00029
   0.11678
   0.06515
   0.06015
   0.05779
   0.05633
   0.05599
   0.05501
   0.04913
   0.03667
   0.03457
   0.03091
   0.02605
   0.02171
   0.01761
   0.01496
   0.01375
   0.01328
   0.01297
   0.01294
   0.01317
   0.00833
   0.00928
   0.01174
   0.00411
   0.00786
   0.00757
   0.00337
   0.00536
   0.00455
   0.00527
   0.00588
   0.00622
   0.00760
   0.00792
   0.00657
   0.00606
   0.00625
   0.00434
   0.00373
   0.00527
   0.00346
   0.00243
   0.00111
   0.07806
   0.03264
   0.00863
   0.00694
   0.00482
   0.00350
   0.00252
   0.00204
   0.00171
   0.00153
   0.00143
   0.00136
   0.00133
   0.00132
   0.00124
   0.00120
   0.00115
   0.00111
   0.00108
   0.00104
   0.00101
   0.00098
   0.00095
   0.00092
   0.00089
   0.00087
   0.00085
   0.00083
   0.00081
   0.00081
   0.00080
   0.00081
   0.00082
   0.00083
   0.00083
   0.00082
   0.00080
   0.00076
   0.00070
   0.00059
   0.00058
   0.00053
   0.00052
   0.03420
   0.16070
   0.09939
   0.07362
   0.05497
   0.04541
   0.04455
   0.04316
   0.03884
   0.03704
   0.03521
   0.03365
   0.03223
   0.03115
   0.02988
   0.02423
   0.02367
   0.02368
   0.02423
   0.02507
   0.02595
   0.02678
   0.02734
   0.02758
   0.02746
   0.02703
   0.02604
   0.02474
   0.02329
   0.02181
   0.02057
   0.01923
   0.01783
   0.01624
   0.01080
   0.01021
   0.00840
   0.00777
   0.00649
   0.00589
   0.00564
   0.00513
   0.00479
   0.00434
   0.00408
   0.00402
   0.00380
   0.01267
   0.00915
   0.00712
   0.00590
   0.00520
   0.00477
   0.00451
   0.00432
   0.00418
   0.00410
   0.00403
   0.00396
   0.00391
   0.00387
   0.00380
   0.00371
   0.00362
   0.00354
   0.00346
   0.00339
   0.00332
   0.00327
   0.00322
   0.00319
   0.00316
   0.00315
   0.00312
   0.00309
   0.00304
   0.00298
   0.00292
   0.00287
   0.00281
   0.00274
   0.00267
   0.00259
   0.00249
   0.00239
   0.00229
   0.00222
   0.00221
   0.00225
   0.00217
   0.00197
   0.00433
   0.00277
   0.00355
   0.00176
   0.03139
   0.00166
   0.00167
   0.00166
   0.00164
   0.00162
   0.00160
   0.00158
   0.00156
   0.00155
   0.00155
   0.00154
   0.00150
   0.00148
   0.00146
   0.00143
   0.00141
   0.00151
   0.00148
   0.00142
   0.00135
   0.00130
   0.00127
   0.00125
   0.00124
   0.00123
   0.00121
   0.00120
   0.00117
   0.00114
   0.00111
   0.00107
   0.00105
   0.00104
   0.00102
   0.00100
   0.00099
   0.00097
   0.00095
   0.00093
   0.00091
   0.00089
   0.00087
   0.00084
   0.00082
   0.00080
   0.00078
   0.00075
   0.00072
   0.00069
   0.00066
   0.00064
   0.00062
   0.00061
   0.00062
   0.00062
   0.00059
   0.00051
   0.00089
   0.03204
   0.01227
   0.00963
   0.00834
   0.00725
   0.00631
   0.00464
   0.00419
   0.00384
   0.00349
   0.00309
   0.00268
   0.00228
   0.00222
   0.00224
   0.00208
   0.00206
   0.00206
   0.00207
   0.00209
   0.00210
   0.00212
   0.00212
   0.00211
   0.00194
   0.00178
   0.00176
   0.00174
   0.00170
   0.00166
   0.00162
   0.00139
   0.00122
   0.00114
   0.00106
   0.00101
   0.00098
   0.00095
   0.00091
   0.00086
   0.00082
   0.00078
   0.00073
   0.00069
   0.00064
   0.00060
   0.00056
   0.00053
   0.00050
   0.00047
   0.00044
   0.00041
   0.00039
   0.00037
   0.00034
   0.00032
   0.00030
   0.00028
   0.00026
   0.00024
   0.00023
   0.00021
   0.00021
   0.00020
   0.00019
   0.00019
   0.00018
   0.00018
   0.00017
   0.00017
   0.00017
   0.00016
   0.00016
   0.00016
   0.00015
   0.00014
   0.00013
   0.00012
   0.00010
   0.00014
   0.04965
   0.03443
   0.02528
   0.02240
   0.02125
   0.02052
   0.01988
   0.01929
   0.01856
   0.01610
   0.01344
   0.01241
   0.01125
   0.01092
   0.01063
   0.01029
   0.00987
   0.00937
   0.00884
   0.00835
   0.00795
   0.00767
   0.00749
   0.00741
   0.00740
   0.00743
   0.00747
   0.00743
   0.00546
   0.00535
   0.00523
   0.00510
   0.00492
   0.00469
   0.00440
   0.00407
   0.00374
   0.00344
   0.00322
   0.00303
   0.00287
   0.00276
   0.00269
   0.00266
   0.00243
   0.00244
   0.00234
   0.00224
   0.00416
   0.00204
   0.00194
   0.00189
   0.00185
   0.00180
   0.00160
   0.00316
   0.00174
   0.00173
   0.00171
   0.00170
   0.00168
   0.00167
   0.00166
   0.00164
   0.00163
   0.00161
   0.00160
   0.00159
   0.00157
   0.00156
   0.00154
   0.00152
   0.00150
   0.00148
   0.00147
   0.00145
   0.00143
   0.00141
   0.00139
   0.00137
   0.00140
   0.00159
   0.00152
   0.00145
   0.00138
   0.00132
   0.00126
   0.00121
   0.00116
   0.00112
   0.00110
   0.00108
   0.00105
   0.00103
   0.00100
   0.00097
   0.00093
   0.00090
   0.00087
   0.00087
   0.00092
   0.00080
   0.00076
   0.00071
   0.00070
   0.00066
   0.00061
   0.00057
   0.00054
   0.00051
   0.00049
   0.00047
   0.00044
   0.00043
   0.00041
   0.00039
   0.00037
   0.00036
   0.00035
   0.00033
   0.00032
   0.00031
   0.00029
   0.00028
   0.00027
   0.00026
   0.00025
   0.00024
   0.00023
   0.00022
   0.00021
   0.00020
   0.00018
   0.00018
   0.00017
   0.00016
   0.00122
   0.00039
   0.00038
   0.00037
   0.00036
   0.00034
   0.00033
   0.00032
   0.00031
   0.00030
   0.00029
   0.00028
   0.00027
   0.00026
   0.00025
   0.00024
   0.00023
   0.00022
   0.00021
   0.00021
   0.00020
   0.00020
   0.00019
   0.00019
   0.00018
   0.00018
   0.00018
   0.00018
   0.00017
   0.00017
   0.00017
   0.00016
   0.00016
   0.00016
   0.00015
   0.00015
   0.00015
   0.00015
   0.00015
   0.00014
   0.00014
   0.00014
   0.00014
   0.00014
   0.00013
   0.00013
   0.00013
   0.00013
   0.00013
   0.00013
   0.00013
   0.00011
   0.00011
   0.00010
   0.00010
   0.00010
   0.00046
   0.00009
   0.00009
   0.00009
   0.00026
   0.00009
   0.00016
   0.00009
   0.00008
   0.00018
   0.00008
   0.00020
   0.00009
   0.00014
   0.00008
   0.00015
   0.00007
   0.00013
   0.00013
   0.00012
   0.00011
   0.00009
   0.00008
   0.00008
   0.00008
   0.00007
   0.00007
   0.00007
   0.00007
   0.00007
   0.00006
   0.00006
   0.00006
   0.00005
   0.00005
   0.00004
   0.00004
   0.00004
   0.00011
   0.00003
   0.00004
   0.00004
   0.00003
   0.00003
   0.00003
   0.00003
   0.00002
   0.00002
   0.00002
   0.00002
   0.00002
   0.00002
   0.00002
   0.00002
   0.00002
   0.00001
   0.00001
   0.00001
   0.00001
   0.00001
   0.00001
   0.00001
   0.00001
   0.00001
   0.00001
   0.00001
   0.00001
   0.00001
   0.00001
   0.00001
   0.00001
   6.41733
   0.00455
   0.00313
   0.00277
   0.00249
   0.00225
   0.00206
   0.00189
   0.00175
   0.00161
   0.00143
   0.00116
   0.00096
   0.00091
   0.00083
   0.00077
   0.00072
   0.00067
   0.00063
   0.00059
   0.00056
   0.00053
   0.00051
   0.00049
   0.00046
   0.00044
   0.00041
   0.00039
   0.00038
   0.00036
   0.00034
   0.00033
   0.00031
   0.00030
   0.00028
   0.00027
   0.00025
   0.00024
   0.00022
   0.00021
   0.00020
   0.00018
   0.00017
   0.00016
   0.00015
   0.00014
   0.00013
