   0.70925
   0.70478
   0.70007
   0.69654
   0.68906
   0.68330
   0.67829
   0.66913
   0.66573
   0.66040
   0.65578
   0.65039
   0.64406
   0.63681
   0.63068
   0.61781
   0.60167
   0.58567
   0.58340
   0.56833
   0.55468
   0.57823
   0.55071
   0.53347
   0.52497
   0.52026
   0.52002
   0.52328
   0.52606
   0.52453
   0.51453
   0.50217
   0.48903
   0.47488
   0.46224
   0.45181
   0.44173
   0.43323
   0.42116
   0.40882
   0.39578
   0.38089
   0.36701
   0.35290
   0.33950
   0.32713
   0.31442
   0.30254
   0.28999
   0.27990
   0.26938
   0.26022
   0.25193
   0.24426
   0.23619
   0.22948
   0.22300
   0.21731
   0.20983
   0.20683
   0.20212
   0.19785
   0.19367
   0.19060
   0.18615
   0.18380
   0.17900
   0.17502
   0.17282
   0.16821
   0.16553
   0.16242
   0.15846
   0.15391
   0.15016
   0.14601
   0.14241
   0.13630
   0.13216
   0.12926
   0.12576
   0.12374
   0.12065
   0.12182
   0.12187
   0.12124
   0.12311
   0.12173
   0.11893
   0.10860
   0.08447
   0.06002
   0.05806
   0.03779
   0.05276
   0.02970
   0.03059
   0.02483
   0.02320
   0.02147
   0.02034
   0.01889
   0.01779
   0.01597
   0.01446
   0.01307
   0.01429
   0.04608
   0.06152
   0.06212
   0.07634
   0.08059
   0.04002
   0.04093
   0.02376
   0.04117
   0.03071
   0.01476
   0.02351
   0.60591
   0.05828
   0.03639
   0.09316
   0.15355
   0.14163
   0.10715
   0.11602
   0.10969
   0.04848
   0.01169
   0.00498
   0.03719
   0.02850
   0.05372
   0.07031
   0.01176
   0.00974
   0.01280
   0.05991
   0.10145
   0.04478
   0.04635
   0.01680
   0.03234
   0.02421
   0.02623
   0.05192
   0.03207
   0.04036
   0.03688
   0.02146
   0.02056
   0.00427
   0.01948
   0.00276
   0.10406
   0.00571
   0.00113
   0.00328
   0.00973
   0.00301
   0.00193
   0.11972
   0.00503
   0.00595
   0.00542
   0.00432
   0.00456
   0.00381
   0.00428
   0.00121
   0.00504
   0.00414
   0.00422
   0.00104
   0.00281
   0.00133
   0.03124
   0.02244
   0.01974
   0.01746
   0.01322
   0.01145
   0.01062
   0.00995
   0.00799
   0.00743
   0.00679
   0.00568
   0.00475
   0.00481
   0.00429
   0.00473
   0.00392
   0.00473
   0.00381
   0.00425
   0.00416
   0.00402
   0.00380
   0.00370
   0.00357
   0.00345
   0.00436
   0.00255
   0.00387
   0.00372
   0.00329
   0.00317
   0.00283
   0.00280
   0.01168
   0.00238
   0.00284
   0.00441
   0.00458
   0.00259
   0.00317
   0.02653
   0.00494
   0.00152
   0.00586
   0.00521
   0.00455
   0.00200
   0.00408
   0.00703
   0.01283
   0.00448
   0.00393
   0.00387
   0.00371
   0.00350
   0.00326
   0.07343
   0.00334
   0.00305
   0.00116
   0.00154
   0.00187
   0.34855
   0.00303
   0.00230
   0.00228
   0.00222
   0.00218
   0.00213
   0.00201
   0.00182
   0.00093
   0.00459
   0.16360
   0.08820
   0.07507
   0.07025
   0.06639
   0.06312
   0.06079
   0.04915
   0.04726
   0.04550
   0.04198
   0.03450
   0.03294
   0.03058
   0.02767
   0.02552
   0.02341
   0.02158
   0.01991
   0.01837
   0.01695
   0.01573
   0.01459
   0.01348
   0.01243
   0.01141
   0.01054
   0.00967
   0.00890
   0.00808
   0.00734
   0.00707
   0.00560
   0.00534
   0.00526
   0.00507
   0.24559
   0.00987
   0.00655
   0.00712
   0.00651
   0.00703
   0.00600
   0.00398
   0.00792
   0.00817
   0.00341
   0.00332
   0.00268
   0.00235
   0.00230
   0.00261
   0.00214
   0.00328
   0.00221
   0.00226
   0.00207
   0.00285
   0.00288
   0.00293
   0.00145
   0.00180
   0.00118
   0.00190
   0.00113
   0.00193
   0.10440
   0.00496
   0.00418
   0.00375
   0.00337
   0.00304
   0.00277
   0.00254
   0.00238
   0.00228
   0.00220
   0.00201
   0.00163
   0.00140
   0.00130
   0.00120
   0.00110
   0.00103
   0.00099
   0.00096
   0.00093
   0.00090
   0.00088
   0.00086
   0.00084
   0.00084
   0.00090
   0.00106
   0.09709
   0.00338
   0.00247
   0.00187
   0.00145
   0.00130
   0.00118
   0.00107
   0.00097
   0.00089
   0.00080
   0.00074
   0.00068
   0.00063
   0.00059
   0.00055
   0.00052
   0.00049
   0.00047
   0.00045
   0.00043
   0.00041
   0.00040
   0.00039
   0.00037
   0.00036
   0.00034
   0.00032
   0.00031
   0.00029
   0.00027
   0.00025
   0.00024
   0.00023
   0.00022
   0.00021
   0.00020
   0.00020
   0.00019
   0.00019
   0.00020
   0.00020
   0.00018
   0.01647
   0.00757
   0.00683
   0.00651
   0.00448
   0.00409
   0.00400
   0.00395
   0.00342
   0.00344
   0.00344
   0.00342
   0.00341
   0.00339
   0.00306
   0.00131
   0.00258
   0.00110
   0.00183
   0.00178
   0.00220
   0.00100
   0.00135
   0.00126
   0.00118
   0.00110
   0.00104
   0.00099
   0.00095
   0.00092
   0.00089
   0.00087
   0.00084
   0.00081
   0.00075
   0.00069
   0.00066
   0.00066
   0.00069
   0.00077
   0.00083
   0.00070
   0.00076
   0.00071
   0.00075
   0.00078
   0.00091
   0.00070
   0.51123
   0.00234
   0.00192
   0.00179
   0.00164
   0.00153
   0.00146
   0.00140
   0.00133
   0.00127
   0.00123
   0.00123
   0.00124
   0.00123
   0.00121
   0.00117
   0.00111
   0.00104
   0.00097
   0.00090
   0.00083
   0.00077
   0.00072
   0.00068
   0.00064
   0.00060
   0.00057
   0.00055
   0.00053
   0.00052
   0.00048
   0.00032
   0.00026
   0.00023
   0.00022
   0.00021
   0.00021
   0.00020
   0.00020
   0.00019
   0.00016
   0.00013
   0.00013
   0.00012
   0.00012
   0.00012
   0.00012
   0.00012
   0.00011
   0.00011
   0.00011
   0.00011
   0.00012
   0.00015
   0.02494
   0.00876
   0.00612
   0.00533
   0.00409
   0.00363
   0.00324
   0.00278
   0.00251
   0.00234
