   0.69326
   0.68778
   0.67554
   0.68135
   0.67943
   0.67560
   0.67377
   0.66629
   0.66302
   0.65824
   0.65397
   0.65006
   0.64591
   0.63488
   0.63070
   0.62477
   0.61698
   0.61046
   0.60281
   0.59417
   0.58437
   0.57654
   0.56991
   0.56356
   0.55216
   0.54841
   0.54564
   0.54448
   0.54224
   0.55317
   0.54901
   0.54408
   0.53970
   0.53402
   0.52719
   0.51632
   0.50190
   0.48354
   0.45623
   0.42946
   0.40533
   0.39019
   0.37736
   0.36708
   0.35840
   0.35024
   0.34209
   0.33750
   0.33263
   0.32780
   0.32319
   0.31803
   0.31403
   0.30839
   0.30296
   0.29652
   0.29039
   0.28314
   0.27643
   0.26904
   0.26110
   0.25437
   0.24734
   0.24023
   0.23407
   0.22819
   0.22242
   0.21738
   0.21209
   0.20610
   0.20117
   0.19685
   0.19134
   0.18812
   0.18250
   0.18102
   0.17558
   0.17321
   0.17436
   0.17568
   0.18038
   0.19020
   0.20424
   0.22784
   0.26431
   0.30015
   0.34080
   0.36006
   0.36144
   0.34935
   0.34784
   0.33128
   0.31963
   0.31211
   0.29948
   0.28830
   0.27172
   0.25800
   0.24803
   0.22628
   0.20769
   0.19700
   0.17776
   0.15610
   0.14728
   0.12607
   0.10771
   0.09142
   0.07531
   0.05701
   0.04880
   0.04697
   0.04715
   0.04752
   0.04348
   0.04131
   0.04915
   0.04299
   0.03885
   0.03799
   0.03378
   0.04383
   0.03684
   0.03346
   0.03306
   0.03284
   0.03321
   0.03285
   0.03129
   0.02493
   0.02601
   0.09265
   0.10303
   0.23385
   0.30746
   0.27139
   0.15310
   0.10390
   0.14074
   0.17163
   0.16586
   0.15671
   0.14612
   0.13941
   0.13879
   0.13593
   0.12255
   0.11304
   0.13470
   0.07295
   0.12597
   0.12648
   0.08807
   0.05526
   0.05482
   0.05077
   0.04544
   0.06198
   0.01864
   0.01989
   0.06642
   0.06042
   0.21831
   0.05984
   0.06418
   0.05089
   0.07462
   0.02669
   0.04475
   0.02708
   0.06752
   0.01570
   0.00769
   0.00690
   0.00552
   0.00722
   0.09968
   0.00715
   0.00408
   0.04418
   0.00331
   0.00309
   0.00598
   0.00781
   0.00432
   0.05034
   0.01102
   0.00927
   0.00876
   0.00827
   0.02004
   0.00509
   0.05935
   0.00393
   0.01094
   0.36646
   0.26707
   0.20983
   0.15574
   0.14640
   0.14150
   0.14000
   0.13963
   0.13971
   0.13994
   0.13998
   0.13989
   0.13940
   0.13851
   0.13658
   0.13474
   0.13216
   0.12908
   0.12591
   0.12214
   0.11845
   0.11479
   0.11064
   0.10619
   0.10186
   0.09771
   0.09228
   0.08591
   0.07866
   0.07110
   0.06474
   0.05614
   0.03450
   0.04238
   0.02763
   0.02331
   0.02224
   0.02194
   0.02163
   0.02119
   0.01997
   0.01868
   0.01753
   0.01675
   0.01543
   0.01453
   0.01332
   0.01177
   0.01031
   0.00921
   0.01121
   0.00842
   0.01008
   0.00796
   0.00696
   0.00753
   0.00969
   0.00883
   0.00797
   0.00733
   0.00684
   0.00703
   0.00638
   0.00601
   0.00563
   0.00536
   0.00523
   0.00516
   0.00483
   0.00473
   0.00649
   0.00503
   0.00470
   0.00439
   0.00420
   0.00406
   0.00396
   0.00384
   0.00371
   0.00340
   0.00326
   0.00309
   0.00297
   0.00290
   0.00286
   0.00281
   0.00270
   0.00335
   0.00609
   0.00354
   0.00342
   0.00352
   0.00348
   0.00321
   0.00317
   0.00308
   0.00306
   0.00312
   0.00294
   0.00267
   0.00712
   0.00297
   0.00274
   0.00250
   0.00232
   0.00217
   0.00201
   0.00194
   0.00187
   0.00174
   0.00184
   0.00167
   0.00163
   0.00157
   0.00151
   0.00147
   0.01068
   0.00313
   0.00295
   0.00251
   0.00251
   0.00251
   0.00223
   0.00225
   0.00199
   0.00195
   0.00200
   0.00218
   0.00369
   0.00314
   0.00298
   0.00276
   0.00255
   0.00234
   0.00216
   0.00200
   0.00181
   0.00257
   0.00213
   0.00213
   0.00196
   0.00181
   0.00168
   0.00155
   0.00136
   0.00133
   0.00122
   0.00123
   0.00108
   0.00116
   0.00104
   0.00161
   0.00104
   0.00105
   0.77419
   0.00267
   0.00250
   0.00246
   0.00239
   0.00236
   0.00234
   0.00231
   0.00223
   0.00213
   0.00200
   0.00187
   0.00174
   0.00161
   0.00148
   0.00136
   0.00127
   0.00113
   0.00101
   0.00092
   0.50487
   0.01963
   0.01626
   0.01409
   0.01084
   0.00961
   0.00897
   0.00860
   0.00821
   0.00722
   0.00635
   0.00597
   0.00566
   0.00531
   0.00502
   0.00478
   0.00456
   0.00433
   0.00409
   0.00383
   0.00350
   0.03088
   0.13691
   0.01936
   0.01603
   0.01272
   0.00981
   0.00834
   0.00757
   0.00701
   0.00592
   0.00538
   0.00541
   0.00508
   0.00463
   0.00415
   0.00362
   0.00304
   0.00290
   4.19231
   0.02242
   0.01191
   0.00756
   0.00599
   0.00543
   0.00475
   0.00403
   0.00390
   0.00397
   0.00406
   0.00420
   0.00442
   0.00455
   0.00436
   0.00400
   0.00360
   0.00317
   0.00263
   0.00228
   0.00258
   0.00238
   0.00200
   0.00183
   0.00162
   0.00150
   0.00151
   0.00155
   0.00133
   0.00139
   0.00142
   0.00132
   0.00126
   0.00119
   0.00106
   0.00099
   0.69457
   0.01616
   0.01283
   0.01105
   0.00954
   0.00773
   0.00697
   0.00636
   0.00584
   0.00545
   0.00493
   0.00476
   0.00452
   0.00424
   0.00400
   0.00378
   0.00358
   0.00343
   0.00332
   0.00322
   0.00314
   0.00306
   0.00298
   0.00292
   0.00285
   0.00276
   0.00267
   0.00255
   0.00240
   0.00223
   0.00210
   0.00208
   0.00195
   0.00187
   0.00177
   0.00314
   0.24957
   0.00168
   0.00164
   0.00161
   0.00160
   0.00161
   0.00162
   0.00162
   0.00161
   0.00157
   0.00152
   0.00144
   0.00135
   0.00138
   0.00143
   0.00136
   0.00126
   0.00124
   0.00210
   0.00168
