   0.66427
   0.72526
   0.72148
   0.71831
   0.71543
   0.71302
   0.70876
   0.70226
   0.69901
   0.69433
   0.68671
   0.69050
   0.68241
   0.68026
   0.67638
   0.67313
   0.66952
   0.66580
   0.66122
   0.66068
   0.65640
   0.65442
   0.65181
   0.64550
   0.64443
   0.64114
   0.63730
   0.63628
   0.63181
   0.60125
   0.61282
   0.58876
   0.57967
   0.58807
   0.59184
   0.58891
   0.58557
   0.58382
   0.58079
   0.57959
   0.57682
   0.57065
   0.56515
   0.55548
   0.55373
   0.54776
   0.54155
   0.53577
   0.53033
   0.52490
   0.51981
   0.51554
   0.51187
   0.50980
   0.50700
   0.50191
   0.49365
   0.48444
   0.47579
   0.46517
   0.45907
   0.45271
   0.44714
   0.44206
   0.43835
   0.43658
   0.43488
   0.43322
   0.43174
   0.42950
   0.42554
   0.41944
   0.41140
   0.40095
   0.38881
   0.37619
   0.36364
   0.35202
   0.34140
   0.33185
   0.32323
   0.31555
   0.30861
   0.30233
   0.29652
   0.29097
   0.28604
   0.28107
   0.27653
   0.27223
   0.26813
   0.26422
   0.26052
   0.25700
   0.25360
   0.25044
   0.24741
   0.24446
   0.24173
   0.23901
   0.23649
   0.23401
   0.23168
   0.22939
   0.22720
   0.22489
   0.22596
   0.22279
   0.22047
   0.21793
   0.21573
   0.21337
   0.21090
   0.20857
   0.20616
   0.20370
   0.20111
   0.19844
   0.19577
   0.19290
   0.19002
   0.18704
   0.18391
   0.18076
   0.17754
   0.17410
   0.17052
   0.16691
   0.16321
   0.15937
   0.15594
   0.15216
   0.14831
   0.14519
   0.14193
   0.13791
   0.13393
   0.13009
   0.12653
   0.12279
   0.11940
   0.11571
   0.11244
   0.10899
   0.10583
   0.10257
   0.09945
   0.09652
   0.09306
   0.09037
   0.08769
   0.08498
   0.08246
   0.07984
   0.07740
   0.07492
   0.07251
   0.07017
   0.06781
   0.06564
   0.06315
   0.06135
   0.05857
   0.05769
   0.05297
   0.05570
   0.04127
   0.05249
   0.02942
   0.05104
   0.02627
   0.04551
   0.03655
   0.03251
   0.02745
   0.02281
   0.01927
   0.01666
   0.01483
   0.01381
   0.01320
   0.01286
   0.01375
   0.02305
   0.01182
   0.01779
   0.02804
   0.02842
   0.03234
   0.03046
   0.02874
   0.02771
   0.02673
   0.02588
   0.02513
   0.02446
   0.02377
   0.02316
   0.02268
   0.02230
   0.02196
   0.02167
   0.02130
   0.02094
   0.02061
   0.02061
   0.02045
   0.02015
   0.01997
   0.01992
   0.01954
   0.01944
   0.01953
   0.01918
   0.01892
   0.01888
   0.01871
   0.01844
   0.01832
   0.01823
   0.01822
   0.01846
   0.01892
   0.00780
   0.09272
   0.43597
   0.39068
   0.35768
   0.33565
   0.32051
   0.30715
   0.29560
   0.28667
   0.28072
   0.27710
   0.27451
   0.27130
   0.26647
   0.25969
   0.25069
   0.23999
   0.22842
   0.21709
   0.20642
   0.19682
   0.18823
   0.18065
   0.17376
   0.16751
   0.16169
   0.15615
   0.15091
   0.14573
   0.14061
   0.13566
   0.13076
   0.12594
   0.12124
   0.11670
   0.11236
   0.10819
   0.10425
   0.10050
   0.09699
   0.09369
   0.09060
   0.08770
   0.08497
   0.08238
   0.07992
   0.07757
   0.07530
   0.07309
   0.07093
   0.06882
   0.06675
   0.06470
   0.06269
   0.06069
   0.05874
   0.05680
   0.05490
   0.05303
   0.05128
   0.04946
   0.04766
   0.04597
   0.04438
   0.04277
   0.04118
   0.03978
   0.03831
   0.03690
   0.03541
   0.03411
   0.03283
   0.03163
   0.03045
   0.02934
   0.02827
   0.02724
   0.02626
   0.02532
   0.02441
   0.02355
   0.02271
   0.02191
   0.02115
   0.02041
   0.01970
   0.01902
   0.01836
   0.01773
   0.01712
   0.01654
   0.01597
   0.01543
   0.01490
   0.01439
   0.01391
   0.01343
   0.01298
   0.01253
   0.01211
   0.01168
   0.01131
   0.01089
   0.01056
   0.01017
   0.00986
   0.00951
   0.00920
   0.00888
   0.00856
   0.00827
   0.00799
   0.00772
   0.00746
   0.00721
   0.00719
   0.00675
   0.00643
   0.00687
   0.00642
   0.05274
   0.14316
   0.01474
   0.00700
   0.00611
   0.00615
   0.00581
   0.00566
   0.00545
   0.00528
   0.00511
   0.00496
   0.00481
   0.00468
   0.00457
   0.00449
   0.00442
   0.00436
   0.00428
   0.00421
   0.00414
   0.00407
   0.00400
   0.00394
   0.00389
   0.00384
   0.00381
   0.00377
   0.00376
   0.00373
   0.00376
   0.00370
   0.00382
   0.00365
   0.00401
   0.00359
   0.00414
   0.00394
   0.00392
   0.00365
   0.01756
   0.00875
   0.00402
   0.00909
   0.00890
   0.00882
   0.00879
   0.00871
   0.00848
   0.00806
   0.00742
   0.00662
   0.00578
   0.00509
   0.00465
   0.00438
   0.00421
   0.00410
   0.00403
   0.00400
   0.00399
   0.00402
   0.00409
   0.00421
   0.00442
   0.00482
   0.00589
   0.01156
   0.01349
   0.01254
   0.01231
   0.01206
   0.01179
   0.01144
   0.01069
   0.00778
   0.00309
   0.00249
   0.00552
   0.00279
   0.00268
   0.00283
   0.00267
   0.00279
   0.00272
   0.00275
   0.00275
   0.00276
   0.00276
   0.00276
   0.00276
   0.00276
   0.00274
   0.00272
   0.00270
   0.00266
   0.00261
   0.00256
   0.00250
   0.00244
   0.00238
   0.00232
   0.00226
   0.00220
   0.00214
   0.00208
   0.00203
   0.00198
   0.00194
   0.00189
   0.00185
   0.00181
   0.00177
   0.00174
   0.00171
   0.00168
   0.00165
   0.00162
   0.00159
   0.00156
   0.00155
   0.00152
   0.00150
   0.00148
   0.00146
   0.00144
   0.00142
   0.00140
   0.00139
   0.00137
   0.00135
   0.00134
   0.00132
   0.00131
   0.00129
   0.00128
   0.00127
   0.00125
   0.00124
   0.00123
   0.00122
   0.00120
   0.00119
   0.00118
   0.00117
   0.00116
   0.00114
   0.00112
   0.00108
   0.00099
   0.00080
   0.00068
   0.00157
   0.02831
   0.02075
   0.02044
   0.02005
   0.01930
   0.01873
   0.01811
   0.01754
   0.01699
   0.01642
   0.01587
   0.01533
   0.01480
   0.01426
   0.01374
   0.01322
   0.01272
   0.01223
   0.01175
   0.01129
   0.01084
   0.01040
   0.00997
   0.00957
   0.00919
   0.00882
   0.00846
   0.00811
   0.00780
   0.00749
   0.00720
   0.00693
   0.00666
   0.00642
   0.00619
   0.00596
   0.00575
   0.00555
   0.00536
   0.00518
   0.00501
   0.00485
   0.00469
   0.00454
   0.00440
   0.00427
   0.00414
   0.00402
   0.00391
   0.00379
   0.00368
   0.00358
   0.00348
   0.00338
   0.00329
   0.00320
   0.00312
   0.00303
   0.00295
   0.00288
   0.00280
   0.00273
   0.00266
   0.00259
   0.00252
   0.00246
   0.00240
   0.00234
   0.00228
   0.00222
   0.00216
   0.00211
   0.00205
   0.00200
   0.00194
   0.00189
   0.00184
   0.00179
   0.00173
   0.00168
   0.00163
   0.00157
   0.00151
   0.00145
   0.00138
   0.00131
   0.00124
   0.00116
   0.00108
   0.00106
   0.00201
   0.00129
   0.00150
   0.00173
   0.00216
   0.00094
   0.00103
   0.00142
   0.00172
   0.00215
   0.00091
   0.00206
   0.00076
   0.00122
   0.00179
   0.00200
   0.00064
   0.00065
   0.00106
   0.00173
   0.00182
   0.00173
   0.00157
   0.00131
   0.00093
   0.00052
   0.00044
   2.27425
   0.03496
   0.04451
   0.04675
   0.04574
   0.04504
   0.04088
   0.03630
   0.03064
   0.02599
   0.01541
   0.01233
   0.01204
   0.01206
   0.01207
   0.01007
   0.00971
   0.00969
   0.00986
   0.01031
   0.01144
   0.01504
   0.02443
   0.02063
   0.02248
   0.01804
   0.01995
   0.01524
   0.01698
   0.01291
   0.01548
   0.01240
   0.01471
   0.01226
   0.01441
   0.01220
   0.01448
   0.01228
   0.01449
   0.01258
   0.01416
   0.01280
   0.01359
   0.01268
   0.01289
   0.01232
   0.01215
   0.01175
   0.01146
   0.01113
   0.01082
   0.01053
   0.01023
   0.00995
   0.00968
   0.00941
   0.00915
   0.00890
   0.00866
   0.00842
   0.00819
   0.00796
   0.00774
   0.00753
   0.00732
   0.00711
   0.00691
   0.00672
   0.00652
   0.00631
   0.00613
   0.00596
   0.00579
   0.00563
   0.00546
   0.00530
   0.00515
   0.00500
   0.00486
   0.00472
   0.00458
   0.00445
   0.00432
   0.00420
   0.00408
   0.00396
   0.00385
   0.00374
   0.00363
   0.00353
   0.00343
   0.00333
   0.00324
   0.00315
   0.00306
   0.00297
   0.00289
   0.00281
   0.00273
   0.00265
   0.00258
   0.00250
   0.00243
   0.00236
   0.00230
   0.00223
   0.00217
   0.00211
   0.00205
   0.00200
   0.00194
   0.00189
   0.00183
   0.00178
   0.00173
   0.00168
   0.00164
   0.00159
   0.00155
   0.00150
   0.00146
   0.00142
   0.00138
   0.00134
   0.00131
   0.00127
   0.00123
   0.00120
   0.00117
   0.00113
   0.00110
   0.00107
   0.00104
   0.00101
   0.00098
   0.00096
   0.00093
   0.00090
   0.00088
   0.00085
   0.00083
   0.00080
   0.00078
   0.00076
   0.00074
   0.00072
   0.00070
   0.00068
   0.00066
   0.00064
   0.00062
   0.00060
   0.00058
   0.00057
   0.00055
   0.00053
   0.00052
   0.00050
   0.00049
   0.00047
   0.00046
   0.00044
   0.00043
   0.00042
   0.00041
   0.00039
   0.00038
   0.00037
   0.00036
   0.00035
   0.00034
   0.00033
   0.00032
   0.00031
   0.00030
   0.00029
   0.00028
   0.00027
   0.00027
   0.00026
   0.00025
   0.00024
   0.00023
   0.00023
   0.00022
   0.00021
   0.00021
   0.00020
   0.00020
   0.00019
   0.00018
   0.00018
   0.00017
   0.00017
   0.00016
   0.00016
   0.00015
   0.00015
   0.00014
   0.00014
   0.00014
   0.00013
   0.00013
   0.00012
   0.00012
   0.00012
   0.00011
   0.00011
   0.00011
   0.00010
   0.00010
   0.00010
   0.00010
   0.00009
   0.00009
   0.00009
   0.00008
   0.00008
   0.00008
   0.00008
   0.00007
   0.00007
   0.00007
   0.00007
   0.00007
   0.00006
   0.00006
   0.00006
   0.00006
   0.00006
   0.00006
   0.00005
   0.00005
   0.00005
   0.00005
   0.00005
   0.00005
   0.00005
   0.00004
   0.00004
   0.00004
   0.00004
   0.00004
   0.00004
   0.00004
   0.00004
   0.00004
   0.00004
   0.00003
   0.00003
   0.00003
   0.00003
   0.00003
   0.00152
   0.00855
   0.00070
   0.00066
   0.00065
   0.00063
   0.00052
   0.00052
   0.00049
   0.00049
   0.00050
   0.00050
   0.00048
   0.00051
   0.00052
   0.00052
   0.00051
   0.00050
   0.00049
   0.00048
   0.00046
   0.00045
   0.00044
   0.00044
   0.00041
   0.00042
   0.00038
   0.00039
   0.00036
   0.00037
   0.00033
   0.00035
   0.00031
   0.00033
   0.00029
   0.00031
   0.00027
   0.00029
   0.00026
   0.00027
   0.00024
   0.00025
   0.00023
   0.00023
   0.00022
   0.00022
   0.00021
   0.00020
   0.00019
   0.00019
   0.00018
   0.00018
   0.00017
   0.00017
   0.00016
   0.00016
   0.00015
   0.00015
   0.00014
   0.00014
   0.00013
   0.00013
   0.00012
   0.00012
   0.00012
   0.00011
   0.00011
   0.00011
   0.00010
   0.00010
   0.00010
   0.00009
   0.00009
   0.00009
   0.00008
   0.00008
   0.00008
   0.00007
   0.00007
   0.00007
   0.00007
   0.00006
   0.00006
   0.00006
   0.00006
   0.00006
   0.00005
   0.00005
   0.00005
   0.00005
   0.00005
   0.00005
   0.00005
   0.00004
   0.00004
   0.00004
   0.00004
   0.00004
   0.00004
   0.00004
   0.00004
   0.00003
   0.00003
   0.00003
   0.00003
   0.00003
   0.00003
   0.00003
   0.00003
   0.00003
   0.00003
   0.00003
   0.00002
   0.00002
   0.00002
   0.00002
   0.00002
   0.00002
   0.00002
   0.00002
   0.00002
   0.00002
   0.00002
   0.00002
   0.00002
   0.00002
   0.00002
   0.00002
   0.00002
   0.00002
   0.00001
   0.00001
   0.00001
