   0.70019
   0.68460
   0.68209
   0.68610
   0.69005
   0.69372
   0.70146
   0.70182
   0.70051
   0.69981
   0.70012
   0.70156
   0.70175
   0.70171
   0.70132
   0.70098
   0.70050
   0.69996
   0.69923
   0.69823
   0.69735
   0.69666
   0.69608
   0.69475
   0.69362
   0.69226
   0.69108
   0.68956
   0.68816
   0.68654
   0.68528
   0.68349
   0.68190
   0.68021
   0.67869
   0.67685
   0.67489
   0.67310
   0.67125
   0.66936
   0.66746
   0.66559
   0.66347
   0.66164
   0.65953
   0.65763
   0.65549
   0.65324
   0.65129
   0.64900
   0.64677
   0.64455
   0.64205
   0.63986
   0.63736
   0.63500
   0.63550
   0.62120
   0.61671
   0.61703
   0.61528
   0.61211
   0.60964
   0.60719
   0.60482
   0.60198
   0.59934
   0.59676
   0.59402
   0.59252
   0.58754
   0.58547
   0.58347
   0.58122
   0.57812
   0.57537
   0.57290
   0.57032
   0.56755
   0.56515
   0.56247
   0.56019
   0.55753
   0.55501
   0.55275
   0.55029
   0.54786
   0.54612
   0.54383
   0.54141
   0.53960
   0.53749
   0.53520
   0.53393
   0.53190
   0.53019
   0.52887
   0.52721
   0.52659
   0.52519
   0.52478
   0.52399
   0.52347
   0.52359
   0.52398
   0.52465
   0.52586
   0.52674
   0.52851
   0.53061
   0.53185
   0.53386
   0.53503
   0.53596
   0.53530
   0.53405
   0.53117
   0.52782
   0.52352
   0.51975
   0.51536
   0.51204
   0.50792
   0.50524
   0.50162
   0.49810
   0.49525
   0.49200
   0.48887
   0.48590
   0.48249
   0.48011
   0.47677
   0.47338
   0.47081
   0.46796
   0.46502
   0.46066
   0.45792
   0.45428
   0.45131
   0.44731
   0.44427
   0.44042
   0.43728
   0.43379
   0.43033
   0.42683
   0.42344
   0.41959
   0.41634
   0.41267
   0.40908
   0.40571
   0.40186
   0.39937
   0.39489
   0.39259
   0.38802
   0.38543
   0.38229
   0.37870
   0.37530
   0.37244
   0.36853
   0.36557
   0.36215
   0.35887
   0.35594
   0.35284
   0.35264
   0.34624
   0.34338
   0.33976
   0.33742
   0.33333
   0.32994
   0.32760
   0.32425
   0.32028
   0.31824
   0.31412
   0.31183
   0.30934
   0.30573
   0.30227
   0.30052
   0.29706
   0.29372
   0.29173
   0.28844
   0.28581
   0.28264
   0.27966
   0.27679
   0.27439
   0.27063
   0.26889
   0.26546
   0.26334
   0.25985
   0.25778
   0.25439
   0.25204
   0.24887
   0.24711
   0.24393
   0.24231
   0.23858
   0.23674
   0.23332
   0.23128
   0.22787
   0.22713
   0.22251
   0.22144
   0.21739
   0.21615
   0.21282
   0.21064
   0.20740
   0.20497
   0.20273
   0.20012
   0.19785
   0.19503
   0.19261
   0.19023
   0.18724
   0.18560
   0.18301
   0.17955
   0.17815
   0.17480
   0.17344
   0.17007
   0.16790
   0.16413
   0.16312
   0.15963
   0.15816
   0.15472
   0.15297
   0.14966
   0.14793
   0.14443
   0.14315
   0.13981
   0.13783
   0.13464
   0.13282
   0.12947
   0.12772
   0.12509
   0.12286
   0.11950
   0.11692
   0.11460
   0.11195
   0.10907
   0.10683
   0.10448
   0.10143
   0.09919
   0.09627
   0.09462
   0.09178
   0.08915
   0.08624
   0.08402
   0.08147
   0.07933
   0.07701
   0.07492
   0.07283
   0.07089
   0.06884
   0.06707
   0.06536
   0.06383
   0.06268
   0.06154
   0.06037
   0.05927
   0.05830
   0.05734
   0.05644
   0.05547
   0.05466
   0.05376
   0.05302
   0.05216
   0.05138
   0.05058
   0.04990
   0.04914
   0.04836
   0.04770
   0.04685
   0.04627
   0.04549
   0.04457
   0.04417
   0.04332
   0.04260
   0.04216
   0.04133
   0.04061
   0.04021
   0.03935
   0.03877
   0.03828
   0.03754
   0.03696
   0.03652
   0.03555
   0.03516
   0.03464
   0.03395
   0.03338
   0.03284
   0.03225
   0.03173
   0.03118
   0.03059
   0.03012
   0.02960
   0.02906
   0.02859
   0.02808
   0.02761
   0.02709
   0.02663
   0.02612
   0.02565
   0.02519
   0.02475
   0.02431
   0.02389
   0.02342
   0.02307
   0.02265
   0.02225
   0.02186
   0.02140
   0.02109
   0.02072
   0.02035
   0.02002
   0.01961
   0.01930
   0.01897
   0.01865
   0.01832
   0.01799
   0.01767
   0.01740
   0.01708
   0.01681
   0.01650
   0.01621
   0.01593
   0.01568
   0.01540
   0.01516
   0.01488
   0.01468
   0.01438
   0.01415
   0.01392
   0.01368
   0.01345
   0.01323
   0.01301
   0.01280
   0.01258
   0.01238
   0.01216
   0.01197
   0.01178
   0.01158
   0.01140
   0.01120
   0.01102
   0.01083
   0.01066
   0.01049
   0.01031
   0.01014
   0.00998
   0.00981
   0.00966
   0.00950
   0.00934
   0.00919
   0.00908
   0.00888
   0.00875
   0.00857
   0.00843
   0.00830
   0.00815
   0.00802
   0.00788
   0.00777
   0.00764
   0.00751
   0.00739
   0.00726
   0.00715
   0.00699
   0.00691
   0.00677
   0.00667
   0.00657
   0.00646
   0.00635
   0.00627
   0.00615
   0.00608
   0.00598
   0.00584
   0.00580
   0.00568
   0.00563
   0.00548
   0.00546
   0.00532
   0.00532
   0.00513
   0.00515
   0.00501
   0.00501
   0.00482
   0.00486
   0.00469
   0.00475
   0.00452
   0.00461
   0.00439
   0.00451
   0.00429
   0.00431
   0.00417
   0.00423
   0.00406
   0.00415
   0.00395
   0.00405
   0.00385
   0.00396
   0.00374
   0.00386
   0.00359
   0.00385
   0.00352
   0.00375
   0.00348
   0.00365
   0.00342
   0.00358
   0.00341
   0.00343
   0.00331
   0.00341
   0.00320
   0.00336
   0.00335
   0.00316
   0.00324
   0.00333
   0.00317
   0.00312
   0.00320
   0.00293
   0.00255
   0.00290
   0.62480
   0.37485
   0.27546
   0.30194
   0.30455
   0.29246
   0.28083
   0.27299
   0.26662
   0.25774
   0.25128
   0.24610
   0.24086
   0.23586
   0.23110
   0.22662
   0.22231
   0.21814
   0.21419
   0.21036
   0.20671
   0.20314
   0.19972
   0.19642
   0.19316
   0.19010
   0.18699
   0.18405
   0.18117
   0.17831
   0.17557
   0.17285
   0.17011
   0.16752
   0.16491
   0.16230
   0.15980
   0.15727
   0.15476
   0.15229
   0.14984
   0.14743
   0.14501
   0.14257
   0.14019
   0.13782
   0.13545
   0.13315
   0.13081
   0.12851
   0.12624
   0.12400
   0.12181
   0.11955
   0.11739
   0.11525
   0.11312
   0.11102
   0.10896
   0.10690
   0.10493
   0.10292
   0.10097
   0.09905
   0.09715
   0.09530
   0.09347
   0.09168
   0.08990
   0.08813
   0.08644
   0.08479
   0.08316
   0.08153
   0.07995
   0.07840
   0.07687
   0.07537
   0.07390
   0.07245
   0.07105
   0.06966
   0.06831
   0.06697
   0.06567
   0.06439
   0.06313
   0.06190
   0.06069
   0.05949
   0.05835
   0.05722
   0.05611
   0.05503
   0.05396
   0.05292
   0.05189
   0.05088
   0.04993
   0.04897
   0.04802
   0.04710
   0.04618
   0.04529
   0.04442
   0.04358
   0.04274
   0.04192
   0.04111
   0.04031
   0.03955
   0.03878
   0.03803
   0.03730
   0.03659
   0.03588
   0.03518
   0.03451
   0.03382
   0.03315
   0.03252
   0.03188
   0.03125
   0.03063
   0.03000
   0.02940
   0.02880
   0.02822
   0.02763
   0.02707
   0.02651
   0.02596
   0.02541
   0.02488
   0.02434
   0.02382
   0.02331
   0.02281
   0.02231
   0.02184
   0.02136
   0.02089
   0.02044
   0.02000
   0.01956
   0.01915
   0.01873
   0.01834
   0.01796
   0.01758
   0.01721
   0.01686
   0.01652
   0.01619
   0.01587
   0.01556
   0.01526
   0.01496
   0.01468
   0.01441
   0.01414
   0.01388
   0.01363
   0.01339
   0.01315
   0.01291
   0.01269
   0.01246
   0.01224
   0.01203
   0.01183
   0.01162
   0.01142
   0.01123
   0.01104
   0.01086
   0.01068
   0.01051
   0.01033
   0.01016
   0.01000
   0.00984
   0.00968
   0.00953
   0.00938
   0.00923
   0.00909
   0.00895
   0.00882
   0.00868
   0.00855
   0.00843
   0.00831
   0.00819
   0.00807
   0.00795
   0.00784
   0.00774
   0.00763
   0.00753
   0.00743
   0.00733
   0.00724
   0.00714
   0.00705
   0.00697
   0.00688
   0.00680
   0.00672
   0.00664
   0.00657
   0.00649
   0.00642
   0.00635
   0.00629
   0.00622
   0.00616
   0.00609
   0.00603
   0.00598
   0.00592
   0.00586
   0.00581
   0.00576
   0.00571
   0.00566
   0.00561
   0.00556
   0.00552
   0.00547
   0.00542
   0.00538
   0.00533
   0.00528
   0.00523
   0.00518
   0.00512
   0.00506
   0.00499
   0.00492
   0.00483
   0.00472
   0.00459
   0.00443
   0.00424
   0.00403
   0.00389
   0.00395
   0.00420
   0.00447
   0.00465
   0.00477
   0.00482
   0.00483
   0.00481
   0.00479
   0.00474
   0.00470
   0.00465
   0.00459
   0.00453
   0.00446
   0.00438
   0.00430
   0.00421
   0.00412
   0.00401
   0.00390
   0.00378
   0.00365
   0.00351
   0.00337
   0.00323
   0.00310
   0.00298
   0.00288
   0.00279
   0.00272
   0.00266
   0.00261
   0.00257
   0.00253
   0.00249
   0.00246
   0.00243
   0.00239
   0.00236
   0.00233
   0.00230
   0.00227
   0.00225
   0.00222
   0.00219
   0.00216
   0.00214
   0.00211
   0.00208
   0.00206
   0.00203
   0.00201
   0.00198
   0.00196
   0.00193
   0.00191
   0.00189
   0.00187
   0.00184
   0.00182
   0.00180
   0.00178
   0.00175
   0.00173
   0.00171
   0.00169
   0.00167
   0.00165
   0.00163
   0.00161
   0.00159
   0.00157
   0.00155
   0.00154
   0.00152
   0.00150
   0.00148
   0.00146
   0.00145
   0.00143
   0.00141
   0.00140
   0.00138
   0.00136
   0.00135
   0.00133
   0.00132
   0.00130
   0.00128
   0.00127
   0.00125
   0.00124
   0.00123
   0.00121
   0.00120
   0.00118
   0.00117
   0.00115
   0.00114
   0.00113
   0.00112
   0.00110
   0.00109
   0.00108
   0.00106
   0.00105
   0.00104
   0.00103
   0.00102
   0.00100
   0.00099
   0.00098
   0.00097
   0.00096
   0.00095
   0.00094
   0.00093
   0.00091
   0.00090
   0.00089
   0.00088
   0.00087
   0.00086
   0.00085
   0.00084
   0.00083
   0.00082
   0.00081
   0.00081
   0.00080
   0.00079
   0.00078
   0.00077
   0.00076
   0.00075
   0.00074
   0.00073
   0.00073
   0.00072
   0.00071
   0.00070
   0.00069
   0.00069
   0.00068
   0.00067
   0.00066
   0.00066
   0.00065
   0.00064
   0.00063
   0.00063
   0.00062
   0.00061
   0.00061
   0.00060
   0.00059
   0.00059
   0.00058
   0.00057
   0.00057
   0.00056
   0.00055
   0.00055
   0.00054
   0.00054
   0.00053
   0.00052
   0.00052
   0.00051
   0.00051
   0.00050
   0.00049
   0.00049
   0.00048
   0.00048
   0.00047
   0.00047
   0.00046
   0.00046
   0.00045
   0.00045
   0.00044
   0.00044
   0.00043
   0.00043
   0.00042
   0.00042
   0.00041
   0.00041
   0.00041
   0.00040
   0.00040
   0.00039
   0.00039
   0.00038
   0.00038
   0.00038
   0.00037
   0.00037
   0.00036
   0.00036
   0.00036
   0.00035
   0.00035
   0.00034
   0.00034
   0.00034
   0.00033
   0.00033
   0.00033
   0.00032
   0.00032
   0.00032
   0.00031
   0.00031
   0.00031
   0.00030
   0.00030
   0.00030
   0.00029
   0.00029
   0.00029
   0.00028
   0.00028
   0.00028
   0.00027
   0.00027
   0.00027
   0.00027
   0.00026
   0.00026
   0.00026
   0.00025
   0.00025
   0.00025
   0.00025
   0.00024
   0.00024
   0.00024
   0.00024
   0.00023
   0.00023
   0.00023
   0.00023
   0.00022
   0.00022
   0.00022
   0.00022
   0.00021
   0.00021
   0.00021
   0.00021
   0.00021
   0.00020
   0.00020
   0.00020
   0.00020
   0.00020
   0.00019
   0.00019
   0.00019
   0.00019
   0.00019
   0.00018
   0.00018
   0.00018
   0.00018
   0.00018
   0.00017
   0.00017
   0.00017
   0.00017
   0.00017
   0.00016
   0.00016
