   0.72002
   0.70209
   0.70238
   0.71346
   0.79999
   0.78369
   0.90426
   0.87920
   0.90221
   0.82254
   0.62351
   0.98199
   1.06289
   1.31095
   1.25423
   0.82755
   0.59754
   1.16255
   1.78291
   1.62758
   1.58318
   2.11155
   2.34797
   0.68054
   0.84366
   0.83574
   0.90330
   0.91512
   0.65420
   0.87350
   1.34196
   0.57880
   0.63399
   0.67777
   0.73417
   0.81580
   0.89475
   0.95012
   0.99703
   1.07211
   0.82959
   0.70913
   0.75476
   0.87259
   1.79477
   0.68462
   0.68462
   0.68462
   0.68462
   0.68462
   0.68462
   0.68462
   0.68462
   0.68462
   0.68462
   0.68462
   0.68462
   0.68462
   0.68462
   0.68462
   0.68462
   0.68462
   0.68462
   0.68462
   0.68462
   0.68462
   0.68462
   0.68462
   0.68462
   0.68462
   0.68462
   0.68462
   0.68462
   0.68462
   0.68462
   0.68462
   0.68462
   0.68462
   0.68462
   0.68462
   0.68462
   0.68462
   0.68462
   0.68462
   0.68462
   0.68462
   0.68462
   0.68462
   0.68462
   0.68462
   0.68462
   0.68462
   0.68462
   0.68462
   0.68462
   0.68462
   0.68462
   0.68462
   0.68462
   0.68462
   0.68462
   0.68462
   0.68462
   0.68462
   0.68462
   0.68462
   0.68462
   0.68462
   0.68462
   0.68462
   0.68462
   0.68462
   0.68462
   0.68462
   0.68462
   0.68462
   0.68462
   0.68462
   0.68462
   0.68462
   0.68462
   0.68462
   0.68462
   0.68462
   0.68462
   0.68462
   0.68462
   0.68462
   0.68462
   0.68462
   0.68462
   0.68462
   0.68462
   0.68462
   0.68462
   0.68462
   0.68462
   0.68462
   0.68462
   0.68462
   0.68462
   0.68462
   0.68462
   0.68462
   0.68462
   0.68462
   0.68462
   0.68462
   0.68462
   0.68462
   0.68462
   0.68462
   0.68462
   0.68462
   0.68462
   0.68462
   0.68462
   0.68462
   0.68462
   0.68462
   0.68462
   0.68462
   0.68462
   0.68462
   0.68462
   0.68462
   0.68462
   0.68462
   0.68462
   0.68462
   0.68462
   0.68462
   0.68462
   0.68462
   0.68462
   0.68462
   0.68462
   0.68462
   0.68462
   0.68462
   0.68462
   0.68462
   0.68462
   0.68462
   0.68462
   0.68462
   0.68462
   0.68462
   0.68462
   0.68462
   0.68462
   0.68462
   0.68462
   0.68462
   0.68462
   0.68462
   0.68462
   0.68462
   0.68462
   0.68462
   0.00000
