   0.72126
   0.70973
   0.69687
   0.68694
   0.68275
   0.67872
   0.67317
   0.66817
   0.66511
   0.66878
   0.66214
   0.65889
   0.65546
   0.65394
   0.65017
   0.65261
   0.64230
   0.63610
   0.62726
   0.61154
   0.59543
   0.58487
   0.54826
   0.54972
   0.54382
   0.53668
   0.52903
   0.52213
   0.51668
   0.51145
   0.50551
   0.50021
   0.49505
   0.49052
   0.48669
   0.48704
   0.49412
   0.50706
   0.51330
   0.51060
   0.50417
   0.49472
   0.48391
   0.47168
   0.46038
   0.45116
   0.44175
   0.43292
   0.42394
   0.41436
   0.40429
   0.39170
   0.38021
   0.36774
   0.35472
   0.34162
   0.32818
   0.31266
   0.29875
   0.28437
   0.26662
   0.25899
   0.24566
   0.23626
   0.22546
   0.21811
   0.20948
   0.20194
   0.19728
   0.19126
   0.18789
   0.18147
   0.17824
   0.17336
   0.16720
   0.16158
   0.15453
   0.14912
   0.14239
   0.13707
   0.12845
   0.12369
   0.11870
   0.11409
   0.10982
   0.10734
   0.10781
   0.10832
   0.10747
   0.10711
   0.10543
   0.09999
   0.08929
   0.07454
   0.06099
   0.04845
   0.04008
   0.03511
   0.03126
   0.02850
   0.02641
   0.02457
   0.02302
   0.02322
   0.02528
   0.03238
   0.04727
   0.03344
   0.04221
   0.04529
   0.03998
   0.01799
   0.01635
   0.01311
   0.07842
   0.07455
   0.05848
   0.04235
   0.05288
   0.04354
   0.02069
   0.02306
   0.02167
   0.14343
   0.00982
   0.02120
   0.06698
   0.05692
   0.06325
   0.00513
   0.03063
   0.05948
   0.21666
   0.08674
   0.04776
   0.08339
   0.06424
   0.05986
   0.03475
   0.06313
   0.00627
   0.03878
   0.04864
   0.04556
   0.21131
   0.07319
   0.06111
   0.06086
   0.06117
   0.06239
   0.06512
   0.06100
   0.05284
   0.03978
   0.03327
   0.02720
   0.02096
   0.01516
   0.04234
   0.03453
   0.02546
   0.02943
   0.02818
   0.02988
   0.01653
   0.01491
   0.01416
   0.01241
   0.01006
   0.00937
   0.00945
   0.00965
   0.00591
   0.00666
   0.00952
   0.00359
   0.00476
   0.09445
   0.07866
   0.06017
   0.05599
   0.05360
   0.05148
   0.04941
   0.04727
   0.04517
   0.04302
   0.04071
   0.03820
   0.03558
   0.03236
   0.02895
   0.02605
   0.02367
   0.02147
   0.01986
   0.01984
   0.01688
   0.01541
   0.01589
   0.01411
   0.01136
   0.00957
   0.00829
   0.00769
   0.00817
   0.00507
   0.01065
   0.01156
   0.00618
   0.06251
   0.12911
   0.00798
   0.00860
   0.00785
   0.00736
   0.00643
   0.00538
   0.01678
   0.00654
   0.00362
   0.00540
   0.00468
   0.00419
   0.00266
   0.00613
   0.00685
   0.00625
   0.00578
   0.00222
   0.00684
   0.00245
   0.00494
   0.00413
   0.00451
   0.00553
   0.00389
   0.00245
   0.00326
   0.00407
   0.00307
   0.00356
   0.00367
   0.00354
   0.00325
   0.00526
   0.00410
   0.00132
   0.00336
   0.00321
   0.00328
   0.00277
   0.00247
   0.00292
   0.00267
   0.00246
   0.00217
   0.00184
   0.00160
   0.00299
   0.02251
   0.01159
   0.01020
   0.00902
   0.00789
   0.00725
   0.00674
   0.00632
   0.00597
   0.00410
   0.00377
   0.00350
   0.00327
   0.00310
   0.00296
   0.00286
   0.00278
   0.00270
   0.00247
   0.00234
   0.00215
   0.00192
   0.00171
   0.05759
   0.00536
   0.00800
   0.00300
   0.00329
   0.00246
   0.00274
   0.00095
   0.00284
   0.00311
   0.00624
   0.00340
   0.00183
   0.02659
   0.00076
   0.00615
   0.00285
   0.00171
   0.00206
   0.00211
   0.00183
   0.00079
   0.06306
   0.00812
   0.00700
   0.00533
   0.00513
   0.00497
   0.00486
   0.00478
   0.00458
   0.00390
   0.00356
   0.00342
   0.00320
   0.00312
   0.00320
   0.00344
   0.00203
   0.00107
   0.00248
   0.00227
   0.00218
   0.00204
   0.00195
   0.00190
   0.00187
   0.00187
   0.00191
   0.00147
   0.00140
   0.00144
   0.00161
   0.00206
   0.02672
   0.00611
   0.00507
   0.00501
   0.00442
   0.00458
   0.00469
   0.00472
   0.00461
   0.00446
   0.00429
   0.00412
   0.00394
   0.00375
   0.00357
   0.00337
   0.00319
   0.00297
   0.00271
   0.00235
   0.00228
   0.00207
   0.00184
   0.00161
   0.00130
   0.00083
   0.00165
   0.00368
   0.00335
   0.00310
   0.00285
   0.00263
   0.00244
   0.00227
   0.00214
   0.00207
   0.00204
   0.00206
   0.00205
   0.00198
   0.00181
   0.00172
   0.00168
   0.00166
   0.00167
   0.00169
   0.00174
   0.00181
   0.00190
   0.00202
   0.00215
   0.00227
   0.00232
   0.00228
   0.00213
   0.00179
   0.00143
   0.00068
   0.00167
   0.00518
   0.00087
   0.00162
   0.00183
   0.00189
   0.00198
   0.00204
   0.00205
   0.00199
   0.00188
   0.00176
   0.00164
   0.00152
   0.00141
   0.00131
   0.00122
   0.00115
   0.00110
   0.00107
   0.00107
   0.00111
   0.00109
   0.00100
   0.00091
   0.00086
   0.00083
   0.00082
   0.00081
   0.00082
   0.00083
   0.00086
   0.00089
   0.00093
   0.00100
   0.00107
   0.00113
   0.00116
   0.00114
   0.01380
   0.00106
   0.01643
   0.01462
   0.01231
   0.00987
   0.00722
   0.00662
   0.00627
   0.00600
   0.00587
   0.00560
   0.00502
   0.00458
   0.00426
   0.00411
   0.00428
   0.00453
   0.00405
   0.00348
   0.00363
   0.00353
   0.00297
   0.00292
   0.00272
   0.00267
   0.00305
   0.00340
   0.00322
   0.00307
   0.00296
   0.00290
   0.00286
   0.00282
   0.00280
   0.00270
   0.00251
   0.00241
   0.00233
   0.00226
   0.00221
   0.00207
   0.00176
   0.00159
   0.00154
   0.00151
   0.00148
   0.00147
   0.00147
   0.00148
   0.00151
   0.00156
   0.00163
   0.00167
   0.00149
   0.00131
   0.00112
   0.00107
   0.00110
   0.00105
   0.00123
   0.00097
   0.04664
   0.02461
   0.01974
   0.01917
   0.01906
   0.01896
   0.01824
   0.01541
   0.01320
   0.01287
   0.01177
   0.01069
   0.00916
   0.00923
   0.00675
   0.00683
   0.00593
   0.00541
   0.00486
   0.00453
   0.00433
   0.00411
   0.00385
   0.00350
   0.00315
   0.00349
   0.00332
   0.00320
   0.00308
   0.00296
   0.00286
   0.00275
   0.00265
   0.00254
   0.00243
   0.00233
   0.00223
   0.00212
   0.00202
   0.00192
   0.00182
   0.00173
   0.00164
   0.00156
   0.00148
   0.00141
   0.00134
   0.00127
   0.00121
   0.00115
   0.00109
   0.00104
   0.00099
   0.00095
   0.00090
   0.00086
   0.00082
   0.00078
   0.00075
   0.00071
   0.00068
   0.00065
   0.00062
   0.00059
   0.00056
   0.00053
   0.00051
   0.00049
   0.00047
   0.00045
   0.00043
   0.00041
   0.00039
   0.00037
   0.00035
   0.00033
   0.00031
   0.00030
   0.00028
   0.00027
   0.00025
   0.00024
   0.00023
   0.00022
   0.00021
   0.00020
   0.00019
   0.00018
   0.00017
   0.00016
   0.00015
   0.00015
   0.00023
   0.00014
   0.00017
   0.03356
   0.01688
   0.01202
   0.01005
   0.00876
   0.00818
   0.00766
   0.00730
   0.00696
   0.00665
   0.00637
   0.00612
   0.00585
   0.00529
   0.00487
   0.00454
   0.00427
   0.00404
   0.00385
   0.00375
   0.00373
   0.00381
   0.00394
   0.00378
   0.00369
   0.00352
   0.00303
   0.00291
   0.00285
   0.00289
   0.00285
   0.00281
   0.00284
   0.00289
   0.00291
   0.00254
   0.00178
   0.00147
   0.00135
   0.00129
   0.00156
   0.00328
   0.00165
   0.00169
   0.00169
   0.00172
   0.00175
   0.00173
   0.00163
   0.00146
   0.00118
   0.02459
   0.00558
   0.00505
   0.00423
   0.00401
   0.00381
   0.00362
   0.00344
   0.00327
   0.00311
   0.00296
   0.00281
   0.00269
   0.00257
   0.00247
   0.00236
   0.00196
   0.00176
   0.00168
   0.00162
   0.00156
   0.00151
   0.00146
   0.00126
   0.00110
   0.00105
   0.00102
   0.00099
   0.00096
   0.00092
   0.00088
   0.00084
   0.00079
   0.00075
   0.00073
   0.00074
   0.00082
   0.00095
   0.00079
   0.00076
   0.00075
   0.00088
   0.00070
   0.00090
   0.00088
   0.00085
   0.00084
   0.00082
   0.00080
   0.00079
   0.00078
   0.00076
   0.00075
   0.00075
   0.00074
   0.00074
   0.00074
   0.00074
   0.00073
   0.00071
   0.00068
   0.00061
   0.00058
   0.00055
   0.00052
   0.00049
   0.00046
   0.00043
   0.00041
   0.00039
   0.00037
   0.00037
   0.00037
   0.00036
   0.00035
   0.00034
   0.00032
   0.00031
   0.00032
   0.00039
   0.00042
   0.00039
   0.00040
   0.00040
   0.00043
   0.02607
   0.00437
   0.00387
   0.00348
   0.00317
   0.00292
   0.00270
   0.00255
   0.00242
   0.00231
   0.00220
   0.00211
   0.00202
   0.00193
   0.00184
   0.00176
   0.00167
   0.00160
   0.00151
   0.00144
   0.00136
   0.00129
   0.00122
   0.00115
   0.00109
   0.00103
   0.00097
   0.00091
   0.00086
   0.00081
   0.00076
   0.00072
   0.00068
   0.00065
   0.00061
   0.00059
   0.00056
   0.00054
   0.00052
   0.00050
   0.00048
   0.00046
   0.00029
   0.00029
   0.00027
   0.00025
   0.00024
   0.00022
   0.00021
   0.00020
   0.00019
   0.00019
   0.00018
   0.00018
   0.00017
   0.00016
   0.00016
   0.00016
   0.00015
   0.00014
   0.00013
   0.00013
   0.00014
   0.00016
   0.00010
   0.00016
   0.07873
   0.00392
   0.00271
   0.00211
   0.00190
   0.00174
   0.00160
   0.00152
   0.00144
   0.00133
   0.00121
   0.00111
   0.00104
   0.00097
   0.00091
   0.00086
   0.00081
   0.00076
   0.00072
   0.00068
   0.00064
   0.00061
   0.00057
   0.00054
   0.00052
   0.00050
   0.00049
   0.00047
   0.00046
   0.00045
   0.00044
   0.00043
   0.00043
   0.00042
   0.00041
   0.00040
   0.00039
   0.00038
   0.00036
   0.00035
   0.00034
   0.00033
   0.00032
   0.00031
   0.00030
   0.00029
   0.00028
   0.00028
   0.00027
   0.00026
   0.00026
   0.00025
   0.00024
   0.00023
   0.00022
   0.00021
   0.00020
   0.00019
   0.00018
   0.00017
   0.00016
   0.00015
   0.00014
   0.00013
   0.00012
   0.00011
   0.00010
   0.00010
   0.00009
   0.00009
   0.00008
   0.00008
   0.00008
   0.00007
   0.00007
   0.00007
   0.00007
   0.00006
   0.00006
   0.00006
   0.00006
   0.00006
   0.00006
   0.00005
   0.00005
   0.00005
   0.00005
   0.00005
   0.00005
   0.00006
   0.00008
   0.00006
   0.00040
   0.25986
   0.02950
   0.02091
   0.02008
   0.01892
   0.01824
   0.01763
   0.01706
   0.01652
   0.01599
   0.01548
   0.01499
   0.01389
   0.01258
   0.00978
   0.00938
   0.00902
   0.00868
   0.00836
   0.00806
   0.00774
   0.00683
   0.00584
   0.00564
   0.00545
   0.00406
   0.00324
   0.00312
   0.00303
   0.00293
   0.00285
   0.00276
   0.00268
   0.00260
   0.00252
   0.00243
   0.00235
   0.00228
   0.00224
   0.00221
   0.00217
   0.00212
   0.00206
   0.00199
   0.00192
   0.00184
   0.00176
   0.00166
   0.00156
   0.00146
   0.00119
   0.00112
   0.00107
   0.00102
   0.00097
   0.00092
   0.00086
   0.00082
   0.00079
   0.00077
   0.00076
   0.00076
   0.00076
   0.00076
   0.00076
   0.00075
   0.00074
   0.00073
   0.00071
   0.00049
   0.00050
   0.00048
   0.00047
   0.00045
   0.00043
   0.00042
   0.00040
   0.00038
   0.00037
   0.00035
   0.00034
   0.00032
   0.00031
   0.00029
   0.00028
   0.00026
   0.00024
   0.00023
   0.00021
   0.00020
   0.00019
   0.00021
   0.00017
   0.44635
   0.00692
   0.00583
   0.00545
   0.00514
   0.00487
   0.00463
   0.00441
   0.00420
   0.00402
   0.00384
   0.00368
   0.00352
   0.00337
   0.00322
   0.00307
   0.00293
   0.00281
   0.00269
   0.00258
   0.00249
