   0.83085
   0.85683
   0.85953
   0.84619
   0.84708
   0.84122
   0.83904
   0.83527
   0.83130
   0.82916
   0.82584
   0.82255
   0.82102
   0.81801
   0.81559
   0.81277
   0.81080
   0.81348
   0.80862
   0.80725
   0.80527
   0.80479
   0.80333
   0.80236
   0.80108
   0.81379
   0.82538
   0.80920
   0.80856
   0.80616
   0.80557
   0.80423
   0.80372
   0.80190
   0.80132
   0.80094
   0.80012
   0.79941
   0.79882
   0.79770
   0.79546
   0.80246
   0.79808
   0.78768
   0.80513
   0.79684
   0.78971
   0.78658
   0.78349
   0.78012
   0.77724
   0.77330
   0.77003
   0.76682
   0.76330
   0.73241
   0.74722
   0.75100
   0.74779
   0.74202
   0.73700
   0.73233
   0.72741
   0.72181
   0.71683
   0.69911
   0.70870
   0.70378
   0.68192
   0.65640
   0.61961
   0.61723
   0.62414
   0.62553
   0.62560
   0.62240
   0.61794
   0.61102
   0.60437
   0.59381
   0.58352
   0.56127
   0.55232
   0.54306
   0.53412
   0.52369
   0.51433
   0.50481
   0.49695
   0.49001
   0.48434
   0.48020
   0.47731
   0.47578
   0.47524
   0.47548
   0.47663
   0.47845
   0.48027
   0.48161
   0.48179
   0.48109
   0.47968
   0.47656
   0.47321
   0.46846
   0.46298
   0.45782
   0.45156
   0.44573
   0.43879
   0.43136
   0.42293
   0.41419
   0.40439
   0.39497
   0.38572
   0.37625
   0.36902
   0.36147
   0.35519
   0.34972
   0.34450
   0.33949
   0.33412
   0.32915
   0.32384
   0.31861
   0.31311
   0.30787
   0.30219
   0.29712
   0.29183
   0.28704
   0.28191
   0.27760
   0.27217
   0.26784
   0.26224
   0.25794
   0.25162
   0.24702
   0.24106
   0.23630
   0.22994
   0.22469
   0.21870
   0.21358
   0.20691
   0.20233
   0.19609
   0.19158
   0.18628
   0.18185
   0.17596
   0.17226
   0.16771
   0.16300
   0.15914
   0.15510
   0.15136
   0.14680
   0.14416
   0.14087
   0.13705
   0.13408
   0.13057
   0.12875
   0.12446
   0.12276
   0.11954
   0.11830
   0.11634
   0.11418
   0.11280
   0.11025
   0.10887
   0.10574
   0.10471
   0.10207
   0.10114
   0.09848
   0.09683
   0.09439
   0.09313
   0.09112
   0.08895
   0.08757
   0.08588
   0.08409
   0.08215
   0.08083
   0.07901
   0.07714
   0.07578
   0.07415
   0.07243
   0.07054
   0.06870
   0.06725
   0.06540
   0.06359
   0.06168
   0.05992
   0.05805
   0.05617
   0.05448
   0.05283
   0.05094
   0.04926
   0.04752
   0.04593
   0.04413
   0.04274
   0.04120
   0.03955
   0.03841
   0.03699
   0.03551
   0.03438
   0.03320
   0.03212
   0.03105
   0.02993
   0.02919
   0.02816
   0.02740
   0.02677
   0.02621
   0.02533
   0.02535
   0.02472
   0.02562
   0.02544
   0.02730
   0.02962
   0.03092
   0.03389
   0.03866
   0.05347
   0.04140
   0.15799
   0.14205
   0.03868
   0.06709
   0.03953
   0.01789
   0.07882
   0.02374
   0.05591
   0.07529
   0.08818
   0.01719
   0.07038
   0.03201
   0.06480
   0.01578
   0.03309
   0.03382
   0.06288
   0.01352
   0.01334
   0.01287
   0.01258
   0.01232
   0.01189
   0.01121
   0.01096
   0.01071
   0.01051
   0.01030
   0.01010
   0.00991
   0.00974
   0.00956
   0.00937
   0.00921
   0.00906
   0.00892
   0.00876
   0.00860
   0.00846
   0.00833
   0.00819
   0.00806
   0.00794
   0.00781
   0.00770
   0.00757
   0.00746
   0.00735
   0.00725
   0.00714
   0.00702
   0.00691
   0.00681
   0.00670
   0.00660
   0.00652
   0.00642
   0.00630
   0.00621
   0.00613
   0.00604
   0.00593
   0.00585
   0.00577
   0.00568
   0.00558
   0.00550
   0.00543
   0.00535
   0.00525
   0.00518
   0.00511
   0.00502
   0.00494
   0.00488
   0.00479
   0.00472
   0.00466
   0.00458
   0.00452
   0.00444
   0.00438
   0.00431
   0.00425
   0.00419
   0.00413
   0.00405
   0.00402
   0.00390
   0.00390
   0.00380
   0.00376
   0.00372
   0.00361
   0.00363
   0.00350
   0.00353
   0.00338
   0.00344
   0.00327
   0.00331
   0.00323
   0.00315
   0.00318
   0.00303
   0.00309
   0.00290
   0.00305
   0.00278
   0.00296
   0.00270
   0.00290
   0.00261
   0.00278
   0.00255
   0.00271
   0.00251
   0.00255
   0.00245
   0.00248
   0.00241
   0.00242
   0.00232
   0.00234
   0.00226
   0.00227
   0.00224
   0.00225
   0.00219
   0.00222
   0.00215
   0.00219
   0.00216
   0.00217
   0.00216
   0.00218
   0.00218
   0.00216
   0.00210
   0.00204
   0.00200
   0.00195
   0.00192
   0.00188
   0.00183
   0.00179
   0.00237
   0.00171
   0.00587
   1.14895
   0.71587
   0.71889
   0.65238
   0.71136
   0.46066
   0.45350
   0.44997
   0.44249
   0.43679
   0.43110
   0.42584
   0.42106
   0.41653
   0.41207
   0.40806
   0.40405
   0.40014
   0.39636
   0.39253
   0.38856
   0.38464
   0.38073
   0.37668
   0.37241
   0.36859
   0.36442
   0.36011
   0.35570
   0.35128
   0.34690
   0.34252
   0.33809
   0.33372
   0.32933
   0.32502
   0.32070
   0.31643
   0.31219
   0.30806
   0.30391
   0.29985
   0.29581
   0.29183
   0.28788
   0.28399
   0.28018
   0.27640
   0.27266
   0.26901
   0.26540
   0.26182
   0.25829
   0.25484
   0.25147
   0.24813
   0.24483
   0.24162
   0.23845
   0.23538
   0.23228
   0.22928
   0.22639
   0.22357
   0.22081
   0.21813
   0.21556
   0.21304
   0.21062
   0.20828
   0.20610
   0.20393
   0.20191
   0.20001
   0.19824
   0.19659
   0.19507
   0.19371
   0.19247
   0.19143
   0.19057
   0.18991
   0.18936
   0.18907
   0.18895
   0.18896
   0.18925
   0.18957
   0.19001
   0.19039
   0.19063
   0.19037
   0.18932
   0.18706
   0.18303
   0.17676
   0.16803
   0.15702
   0.14484
   0.13325
   0.12379
   0.11711
   0.11274
   0.10990
   0.10791
   0.10639
   0.10507
   0.10382
   0.10258
   0.10127
   0.09991
   0.09848
   0.09698
   0.09542
   0.09386
   0.09225
   0.09069
   0.08910
   0.08753
   0.08601
   0.08452
   0.08305
   0.08161
   0.08019
   0.07880
   0.07744
   0.07610
   0.07480
   0.07351
   0.07224
   0.07099
   0.06977
   0.06857
   0.06738
   0.06622
   0.06507
   0.06394
   0.06284
   0.06176
   0.06070
   0.05966
   0.05864
   0.05764
   0.05666
   0.05570
   0.05476
   0.05385
   0.05295
   0.05208
   0.05123
   0.05040
   0.04959
   0.04880
   0.04802
   0.04727
   0.04654
   0.04583
   0.04514
   0.04447
   0.04382
   0.04319
   0.04258
   0.04198
   0.04141
   0.04086
   0.04033
   0.03981
   0.03932
   0.03884
   0.03839
   0.03795
   0.03753
   0.03713
   0.03675
   0.03639
   0.03605
   0.03572
   0.03541
   0.03512
   0.03485
   0.03460
   0.03436
   0.03414
   0.03394
   0.03376
   0.03360
   0.03345
   0.03332
   0.03320
   0.03311
   0.03303
   0.03297
   0.03293
   0.03291
   0.03290
   0.03290
   0.03293
   0.03297
   0.03303
   0.03309
   0.03318
   0.03329
   0.03341
   0.03355
   0.03371
   0.03388
   0.03408
   0.03429
   0.03452
   0.03478
   0.03505
   0.03536
   0.03570
   0.03608
   0.03651
   0.03699
   0.03753
   0.03816
   0.03888
   0.03932
   0.04061
   0.04148
   0.04279
   0.04401
   0.04436
   0.04105
   0.02830
   0.01955
   0.02038
   0.02013
   0.02000
   0.01988
   0.01974
   0.01961
   0.01948
   0.01935
   0.01922
   0.01909
   0.01896
   0.01882
   0.01869
   0.01855
   0.01841
   0.01826
   0.01811
   0.01796
   0.01780
   0.01763
   0.01746
   0.01729
   0.01711
   0.01693
   0.01674
   0.01654
   0.01634
   0.01614
   0.01593
   0.01572
   0.01550
   0.01528
   0.01506
   0.01484
   0.01462
   0.01440
   0.01417
   0.01395
   0.01373
   0.01352
   0.01330
   0.01308
   0.01287
   0.01266
   0.01245
   0.01225
   0.01205
   0.01184
   0.01165
   0.01145
   0.01126
   0.01108
   0.01089
   0.01071
   0.01053
   0.00990
   0.00972
   0.00954
   0.00937
   0.00919
   0.00902
   0.00886
   0.00870
   0.00854
   0.00838
   0.00823
   0.00809
   0.00794
   0.00780
   0.00767
   0.00753
   0.00740
   0.00727
   0.00715
   0.00702
   0.00690
   0.00679
   0.00667
   0.00656
   0.00645
   0.00634
   0.00623
   0.00613
   0.00602
   0.00592
   0.00583
   0.00573
   0.00563
   0.00554
   0.00545
   0.00536
   0.00527
   0.00519
   0.00511
   0.00502
   0.00494
   0.00486
   0.00478
   0.00471
   0.00463
   0.00456
   0.00449
   0.00442
   0.00435
   0.00428
   0.00421
   0.00415
   0.00408
   0.00402
   0.00396
   0.00390
   0.00384
   0.00378
   0.00372
   0.00366
   0.00361
   0.00355
   0.00350
   0.00344
   0.00339
   0.00334
   0.00329
   0.00323
   0.00318
   0.00313
   0.00308
   0.00303
   0.00298
   0.00293
   0.00288
   0.00283
   0.00278
   0.00274
   0.00269
   0.00264
   0.00259
   0.00255
   0.00250
   0.00246
   0.00241
   0.00237
   0.00232
   0.00228
   0.00224
   0.00220
   0.00216
   0.00213
   0.00209
   0.00205
   0.00202
   0.00199
   0.00196
   0.00194
   0.00191
   0.00189
   0.00188
   0.00189
   0.00192
   0.00205
   0.00664
   0.04509
   0.01260
   0.01002
   0.01042
   0.01028
   0.01032
   0.01029
   0.01021
   0.01001
   0.00950
   0.00872
   0.00777
   0.00703
   0.00672
   0.00664
   0.00666
   0.00666
   0.00667
   0.00668
   0.00661
   0.00645
   0.00619
   0.00584
   0.00538
   0.00517
   0.00514
   0.00494
   0.00486
   0.00448
   0.00413
   0.00383
   0.00357
   0.00333
   0.00312
   0.00295
   0.00282
   0.00275
   0.00271
   0.00270
   0.00271
   0.00273
   0.00274
   0.00276
   0.00277
   0.00279
   0.00280
   0.00281
   0.00283
   0.00284
   0.00286
   0.00287
   0.00289
   0.00290
   0.00291
   0.00292
   0.00294
   0.00295
   0.00296
   0.00298
   0.00299
   0.00301
   0.00303
   0.00304
   0.00305
   0.00307
   0.00309
   0.00310
   0.00311
   0.00312
   0.00312
   0.00311
   0.00308
   0.00305
   0.00294
   0.00275
   0.00256
   0.00239
   0.00226
   0.00216
   0.00214
   0.00213
   0.00214
   0.00215
   0.00217
   0.00218
   0.00220
   0.00221
   0.00222
   0.00224
   0.00226
   0.00228
   0.00231
   0.00233
   0.00235
   0.00238
   0.00241
   0.00244
   0.00247
   0.00250
   0.00254
   0.00257
   0.00261
   0.00264
   0.00267
   0.00270
   0.00272
   0.00274
   0.00276
   0.00277
   0.00277
   0.00278
   0.00278
   0.00277
   0.00277
   0.00277
   0.00277
   0.00277
   0.00277
   0.00278
   0.00279
   0.00280
   0.00282
   0.00285
   0.00288
   0.00293
   0.00299
   0.00309
   0.00324
   0.00357
   0.00482
   0.03235
   0.06714
   0.00685
   0.00141
   0.00135
   0.00133
   0.00131
   0.00128
   0.00126
   0.00124
   0.00122
   0.00120
   0.00118
   0.00116
   0.00114
   0.00112
   0.00110
   0.00108
   0.00107
   0.00106
   0.00105
   0.00104
   0.00103
   0.00102
   0.00101
   0.00100
   0.00099
   0.00098
   0.00097
   0.00097
   0.00096
   0.00096
   0.00096
   0.00095
   0.00095
   0.00095
   0.00095
   0.00094
   0.00094
   0.00094
   0.00093
   0.00093
   0.00093
   0.00093
   0.00092
   0.00092
   0.00092
   0.00091
   0.00091
   0.00091
   0.00091
   0.00091
   0.00090
   0.00090
   0.00090
   0.00090
   0.00090
   0.00090
   0.00090
   0.00090
   0.00091
   0.00091
   0.00091
   0.00091
   0.00091
   0.00092
   0.00092
   0.00092
   0.00092
   0.00093
   0.00093
   0.00093
   0.00094
   0.00094
   0.00094
   0.00095
   0.00095
   0.00095
   0.00096
   0.00096
   0.00096
   0.00097
   0.00097
   0.00097
   0.00098
   0.00098
   0.00098
   0.00099
   0.00099
   0.00099
