   0.71623
   0.67352
   0.74973
   0.74166
   0.73471
   0.72752
   0.70954
   0.70531
   0.70133
   0.69498
   0.68650
   0.67045
   0.66616
   0.65779
   0.64931
   0.64078
   0.62670
   0.61822
   0.60581
   0.59712
   0.58393
   0.56789
   0.55669
   0.54927
   0.54639
   0.54203
   0.53651
   0.53111
   0.52621
   0.52010
   0.51459
   0.50966
   0.50584
   0.50634
   0.50732
   0.51260
   0.51792
   0.51500
   0.50777
   0.49918
   0.48958
   0.47690
   0.46554
   0.45509
   0.44593
   0.43661
   0.42757
   0.41645
   0.40433
   0.39146
   0.37735
   0.36324
   0.34885
   0.33487
   0.32079
   0.30784
   0.29528
   0.28356
   0.27198
   0.26175
   0.25264
   0.24446
   0.23768
   0.23039
   0.22449
   0.21895
   0.21413
   0.20895
   0.20443
   0.20012
   0.19571
   0.19153
   0.18630
   0.18188
   0.17721
   0.17189
   0.16632
   0.16049
   0.15466
   0.14902
   0.14284
   0.13730
   0.13224
   0.12755
   0.12325
   0.11940
   0.11684
   0.11513
   0.11418
   0.11464
   0.11562
   0.11641
   0.11739
   0.11704
   0.11416
   0.10719
   0.09545
   0.07221
   0.05045
   0.03760
   0.03531
   0.03295
   0.03088
   0.02927
   0.02823
   0.02640
   0.02537
   0.02472
   0.02399
   0.02641
   0.02759
   0.03710
   0.04596
   0.03836
   1.40775
   0.08737
   0.09038
   0.08504
   0.07491
   0.05942
   0.03922
   0.04095
   0.04694
   0.01208
   0.80735
   0.02651
   0.04495
   0.05242
   0.04482
   0.04065
   0.04234
   0.03622
   0.02235
   0.01013
   0.01107
   0.01660
   1.04359
   0.01108
   0.01024
   0.00772
   0.00701
   0.00656
   0.01580
   0.01174
   0.01912
   0.00744
   0.00611
   0.02289
   0.00687
   0.00759
   0.00401
   0.00537
   0.01196
   0.01417
   2.72496
   0.09503
   0.06922
   0.05977
   0.05930
   0.05946
   0.05947
   0.05785
   0.05405
   0.04750
   0.04028
   0.03348
   0.02772
   0.02344
   0.02043
   0.01816
   0.01623
   0.01421
   0.01228
   0.01096
   0.01025
   0.00971
   0.00909
   0.00841
   0.00782
   0.00686
   0.00677
   0.00591
   0.00536
   0.00485
   0.00474
   0.02015
   0.04273
   0.04161
   0.03198
   0.02264
   0.02922
   0.02624
   0.16137
   0.00794
   0.00951
   0.00784
   0.00386
   0.00394
   0.00418
   0.00407
   0.00518
   0.00344
   0.00324
   0.01211
   0.12378
   0.00229
   0.00232
   0.00158
   0.00280
   0.00185
   0.00172
   0.00192
   0.00187
   0.00144
   0.00321
   0.00189
   0.00159
   0.00163
   0.00133
   0.00137
   0.03742
   0.00691
   0.00670
   0.00611
   0.00580
   0.00525
   0.00391
   0.00346
   0.00417
   0.00200
   0.00204
   0.00254
   0.00291
   0.00163
   0.00160
   0.00139
   0.00145
   0.00180
   0.00150
   0.00115
   0.00173
   0.00143
   0.00142
   0.15594
   0.01367
   0.00632
   0.00552
   0.00490
   0.00460
   0.00444
   0.00466
   0.00531
   0.00376
   0.00277
   0.00320
   0.00239
   0.00291
   0.00223
   0.00274
   0.00256
   0.00175
   0.00179
   0.00181
   0.00185
   0.00134
   0.00169
   0.00158
   0.01017
   0.00339
   0.00191
   0.00138
   0.00093
   0.00083
   0.00078
   0.00074
   0.00070
   0.00067
   0.00063
   0.00060
   0.00057
   0.00055
   0.00052
   0.00050
   0.00048
   0.00046
   0.00045
   0.00043
   0.00043
   0.00042
   0.00041
   0.00041
   0.00041
   0.00042
   0.00028
   0.00039
   0.00732
   0.00206
   0.00123
   0.00111
   0.00101
   0.00093
   0.00085
   0.00079
   0.00074
   0.00069
   0.00065
   0.00061
   0.00057
   0.00054
   0.00051
   0.00048
   0.00045
   0.00043
   0.00041
   0.00039
   0.00037
   0.00034
   0.00029
   0.00026
   0.00025
   0.00023
   0.00018
   0.00017
   0.00016
   0.00015
   0.00014
   0.00014
   0.00013
   0.00013
   0.00012
   0.00012
   0.00011
   0.00011
   0.00010
   0.00010
   0.00009
   0.00009
   0.00008
   0.00008
   0.00007
   0.00007
   0.00007
   0.00006
   0.00006
   0.00005
   0.00005
   0.00004
   0.00004
   0.00003
   0.00003
   0.00003
   0.00003
   0.00003
   0.00003
   0.00002
   0.00002
   0.00002
   0.00002
   0.00002
   0.00002
   0.00002
   0.00002
   0.00001
   0.00001
   0.00001
   0.00001
   0.00001
   0.00001
   0.00001
   0.00001
   0.00001
   0.00001
   0.00001
   0.00001
   0.00001
   0.00001
   0.00001
   0.00001
   0.00001
   0.00001
   0.00001
   0.00000
   0.00000
   0.00000
   0.00000
   0.00000
   0.00000
   0.00000
   0.00000
   0.00000
   0.00000
   0.00000
   0.00000
   0.00000
   0.00000
   0.00000
   0.00000
   0.00000
   0.00000
   0.00000
   0.00000
   0.00000
   0.00000
   0.00000
   0.00000
   0.00000
   0.00000
   0.00000
   0.00000
   0.00000
   0.00000
   0.00000
   0.00000
   0.00000
   0.86854
   0.01291
   0.01082
   0.00911
   0.00833
   0.00782
   0.00738
   0.00700
   0.00662
   0.00487
   0.00465
   0.00444
   0.00425
   0.00409
   0.00394
   0.00382
   0.00371
   0.00362
   0.00354
   0.00347
   0.00340
   0.00333
   0.00325
   0.00316
   0.00306
   0.00294
   0.00281
   0.00268
   0.00252
   0.00236
   0.00221
   0.00207
   0.00194
   0.00181
   0.00169
   0.00158
   0.00147
   0.00137
   0.00128
   0.00119
   0.00111
   0.00098
   0.00077
   0.00071
   0.00066
   0.00062
   0.00058
   0.00054
   0.00050
   0.00047
   0.00045
   0.00042
   0.00039
   0.00037
   0.00035
   0.00033
   0.00031
   0.00029
   0.00027
   0.00026
   0.00024
   0.00023
   0.00022
   0.00020
   0.00019
   0.00018
   0.00017
   0.00016
   0.00015
   0.00013
   0.00011
   0.00010
   0.00009
   0.00006
   1.13610
   0.03298
   0.03081
   0.02890
   0.02735
   0.02592
   0.02459
   0.02333
   0.02214
   0.02101
   0.01993
   0.01891
   0.01792
   0.01699
   0.01612
   0.01532
   0.01460
   0.01258
   0.01203
   0.01146
   0.01093
   0.01043
   0.00995
   0.00945
   0.00894
   0.00840
   0.00785
   0.00730
   0.00676
   0.00624
   0.00576
   0.00531
   0.00491
   0.00453
   0.00418
   0.00387
   0.00358
   0.00340
   0.00319
   0.00295
   0.00273
   0.00252
   0.00234
   0.00216
   0.00201
   0.00186
   0.00173
   0.00161
   0.00149
   0.00138
   0.00127
   0.00118
   0.00108
   0.00100
   0.00092
   0.00084
   0.00077
   0.00070
   0.00064
   0.00059
   0.00054
   0.00050
   0.00046
   0.00043
   0.00040
   0.00037
   0.00035
   0.00033
   0.00030
   0.00028
   0.00027
   0.00025
   0.00023
   0.00022
   0.00020
   0.00019
   0.00018
   0.00017
   0.00016
   0.00015
   0.00014
   0.00013
   0.00013
   0.00012
   0.00012
   0.00012
   0.00010
   0.00016
   0.00771
   0.00480
   0.00425
   0.00394
   0.00364
   0.00339
   0.00325
   0.00314
   0.00304
   0.00295
   0.00285
   0.00274
   0.00260
   0.00247
   0.00237
   0.00234
   0.00236
   0.00239
   0.00239
   0.00235
   0.00225
   0.00211
   0.00191
   0.00168
   0.00146
   0.00129
   0.00116
   0.00108
   0.00099
   0.00081
   0.00076
   0.00072
   0.00068
   0.00066
   0.00063
   0.00062
   0.00060
   0.00058
   0.00057
   0.00058
   0.00060
   0.00061
   0.00061
   0.00059
   0.00057
   0.00055
   0.00052
   0.00050
   0.00047
   0.00044
   0.00042
   0.00039
   0.00037
   0.00034
   0.00032
   0.00030
   0.00028
   0.00027
   0.00025
   0.00024
   0.00022
   0.00021
   0.00020
   0.00019
   0.00018
   0.00017
   0.00016
   0.00016
   0.00015
   0.00015
   0.00014
   0.00014
   0.00014
   0.00013
   0.00013
   0.00012
   0.00012
   0.00012
   0.00011
   0.00011
   0.00010
   0.00010
   0.00010
   0.00009
   0.00009
   0.00009
   0.00009
   0.00008
   0.00008
   0.00008
   0.00008
   0.00007
   0.00007
   0.00007
   0.00007
   0.00006
   0.00006
   0.00006
   0.00005
   0.00005
   0.00005
   0.00005
   0.00005
   0.00004
   0.00004
   0.00004
   0.00004
   0.00004
   0.00003
   0.00003
   0.00003
   0.00003
   0.00003
   0.00003
   0.00002
   0.00002
   0.00002
   0.00002
   0.00002
   0.00002
   0.00002
   0.00002
   0.00001
   0.00001
   0.00001
   0.00001
   0.00001
   0.00001
   0.00001
   0.00001
   0.00001
   0.00001
   0.00001
   0.00001
   0.00000
   0.00000
   0.00000
   0.00000
   0.00000
   0.00000
   0.00000
   1.30861
   0.00792
   0.00531
   0.00477
   0.00453
   0.00435
   0.00342
   0.00333
   0.00329
   0.00372
   0.00317
   0.00248
   0.00248
   0.00275
   0.00353
   0.00326
   0.00150
   0.00123
   0.00097
   0.00094
   0.00132
   0.00194
   0.00190
   0.00181
   0.00171
   0.00158
   0.00135
   0.00109
   0.00103
   0.00075
   0.00074
   0.00071
   0.00070
   0.00069
   0.00069
   0.00069
   0.00069
   0.00067
   0.00065
   0.00062
   0.00057
   0.00048
   0.01117
   0.00398
   0.00266
   0.00210
   0.00181
   0.00162
   0.00150
   0.00141
   0.00135
   0.00130
   0.00126
   0.00122
   0.00119
   0.00115
   0.00118
   0.00173
   0.00178
   0.00170
   0.00162
   0.00154
   0.00145
   0.00133
   0.00121
   0.00112
   0.00107
   0.00102
   0.00097
   0.00091
   0.00084
   0.00078
   0.00073
   0.00069
   0.00065
   0.00060
   0.00049
   0.00038
   0.16819
   0.00988
   0.00996
   0.00760
   0.00727
   0.00695
   0.00661
   0.00626
   0.00591
   0.00556
   0.00522
   0.00490
   0.00458
   0.00429
   0.00401
   0.00375
   0.00350
   0.00328
   0.00307
   0.00288
   0.00271
   0.00255
   0.00242
   0.00229
   0.00218
   0.00208
   0.00198
   0.00190
   0.00182
   0.00175
   0.00168
   0.00162
   0.00156
   0.00151
   0.00146
   0.00142
   0.00139
   0.00137
   0.00135
   0.00135
   0.00135
   0.00066
   0.00066
   0.00062
   0.00059
   0.00057
   0.00054
   0.00052
   0.00050
   0.00048
   0.00046
   0.00045
   0.00044
   0.00043
   0.00042
   0.00041
   0.00041
   0.00041
   0.00040
   0.00041
   0.00041
   0.00041
   0.00042
   0.00041
   0.00040
   0.00039
   0.00036
   0.00034
   0.00032
   0.00029
   0.00027
   0.00008
   0.00008
   0.00007
   0.00007
   0.00007
   0.00006
   0.00006
   0.00006
   0.00006
   0.00006
   0.00006
   0.00005
   0.00005
   0.00005
   0.00005
   0.00005
   0.00005
   0.00005
   0.00005
   0.00005
   0.00005
   0.00005
   0.00005
   0.00005
   0.00004
   0.00004
   0.00004
   0.00004
   0.00003
   0.00003
   0.00003
   0.00003
   0.00003
   0.00002
   0.00002
   0.00002
   0.00002
   0.00002
   0.00002
   0.00002
   0.00002
   0.00002
   0.00002
   0.00002
   0.00001
   0.00001
   0.00001
   0.00001
   0.00001
   0.00001
   0.00001
   0.00001
   0.00001
   0.00001
   0.00001
   0.00001
   0.00001
   0.00001
   0.00001
   0.00001
   0.00001
   0.00001
   0.00001
   0.00001
   0.00001
   0.00001
   0.00001
   0.00000
   0.00000
   0.00000
   0.00000
   0.00000
   0.00000
   0.00000
   0.00000
   0.00000
   0.00000
   0.00000
   0.00000
   0.00000
   0.00000
   0.00000
   0.00000
   0.00000
   0.00000
   0.00000
   0.00000
   0.09812
   0.07342
   0.04546
   0.01818
   0.01731
   0.01648
   0.01581
   0.01517
   0.01472
   0.01444
   0.01448
   0.01476
   0.01463
   0.01251
   0.01267
   0.00593
   0.00379
   0.00346
   0.00340
   0.00353
   0.00384
   0.00405
   0.00417
   0.00424
   0.00426
   0.00424
   0.00418
   0.00412
   0.00405
   0.00393
   0.00378
   0.00361
   0.00337
   0.00308
   0.00286
   0.00271
   0.00260
   0.00252
   0.00245
   0.00238
   0.00231
   0.00222
   0.00212
   0.00203
   0.00185
   0.00179
   0.00168
